0	267.3333333333333	0.0
10	1915.8333333333333	1.0
20	2138.5	0.0
30	1942.6666666666667	1.0
40	2056.0	0.0
50	2123.5	0.0
60	1986.6666666666667	5.0
70	2078.6666666666665	0.0
80	2302.8333333333335	3.0
90	2180.3333333333335	0.0
100	1928.1666666666667	0.0
110	2073.3333333333335	3.0
120	2228.1666666666665	0.0
130	2196.1666666666665	3.0
140	2379.3333333333335	0.0
150	2126.3333333333335	4.0
160	2105.1666666666665	5.0
170	2282.5	1.0
180	2434.6666666666665	0.0
190	2268.0	2.0
200	2444.8333333333335	1.0
210	2327.3333333333335	0.0
220	2208.0	6.0
230	2369.8333333333335	0.0
240	2272.3333333333335	2.0
250	2264.5	1.0
260	2406.6666666666665	6.0
270	2575.1666666666665	0.0
280	2267.0	6.0
290	2571.0	1.0
300	2341.8333333333335	1.0
310	2481.0	0.0
320	2360.1666666666665	1.0
330	2337.0	0.0
340	2566.5	0.0
350	2561.3333333333335	2.0
360	2454.5	1.0
370	2476.3333333333335	0.0
380	2512.1666666666665	2.0
390	2520.8333333333335	0.0
400	2456.3333333333335	0.0
410	2813.8333333333335	1.0
420	2600.0	4.0
430	2751.3333333333335	1.0
440	2747.6666666666665	9.0
450	2600.8333333333335	2.0
460	2684.5	3.0
470	2619.6666666666665	0.0
480	2712.1666666666665	13.0
490	2599.8333333333335	0.0
500	2734.8333333333335	4.0
510	2347.0	1.0
520	2558.8333333333335	0.0
530	2742.5	7.0
540	2583.5	0.0
550	2796.0	3.0
560	2641.3333333333335	1.0
570	2782.3333333333335	0.0
580	2583.8333333333335	0.0
590	2774.5	0.0
600	2678.0	1.0
610	2754.8333333333335	2.0
620	2651.0	1.0
630	2786.1666666666665	0.0
640	2710.3333333333335	2.0
650	2681.0	2.0
660	2951.1666666666665	1.0
670	2601.0	4.0
680	2836.1666666666665	0.0
690	2735.3333333333335	12.0
700	2468.1666666666665	0.0
710	3037.3333333333335	1.0
720	2901.8333333333335	3.0
730	2849.0	8.0
740	2568.8333333333335	6.0
750	2978.3333333333335	25.0
760	2967.1666666666665	4.0
770	2712.1666666666665	0.0
780	2801.1666666666665	1.0
790	2956.5	0.0
800	2890.1666666666665	1.0
810	2880.8333333333335	0.0
820	2944.5	0.0
830	2665.1666666666665	2.0
840	2838.5	2.0
850	2850.8333333333335	9.0
860	2850.0	2.0
870	2874.0	2.0
880	2805.3333333333335	0.0
890	2821.6666666666665	0.0
900	2912.5	1.0
910	2962.5	2.0
920	2878.6666666666665	1.0
930	2760.3333333333335	0.0
940	2933.1666666666665	2.0
950	2692.6666666666665	0.0
960	3044.1666666666665	12.0
970	2526.0	8.0
980	2781.5	1.0
990	2858.6666666666665	4.0
1000	2835.5	6.0
