0	242.66666666666666	0.0
10	2117.6666666666665	1.0
20	2015.1666666666667	0.0
30	2182.8333333333335	2.0
40	2132.6666666666665	0.0
50	2179.8333333333335	0.0
60	1929.3333333333333	0.0
70	2091.8333333333335	4.0
80	2027.1666666666667	2.0
90	2091.3333333333335	1.0
100	2078.3333333333335	1.0
110	2019.3333333333333	13.0
120	2110.8333333333335	3.0
130	2035.8333333333333	1.0
140	2226.1666666666665	1.0
150	2010.0	0.0
160	2208.0	1.0
170	2194.3333333333335	10.0
180	2304.8333333333335	0.0
190	2170.3333333333335	0.0
200	2419.0	0.0
210	2198.6666666666665	1.0
220	2332.5	1.0
230	2332.5	2.0
240	2152.5	0.0
250	2582.8333333333335	0.0
260	2075.0	2.0
270	2462.0	0.0
280	2299.3333333333335	2.0
290	2241.0	9.0
300	2468.0	1.0
310	2299.1666666666665	13.0
320	2462.8333333333335	0.0
330	2422.8333333333335	1.0
340	2245.8333333333335	6.0
350	2407.6666666666665	2.0
360	2420.6666666666665	2.0
370	2488.3333333333335	0.0
380	2355.8333333333335	2.0
390	2431.1666666666665	7.0
400	2811.6666666666665	8.0
410	2587.0	1.0
420	2603.5	2.0
430	2677.3333333333335	0.0
440	2474.0	1.0
450	2578.8333333333335	6.0
460	2267.6666666666665	3.0
470	2526.1666666666665	9.0
480	2548.1666666666665	34.0
490	2737.3333333333335	0.0
500	2580.1666666666665	3.0
510	2547.0	0.0
520	2470.5	0.0
530	2561.8333333333335	0.0
540	2840.3333333333335	2.0
550	2762.8333333333335	7.0
560	2759.6666666666665	0.0
570	2603.0	2.0
580	2558.3333333333335	1.0
590	2639.8333333333335	2.0
600	2744.3333333333335	0.0
610	2834.6666666666665	2.0
620	2628.6666666666665	2.0
630	2413.6666666666665	3.0
640	2587.1666666666665	0.0
650	2817.1666666666665	1.0
660	2648.5	0.0
670	2868.6666666666665	0.0
680	2907.5	0.0
690	2820.0	6.0
700	2964.6666666666665	6.0
710	2801.3333333333335	0.0
720	2582.6666666666665	6.0
730	2985.5	4.0
740	2661.5	1.0
750	2872.0	0.0
760	2873.1666666666665	1.0
770	2848.0	2.0
780	2944.5	0.0
790	2637.5	1.0
800	2963.0	23.0
810	2711.1666666666665	0.0
820	2802.3333333333335	2.0
830	2817.6666666666665	5.0
840	2670.8333333333335	1.0
850	2767.6666666666665	0.0
860	2760.0	4.0
870	2815.0	3.0
880	2905.6666666666665	1.0
890	2726.3333333333335	1.0
900	2769.6666666666665	1.0
910	2818.5	1.0
920	2855.8333333333335	1.0
930	2842.1666666666665	4.0
940	2966.0	4.0
950	2809.0	3.0
960	2799.3333333333335	2.0
970	3026.1666666666665	1.0
980	2855.6666666666665	0.0
990	2707.1666666666665	3.0
1000	3031.3333333333335	1.0
