0	261.3333333333333	0.0
10	1962.8333333333333	0.0
20	2060.8333333333335	0.0
30	2013.8333333333333	1.0
40	2004.1666666666667	4.0
50	1937.5	4.0
60	1905.6666666666667	2.0
70	2139.0	9.0
80	2060.0	0.0
90	2080.1666666666665	1.0
100	2126.1666666666665	1.0
110	2095.1666666666665	0.0
120	2034.3333333333333	1.0
130	1999.6666666666667	0.0
140	2109.8333333333335	0.0
150	2033.0	1.0
160	2165.1666666666665	8.0
170	2281.5	0.0
180	2296.3333333333335	0.0
190	2162.3333333333335	7.0
200	2191.0	1.0
210	2314.6666666666665	36.0
220	2437.6666666666665	0.0
230	2165.3333333333335	1.0
240	2438.5	0.0
250	2200.5	8.0
260	2308.5	0.0
270	2236.8333333333335	31.0
280	2315.3333333333335	0.0
290	2655.3333333333335	1.0
300	2520.0	3.0
310	2485.0	0.0
320	2426.3333333333335	0.0
330	2364.5	1.0
340	2433.5	4.0
350	2459.3333333333335	1.0
360	2354.8333333333335	3.0
370	2594.0	3.0
380	2235.8333333333335	0.0
390	2229.0	0.0
400	2438.0	3.0
410	2478.1666666666665	27.0
420	2414.0	2.0
430	2440.0	0.0
440	2241.8333333333335	4.0
450	2215.5	6.0
460	2619.6666666666665	4.0
470	2874.1666666666665	3.0
480	2549.1666666666665	1.0
490	2535.6666666666665	7.0
500	2770.3333333333335	1.0
510	2956.3333333333335	0.0
520	2907.6666666666665	3.0
530	2808.5	0.0
540	2622.0	1.0
550	2507.0	1.0
560	2677.1666666666665	8.0
570	2527.3333333333335	1.0
580	2692.1666666666665	1.0
590	2585.0	3.0
600	2743.0	2.0
610	2727.6666666666665	21.0
620	2880.6666666666665	1.0
630	2826.5	0.0
640	2609.1666666666665	5.0
650	2745.0	4.0
660	2839.1666666666665	3.0
670	2403.0	6.0
680	2827.3333333333335	1.0
690	2889.1666666666665	1.0
700	2785.8333333333335	20.0
710	2694.6666666666665	0.0
720	2840.1666666666665	0.0
730	2760.1666666666665	2.0
740	2703.6666666666665	2.0
750	2782.8333333333335	1.0
760	2611.6666666666665	0.0
770	2985.3333333333335	5.0
780	2892.5	2.0
790	2817.8333333333335	1.0
800	2914.5	4.0
810	2946.8333333333335	2.0
820	3013.6666666666665	2.0
830	2716.0	1.0
840	3106.1666666666665	3.0
850	3061.5	0.0
860	2889.6666666666665	3.0
870	2860.1666666666665	0.0
880	2921.1666666666665	2.0
890	2834.3333333333335	2.0
900	3097.5	3.0
910	2648.8333333333335	4.0
920	2986.6666666666665	1.0
930	3059.6666666666665	2.0
940	2911.8333333333335	2.0
950	3231.8333333333335	3.0
960	3017.1666666666665	3.0
970	3133.3333333333335	2.0
980	3142.6666666666665	6.0
990	2974.6666666666665	3.0
1000	3179.8333333333335	2.0
