0	242.0	0.0
10	1994.1666666666667	23.0
20	1946.5	0.0
30	2110.8333333333335	0.0
40	2092.1666666666665	0.0
50	1882.1666666666667	4.0
60	2014.3333333333333	0.0
70	1965.5	0.0
80	2001.6666666666667	1.0
90	2168.5	0.0
100	2028.1666666666667	0.0
110	2166.1666666666665	0.0
120	2080.0	1.0
130	2274.6666666666665	1.0
140	2027.3333333333333	0.0
150	2132.8333333333335	6.0
160	2216.3333333333335	3.0
170	2194.5	0.0
180	2179.6666666666665	3.0
190	2350.5	0.0
200	2043.0	0.0
210	2261.0	2.0
220	2190.6666666666665	13.0
230	2333.6666666666665	1.0
240	2478.8333333333335	0.0
250	2369.3333333333335	33.0
260	2540.1666666666665	0.0
270	2307.6666666666665	0.0
280	2577.1666666666665	1.0
290	2385.5	0.0
300	2285.8333333333335	1.0
310	2390.3333333333335	3.0
320	2261.3333333333335	7.0
330	2470.3333333333335	1.0
340	2395.8333333333335	0.0
350	2469.3333333333335	25.0
360	2515.0	28.0
370	2661.0	16.0
380	2338.1666666666665	0.0
390	2533.1666666666665	6.0
400	2831.1666666666665	2.0
410	2820.5	1.0
420	2843.3333333333335	2.0
430	2467.8333333333335	0.0
440	2773.5	11.0
450	2489.1666666666665	10.0
460	2917.3333333333335	0.0
470	2630.0	1.0
480	2813.8333333333335	2.0
490	2541.0	16.0
500	2676.1666666666665	2.0
510	2817.1666666666665	1.0
520	2792.3333333333335	8.0
530	2924.6666666666665	5.0
540	2878.0	3.0
550	2697.0	8.0
560	2821.1666666666665	3.0
570	2708.0	2.0
580	2773.5	2.0
590	2986.3333333333335	5.0
600	2809.3333333333335	0.0
610	2365.5	0.0
620	2684.1666666666665	3.0
630	2712.5	0.0
640	2877.6666666666665	1.0
650	2647.8333333333335	17.0
660	2745.6666666666665	1.0
670	2927.0	2.0
680	2716.8333333333335	0.0
690	2766.5	2.0
700	3049.0	1.0
710	2807.6666666666665	0.0
720	2659.6666666666665	0.0
730	3005.0	4.0
740	2719.8333333333335	1.0
750	2868.1666666666665	2.0
760	2702.8333333333335	1.0
770	3052.0	1.0
780	2946.6666666666665	3.0
790	2684.0	0.0
800	3008.1666666666665	1.0
810	2863.1666666666665	9.0
820	2969.3333333333335	1.0
830	2638.3333333333335	4.0
840	2482.0	2.0
850	3159.6666666666665	7.0
860	2570.1666666666665	5.0
870	3081.8333333333335	0.0
880	2905.6666666666665	0.0
890	2991.0	0.0
900	2879.3333333333335	2.0
910	3118.1666666666665	5.0
920	2760.3333333333335	0.0
930	2836.3333333333335	4.0
940	3162.5	6.0
950	3023.6666666666665	2.0
960	2738.3333333333335	0.0
970	3028.6666666666665	6.0
980	3029.3333333333335	4.0
990	3080.0	1.0
1000	3041.5	5.0
