0	239.0	0.0
10	1973.0	0.0
20	1945.8333333333333	0.0
30	2203.0	9.0
40	2135.6666666666665	1.0
50	2086.8333333333335	0.0
60	2054.5	2.0
70	2000.6666666666667	16.0
80	2122.3333333333335	0.0
90	2058.3333333333335	1.0
100	2173.0	1.0
110	2348.5	0.0
120	2262.6666666666665	2.0
130	2057.3333333333335	9.0
140	2229.3333333333335	1.0
150	2122.6666666666665	0.0
160	2367.3333333333335	1.0
170	2142.5	4.0
180	2489.5	0.0
190	2367.5	1.0
200	2378.1666666666665	2.0
210	2236.0	0.0
220	2411.0	0.0
230	2247.5	0.0
240	2368.3333333333335	1.0
250	2345.8333333333335	0.0
260	2338.5	1.0
270	2458.3333333333335	24.0
280	2292.1666666666665	0.0
290	2368.8333333333335	3.0
300	2596.8333333333335	0.0
310	2377.3333333333335	0.0
320	2314.3333333333335	1.0
330	2481.5	4.0
340	2612.1666666666665	2.0
350	2582.1666666666665	1.0
360	2707.6666666666665	0.0
370	2686.8333333333335	3.0
380	2668.5	13.0
390	2366.0	8.0
400	2708.0	1.0
410	2792.6666666666665	0.0
420	2428.5	21.0
430	2818.3333333333335	4.0
440	2706.6666666666665	0.0
450	2740.8333333333335	0.0
460	2514.0	5.0
470	2568.5	2.0
480	2346.1666666666665	0.0
490	2772.3333333333335	2.0
500	2577.5	23.0
510	2625.3333333333335	3.0
520	2865.5	2.0
530	2594.8333333333335	14.0
540	2591.5	1.0
550	2328.5	1.0
560	2602.8333333333335	1.0
570	2736.1666666666665	0.0
580	2753.6666666666665	0.0
590	2946.0	2.0
600	2846.3333333333335	2.0
610	2849.6666666666665	2.0
620	2624.8333333333335	8.0
630	2747.6666666666665	0.0
640	2677.1666666666665	0.0
650	2809.0	6.0
660	2690.3333333333335	2.0
670	2884.5	4.0
680	2932.3333333333335	0.0
690	2684.6666666666665	11.0
700	2865.8333333333335	2.0
710	2693.8333333333335	8.0
720	2608.1666666666665	2.0
730	2690.0	0.0
740	2751.8333333333335	3.0
750	2834.5	0.0
760	2932.3333333333335	1.0
770	2716.0	3.0
780	3000.8333333333335	3.0
790	2896.0	0.0
800	3077.1666666666665	2.0
810	2757.0	2.0
820	2921.6666666666665	6.0
830	2869.8333333333335	3.0
840	2711.3333333333335	5.0
850	2920.1666666666665	3.0
860	3068.5	0.0
870	3016.8333333333335	1.0
880	3069.3333333333335	0.0
890	3009.1666666666665	1.0
900	2872.1666666666665	1.0
910	3104.1666666666665	0.0
920	3183.8333333333335	2.0
930	2929.8333333333335	4.0
940	2892.8333333333335	2.0
950	3114.8333333333335	0.0
960	2989.6666666666665	2.0
970	2907.8333333333335	0.0
980	3138.1666666666665	2.0
990	2978.3333333333335	3.0
1000	2786.8333333333335	1.0
