0	242.66666666666666	0.0	0.0	0.0	0.0	0.0	0.0
10	83.33333333333333	1000.0	897.0	549.0	661.0	154.0	339.0
20	70.0	0.0	0.0	0.0	0.0	0.0	0.0
30	70.0	0.0	0.0	0.0	0.0	0.0	0.0
40	70.0	0.0	0.0	0.0	0.0	0.0	0.0
50	70.0	0.0	0.0	0.0	0.0	0.0	0.0
60	71.0	0.0	0.0	0.0	0.0	0.0	0.0
70	241.66666666666666	0.0	0.0	0.0	0.0	0.0	0.0
80	108.66666666666667	0.0	0.0	0.0	0.0	0.0	0.0
90	335.3333333333333	0.0	0.0	0.0	0.0	0.0	0.0
100	915.3333333333334	0.0	0.0	0.0	0.0	0.0	0.0
110	162.0	0.0	0.0	0.0	0.0	0.0	0.0
120	1160.6666666666667	0.0	0.0	0.0	0.0	0.0	0.0
130	489.0	0.0	0.0	0.0	0.0	0.0	0.0
140	1685.6666666666667	0.0	0.0	0.0	0.0	0.0	0.0
150	1794.3333333333333	0.0	0.0	0.0	0.0	0.0	0.0
160	1936.3333333333333	0.0	0.0	0.0	0.0	0.0	0.0
170	2175.3333333333335	0.0	0.0	0.0	0.0	0.0	0.0
180	2104.6666666666665	0.0	0.0	0.0	0.0	0.0	0.0
190	2387.5	0.0	0.0	0.0	0.0	0.0	0.0
200	2223.0	0.0	0.0	0.0	0.0	0.0	0.0
210	2347.3333333333335	0.0	0.0	0.0	0.0	0.0	0.0
220	2353.1666666666665	0.0	0.0	0.0	0.0	0.0	0.0
230	2294.6666666666665	0.0	0.0	0.0	0.0	0.0	0.0
240	2221.3333333333335	0.0	0.0	0.0	0.0	0.0	0.0
250	2260.6666666666665	0.0	0.0	0.0	0.0	0.0	0.0
260	2388.0	0.0	0.0	0.0	0.0	0.0	0.0
270	2316.1666666666665	0.0	0.0	0.0	0.0	0.0	0.0
280	2247.3333333333335	0.0	0.0	0.0	0.0	0.0	0.0
290	2484.8333333333335	0.0	0.0	0.0	0.0	0.0	0.0
300	2281.3333333333335	0.0	0.0	0.0	0.0	0.0	0.0
310	2409.1666666666665	0.0	0.0	0.0	0.0	0.0	0.0
320	2104.6666666666665	0.0	0.0	0.0	0.0	0.0	0.0
330	1813.5	0.0	0.0	0.0	0.0	0.0	0.0
340	2467.3333333333335	0.0	0.0	0.0	0.0	0.0	0.0
350	2241.3333333333335	0.0	0.0	0.0	0.0	0.0	0.0
360	1811.8333333333333	0.0	0.0	0.0	0.0	0.0	0.0
370	1915.0	0.0	0.0	0.0	0.0	0.0	0.0
380	1464.0	0.0	0.0	0.0	0.0	0.0	0.0
390	849.3333333333334	0.0	0.0	0.0	0.0	0.0	0.0
400	1431.3333333333333	0.0	0.0	0.0	0.0	0.0	0.0
410	1672.8333333333333	0.0	0.0	0.0	0.0	0.0	0.0
420	2267.6666666666665	0.0	0.0	0.0	0.0	0.0	0.0
430	2238.6666666666665	0.0	0.0	0.0	0.0	0.0	0.0
440	2068.0	0.0	0.0	0.0	0.0	0.0	0.0
450	1454.1666666666667	0.0	0.0	0.0	0.0	0.0	0.0
460	1760.0	0.0	0.0	0.0	0.0	0.0	0.0
470	2052.1666666666665	0.0	0.0	0.0	0.0	0.0	0.0
480	1592.0	0.0	0.0	0.0	0.0	0.0	0.0
490	1727.8333333333333	0.0	0.0	0.0	0.0	0.0	0.0
500	1860.0	0.0	0.0	0.0	0.0	0.0	0.0
510	1994.1666666666667	0.0	0.0	0.0	0.0	0.0	0.0
520	2139.8333333333335	0.0	0.0	0.0	0.0	0.0	0.0
530	2234.5	0.0	0.0	0.0	0.0	0.0	0.0
540	1646.1666666666667	0.0	0.0	0.0	0.0	0.0	0.0
550	2509.0	0.0	0.0	0.0	0.0	0.0	0.0
560	2632.8333333333335	0.0	0.0	0.0	0.0	0.0	0.0
570	2173.3333333333335	0.0	0.0	0.0	0.0	0.0	0.0
580	2094.3333333333335	0.0	0.0	0.0	0.0	0.0	0.0
590	1975.3333333333333	0.0	0.0	0.0	0.0	0.0	0.0
600	2046.5	0.0	0.0	0.0	0.0	0.0	0.0
610	2075.1666666666665	0.0	0.0	0.0	0.0	0.0	0.0
620	2144.3333333333335	0.0	0.0	0.0	0.0	0.0	0.0
630	1884.0	0.0	0.0	0.0	0.0	0.0	0.0
640	2096.0	0.0	0.0	0.0	0.0	0.0	0.0
650	1773.6666666666667	0.0	0.0	0.0	0.0	0.0	0.0
660	1374.0	0.0	0.0	0.0	0.0	0.0	0.0
670	1918.3333333333333	0.0	0.0	0.0	0.0	0.0	0.0
680	1443.3333333333333	0.0	0.0	0.0	0.0	0.0	0.0
690	1302.0	0.0	0.0	0.0	0.0	0.0	0.0
700	1365.6666666666667	0.0	0.0	0.0	0.0	0.0	0.0
710	2441.5	0.0	0.0	0.0	0.0	0.0	0.0
720	1686.6666666666667	0.0	0.0	0.0	0.0	0.0	0.0
730	1473.6666666666667	0.0	0.0	0.0	0.0	0.0	0.0
740	1786.1666666666667	0.0	0.0	0.0	0.0	0.0	0.0
750	2450.3333333333335	0.0	0.0	0.0	0.0	0.0	0.0
760	2460.8333333333335	0.0	0.0	0.0	0.0	0.0	0.0
770	2354.3333333333335	0.0	0.0	0.0	0.0	0.0	0.0
780	2379.3333333333335	0.0	0.0	0.0	0.0	0.0	0.0
790	2518.0	0.0	0.0	0.0	0.0	0.0	0.0
800	2407.3333333333335	0.0	0.0	0.0	0.0	0.0	0.0
810	2272.8333333333335	0.0	0.0	0.0	0.0	0.0	0.0
820	2283.5	0.0	0.0	0.0	0.0	0.0	0.0
830	2481.3333333333335	0.0	0.0	0.0	0.0	0.0	0.0
840	2411.6666666666665	0.0	0.0	0.0	0.0	0.0	0.0
850	2469.1666666666665	0.0	0.0	0.0	0.0	0.0	0.0
860	2249.1666666666665	0.0	0.0	0.0	0.0	0.0	0.0
870	2424.8333333333335	0.0	0.0	0.0	0.0	0.0	0.0
880	2293.0	0.0	0.0	0.0	0.0	0.0	0.0
890	2560.6666666666665	0.0	0.0	0.0	0.0	0.0	0.0
900	2524.0	0.0	0.0	0.0	0.0	0.0	0.0
910	2420.1666666666665	0.0	0.0	0.0	0.0	0.0	0.0
920	2379.8333333333335	0.0	0.0	0.0	0.0	0.0	0.0
930	2622.3333333333335	0.0	0.0	0.0	0.0	0.0	0.0
940	2172.0	0.0	0.0	0.0	0.0	0.0	0.0
950	1832.1666666666667	0.0	0.0	0.0	0.0	0.0	0.0
960	2173.3333333333335	0.0	0.0	0.0	0.0	0.0	0.0
970	1953.8333333333333	0.0	0.0	0.0	0.0	0.0	0.0
980	2106.8333333333335	0.0	0.0	0.0	0.0	0.0	0.0
990	2140.6666666666665	0.0	0.0	0.0	0.0	0.0	0.0
1000	2301.0	0.0	0.0	0.0	0.0	0.0	0.0
