0	305.3333333333333	0.0	0.0	0.0	0.0	0.0	0.0
10	112.66666666666667	208.0	228.0	172.0	142.0	92.0	66.0
20	577.6666666666666	608.0	1172.0	748.0	287.0	352.0	321.0
30	366.6666666666667	184.0	145.0	140.0	151.0	93.0	33.0
40	921.3333333333334	0.0	0.0	0.0	0.0	0.0	0.0
50	1154.0	0.0	0.0	0.0	0.0	0.0	0.0
60	1938.0	0.0	0.0	0.0	0.0	0.0	0.0
70	1953.6666666666667	0.0	0.0	0.0	0.0	0.0	0.0
80	2244.6666666666665	0.0	0.0	0.0	0.0	0.0	0.0
90	2227.8333333333335	0.0	0.0	0.0	0.0	0.0	0.0
100	2233.5	0.0	0.0	0.0	0.0	0.0	0.0
110	2354.5	0.0	0.0	0.0	0.0	0.0	0.0
120	2153.8333333333335	0.0	0.0	0.0	0.0	0.0	0.0
130	2452.6666666666665	0.0	0.0	0.0	0.0	0.0	0.0
140	2378.6666666666665	0.0	0.0	0.0	0.0	0.0	0.0
150	2352.1666666666665	0.0	0.0	0.0	0.0	0.0	0.0
160	2207.0	0.0	0.0	0.0	0.0	0.0	0.0
170	2516.0	0.0	0.0	0.0	0.0	0.0	0.0
180	2277.0	0.0	0.0	0.0	0.0	0.0	0.0
190	2152.3333333333335	0.0	0.0	0.0	0.0	0.0	0.0
200	2390.6666666666665	0.0	0.0	0.0	0.0	0.0	0.0
210	2308.1666666666665	0.0	0.0	0.0	0.0	0.0	0.0
220	2358.3333333333335	0.0	0.0	0.0	0.0	0.0	0.0
230	2120.3333333333335	0.0	0.0	0.0	0.0	0.0	0.0
240	2177.0	0.0	0.0	0.0	0.0	0.0	0.0
250	2810.5	0.0	0.0	0.0	0.0	0.0	0.0
260	1826.1666666666667	0.0	0.0	0.0	0.0	0.0	0.0
270	2104.6666666666665	0.0	0.0	0.0	0.0	0.0	0.0
280	1838.6666666666667	0.0	0.0	0.0	0.0	0.0	0.0
290	2403.0	0.0	0.0	0.0	0.0	0.0	0.0
300	2317.6666666666665	0.0	0.0	0.0	0.0	0.0	0.0
310	1569.3333333333333	0.0	0.0	0.0	0.0	0.0	0.0
320	2349.3333333333335	0.0	0.0	0.0	0.0	0.0	0.0
330	2690.0	0.0	0.0	0.0	0.0	0.0	0.0
340	2517.6666666666665	0.0	0.0	0.0	0.0	0.0	0.0
350	2435.6666666666665	0.0	0.0	0.0	0.0	0.0	0.0
360	1813.3333333333333	0.0	0.0	0.0	0.0	0.0	0.0
370	2398.8333333333335	0.0	0.0	0.0	0.0	0.0	0.0
380	2493.3333333333335	0.0	0.0	0.0	0.0	0.0	0.0
390	1990.1666666666667	0.0	0.0	0.0	0.0	0.0	0.0
400	2260.6666666666665	0.0	0.0	0.0	0.0	0.0	0.0
410	1995.3333333333333	0.0	0.0	0.0	0.0	0.0	0.0
420	2362.0	0.0	0.0	0.0	0.0	0.0	0.0
430	1702.0	0.0	0.0	0.0	0.0	0.0	0.0
440	1897.0	0.0	0.0	0.0	0.0	0.0	0.0
450	2060.6666666666665	0.0	0.0	0.0	0.0	0.0	0.0
460	2254.3333333333335	0.0	0.0	0.0	0.0	0.0	0.0
470	1611.8333333333333	0.0	0.0	0.0	0.0	0.0	0.0
480	1858.6666666666667	0.0	0.0	0.0	0.0	0.0	0.0
490	1580.0	0.0	0.0	0.0	0.0	0.0	0.0
500	1954.6666666666667	0.0	0.0	0.0	0.0	0.0	0.0
510	1672.6666666666667	0.0	0.0	0.0	0.0	0.0	0.0
520	1707.3333333333333	0.0	0.0	0.0	0.0	0.0	0.0
530	1399.6666666666667	0.0	0.0	0.0	0.0	0.0	0.0
540	1285.3333333333333	0.0	0.0	0.0	0.0	0.0	0.0
550	2020.5	0.0	0.0	0.0	0.0	0.0	0.0
560	2302.1666666666665	0.0	0.0	0.0	0.0	0.0	0.0
570	1605.6666666666667	0.0	0.0	0.0	0.0	0.0	0.0
580	2201.3333333333335	0.0	0.0	0.0	0.0	0.0	0.0
590	2156.6666666666665	0.0	0.0	0.0	0.0	0.0	0.0
600	2471.3333333333335	0.0	0.0	0.0	0.0	0.0	0.0
610	2313.3333333333335	0.0	0.0	0.0	0.0	0.0	0.0
620	2194.6666666666665	0.0	0.0	0.0	0.0	0.0	0.0
630	2454.3333333333335	0.0	0.0	0.0	0.0	0.0	0.0
640	2553.8333333333335	0.0	0.0	0.0	0.0	0.0	0.0
650	2585.3333333333335	0.0	0.0	0.0	0.0	0.0	0.0
660	2586.3333333333335	0.0	0.0	0.0	0.0	0.0	0.0
670	2500.0	0.0	0.0	0.0	0.0	0.0	0.0
680	2377.5	0.0	0.0	0.0	0.0	0.0	0.0
690	1816.6666666666667	0.0	0.0	0.0	0.0	0.0	0.0
700	2283.5	0.0	0.0	0.0	0.0	0.0	0.0
710	1664.6666666666667	0.0	0.0	0.0	0.0	0.0	0.0
720	2606.6666666666665	0.0	0.0	0.0	0.0	0.0	0.0
730	1741.6666666666667	0.0	0.0	0.0	0.0	0.0	0.0
740	2258.1666666666665	0.0	0.0	0.0	0.0	0.0	0.0
750	1702.0	0.0	0.0	0.0	0.0	0.0	0.0
760	2121.6666666666665	0.0	0.0	0.0	0.0	0.0	0.0
770	1978.1666666666667	0.0	0.0	0.0	0.0	0.0	0.0
780	1920.8333333333333	0.0	0.0	0.0	0.0	0.0	0.0
790	1850.0	0.0	0.0	0.0	0.0	0.0	0.0
800	1781.3333333333333	0.0	0.0	0.0	0.0	0.0	0.0
810	1793.0	0.0	0.0	0.0	0.0	0.0	0.0
820	1734.1666666666667	0.0	0.0	0.0	0.0	0.0	0.0
830	1691.3333333333333	0.0	0.0	0.0	0.0	0.0	0.0
840	1441.0	0.0	0.0	0.0	0.0	0.0	0.0
850	2349.5	0.0	0.0	0.0	0.0	0.0	0.0
860	2469.1666666666665	0.0	0.0	0.0	0.0	0.0	0.0
870	2479.0	0.0	0.0	0.0	0.0	0.0	0.0
880	1966.5	0.0	0.0	0.0	0.0	0.0	0.0
890	1855.8333333333333	0.0	0.0	0.0	0.0	0.0	0.0
900	1957.8333333333333	0.0	0.0	0.0	0.0	0.0	0.0
910	1735.5	0.0	0.0	0.0	0.0	0.0	0.0
920	1981.3333333333333	0.0	0.0	0.0	0.0	0.0	0.0
930	2066.6666666666665	0.0	0.0	0.0	0.0	0.0	0.0
940	1961.6666666666667	0.0	0.0	0.0	0.0	0.0	0.0
950	1751.5	0.0	0.0	0.0	0.0	0.0	0.0
960	1970.6666666666667	0.0	0.0	0.0	0.0	0.0	0.0
970	2074.0	0.0	0.0	0.0	0.0	0.0	0.0
980	2026.5	0.0	0.0	0.0	0.0	0.0	0.0
990	1809.0	0.0	0.0	0.0	0.0	0.0	0.0
1000	1595.1666666666667	0.0	0.0	0.0	0.0	0.0	0.0
