0	283.6666666666667	0.0	0.0
10	2144.6666666666665	8.0	9046.0
20	1922.3333333333333	22.0	11271.0
30	2168.1666666666665	11.0	10094.0
40	2096.6666666666665	7.0	9246.0
50	2199.1666666666665	14.0	9379.0
60	2193.3333333333335	8.0	9596.0
70	2115.0	6.0	10169.0
80	1966.5	16.0	7427.0
90	2056.3333333333335	10.0	6246.0
100	2092.0	15.0	11004.0
110	2095.6666666666665	3.0	10150.0
120	1929.0	22.0	9018.0
130	2285.1666666666665	9.0	11640.0
140	2143.3333333333335	19.0	7910.0
150	2231.3333333333335	0.0	7708.0
160	2216.1666666666665	20.0	14014.0
170	2440.3333333333335	12.0	10603.0
180	2325.5	7.0	10369.0
190	2470.8333333333335	10.0	7933.0
200	2300.1666666666665	10.0	10926.0
210	2415.3333333333335	5.0	9037.0
220	2367.8333333333335	13.0	9626.0
230	2573.0	6.0	11593.0
240	2404.6666666666665	8.0	10955.0
250	2493.8333333333335	25.0	11051.0
260	2439.5	6.0	7865.0
270	2428.3333333333335	2.0	7067.0
280	2396.5	12.0	13722.0
290	2450.0	11.0	8351.0
300	2683.8333333333335	15.0	8882.0
310	2497.0	14.0	9273.0
320	2357.5	23.0	10327.0
330	2543.5	2.0	8434.0
340	2592.0	8.0	11221.0
350	2306.8333333333335	15.0	9638.0
360	2538.6666666666665	5.0	9027.0
370	2713.8333333333335	4.0	5404.0
380	2524.3333333333335	6.0	9655.0
390	2598.1666666666665	3.0	8977.0
400	2602.0	23.0	9534.0
410	2685.3333333333335	6.0	6501.0
420	2648.5	10.0	8849.0
430	2735.3333333333335	6.0	12358.0
440	2805.8333333333335	17.0	11898.0
450	2682.5	6.0	8020.0
460	2400.0	10.0	9433.0
470	2490.6666666666665	13.0	9494.0
480	2619.0	11.0	9120.0
490	2786.3333333333335	6.0	10269.0
500	2638.0	8.0	6433.0
510	2617.0	7.0	10733.0
520	2909.6666666666665	8.0	9030.0
530	2685.0	12.0	9422.0
540	2684.3333333333335	9.0	8686.0
550	3029.6666666666665	9.0	10189.0
560	2672.3333333333335	11.0	10202.0
570	2655.8333333333335	7.0	9092.0
580	2965.0	7.0	11550.0
590	2442.0	9.0	11917.0
600	2889.6666666666665	8.0	8797.0
610	2942.1666666666665	17.0	8787.0
620	2766.6666666666665	10.0	12519.0
630	2881.0	3.0	10179.0
640	2835.0	2.0	8532.0
650	2996.6666666666665	9.0	11157.0
660	2983.5	9.0	11150.0
670	2796.1666666666665	17.0	10606.0
680	2720.1666666666665	3.0	9996.0
690	2872.6666666666665	3.0	10296.0
700	2442.8333333333335	5.0	11197.0
710	2714.3333333333335	4.0	9435.0
720	2856.0	6.0	10486.0
730	3205.0	8.0	11279.0
740	2876.8333333333335	7.0	9348.0
750	3042.8333333333335	10.0	9323.0
760	2823.6666666666665	7.0	10782.0
770	3023.5	5.0	9616.0
780	2916.6666666666665	2.0	9992.0
790	2995.8333333333335	2.0	7391.0
800	2909.6666666666665	17.0	9520.0
810	3125.5	8.0	11675.0
820	2838.1666666666665	4.0	10784.0
830	2804.3333333333335	3.0	10624.0
840	3243.6666666666665	5.0	7826.0
850	3246.8333333333335	13.0	11891.0
860	2923.8333333333335	8.0	10323.0
870	2985.5	10.0	9571.0
880	2801.3333333333335	10.0	9416.0
890	2954.6666666666665	7.0	8914.0
900	3201.0	9.0	10328.0
910	2930.8333333333335	13.0	8408.0
920	2905.0	1.0	6268.0
930	3040.1666666666665	5.0	11636.0
940	2978.3333333333335	8.0	10932.0
950	2806.1666666666665	12.0	12386.0
960	3072.6666666666665	8.0	10978.0
970	3197.3333333333335	0.0	5210.0
980	3059.5	9.0	8826.0
990	3040.3333333333335	4.0	6136.0
1000	3268.6666666666665	6.0	8650.0
