0	286.0	0.0
10	2167.8333333333335	1000.0
20	1952.6666666666667	0.0
30	2283.6666666666665	0.0
40	2229.5	0.0
50	2490.1666666666665	0.0
60	2538.1666666666665	0.0
70	2262.6666666666665	0.0
80	2425.6666666666665	0.0
90	2580.1666666666665	0.0
100	2720.5	0.0
110	2235.0	0.0
120	2587.5	0.0
130	2551.3333333333335	0.0
140	2910.0	0.0
150	2517.3333333333335	0.0
160	2713.0	0.0
170	2626.6666666666665	0.0
180	2131.6666666666665	0.0
190	2236.3333333333335	0.0
200	2272.8333333333335	0.0
210	2655.1666666666665	0.0
220	2392.1666666666665	0.0
230	2502.3333333333335	0.0
240	2688.1666666666665	0.0
250	2876.0	0.0
260	2852.8333333333335	0.0
270	3056.8333333333335	0.0
280	2992.8333333333335	0.0
290	3084.6666666666665	0.0
300	2863.6666666666665	0.0
310	2996.8333333333335	0.0
320	2356.3333333333335	0.0
330	3066.8333333333335	0.0
340	2998.6666666666665	0.0
350	3491.6666666666665	0.0
360	3058.6666666666665	0.0
370	3571.1666666666665	0.0
380	3370.8333333333335	0.0
390	3967.1666666666665	0.0
400	3325.1666666666665	0.0
410	3010.6666666666665	0.0
420	3276.1666666666665	0.0
430	3490.1666666666665	0.0
440	3616.0	0.0
450	3143.0	0.0
460	2933.6666666666665	0.0
470	3017.0	0.0
480	3496.1666666666665	0.0
490	3533.5	0.0
500	3894.1666666666665	0.0
510	3218.6666666666665	0.0
520	3339.1666666666665	0.0
530	3857.1666666666665	0.0
540	3252.0	0.0
550	3611.0	0.0
560	3498.6666666666665	0.0
570	3779.5	0.0
580	3816.8333333333335	0.0
590	3519.8333333333335	0.0
600	4072.0	0.0
610	3672.0	0.0
620	3958.3333333333335	0.0
630	3962.1666666666665	0.0
640	4072.8333333333335	0.0
650	3523.0	0.0
660	3943.0	0.0
670	3700.6666666666665	0.0
680	3763.5	0.0
690	3327.3333333333335	0.0
700	3674.6666666666665	0.0
710	3190.3333333333335	0.0
720	3630.5	0.0
730	3829.1666666666665	0.0
740	3702.0	0.0
750	3802.1666666666665	0.0
760	3700.5	0.0
770	3679.6666666666665	0.0
780	3676.3333333333335	0.0
790	3835.0	0.0
800	3766.0	0.0
810	3844.3333333333335	0.0
820	3438.8333333333335	0.0
830	3666.3333333333335	0.0
840	3880.6666666666665	0.0
850	3720.5	0.0
860	3698.3333333333335	0.0
870	3290.5	0.0
880	3675.1666666666665	0.0
890	3825.1666666666665	0.0
900	3696.3333333333335	0.0
910	3785.0	0.0
920	3278.3333333333335	0.0
930	3942.1666666666665	0.0
940	3958.3333333333335	0.0
950	3946.6666666666665	0.0
960	3673.3333333333335	0.0
970	3823.0	0.0
980	3800.0	0.0
990	3679.3333333333335	0.0
1000	3687.5	0.0
