0	206.0	0.0
10	2019.6666666666667	1000.0
20	1915.5	0.0
30	1969.0	0.0
40	2143.6666666666665	0.0
50	1956.6666666666667	0.0
60	1916.6666666666667	0.0
70	2051.5	0.0
80	2124.0	0.0
90	2410.0	0.0
100	1932.6666666666667	0.0
110	2155.8333333333335	0.0
120	2090.3333333333335	0.0
130	2389.8333333333335	0.0
140	2192.0	0.0
150	2284.6666666666665	0.0
160	2414.3333333333335	0.0
170	2468.1666666666665	0.0
180	2902.0	0.0
190	2823.0	0.0
200	2610.5	0.0
210	2774.1666666666665	0.0
220	2468.6666666666665	0.0
230	2764.5	0.0
240	3148.3333333333335	0.0
250	2671.3333333333335	0.0
260	2773.0	0.0
270	3002.3333333333335	0.0
280	2602.6666666666665	0.0
290	2738.6666666666665	0.0
300	2616.1666666666665	0.0
310	3170.8333333333335	0.0
320	3306.3333333333335	0.0
330	2893.8333333333335	0.0
340	3123.1666666666665	0.0
350	3592.5	0.0
360	3469.1666666666665	0.0
370	3659.1666666666665	0.0
380	3908.5	0.0
390	3379.5	0.0
400	3594.3333333333335	0.0
410	3234.6666666666665	0.0
420	3501.1666666666665	0.0
430	3771.8333333333335	0.0
440	3446.0	0.0
450	3418.1666666666665	0.0
460	3581.8333333333335	0.0
470	3401.8333333333335	0.0
480	3083.5	0.0
490	3987.8333333333335	0.0
500	3385.3333333333335	0.0
510	3692.5	0.0
520	3860.1666666666665	0.0
530	3506.5	0.0
540	4064.0	0.0
550	3666.3333333333335	0.0
560	3667.0	0.0
570	3732.0	0.0
580	3786.3333333333335	0.0
590	3605.0	0.0
600	3976.1666666666665	0.0
610	3633.3333333333335	0.0
620	3611.6666666666665	0.0
630	4089.1666666666665	0.0
640	3509.0	0.0
650	3513.5	0.0
660	3521.0	0.0
670	3909.3333333333335	0.0
680	4105.833333333333	0.0
690	3939.3333333333335	0.0
700	3848.3333333333335	0.0
710	3645.8333333333335	0.0
720	3817.3333333333335	0.0
730	3945.5	0.0
740	3828.8333333333335	0.0
750	3793.0	0.0
760	3723.8333333333335	0.0
770	3544.8333333333335	0.0
780	3719.6666666666665	0.0
790	3587.0	0.0
800	3717.3333333333335	0.0
810	4008.3333333333335	0.0
820	3880.3333333333335	0.0
830	4092.1666666666665	0.0
840	3779.3333333333335	0.0
850	3671.0	0.0
860	3763.1666666666665	0.0
870	3595.3333333333335	0.0
880	3551.1666666666665	0.0
890	3593.6666666666665	0.0
900	3862.0	0.0
910	3682.5	0.0
920	3851.6666666666665	0.0
930	3901.3333333333335	0.0
940	3724.1666666666665	0.0
950	3766.5	0.0
960	3810.0	0.0
970	3964.5	0.0
980	4049.5	0.0
990	3804.3333333333335	0.0
1000	3708.1666666666665	0.0
