0	255.33333333333334	0.0
10	1752.5	1000.0
20	2005.6666666666667	0.0
30	1954.6666666666667	0.0
40	2196.0	0.0
50	1843.0	0.0
60	1817.8333333333333	0.0
70	2068.8333333333335	0.0
80	2336.5	0.0
90	2392.8333333333335	0.0
100	2267.8333333333335	0.0
110	2431.1666666666665	0.0
120	2112.5	0.0
130	2313.5	0.0
140	2319.1666666666665	0.0
150	2431.8333333333335	0.0
160	2184.3333333333335	0.0
170	2355.5	0.0
180	2355.0	0.0
190	2432.8333333333335	0.0
200	2536.3333333333335	0.0
210	2428.8333333333335	0.0
220	2623.5	0.0
230	2659.0	0.0
240	2672.8333333333335	0.0
250	2500.6666666666665	0.0
260	2876.6666666666665	0.0
270	2093.1666666666665	0.0
280	2940.6666666666665	0.0
290	2847.0	0.0
300	2527.5	0.0
310	2812.1666666666665	0.0
320	3029.6666666666665	0.0
330	3037.0	0.0
340	3264.8333333333335	0.0
350	2637.3333333333335	0.0
360	3133.1666666666665	0.0
370	2630.1666666666665	0.0
380	3297.3333333333335	0.0
390	3325.3333333333335	0.0
400	3635.3333333333335	0.0
410	3077.6666666666665	0.0
420	3370.0	0.0
430	3044.3333333333335	0.0
440	3697.1666666666665	0.0
450	3689.6666666666665	0.0
460	3847.1666666666665	0.0
470	3938.1666666666665	0.0
480	3545.1666666666665	0.0
490	3904.0	0.0
500	3589.1666666666665	0.0
510	2926.0	0.0
520	3418.8333333333335	0.0
530	3607.6666666666665	0.0
540	3294.6666666666665	0.0
550	4243.5	0.0
560	3578.1666666666665	0.0
570	3755.5	0.0
580	3423.0	0.0
590	3506.0	0.0
600	3592.0	0.0
610	2993.3333333333335	0.0
620	3847.3333333333335	0.0
630	3913.0	0.0
640	3773.3333333333335	0.0
650	3780.6666666666665	0.0
660	3900.6666666666665	0.0
670	3532.3333333333335	0.0
680	3984.3333333333335	0.0
690	3805.1666666666665	0.0
700	3725.1666666666665	0.0
710	3796.8333333333335	0.0
720	3854.5	0.0
730	3962.5	0.0
740	3697.5	0.0
750	3525.3333333333335	0.0
760	3901.6666666666665	0.0
770	3832.6666666666665	0.0
780	4008.6666666666665	0.0
790	3596.0	0.0
800	3950.5	0.0
810	3734.0	0.0
820	3578.6666666666665	0.0
830	4076.0	0.0
840	3712.5	0.0
850	3733.0	0.0
860	3749.6666666666665	0.0
870	3868.0	0.0
880	3898.5	0.0
890	3526.1666666666665	0.0
900	3939.8333333333335	0.0
910	3538.5	0.0
920	3827.3333333333335	0.0
930	3632.1666666666665	0.0
940	3489.8333333333335	0.0
950	3995.8333333333335	0.0
960	3813.6666666666665	0.0
970	3856.0	0.0
980	3699.1666666666665	0.0
990	3995.3333333333335	0.0
1000	3597.1666666666665	0.0
