0	254.66666666666666	0.0
10	1879.5	1000.0
20	1821.5	0.0
30	1834.6666666666667	0.0
40	2190.8333333333335	0.0
50	2118.1666666666665	0.0
60	2192.5	0.0
70	2231.0	0.0
80	2210.1666666666665	0.0
90	2490.5	0.0
100	2525.6666666666665	0.0
110	2596.1666666666665	0.0
120	2355.1666666666665	0.0
130	2730.6666666666665	0.0
140	2659.0	0.0
150	2455.8333333333335	0.0
160	2784.6666666666665	0.0
170	2691.3333333333335	0.0
180	2679.5	0.0
190	2739.6666666666665	0.0
200	2618.8333333333335	0.0
210	2964.5	0.0
220	2858.8333333333335	0.0
230	2427.1666666666665	0.0
240	2633.5	0.0
250	2759.6666666666665	0.0
260	2894.5	0.0
270	2735.8333333333335	0.0
280	2463.1666666666665	0.0
290	3030.5	0.0
300	2427.1666666666665	0.0
310	2276.1666666666665	0.0
320	2669.0	0.0
330	2693.0	0.0
340	2165.8333333333335	0.0
350	2699.1666666666665	0.0
360	3230.8333333333335	0.0
370	3016.8333333333335	0.0
380	3098.8333333333335	0.0
390	3098.5	0.0
400	3349.3333333333335	0.0
410	2962.1666666666665	0.0
420	3656.0	0.0
430	3458.5	0.0
440	3546.8333333333335	0.0
450	3194.5	0.0
460	3080.3333333333335	0.0
470	3270.8333333333335	0.0
480	3077.5	0.0
490	3253.8333333333335	0.0
500	3526.6666666666665	0.0
510	3110.6666666666665	0.0
520	3484.0	0.0
530	3131.3333333333335	0.0
540	3835.1666666666665	0.0
550	3303.1666666666665	0.0
560	3591.0	0.0
570	3683.8333333333335	0.0
580	3012.1666666666665	0.0
590	3836.5	0.0
600	3304.3333333333335	0.0
610	3897.3333333333335	0.0
620	3871.0	0.0
630	3481.3333333333335	0.0
640	3427.1666666666665	0.0
650	3357.8333333333335	0.0
660	3650.6666666666665	0.0
670	3977.1666666666665	0.0
680	3686.8333333333335	0.0
690	3631.3333333333335	0.0
700	3631.5	0.0
710	3790.6666666666665	0.0
720	3485.8333333333335	0.0
730	3934.5	0.0
740	3420.8333333333335	0.0
750	3994.8333333333335	0.0
760	3246.3333333333335	0.0
770	3879.0	0.0
780	3690.0	0.0
790	3703.1666666666665	0.0
800	3852.8333333333335	0.0
810	3883.6666666666665	0.0
820	3556.5	0.0
830	3525.0	0.0
840	3595.8333333333335	0.0
850	3809.8333333333335	0.0
860	3796.1666666666665	0.0
870	3500.6666666666665	0.0
880	3601.3333333333335	0.0
890	3793.3333333333335	0.0
900	4051.8333333333335	0.0
910	3710.0	0.0
920	3452.0	0.0
930	3924.5	0.0
940	3672.0	0.0
950	4022.0	0.0
960	3707.3333333333335	0.0
970	3976.0	0.0
980	3940.5	0.0
990	3891.1666666666665	0.0
1000	3372.5	0.0
