0	280.0	0.0
10	1729.0	1000.0
20	2194.0	0.0
30	2326.8333333333335	0.0
40	2294.1666666666665	0.0
50	2253.1666666666665	0.0
60	2043.5	0.0
70	2308.0	0.0
80	2354.1666666666665	0.0
90	2196.1666666666665	0.0
100	2427.1666666666665	0.0
110	2374.8333333333335	0.0
120	2315.8333333333335	0.0
130	2332.3333333333335	0.0
140	2233.8333333333335	0.0
150	2618.5	0.0
160	2648.5	0.0
170	2519.0	0.0
180	2402.6666666666665	0.0
190	2666.6666666666665	0.0
200	2558.6666666666665	0.0
210	2404.8333333333335	0.0
220	2741.8333333333335	0.0
230	2059.3333333333335	0.0
240	2490.8333333333335	0.0
250	2092.5	0.0
260	2559.0	0.0
270	2581.0	0.0
280	2410.1666666666665	0.0
290	2904.0	0.0
300	2547.1666666666665	0.0
310	2516.8333333333335	0.0
320	2862.8333333333335	0.0
330	2803.1666666666665	0.0
340	2737.1666666666665	0.0
350	2631.8333333333335	0.0
360	2763.0	0.0
370	2869.1666666666665	0.0
380	3209.6666666666665	0.0
390	3210.8333333333335	0.0
400	3193.6666666666665	0.0
410	2815.0	0.0
420	2891.1666666666665	0.0
430	3439.6666666666665	0.0
440	3327.5	0.0
450	3126.1666666666665	0.0
460	2863.8333333333335	0.0
470	3485.0	0.0
480	3047.5	0.0
490	3346.5	0.0
500	3477.3333333333335	0.0
510	3729.0	0.0
520	3549.0	0.0
530	3382.8333333333335	0.0
540	3546.3333333333335	0.0
550	3683.3333333333335	0.0
560	3781.6666666666665	0.0
570	3361.0	0.0
580	3888.6666666666665	0.0
590	3585.3333333333335	0.0
600	3794.6666666666665	0.0
610	3776.8333333333335	0.0
620	3384.0	0.0
630	3883.8333333333335	0.0
640	3620.1666666666665	0.0
650	3872.6666666666665	0.0
660	3518.5	0.0
670	3899.8333333333335	0.0
680	3587.0	0.0
690	3674.1666666666665	0.0
700	3656.3333333333335	0.0
710	3257.6666666666665	0.0
720	3874.8333333333335	0.0
730	3576.0	0.0
740	3981.5	0.0
750	4051.0	0.0
760	3549.0	0.0
770	3746.6666666666665	0.0
780	3871.0	0.0
790	3881.0	0.0
800	4024.5	0.0
810	3703.1666666666665	0.0
820	3614.8333333333335	0.0
830	3655.0	0.0
840	3922.0	0.0
850	3681.6666666666665	0.0
860	4122.666666666667	0.0
870	3615.5	0.0
880	3565.8333333333335	0.0
890	3736.0	0.0
900	3868.3333333333335	0.0
910	3710.0	0.0
920	3724.0	0.0
930	3831.0	0.0
940	3744.8333333333335	0.0
950	3977.3333333333335	0.0
960	3929.0	0.0
970	3525.3333333333335	0.0
980	3757.3333333333335	0.0
990	3987.1666666666665	0.0
1000	3996.0	0.0
