0	269.3333333333333	0.0
10	1798.5	1000.0
20	1957.6666666666667	0.0
30	1835.6666666666667	0.0
40	2104.0	0.0
50	2142.5	0.0
60	2485.3333333333335	0.0
70	2511.8333333333335	0.0
80	2389.0	0.0
90	2489.8333333333335	0.0
100	2439.0	0.0
110	2408.0	0.0
120	2402.0	0.0
130	2437.3333333333335	0.0
140	2543.1666666666665	0.0
150	2901.5	0.0
160	2646.1666666666665	0.0
170	2705.8333333333335	0.0
180	2756.1666666666665	0.0
190	2535.6666666666665	0.0
200	2986.0	0.0
210	2863.3333333333335	0.0
220	2740.6666666666665	0.0
230	3202.1666666666665	0.0
240	2248.3333333333335	0.0
250	2477.3333333333335	0.0
260	2747.3333333333335	0.0
270	3331.3333333333335	0.0
280	2587.3333333333335	0.0
290	3141.0	0.0
300	2994.8333333333335	0.0
310	2775.8333333333335	0.0
320	3251.3333333333335	0.0
330	3151.0	0.0
340	3334.0	0.0
350	3120.0	0.0
360	3201.8333333333335	0.0
370	3257.1666666666665	0.0
380	3010.1666666666665	0.0
390	3384.0	0.0
400	3279.8333333333335	0.0
410	3640.1666666666665	0.0
420	3718.8333333333335	0.0
430	3470.6666666666665	0.0
440	3330.6666666666665	0.0
450	3113.5	0.0
460	3199.1666666666665	0.0
470	3258.6666666666665	0.0
480	3135.8333333333335	0.0
490	3664.6666666666665	0.0
500	2964.8333333333335	0.0
510	3523.0	0.0
520	3609.1666666666665	0.0
530	3605.0	0.0
540	3241.8333333333335	0.0
550	3865.3333333333335	0.0
560	3415.3333333333335	0.0
570	3218.3333333333335	0.0
580	3788.8333333333335	0.0
590	3540.6666666666665	0.0
600	3055.3333333333335	0.0
610	3245.3333333333335	0.0
620	3314.5	0.0
630	3776.1666666666665	0.0
640	3976.8333333333335	0.0
650	3231.3333333333335	0.0
660	3385.0	0.0
670	3503.6666666666665	0.0
680	3581.8333333333335	0.0
690	3948.8333333333335	0.0
700	3840.5	0.0
710	3916.5	0.0
720	4056.5	0.0
730	3650.8333333333335	0.0
740	3919.0	0.0
750	3808.3333333333335	0.0
760	3936.5	0.0
770	3681.5	0.0
780	3185.1666666666665	0.0
790	3815.6666666666665	0.0
800	3990.3333333333335	0.0
810	3807.6666666666665	0.0
820	3635.3333333333335	0.0
830	3523.0	0.0
840	3233.3333333333335	0.0
850	3848.5	0.0
860	3885.6666666666665	0.0
870	3880.6666666666665	0.0
880	3775.6666666666665	0.0
890	3812.5	0.0
900	3604.3333333333335	0.0
910	3447.0	0.0
920	3501.0	0.0
930	3722.3333333333335	0.0
940	3656.6666666666665	0.0
950	3903.8333333333335	0.0
960	3745.8333333333335	0.0
970	3682.5	0.0
980	3603.1666666666665	0.0
990	3807.3333333333335	0.0
1000	3881.1666666666665	0.0
