0	242.66666666666666	0.0
10	2072.6666666666665	1000.0
20	2071.5	0.0
30	2098.3333333333335	0.0
40	2037.1666666666667	0.0
50	2143.6666666666665	0.0
60	2169.5	0.0
70	2302.8333333333335	0.0
80	2270.0	0.0
90	2202.3333333333335	0.0
100	2326.6666666666665	0.0
110	2164.5	0.0
120	2143.0	0.0
130	2451.0	0.0
140	2379.8333333333335	0.0
150	2404.1666666666665	0.0
160	2504.6666666666665	0.0
170	2503.3333333333335	0.0
180	2328.3333333333335	0.0
190	2477.5	0.0
200	2311.0	0.0
210	2417.3333333333335	0.0
220	2737.3333333333335	0.0
230	2569.5	0.0
240	2382.1666666666665	0.0
250	2546.1666666666665	0.0
260	2387.0	0.0
270	2541.1666666666665	0.0
280	2275.8333333333335	0.0
290	2327.3333333333335	0.0
300	2405.0	0.0
310	2256.6666666666665	0.0
320	2671.0	0.0
330	2143.1666666666665	0.0
340	2473.5	0.0
350	2388.8333333333335	0.0
360	2541.1666666666665	0.0
370	2781.3333333333335	0.0
380	2470.0	0.0
390	2822.3333333333335	0.0
400	3037.3333333333335	0.0
410	3171.0	0.0
420	3011.0	0.0
430	2843.6666666666665	0.0
440	3039.0	0.0
450	2970.0	0.0
460	3451.6666666666665	0.0
470	3447.5	0.0
480	2889.5	0.0
490	3117.5	0.0
500	2895.0	0.0
510	3136.3333333333335	0.0
520	3092.3333333333335	0.0
530	3447.8333333333335	0.0
540	3247.1666666666665	0.0
550	3435.6666666666665	0.0
560	3484.8333333333335	0.0
570	3111.3333333333335	0.0
580	3684.6666666666665	0.0
590	2719.1666666666665	0.0
600	3344.0	0.0
610	3433.5	0.0
620	3467.0	0.0
630	3569.0	0.0
640	3371.6666666666665	0.0
650	3519.3333333333335	0.0
660	4011.0	0.0
670	3362.6666666666665	0.0
680	3123.3333333333335	0.0
690	3440.0	0.0
700	3258.3333333333335	0.0
710	3797.8333333333335	0.0
720	3658.6666666666665	0.0
730	3533.6666666666665	0.0
740	3803.6666666666665	0.0
750	2997.8333333333335	0.0
760	3705.5	0.0
770	3141.6666666666665	0.0
780	3679.0	0.0
790	2837.0	0.0
800	3726.8333333333335	0.0
810	3677.3333333333335	0.0
820	3784.0	0.0
830	3775.0	0.0
840	3884.3333333333335	0.0
850	3957.0	0.0
860	3942.8333333333335	0.0
870	3544.8333333333335	0.0
880	4007.1666666666665	0.0
890	3321.6666666666665	0.0
900	3833.6666666666665	0.0
910	3917.8333333333335	0.0
920	3534.1666666666665	0.0
930	3948.1666666666665	0.0
940	3569.8333333333335	0.0
950	3931.8333333333335	0.0
960	3959.6666666666665	0.0
970	3723.5	0.0
980	3824.6666666666665	0.0
990	3650.6666666666665	0.0
1000	3669.0	0.0
