0	260.0	0.0
10	2015.5	1000.0
20	2024.5	0.0
30	2120.6666666666665	0.0
40	2000.6666666666667	0.0
50	2078.3333333333335	0.0
60	1987.3333333333333	0.0
70	2212.0	0.0
80	2080.1666666666665	0.0
90	2089.8333333333335	0.0
100	2345.5	0.0
110	2236.0	0.0
120	2324.5	0.0
130	2352.3333333333335	0.0
140	2044.8333333333333	0.0
150	2616.8333333333335	0.0
160	2556.8333333333335	0.0
170	2511.1666666666665	0.0
180	2641.3333333333335	0.0
190	2682.0	0.0
200	2679.8333333333335	0.0
210	2404.8333333333335	0.0
220	2794.6666666666665	0.0
230	2399.6666666666665	0.0
240	2270.0	0.0
250	2798.3333333333335	0.0
260	2882.5	0.0
270	2261.3333333333335	0.0
280	2708.5	0.0
290	2685.8333333333335	0.0
300	2725.3333333333335	0.0
310	3439.1666666666665	0.0
320	2783.8333333333335	0.0
330	3002.1666666666665	0.0
340	3153.8333333333335	0.0
350	2672.3333333333335	0.0
360	3097.5	0.0
370	2649.5	0.0
380	3243.6666666666665	0.0
390	2884.5	0.0
400	3356.3333333333335	0.0
410	3173.3333333333335	0.0
420	3430.0	0.0
430	3073.3333333333335	0.0
440	3682.5	0.0
450	3406.0	0.0
460	2972.3333333333335	0.0
470	3560.8333333333335	0.0
480	3279.6666666666665	0.0
490	3405.8333333333335	0.0
500	2817.1666666666665	0.0
510	3499.0	0.0
520	3200.5	0.0
530	3013.3333333333335	0.0
540	3033.3333333333335	0.0
550	3744.6666666666665	0.0
560	3668.0	0.0
570	3815.5	0.0
580	3521.5	0.0
590	3588.6666666666665	0.0
600	3977.8333333333335	0.0
610	3830.1666666666665	0.0
620	3595.3333333333335	0.0
630	3532.0	0.0
640	3603.8333333333335	0.0
650	3514.1666666666665	0.0
660	4116.666666666667	0.0
670	3406.6666666666665	0.0
680	3609.3333333333335	0.0
690	3692.1666666666665	0.0
700	3353.0	0.0
710	3903.0	0.0
720	3708.5	0.0
730	4225.333333333333	0.0
740	3808.0	0.0
750	3475.3333333333335	0.0
760	3903.1666666666665	0.0
770	3631.0	0.0
780	3676.6666666666665	0.0
790	3982.8333333333335	0.0
800	3706.0	0.0
810	3541.5	0.0
820	3682.1666666666665	0.0
830	3819.0	0.0
840	3764.6666666666665	0.0
850	3581.3333333333335	0.0
860	3591.6666666666665	0.0
870	3898.1666666666665	0.0
880	3414.5	0.0
890	3534.1666666666665	0.0
900	3714.3333333333335	0.0
910	4004.3333333333335	0.0
920	3814.6666666666665	0.0
930	4090.8333333333335	0.0
940	3537.6666666666665	0.0
950	4013.6666666666665	0.0
960	3738.8333333333335	0.0
970	3782.6666666666665	0.0
980	3769.1666666666665	0.0
990	3979.1666666666665	0.0
1000	3813.3333333333335	0.0
