0	249.33333333333334	0.0
10	71.0	1000.0
20	70.0	0.0
30	70.0	0.0
40	70.0	0.0
50	70.0	0.0
60	70.0	0.0
70	70.0	0.0
80	70.0	0.0
90	70.0	0.0
100	70.0	0.0
110	70.0	0.0
120	70.0	0.0
130	70.0	0.0
140	70.0	0.0
150	70.0	0.0
160	70.0	0.0
170	71.0	0.0
180	71.0	0.0
190	73.0	0.0
200	76.33333333333333	0.0
210	92.0	0.0
220	142.33333333333334	0.0
230	309.6666666666667	0.0
240	336.3333333333333	0.0
250	189.66666666666666	0.0
260	139.66666666666666	0.0
270	138.33333333333334	0.0
280	155.33333333333334	0.0
290	155.33333333333334	0.0
300	163.33333333333334	0.0
310	146.0	0.0
320	146.0	0.0
330	180.66666666666666	0.0
340	362.6666666666667	0.0
350	260.0	0.0
360	349.0	0.0
370	282.3333333333333	0.0
380	268.0	0.0
390	541.0	0.0
400	576.6666666666666	0.0
410	772.0	0.0
420	1052.6666666666667	0.0
430	1498.6666666666667	0.0
440	1244.0	0.0
450	1408.0	0.0
460	1505.0	0.0
470	1457.6666666666667	0.0
480	2250.3333333333335	0.0
490	1357.3333333333333	0.0
500	1981.0	0.0
510	2046.0	0.0
520	1883.0	0.0
530	2097.6666666666665	0.0
540	2118.6666666666665	0.0
550	2164.3333333333335	0.0
560	2228.0	0.0
570	2208.3333333333335	0.0
580	2554.0	0.0
590	2368.0	0.0
600	2270.3333333333335	0.0
610	2271.0	0.0
620	2167.6666666666665	0.0
630	2206.3333333333335	0.0
640	2401.6666666666665	0.0
650	2562.5	0.0
660	2554.1666666666665	0.0
670	2333.8333333333335	0.0
680	2472.5	0.0
690	2603.5	0.0
700	2543.0	0.0
710	2795.3333333333335	0.0
720	2619.3333333333335	0.0
730	2746.1666666666665	0.0
740	2456.0	0.0
750	2649.5	0.0
760	2656.3333333333335	0.0
770	2715.0	0.0
780	2642.3333333333335	0.0
790	2510.3333333333335	0.0
800	2754.1666666666665	0.0
810	2531.0	0.0
820	2615.3333333333335	0.0
830	2657.3333333333335	0.0
840	2776.1666666666665	0.0
850	2530.3333333333335	0.0
860	2669.3333333333335	0.0
870	2807.8333333333335	0.0
880	2857.3333333333335	0.0
890	2637.0	0.0
900	2878.5	0.0
910	2508.6666666666665	0.0
920	2588.6666666666665	0.0
930	2389.0	0.0
940	2573.3333333333335	0.0
950	2752.6666666666665	0.0
960	2643.3333333333335	0.0
970	2629.6666666666665	0.0
980	2747.6666666666665	0.0
990	1920.6666666666667	0.0
1000	2322.3333333333335	0.0
