0	278.0	0.0
10	81.66666666666667	1000.0
20	70.66666666666667	0.0
30	70.0	0.0
40	70.0	0.0
50	70.0	0.0
60	70.0	0.0
70	70.0	0.0
80	70.0	0.0
90	70.0	0.0
100	70.0	0.0
110	70.0	0.0
120	70.0	0.0
130	70.0	0.0
140	70.33333333333333	0.0
150	73.66666666666667	0.0
160	70.33333333333333	0.0
170	87.0	0.0
180	74.0	0.0
190	122.33333333333333	0.0
200	263.0	0.0
210	165.66666666666666	0.0
220	259.3333333333333	0.0
230	155.0	0.0
240	154.33333333333334	0.0
250	145.0	0.0
260	151.66666666666666	0.0
270	154.33333333333334	0.0
280	163.0	0.0
290	154.33333333333334	0.0
300	162.0	0.0
310	131.66666666666666	0.0
320	130.0	0.0
330	279.0	0.0
340	217.66666666666666	0.0
350	259.0	0.0
360	383.0	0.0
370	743.0	0.0
380	731.3333333333334	0.0
390	755.0	0.0
400	1202.0	0.0
410	1156.6666666666667	0.0
420	1463.3333333333333	0.0
430	1508.3333333333333	0.0
440	1308.0	0.0
450	1466.3333333333333	0.0
460	1784.0	0.0
470	1386.6666666666667	0.0
480	1640.3333333333333	0.0
490	2089.6666666666665	0.0
500	2137.3333333333335	0.0
510	2193.0	0.0
520	2457.0	0.0
530	2277.6666666666665	0.0
540	2253.0	0.0
550	2328.3333333333335	0.0
560	2353.1666666666665	0.0
570	2283.5	0.0
580	2188.3333333333335	0.0
590	2341.6666666666665	0.0
600	2281.1666666666665	0.0
610	2126.6666666666665	0.0
620	2512.3333333333335	0.0
630	2471.8333333333335	0.0
640	2144.1666666666665	0.0
650	2425.0	0.0
660	2303.0	0.0
670	2548.5	0.0
680	2479.8333333333335	0.0
690	2589.0	0.0
700	2699.0	0.0
710	2680.3333333333335	0.0
720	2270.6666666666665	0.0
730	2657.5	0.0
740	2632.6666666666665	0.0
750	2514.0	0.0
760	2426.5	0.0
770	2561.0	0.0
780	2524.6666666666665	0.0
790	2643.5	0.0
800	2221.6666666666665	0.0
810	2467.5	0.0
820	2460.0	0.0
830	2726.1666666666665	0.0
840	2628.0	0.0
850	2751.8333333333335	0.0
860	2691.1666666666665	0.0
870	2828.8333333333335	0.0
880	2629.0	0.0
890	2859.8333333333335	0.0
900	3036.3333333333335	0.0
910	2745.8333333333335	0.0
920	2795.8333333333335	0.0
930	2534.3333333333335	0.0
940	2471.3333333333335	0.0
950	2575.3333333333335	0.0
960	2830.6666666666665	0.0
970	2569.1666666666665	0.0
980	2829.5	0.0
990	2741.5	0.0
1000	2665.8333333333335	0.0
