0	292.0	0.0	0.0	0.0	0.0	0.0	0.0
10	70.0	0.0	0.0	0.0	0.0	0.0	0.0
20	70.0	0.0	0.0	0.0	0.0	0.0	0.0
30	70.0	0.0	0.0	0.0	0.0	0.0	0.0
40	70.0	0.0	0.0	0.0	0.0	0.0	0.0
50	70.0	0.0	0.0	0.0	0.0	0.0	0.0
60	70.0	0.0	0.0	0.0	0.0	0.0	0.0
70	70.0	0.0	0.0	0.0	0.0	0.0	0.0
80	70.0	0.0	0.0	0.0	0.0	0.0	0.0
90	70.0	0.0	0.0	0.0	0.0	0.0	0.0
100	70.0	0.0	0.0	0.0	0.0	0.0	0.0
110	70.0	0.0	0.0	0.0	0.0	0.0	0.0
120	70.0	0.0	0.0	0.0	0.0	0.0	0.0
130	70.0	0.0	0.0	0.0	0.0	0.0	0.0
140	70.0	0.0	0.0	0.0	0.0	0.0	0.0
150	70.0	0.0	0.0	0.0	0.0	0.0	0.0
160	70.0	0.0	0.0	0.0	0.0	0.0	0.0
170	70.0	0.0	0.0	0.0	0.0	0.0	0.0
180	71.0	0.0	0.0	0.0	0.0	0.0	0.0
190	70.33333333333333	0.0	0.0	0.0	0.0	0.0	0.0
200	70.66666666666667	0.0	0.0	0.0	0.0	0.0	0.0
210	77.0	0.0	0.0	0.0	0.0	0.0	0.0
220	72.0	0.0	0.0	0.0	0.0	0.0	0.0
230	77.0	0.0	0.0	0.0	0.0	0.0	0.0
240	79.33333333333333	0.0	0.0	0.0	0.0	0.0	0.0
250	105.33333333333333	0.0	0.0	0.0	0.0	0.0	0.0
260	190.33333333333334	0.0	0.0	0.0	0.0	0.0	0.0
270	279.6666666666667	0.0	0.0	0.0	0.0	0.0	0.0
280	183.33333333333334	0.0	0.0	0.0	0.0	0.0	0.0
290	175.66666666666666	0.0	0.0	0.0	0.0	0.0	0.0
300	185.0	0.0	0.0	0.0	0.0	0.0	0.0
310	193.0	0.0	0.0	0.0	0.0	0.0	0.0
320	148.0	0.0	0.0	0.0	0.0	0.0	0.0
330	147.0	0.0	0.0	0.0	0.0	0.0	0.0
340	138.0	0.0	0.0	0.0	0.0	0.0	0.0
350	146.33333333333334	0.0	0.0	0.0	0.0	0.0	0.0
360	180.66666666666666	0.0	0.0	0.0	0.0	0.0	0.0
370	160.0	1.0	12.0	0.0	1.0	0.0	0.0
380	168.0	0.0	0.0	0.0	0.0	0.0	0.0
390	431.3333333333333	0.0	0.0	0.0	0.0	0.0	0.0
400	642.6666666666666	0.0	0.0	0.0	0.0	0.0	0.0
410	804.6666666666666	0.0	0.0	0.0	0.0	0.0	0.0
420	788.3333333333334	8.0	12.0	8.0	0.0	0.0	8.0
430	763.0	0.0	0.0	0.0	0.0	0.0	0.0
440	595.3333333333334	0.0	24.0	1.0	0.0	1.0	0.0
450	1028.0	1.0	8.0	0.0	1.0	0.0	0.0
460	1124.0	0.0	0.0	0.0	0.0	0.0	0.0
470	1383.0	0.0	22.0	0.0	0.0	0.0	0.0
480	1912.0	0.0	6.0	0.0	0.0	0.0	0.0
490	2092.0	0.0	22.0	1.0	0.0	1.0	0.0
500	1535.0	0.0	8.0	0.0	0.0	0.0	0.0
510	2028.1666666666667	0.0	1.0	0.0	0.0	0.0	0.0
520	2174.6666666666665	1.0	12.0	1.0	0.0	0.0	1.0
530	1878.3333333333333	0.0	9.0	0.0	0.0	0.0	0.0
540	2050.3333333333335	0.0	14.0	1.0	0.0	1.0	0.0
550	2153.6666666666665	0.0	0.0	0.0	0.0	0.0	0.0
560	2400.8333333333335	0.0	0.0	0.0	0.0	0.0	0.0
570	2379.3333333333335	1.0	14.0	2.0	0.0	1.0	1.0
580	2202.6666666666665	0.0	0.0	0.0	0.0	0.0	0.0
590	2115.0	0.0	0.0	0.0	0.0	0.0	0.0
600	2366.3333333333335	0.0	12.0	0.0	0.0	0.0	0.0
610	2253.1666666666665	0.0	0.0	0.0	0.0	0.0	0.0
620	2264.6666666666665	0.0	5.0	0.0	0.0	0.0	0.0
630	2167.3333333333335	0.0	0.0	0.0	0.0	0.0	0.0
640	2089.5	1.0	0.0	1.0	0.0	0.0	1.0
650	2253.0	0.0	0.0	0.0	0.0	0.0	0.0
660	2315.3333333333335	0.0	0.0	0.0	0.0	0.0	0.0
670	2502.5	0.0	35.0	1.0	0.0	1.0	0.0
680	2682.6666666666665	0.0	0.0	0.0	0.0	0.0	0.0
690	2786.1666666666665	0.0	2.0	0.0	0.0	0.0	0.0
700	2453.3333333333335	0.0	1.0	0.0	0.0	0.0	0.0
710	2350.0	0.0	7.0	0.0	0.0	0.0	0.0
720	2490.0	0.0	9.0	0.0	0.0	0.0	0.0
730	2678.3333333333335	0.0	0.0	0.0	0.0	0.0	0.0
740	2515.3333333333335	0.0	0.0	0.0	0.0	0.0	0.0
750	2493.1666666666665	0.0	0.0	0.0	0.0	0.0	0.0
760	2581.6666666666665	0.0	0.0	0.0	0.0	0.0	0.0
770	2674.3333333333335	0.0	10.0	0.0	0.0	0.0	0.0
780	2624.3333333333335	0.0	0.0	0.0	0.0	0.0	0.0
790	2453.5	0.0	8.0	0.0	0.0	0.0	0.0
800	2489.3333333333335	0.0	0.0	0.0	0.0	0.0	0.0
810	2655.8333333333335	1.0	16.0	1.0	0.0	0.0	1.0
820	2581.0	0.0	0.0	0.0	0.0	0.0	0.0
830	2679.0	0.0	4.0	0.0	0.0	0.0	0.0
840	2737.8333333333335	0.0	8.0	0.0	0.0	0.0	0.0
850	2680.6666666666665	0.0	0.0	0.0	0.0	0.0	0.0
860	2683.8333333333335	0.0	0.0	0.0	0.0	0.0	0.0
870	2627.0	0.0	0.0	0.0	0.0	0.0	0.0
880	2453.3333333333335	0.0	0.0	0.0	0.0	0.0	0.0
890	2544.0	0.0	0.0	0.0	0.0	0.0	0.0
900	2549.5	0.0	1.0	0.0	0.0	0.0	0.0
910	2626.3333333333335	0.0	0.0	0.0	0.0	0.0	0.0
920	2701.3333333333335	0.0	0.0	0.0	0.0	0.0	0.0
930	2616.8333333333335	0.0	0.0	0.0	0.0	0.0	0.0
940	2664.6666666666665	0.0	2.0	0.0	0.0	0.0	0.0
950	2734.6666666666665	0.0	0.0	0.0	0.0	0.0	0.0
960	2511.0	1.0	23.0	4.0	0.0	3.0	1.0
970	2657.6666666666665	0.0	14.0	0.0	0.0	0.0	0.0
980	2806.8333333333335	0.0	0.0	0.0	0.0	0.0	0.0
990	2664.0	0.0	0.0	0.0	0.0	0.0	0.0
1000	2285.8333333333335	0.0	0.0	0.0	0.0	0.0	0.0
