0	278.6666666666667	0.0	0.0	0.0	0.0	0.0	0.0
10	70.0	0.0	0.0	0.0	0.0	0.0	0.0
20	70.0	0.0	0.0	0.0	0.0	0.0	0.0
30	70.0	0.0	0.0	0.0	0.0	0.0	0.0
40	70.0	0.0	0.0	0.0	0.0	0.0	0.0
50	70.0	0.0	0.0	0.0	0.0	0.0	0.0
60	70.0	0.0	0.0	0.0	0.0	0.0	0.0
70	70.0	0.0	0.0	0.0	0.0	0.0	0.0
80	70.0	0.0	0.0	0.0	0.0	0.0	0.0
90	70.0	0.0	0.0	0.0	0.0	0.0	0.0
100	70.0	0.0	0.0	0.0	0.0	0.0	0.0
110	70.0	0.0	0.0	0.0	0.0	0.0	0.0
120	70.0	0.0	0.0	0.0	0.0	0.0	0.0
130	70.0	0.0	0.0	0.0	0.0	0.0	0.0
140	70.0	0.0	0.0	0.0	0.0	0.0	0.0
150	70.0	0.0	0.0	0.0	0.0	0.0	0.0
160	70.0	0.0	0.0	0.0	0.0	0.0	0.0
170	70.0	0.0	0.0	0.0	0.0	0.0	0.0
180	71.66666666666667	0.0	0.0	0.0	0.0	0.0	0.0
190	70.66666666666667	0.0	0.0	0.0	0.0	0.0	0.0
200	85.33333333333333	0.0	0.0	0.0	0.0	0.0	0.0
210	71.66666666666667	0.0	0.0	0.0	0.0	0.0	0.0
220	72.33333333333333	1.0	19.0	0.0	1.0	0.0	0.0
230	73.0	0.0	0.0	0.0	0.0	0.0	0.0
240	170.66666666666666	0.0	0.0	0.0	0.0	0.0	0.0
250	107.33333333333333	0.0	0.0	0.0	0.0	0.0	0.0
260	203.66666666666666	0.0	0.0	0.0	0.0	0.0	0.0
270	188.33333333333334	0.0	0.0	0.0	0.0	0.0	0.0
280	198.0	0.0	0.0	0.0	0.0	0.0	0.0
290	138.0	0.0	0.0	0.0	0.0	0.0	0.0
300	171.66666666666666	0.0	0.0	0.0	0.0	0.0	0.0
310	154.0	0.0	0.0	0.0	0.0	0.0	0.0
320	146.33333333333334	0.0	1.0	0.0	0.0	0.0	0.0
330	146.66666666666666	0.0	0.0	0.0	0.0	0.0	0.0
340	148.0	0.0	0.0	0.0	0.0	0.0	0.0
350	155.66666666666666	0.0	0.0	0.0	0.0	0.0	0.0
360	170.33333333333334	0.0	0.0	0.0	0.0	0.0	0.0
370	154.0	0.0	0.0	0.0	0.0	0.0	0.0
380	131.0	0.0	1.0	0.0	0.0	0.0	0.0
390	130.0	0.0	0.0	0.0	0.0	0.0	0.0
400	245.0	0.0	0.0	0.0	0.0	0.0	0.0
410	439.0	0.0	0.0	0.0	0.0	0.0	0.0
420	527.3333333333334	0.0	0.0	0.0	0.0	0.0	0.0
430	728.3333333333334	0.0	0.0	0.0	0.0	0.0	0.0
440	1060.3333333333333	1.0	0.0	1.0	0.0	0.0	1.0
450	1009.0	0.0	11.0	0.0	0.0	0.0	0.0
460	1488.1666666666667	0.0	4.0	1.0	0.0	1.0	0.0
470	1187.0	0.0	0.0	0.0	0.0	0.0	0.0
480	1410.3333333333333	1.0	3.0	1.0	0.0	0.0	1.0
490	1619.6666666666667	0.0	3.0	0.0	0.0	0.0	0.0
500	2103.3333333333335	0.0	16.0	1.0	0.0	1.0	0.0
510	1520.0	0.0	69.0	0.0	0.0	0.0	0.0
520	2054.1666666666665	0.0	18.0	1.0	0.0	1.0	0.0
530	2138.6666666666665	0.0	0.0	0.0	0.0	0.0	0.0
540	2114.3333333333335	0.0	24.0	2.0	0.0	2.0	0.0
550	2092.0	0.0	11.0	0.0	0.0	0.0	0.0
560	2244.0	23.0	81.0	20.0	3.0	0.0	20.0
570	2286.3333333333335	0.0	5.0	0.0	0.0	0.0	0.0
580	2239.3333333333335	0.0	0.0	0.0	0.0	0.0	0.0
590	1930.1666666666667	1.0	4.0	0.0	1.0	0.0	0.0
600	2185.3333333333335	1.0	11.0	0.0	1.0	0.0	0.0
610	2418.3333333333335	0.0	2.0	0.0	0.0	0.0	0.0
620	2221.6666666666665	0.0	0.0	0.0	0.0	0.0	0.0
630	2666.5	0.0	0.0	0.0	0.0	0.0	0.0
640	2454.3333333333335	0.0	0.0	0.0	0.0	0.0	0.0
650	2284.6666666666665	0.0	0.0	0.0	0.0	0.0	0.0
660	2393.6666666666665	0.0	7.0	0.0	0.0	0.0	0.0
670	2219.3333333333335	1.0	7.0	0.0	1.0	0.0	0.0
680	2491.6666666666665	0.0	0.0	0.0	0.0	0.0	0.0
690	2546.1666666666665	0.0	0.0	0.0	0.0	0.0	0.0
700	2340.1666666666665	0.0	1.0	0.0	0.0	0.0	0.0
710	2444.6666666666665	0.0	0.0	0.0	0.0	0.0	0.0
720	2544.5	0.0	9.0	0.0	0.0	0.0	0.0
730	2646.6666666666665	0.0	9.0	0.0	0.0	0.0	0.0
740	2621.0	0.0	2.0	0.0	0.0	0.0	0.0
750	2558.3333333333335	0.0	29.0	2.0	0.0	2.0	0.0
760	2708.3333333333335	0.0	1.0	0.0	0.0	0.0	0.0
770	2414.0	0.0	1.0	0.0	0.0	0.0	0.0
780	2430.0	0.0	2.0	0.0	0.0	0.0	0.0
790	2585.8333333333335	0.0	8.0	0.0	0.0	0.0	0.0
800	2369.5	1.0	37.0	0.0	1.0	0.0	0.0
810	2498.0	0.0	12.0	0.0	0.0	0.0	0.0
820	2288.1666666666665	0.0	0.0	0.0	0.0	0.0	0.0
830	2949.0	0.0	1.0	0.0	0.0	0.0	0.0
840	2719.8333333333335	0.0	0.0	0.0	0.0	0.0	0.0
850	2527.8333333333335	0.0	4.0	0.0	0.0	0.0	0.0
860	2760.0	0.0	4.0	0.0	0.0	0.0	0.0
870	2656.3333333333335	0.0	34.0	1.0	0.0	1.0	0.0
880	2634.0	0.0	0.0	0.0	0.0	0.0	0.0
890	2661.0	0.0	0.0	1.0	0.0	1.0	0.0
900	2530.1666666666665	0.0	7.0	0.0	0.0	0.0	0.0
910	2493.0	0.0	58.0	2.0	0.0	2.0	0.0
920	2582.1666666666665	0.0	0.0	0.0	0.0	0.0	0.0
930	2483.6666666666665	0.0	0.0	0.0	0.0	0.0	0.0
940	2767.8333333333335	0.0	2.0	0.0	0.0	0.0	0.0
950	2543.5	0.0	2.0	1.0	0.0	1.0	0.0
960	2668.6666666666665	0.0	2.0	0.0	0.0	0.0	0.0
970	2507.6666666666665	0.0	3.0	0.0	0.0	0.0	0.0
980	2415.3333333333335	0.0	1.0	0.0	0.0	0.0	0.0
990	2648.8333333333335	0.0	0.0	0.0	0.0	0.0	0.0
1000	2573.3333333333335	0.0	62.0	3.0	0.0	3.0	0.0
