0	283.0	0.0	0.0	0.0	0.0	0.0	0.0
10	70.0	0.0	0.0	0.0	0.0	0.0	0.0
20	70.0	0.0	0.0	0.0	0.0	0.0	0.0
30	70.0	0.0	0.0	0.0	0.0	0.0	0.0
40	70.0	0.0	0.0	0.0	0.0	0.0	0.0
50	70.0	0.0	0.0	0.0	0.0	0.0	0.0
60	70.0	0.0	0.0	0.0	0.0	0.0	0.0
70	70.0	0.0	0.0	0.0	0.0	0.0	0.0
80	70.0	0.0	0.0	0.0	0.0	0.0	0.0
90	70.0	0.0	0.0	0.0	0.0	0.0	0.0
100	70.0	0.0	0.0	0.0	0.0	0.0	0.0
110	70.0	0.0	0.0	0.0	0.0	0.0	0.0
120	70.0	0.0	0.0	0.0	0.0	0.0	0.0
130	70.0	0.0	0.0	0.0	0.0	0.0	0.0
140	70.0	0.0	0.0	0.0	0.0	0.0	0.0
150	70.0	0.0	0.0	0.0	0.0	0.0	0.0
160	70.0	0.0	0.0	0.0	0.0	0.0	0.0
170	70.0	0.0	0.0	0.0	0.0	0.0	0.0
180	70.0	0.0	0.0	0.0	0.0	0.0	0.0
190	70.66666666666667	0.0	0.0	0.0	0.0	0.0	0.0
200	71.33333333333333	0.0	0.0	0.0	0.0	0.0	0.0
210	70.33333333333333	0.0	0.0	0.0	0.0	0.0	0.0
220	71.66666666666667	0.0	0.0	0.0	0.0	0.0	0.0
230	72.0	0.0	0.0	0.0	0.0	0.0	0.0
240	76.0	0.0	0.0	0.0	0.0	0.0	0.0
250	104.0	0.0	0.0	0.0	0.0	0.0	0.0
260	276.3333333333333	0.0	0.0	0.0	0.0	0.0	0.0
270	271.6666666666667	1.0	2.0	0.0	1.0	0.0	0.0
280	350.0	0.0	0.0	0.0	0.0	0.0	0.0
290	149.66666666666666	0.0	0.0	0.0	0.0	0.0	0.0
300	137.33333333333334	1.0	12.0	0.0	1.0	0.0	0.0
310	130.0	0.0	0.0	0.0	0.0	0.0	0.0
320	177.33333333333334	0.0	0.0	0.0	0.0	0.0	0.0
330	131.0	0.0	0.0	0.0	0.0	0.0	0.0
340	131.0	0.0	0.0	0.0	0.0	0.0	0.0
350	502.0	0.0	0.0	0.0	0.0	0.0	0.0
360	481.3333333333333	0.0	0.0	0.0	0.0	0.0	0.0
370	408.3333333333333	0.0	5.0	0.0	0.0	0.0	0.0
380	882.3333333333334	0.0	13.0	1.0	0.0	1.0	0.0
390	848.0	0.0	0.0	0.0	0.0	0.0	0.0
400	987.0	0.0	23.0	0.0	0.0	0.0	0.0
410	1216.3333333333333	0.0	1.0	0.0	0.0	0.0	0.0
420	1593.3333333333333	0.0	4.0	0.0	0.0	0.0	0.0
430	1668.6666666666667	0.0	9.0	0.0	0.0	0.0	0.0
440	1374.6666666666667	0.0	0.0	0.0	0.0	0.0	0.0
450	1888.6666666666667	0.0	7.0	0.0	0.0	0.0	0.0
460	2068.6666666666665	0.0	1.0	0.0	0.0	0.0	0.0
470	2017.6666666666667	0.0	3.0	1.0	0.0	1.0	0.0
480	2045.0	0.0	0.0	0.0	0.0	0.0	0.0
490	1633.0	0.0	0.0	0.0	0.0	0.0	0.0
500	1895.3333333333333	0.0	4.0	0.0	0.0	0.0	0.0
510	2219.6666666666665	0.0	3.0	0.0	0.0	0.0	0.0
520	2108.3333333333335	0.0	0.0	0.0	0.0	0.0	0.0
530	2164.0	0.0	0.0	0.0	0.0	0.0	0.0
540	2305.3333333333335	0.0	0.0	0.0	0.0	0.0	0.0
550	2043.0	0.0	0.0	0.0	0.0	0.0	0.0
560	2071.3333333333335	0.0	4.0	0.0	0.0	0.0	0.0
570	2319.3333333333335	0.0	0.0	0.0	0.0	0.0	0.0
580	1992.6666666666667	0.0	9.0	0.0	0.0	0.0	0.0
590	2231.3333333333335	0.0	0.0	0.0	0.0	0.0	0.0
600	2457.3333333333335	0.0	0.0	0.0	0.0	0.0	0.0
610	2518.0	0.0	0.0	0.0	0.0	0.0	0.0
620	2337.6666666666665	0.0	0.0	0.0	0.0	0.0	0.0
630	2399.5	0.0	37.0	1.0	0.0	1.0	0.0
640	2625.0	0.0	16.0	0.0	0.0	0.0	0.0
650	2267.0	1.0	40.0	2.0	1.0	2.0	0.0
660	2556.3333333333335	0.0	4.0	0.0	0.0	0.0	0.0
670	2406.6666666666665	0.0	0.0	0.0	0.0	0.0	0.0
680	2412.1666666666665	0.0	0.0	0.0	0.0	0.0	0.0
690	2305.6666666666665	0.0	0.0	0.0	0.0	0.0	0.0
700	2516.0	0.0	1.0	0.0	0.0	0.0	0.0
710	2447.1666666666665	0.0	31.0	0.0	0.0	0.0	0.0
720	2612.5	0.0	35.0	1.0	0.0	1.0	0.0
730	2555.8333333333335	1.0	21.0	1.0	1.0	1.0	0.0
740	2629.0	0.0	2.0	0.0	0.0	0.0	0.0
750	2558.8333333333335	0.0	0.0	0.0	0.0	0.0	0.0
760	2534.6666666666665	0.0	16.0	1.0	0.0	1.0	0.0
770	2721.0	0.0	0.0	0.0	0.0	0.0	0.0
780	2449.5	1.0	33.0	2.0	1.0	2.0	0.0
790	2677.0	0.0	25.0	2.0	0.0	2.0	0.0
800	2515.0	0.0	1.0	0.0	0.0	0.0	0.0
810	2353.3333333333335	1.0	3.0	0.0	1.0	0.0	0.0
820	2621.1666666666665	0.0	2.0	0.0	0.0	0.0	0.0
830	2448.8333333333335	0.0	1.0	0.0	0.0	0.0	0.0
840	2594.3333333333335	1.0	15.0	0.0	1.0	0.0	0.0
850	2620.5	1.0	51.0	0.0	1.0	0.0	0.0
860	2300.0	0.0	11.0	0.0	0.0	0.0	0.0
870	2447.3333333333335	0.0	4.0	0.0	0.0	0.0	0.0
880	2611.0	0.0	0.0	0.0	0.0	0.0	0.0
890	2396.3333333333335	0.0	6.0	0.0	0.0	0.0	0.0
900	2121.3333333333335	0.0	10.0	0.0	0.0	0.0	0.0
910	2671.6666666666665	1.0	14.0	1.0	0.0	0.0	1.0
920	2626.5	0.0	0.0	0.0	0.0	0.0	0.0
930	2588.0	0.0	26.0	0.0	0.0	0.0	0.0
940	2358.3333333333335	0.0	0.0	0.0	0.0	0.0	0.0
950	2577.8333333333335	0.0	12.0	1.0	0.0	1.0	0.0
960	2574.6666666666665	0.0	8.0	0.0	0.0	0.0	0.0
970	2720.6666666666665	0.0	7.0	0.0	0.0	0.0	0.0
980	2546.1666666666665	1.0	37.0	1.0	0.0	0.0	1.0
990	2703.8333333333335	0.0	32.0	0.0	0.0	0.0	0.0
1000	2521.0	0.0	35.0	2.0	0.0	2.0	0.0
