0	236.66666666666666	0.0	0.0	0.0	0.0	0.0	0.0
10	70.0	0.0	0.0	0.0	0.0	0.0	0.0
20	70.0	0.0	0.0	0.0	0.0	0.0	0.0
30	70.0	0.0	0.0	0.0	0.0	0.0	0.0
40	70.0	0.0	0.0	0.0	0.0	0.0	0.0
50	70.0	0.0	0.0	0.0	0.0	0.0	0.0
60	70.0	0.0	0.0	0.0	0.0	0.0	0.0
70	70.0	0.0	0.0	0.0	0.0	0.0	0.0
80	70.0	0.0	0.0	0.0	0.0	0.0	0.0
90	70.0	0.0	0.0	0.0	0.0	0.0	0.0
100	70.0	0.0	0.0	0.0	0.0	0.0	0.0
110	70.0	0.0	0.0	0.0	0.0	0.0	0.0
120	70.0	0.0	0.0	0.0	0.0	0.0	0.0
130	70.0	0.0	0.0	0.0	0.0	0.0	0.0
140	70.0	0.0	0.0	0.0	0.0	0.0	0.0
150	70.0	0.0	0.0	0.0	0.0	0.0	0.0
160	70.0	0.0	0.0	0.0	0.0	0.0	0.0
170	70.0	0.0	0.0	0.0	0.0	0.0	0.0
180	71.0	0.0	0.0	0.0	0.0	0.0	0.0
190	70.0	0.0	0.0	0.0	0.0	0.0	0.0
200	73.66666666666667	0.0	0.0	0.0	0.0	0.0	0.0
210	74.0	0.0	0.0	0.0	0.0	0.0	0.0
220	71.66666666666667	0.0	0.0	0.0	0.0	0.0	0.0
230	74.33333333333333	0.0	0.0	0.0	0.0	0.0	0.0
240	105.66666666666667	0.0	0.0	0.0	0.0	0.0	0.0
250	159.33333333333334	0.0	0.0	0.0	0.0	0.0	0.0
260	165.0	0.0	0.0	0.0	0.0	0.0	0.0
270	268.3333333333333	1.0	5.0	0.0	1.0	0.0	0.0
280	214.66666666666666	1.0	5.0	0.0	1.0	0.0	0.0
290	178.0	1.0	2.0	0.0	1.0	0.0	0.0
300	147.33333333333334	0.0	0.0	0.0	0.0	0.0	0.0
310	154.0	1.0	3.0	0.0	1.0	0.0	0.0
320	130.33333333333334	0.0	0.0	0.0	0.0	0.0	0.0
330	138.33333333333334	0.0	0.0	0.0	0.0	0.0	0.0
340	130.0	0.0	0.0	0.0	0.0	0.0	0.0
350	165.0	0.0	0.0	0.0	0.0	0.0	0.0
360	197.0	0.0	0.0	0.0	0.0	0.0	0.0
370	197.0	0.0	26.0	1.0	0.0	1.0	0.0
380	229.33333333333334	0.0	0.0	0.0	0.0	0.0	0.0
390	543.0	0.0	0.0	0.0	0.0	0.0	0.0
400	366.3333333333333	0.0	0.0	0.0	0.0	0.0	0.0
410	594.6666666666666	0.0	0.0	0.0	0.0	0.0	0.0
420	754.0	0.0	0.0	0.0	0.0	0.0	0.0
430	1155.6666666666667	0.0	7.0	0.0	0.0	0.0	0.0
440	955.6666666666666	0.0	20.0	1.0	0.0	1.0	0.0
450	1369.0	0.0	2.0	0.0	0.0	0.0	0.0
460	1451.6666666666667	0.0	0.0	0.0	0.0	0.0	0.0
470	1522.6666666666667	0.0	0.0	0.0	0.0	0.0	0.0
480	1826.6666666666667	0.0	2.0	0.0	0.0	0.0	0.0
490	2044.0	0.0	0.0	0.0	0.0	0.0	0.0
500	1895.0	0.0	45.0	1.0	0.0	1.0	0.0
510	1798.6666666666667	1.0	4.0	1.0	0.0	0.0	1.0
520	1949.0	0.0	1.0	0.0	0.0	0.0	0.0
530	2239.3333333333335	0.0	7.0	0.0	0.0	0.0	0.0
540	1665.6666666666667	2.0	16.0	2.0	0.0	0.0	2.0
550	1977.0	0.0	1.0	0.0	0.0	0.0	0.0
560	2142.5	0.0	0.0	0.0	0.0	0.0	0.0
570	2220.6666666666665	0.0	8.0	1.0	0.0	1.0	0.0
580	2187.0	0.0	0.0	0.0	0.0	0.0	0.0
590	2159.6666666666665	0.0	1.0	0.0	0.0	0.0	0.0
600	1993.3333333333333	0.0	0.0	0.0	0.0	0.0	0.0
610	2299.3333333333335	0.0	41.0	1.0	0.0	1.0	0.0
620	2246.3333333333335	0.0	12.0	0.0	0.0	0.0	0.0
630	2489.0	0.0	0.0	0.0	0.0	0.0	0.0
640	2246.0	2.0	0.0	2.0	0.0	0.0	2.0
650	2292.6666666666665	0.0	0.0	0.0	0.0	0.0	0.0
660	2436.0	1.0	43.0	0.0	1.0	0.0	0.0
670	2549.8333333333335	0.0	0.0	0.0	0.0	0.0	0.0
680	2648.6666666666665	1.0	30.0	1.0	0.0	0.0	1.0
690	2680.6666666666665	0.0	1.0	0.0	0.0	0.0	0.0
700	2698.5	1.0	13.0	1.0	0.0	0.0	1.0
710	2606.0	0.0	4.0	0.0	0.0	0.0	0.0
720	2349.1666666666665	0.0	0.0	0.0	0.0	0.0	0.0
730	2328.0	1.0	0.0	1.0	0.0	0.0	1.0
740	2352.3333333333335	0.0	18.0	0.0	0.0	0.0	0.0
750	2521.0	0.0	18.0	0.0	0.0	0.0	0.0
760	2479.3333333333335	0.0	0.0	0.0	0.0	0.0	0.0
770	2373.5	0.0	0.0	0.0	0.0	0.0	0.0
780	2612.3333333333335	0.0	37.0	1.0	0.0	1.0	0.0
790	2197.6666666666665	0.0	2.0	0.0	0.0	0.0	0.0
800	2735.5	0.0	5.0	0.0	0.0	0.0	0.0
810	2576.1666666666665	0.0	21.0	0.0	0.0	0.0	0.0
820	2435.0	0.0	6.0	0.0	0.0	0.0	0.0
830	2665.3333333333335	0.0	0.0	0.0	0.0	0.0	0.0
840	2397.0	0.0	36.0	0.0	0.0	0.0	0.0
850	2369.1666666666665	0.0	5.0	0.0	0.0	0.0	0.0
860	2435.5	0.0	0.0	0.0	0.0	0.0	0.0
870	2309.8333333333335	0.0	3.0	0.0	0.0	0.0	0.0
880	2167.3333333333335	0.0	0.0	0.0	0.0	0.0	0.0
890	2484.0	0.0	7.0	0.0	0.0	0.0	0.0
900	2487.3333333333335	0.0	0.0	0.0	0.0	0.0	0.0
910	2498.1666666666665	0.0	0.0	0.0	0.0	0.0	0.0
920	2501.8333333333335	0.0	2.0	0.0	0.0	0.0	0.0
930	2527.6666666666665	0.0	7.0	0.0	0.0	0.0	0.0
940	2504.1666666666665	0.0	40.0	0.0	0.0	0.0	0.0
950	2587.0	0.0	0.0	0.0	0.0	0.0	0.0
960	2290.3333333333335	0.0	6.0	0.0	0.0	0.0	0.0
970	2506.5	0.0	0.0	0.0	0.0	0.0	0.0
980	2572.3333333333335	0.0	0.0	0.0	0.0	0.0	0.0
990	2497.8333333333335	0.0	0.0	0.0	0.0	0.0	0.0
1000	2633.6666666666665	1.0	7.0	1.0	0.0	0.0	1.0
