0	268.6666666666667	0.0	0.0	0.0	0.0	0.0	0.0
10	70.0	28.0	36.0	4.0	27.0	3.0	1.0
20	70.0	7.0	23.0	3.0	7.0	3.0	0.0
30	70.0	2.0	6.0	1.0	2.0	1.0	0.0
40	70.0	91.0	63.0	28.0	64.0	0.0	27.0
50	70.0	66.0	36.0	34.0	35.0	0.0	31.0
60	70.0	17.0	10.0	11.0	6.0	0.0	11.0
70	70.0	46.0	40.0	17.0	32.0	2.0	14.0
80	662.3333333333334	3.0	7.0	0.0	3.0	0.0	0.0
90	644.0	31.0	108.0	20.0	14.0	2.0	17.0
100	72.66666666666667	11.0	22.0	13.0	0.0	2.0	11.0
110	387.3333333333333	31.0	112.0	30.0	4.0	3.0	27.0
120	946.8333333333334	26.0	176.0	31.0	2.0	7.0	24.0
130	1672.6666666666667	11.0	199.0	18.0	0.0	7.0	11.0
140	1768.3333333333333	154.0	363.0	161.0	3.0	9.0	151.0
150	2041.3333333333333	64.0	383.0	71.0	7.0	11.0	57.0
160	1997.0	79.0	320.0	85.0	5.0	11.0	74.0
170	2326.3333333333335	12.0	362.0	25.0	4.0	16.0	8.0
180	2053.3333333333335	4.0	760.0	18.0	2.0	16.0	2.0
190	1953.6666666666667	16.0	201.0	18.0	2.0	4.0	14.0
200	2523.5	10.0	767.0	37.0	1.0	28.0	9.0
210	2301.3333333333335	50.0	826.0	67.0	3.0	20.0	47.0
220	2166.3333333333335	1.0	283.0	15.0	1.0	15.0	0.0
230	2522.3333333333335	1.0	460.0	12.0	0.0	11.0	1.0
240	2399.8333333333335	6.0	522.0	23.0	0.0	17.0	6.0
250	2112.3333333333335	130.0	874.0	147.0	5.0	21.0	125.0
260	2555.5	0.0	283.0	7.0	0.0	7.0	0.0
270	2305.0	103.0	344.0	109.0	3.0	8.0	100.0
280	2431.6666666666665	0.0	0.0	0.0	0.0	0.0	0.0
290	2528.3333333333335	0.0	0.0	0.0	0.0	0.0	0.0
300	2475.3333333333335	0.0	0.0	0.0	0.0	0.0	0.0
310	2469.3333333333335	0.0	0.0	0.0	0.0	0.0	0.0
320	2673.5	0.0	0.0	0.0	0.0	0.0	0.0
330	2368.0	0.0	0.0	0.0	0.0	0.0	0.0
340	2099.3333333333335	0.0	0.0	0.0	0.0	0.0	0.0
350	1405.3333333333333	0.0	0.0	0.0	0.0	0.0	0.0
360	1676.1666666666667	0.0	0.0	0.0	0.0	0.0	0.0
370	1630.3333333333333	0.0	0.0	0.0	0.0	0.0	0.0
380	2231.1666666666665	0.0	0.0	0.0	0.0	0.0	0.0
390	1852.1666666666667	0.0	0.0	0.0	0.0	0.0	0.0
400	2124.0	0.0	0.0	0.0	0.0	0.0	0.0
410	2011.8333333333333	0.0	0.0	0.0	0.0	0.0	0.0
420	2019.3333333333333	0.0	0.0	0.0	0.0	0.0	0.0
430	2410.3333333333335	0.0	0.0	0.0	0.0	0.0	0.0
440	1915.3333333333333	0.0	0.0	0.0	0.0	0.0	0.0
450	2060.3333333333335	0.0	0.0	0.0	0.0	0.0	0.0
460	1939.6666666666667	0.0	0.0	0.0	0.0	0.0	0.0
470	1884.3333333333333	0.0	0.0	0.0	0.0	0.0	0.0
480	2160.3333333333335	0.0	0.0	0.0	0.0	0.0	0.0
490	1878.0	0.0	0.0	0.0	0.0	0.0	0.0
500	1836.3333333333333	0.0	0.0	0.0	0.0	0.0	0.0
510	1504.3333333333333	0.0	0.0	0.0	0.0	0.0	0.0
520	2239.6666666666665	0.0	0.0	0.0	0.0	0.0	0.0
530	1897.0	0.0	0.0	0.0	0.0	0.0	0.0
540	1927.1666666666667	0.0	0.0	0.0	0.0	0.0	0.0
550	2567.1666666666665	0.0	0.0	0.0	0.0	0.0	0.0
560	2025.3333333333333	0.0	0.0	0.0	0.0	0.0	0.0
570	1940.8333333333333	0.0	0.0	0.0	0.0	0.0	0.0
580	1858.0	0.0	0.0	0.0	0.0	0.0	0.0
590	2533.0	0.0	0.0	0.0	0.0	0.0	0.0
600	2294.6666666666665	0.0	0.0	0.0	0.0	0.0	0.0
610	1742.6666666666667	0.0	0.0	0.0	0.0	0.0	0.0
620	2363.3333333333335	0.0	0.0	0.0	0.0	0.0	0.0
630	2410.6666666666665	0.0	0.0	0.0	0.0	0.0	0.0
640	2540.1666666666665	0.0	0.0	0.0	0.0	0.0	0.0
650	2333.6666666666665	0.0	0.0	0.0	0.0	0.0	0.0
660	2620.0	0.0	0.0	0.0	0.0	0.0	0.0
670	2658.0	0.0	0.0	0.0	0.0	0.0	0.0
680	2481.0	0.0	0.0	0.0	0.0	0.0	0.0
690	2283.0	0.0	0.0	0.0	0.0	0.0	0.0
700	2309.8333333333335	0.0	0.0	0.0	0.0	0.0	0.0
710	2492.5	0.0	0.0	0.0	0.0	0.0	0.0
720	2345.6666666666665	0.0	0.0	0.0	0.0	0.0	0.0
730	2415.8333333333335	0.0	0.0	0.0	0.0	0.0	0.0
740	2343.5	0.0	0.0	0.0	0.0	0.0	0.0
750	2468.3333333333335	0.0	0.0	0.0	0.0	0.0	0.0
760	2627.6666666666665	0.0	0.0	0.0	0.0	0.0	0.0
770	2305.3333333333335	0.0	0.0	0.0	0.0	0.0	0.0
780	2300.6666666666665	0.0	0.0	0.0	0.0	0.0	0.0
790	2601.1666666666665	0.0	0.0	0.0	0.0	0.0	0.0
800	2542.1666666666665	0.0	0.0	0.0	0.0	0.0	0.0
810	2282.5	0.0	0.0	0.0	0.0	0.0	0.0
820	2545.3333333333335	0.0	0.0	0.0	0.0	0.0	0.0
830	2475.0	0.0	0.0	0.0	0.0	0.0	0.0
840	2223.3333333333335	0.0	0.0	0.0	0.0	0.0	0.0
850	2438.8333333333335	0.0	0.0	0.0	0.0	0.0	0.0
860	2350.5	0.0	0.0	0.0	0.0	0.0	0.0
870	2365.3333333333335	0.0	0.0	0.0	0.0	0.0	0.0
880	2394.0	0.0	0.0	0.0	0.0	0.0	0.0
890	2408.0	0.0	0.0	0.0	0.0	0.0	0.0
900	2543.8333333333335	0.0	0.0	0.0	0.0	0.0	0.0
910	2361.3333333333335	0.0	0.0	0.0	0.0	0.0	0.0
920	2328.3333333333335	0.0	0.0	0.0	0.0	0.0	0.0
930	2082.6666666666665	0.0	0.0	0.0	0.0	0.0	0.0
940	1657.5	0.0	0.0	0.0	0.0	0.0	0.0
950	1680.1666666666667	0.0	0.0	0.0	0.0	0.0	0.0
960	2076.8333333333335	0.0	0.0	0.0	0.0	0.0	0.0
970	2616.1666666666665	0.0	0.0	0.0	0.0	0.0	0.0
980	2378.0	0.0	0.0	0.0	0.0	0.0	0.0
990	2366.0	0.0	0.0	0.0	0.0	0.0	0.0
1000	1727.8333333333333	0.0	0.0	0.0	0.0	0.0	0.0
