0	253.0	0.0	0.0	0.0	0.0	0.0	0.0
10	70.0	6.0	18.0	6.0	4.0	4.0	2.0
20	70.0	35.0	27.0	9.0	26.0	0.0	9.0
30	70.0	35.0	58.0	9.0	31.0	5.0	4.0
40	70.0	111.0	156.0	60.0	73.0	15.0	38.0
50	70.0	11.0	10.0	5.0	9.0	3.0	2.0
60	70.0	10.0	3.0	7.0	6.0	0.0	4.0
70	215.0	90.0	65.0	65.0	26.0	0.0	64.0
80	105.0	10.0	18.0	9.0	1.0	0.0	9.0
90	215.66666666666666	26.0	111.0	27.0	5.0	5.0	21.0
100	184.66666666666666	33.0	154.0	32.0	8.0	6.0	25.0
110	125.66666666666667	35.0	34.0	19.0	16.0	0.0	19.0
120	1319.0	25.0	94.0	29.0	2.0	5.0	23.0
130	2130.3333333333335	2.0	359.0	14.0	1.0	13.0	1.0
140	1947.6666666666667	99.0	210.0	102.0	4.0	6.0	95.0
150	1979.3333333333333	14.0	343.0	23.0	4.0	12.0	10.0
160	1919.0	68.0	513.0	77.0	4.0	13.0	64.0
170	2173.6666666666665	390.0	308.0	392.0	16.0	18.0	374.0
180	2307.6666666666665	0.0	0.0	0.0	0.0	0.0	0.0
190	2352.8333333333335	0.0	0.0	0.0	0.0	0.0	0.0
200	2327.6666666666665	0.0	0.0	0.0	0.0	0.0	0.0
210	2248.6666666666665	0.0	0.0	0.0	0.0	0.0	0.0
220	2194.6666666666665	0.0	0.0	0.0	0.0	0.0	0.0
230	2426.6666666666665	0.0	0.0	0.0	0.0	0.0	0.0
240	2261.0	0.0	0.0	0.0	0.0	0.0	0.0
250	2526.6666666666665	0.0	0.0	0.0	0.0	0.0	0.0
260	2422.3333333333335	0.0	0.0	0.0	0.0	0.0	0.0
270	2457.5	0.0	0.0	0.0	0.0	0.0	0.0
280	2348.8333333333335	0.0	0.0	0.0	0.0	0.0	0.0
290	2275.3333333333335	0.0	0.0	0.0	0.0	0.0	0.0
300	2525.3333333333335	0.0	0.0	0.0	0.0	0.0	0.0
310	2354.5	0.0	0.0	0.0	0.0	0.0	0.0
320	2655.5	0.0	0.0	0.0	0.0	0.0	0.0
330	2308.3333333333335	0.0	0.0	0.0	0.0	0.0	0.0
340	1830.6666666666667	0.0	0.0	0.0	0.0	0.0	0.0
350	1893.6666666666667	0.0	0.0	0.0	0.0	0.0	0.0
360	1894.3333333333333	0.0	0.0	0.0	0.0	0.0	0.0
370	1579.0	0.0	0.0	0.0	0.0	0.0	0.0
380	1769.5	0.0	0.0	0.0	0.0	0.0	0.0
390	1743.3333333333333	0.0	0.0	0.0	0.0	0.0	0.0
400	1864.6666666666667	0.0	0.0	0.0	0.0	0.0	0.0
410	1905.8333333333333	0.0	0.0	0.0	0.0	0.0	0.0
420	2260.0	0.0	0.0	0.0	0.0	0.0	0.0
430	1873.8333333333333	0.0	0.0	0.0	0.0	0.0	0.0
440	2499.6666666666665	0.0	0.0	0.0	0.0	0.0	0.0
450	2555.3333333333335	0.0	0.0	0.0	0.0	0.0	0.0
460	2436.3333333333335	0.0	0.0	0.0	0.0	0.0	0.0
470	2517.8333333333335	0.0	0.0	0.0	0.0	0.0	0.0
480	2408.6666666666665	0.0	0.0	0.0	0.0	0.0	0.0
490	2382.0	0.0	0.0	0.0	0.0	0.0	0.0
500	2432.8333333333335	0.0	0.0	0.0	0.0	0.0	0.0
510	2399.6666666666665	0.0	0.0	0.0	0.0	0.0	0.0
520	1809.1666666666667	0.0	0.0	0.0	0.0	0.0	0.0
530	1937.3333333333333	0.0	0.0	0.0	0.0	0.0	0.0
540	1719.3333333333333	0.0	0.0	0.0	0.0	0.0	0.0
550	1998.0	0.0	0.0	0.0	0.0	0.0	0.0
560	2253.8333333333335	0.0	0.0	0.0	0.0	0.0	0.0
570	1978.6666666666667	0.0	0.0	0.0	0.0	0.0	0.0
580	1728.1666666666667	0.0	0.0	0.0	0.0	0.0	0.0
590	2407.3333333333335	0.0	0.0	0.0	0.0	0.0	0.0
600	1488.6666666666667	0.0	0.0	0.0	0.0	0.0	0.0
610	1617.3333333333333	0.0	0.0	0.0	0.0	0.0	0.0
620	1624.8333333333333	0.0	0.0	0.0	0.0	0.0	0.0
630	1719.6666666666667	0.0	0.0	0.0	0.0	0.0	0.0
640	1822.3333333333333	0.0	0.0	0.0	0.0	0.0	0.0
650	1467.8333333333333	0.0	0.0	0.0	0.0	0.0	0.0
660	2166.0	0.0	0.0	0.0	0.0	0.0	0.0
670	2477.6666666666665	0.0	0.0	0.0	0.0	0.0	0.0
680	2641.1666666666665	0.0	0.0	0.0	0.0	0.0	0.0
690	2271.0	0.0	0.0	0.0	0.0	0.0	0.0
700	2546.3333333333335	0.0	0.0	0.0	0.0	0.0	0.0
710	2482.1666666666665	0.0	0.0	0.0	0.0	0.0	0.0
720	2442.1666666666665	0.0	0.0	0.0	0.0	0.0	0.0
730	2602.5	0.0	0.0	0.0	0.0	0.0	0.0
740	1760.0	0.0	0.0	0.0	0.0	0.0	0.0
750	1687.1666666666667	0.0	0.0	0.0	0.0	0.0	0.0
760	2001.3333333333333	0.0	0.0	0.0	0.0	0.0	0.0
770	1772.8333333333333	0.0	0.0	0.0	0.0	0.0	0.0
780	1848.3333333333333	0.0	0.0	0.0	0.0	0.0	0.0
790	1773.5	0.0	0.0	0.0	0.0	0.0	0.0
800	1981.6666666666667	0.0	0.0	0.0	0.0	0.0	0.0
810	1981.5	0.0	0.0	0.0	0.0	0.0	0.0
820	2115.1666666666665	0.0	0.0	0.0	0.0	0.0	0.0
830	1839.3333333333333	0.0	0.0	0.0	0.0	0.0	0.0
840	2089.3333333333335	0.0	0.0	0.0	0.0	0.0	0.0
850	2019.8333333333333	0.0	0.0	0.0	0.0	0.0	0.0
860	2061.6666666666665	0.0	0.0	0.0	0.0	0.0	0.0
870	2249.3333333333335	0.0	0.0	0.0	0.0	0.0	0.0
880	2380.5	0.0	0.0	0.0	0.0	0.0	0.0
890	1804.6666666666667	0.0	0.0	0.0	0.0	0.0	0.0
900	2314.0	0.0	0.0	0.0	0.0	0.0	0.0
910	2645.6666666666665	0.0	0.0	0.0	0.0	0.0	0.0
920	2520.1666666666665	0.0	0.0	0.0	0.0	0.0	0.0
930	2413.8333333333335	0.0	0.0	0.0	0.0	0.0	0.0
940	2377.6666666666665	0.0	0.0	0.0	0.0	0.0	0.0
950	2104.0	0.0	0.0	0.0	0.0	0.0	0.0
960	2199.0	0.0	0.0	0.0	0.0	0.0	0.0
970	2451.0	0.0	0.0	0.0	0.0	0.0	0.0
980	2237.1666666666665	0.0	0.0	0.0	0.0	0.0	0.0
990	2474.8333333333335	0.0	0.0	0.0	0.0	0.0	0.0
1000	2496.5	0.0	0.0	0.0	0.0	0.0	0.0
