0	274.0	0.0
10	2145.8333333333335	0.0
20	2131.1666666666665	0.0
30	2082.5	1.0
40	2113.6666666666665	1.0
50	2155.3333333333335	1.0
60	2244.5	0.0
70	2095.3333333333335	2.0
80	2125.5	0.0
90	1795.0	2.0
100	2309.8333333333335	0.0
110	2286.5	1.0
120	2284.8333333333335	0.0
130	2367.1666666666665	1.0
140	2200.1666666666665	1.0
150	2284.8333333333335	2.0
160	2238.8333333333335	0.0
170	2362.0	2.0
180	2421.0	3.0
190	2554.6666666666665	0.0
200	2397.8333333333335	1.0
210	2319.3333333333335	1.0
220	2540.8333333333335	0.0
230	2576.3333333333335	0.0
240	2193.3333333333335	3.0
250	2598.6666666666665	3.0
260	2372.1666666666665	2.0
270	2142.3333333333335	0.0
280	2138.0	2.0
290	2267.6666666666665	0.0
300	2186.5	1.0
310	2185.6666666666665	5.0
320	2600.1666666666665	0.0
330	2265.6666666666665	3.0
340	2485.0	1.0
350	2388.6666666666665	3.0
360	2534.5	0.0
370	2445.5	0.0
380	2648.0	0.0
390	2758.5	1.0
400	2394.8333333333335	0.0
410	2697.0	11.0
420	2880.6666666666665	1.0
430	2797.3333333333335	5.0
440	2996.0	1.0
450	3110.3333333333335	2.0
460	2645.6666666666665	2.0
470	2742.8333333333335	4.0
480	2651.1666666666665	7.0
490	3101.0	2.0
500	2959.6666666666665	1.0
510	3589.5	4.0
520	3463.5	4.0
530	3591.5	2.0
540	2956.5	4.0
550	3552.6666666666665	8.0
560	3112.3333333333335	3.0
570	3022.3333333333335	10.0
580	3451.6666666666665	2.0
590	2912.0	1.0
600	3431.6666666666665	2.0
610	3424.6666666666665	5.0
620	3232.8333333333335	6.0
630	3613.6666666666665	1.0
640	3466.8333333333335	2.0
650	3175.8333333333335	2.0
660	3398.8333333333335	4.0
670	3809.3333333333335	4.0
680	3920.0	2.0
690	3854.3333333333335	4.0
700	3740.0	1.0
710	2927.6666666666665	1.0
720	3656.0	1.0
730	3503.1666666666665	1.0
740	3756.3333333333335	5.0
750	3780.6666666666665	1.0
760	3884.5	2.0
770	3787.3333333333335	5.0
780	3877.3333333333335	3.0
790	3937.0	4.0
800	3837.5	4.0
810	4110.333333333333	7.0
820	3832.8333333333335	1.0
830	3972.8333333333335	3.0
840	3863.8333333333335	1.0
850	3115.5	5.0
860	3338.0	3.0
870	3769.5	1.0
880	4001.5	2.0
890	4234.833333333333	0.0
900	3648.3333333333335	2.0
910	4123.5	1.0
920	4078.5	13.0
930	3902.0	2.0
940	3747.3333333333335	8.0
950	3299.5	5.0
960	3812.6666666666665	2.0
970	3749.3333333333335	8.0
980	3645.3333333333335	3.0
990	3494.6666666666665	0.0
1000	3532.5	8.0
