0	265.0	0.0
10	2116.5	2.0
20	2126.8333333333335	0.0
30	2150.1666666666665	3.0
40	2257.5	0.0
50	2136.6666666666665	1.0
60	2245.5	3.0
70	2418.3333333333335	0.0
80	2340.0	5.0
90	2330.5	0.0
100	2437.3333333333335	5.0
110	2343.6666666666665	0.0
120	2342.6666666666665	1.0
130	2488.6666666666665	0.0
140	2569.1666666666665	3.0
150	2547.0	0.0
160	2640.6666666666665	2.0
170	2666.1666666666665	1.0
180	2620.5	0.0
190	2402.8333333333335	0.0
200	2426.0	0.0
210	2339.3333333333335	3.0
220	2087.6666666666665	0.0
230	2188.6666666666665	5.0
240	2553.8333333333335	5.0
250	2810.0	1.0
260	2562.1666666666665	1.0
270	2133.0	1.0
280	2164.8333333333335	1.0
290	2920.1666666666665	2.0
300	2777.6666666666665	0.0
310	2471.5	0.0
320	2567.1666666666665	1.0
330	2672.1666666666665	1.0
340	2590.1666666666665	1.0
350	3135.5	3.0
360	2873.5	4.0
370	3092.8333333333335	2.0
380	2757.0	5.0
390	3217.8333333333335	1.0
400	3069.8333333333335	5.0
410	2801.5	3.0
420	2810.6666666666665	8.0
430	3225.3333333333335	1.0
440	3337.1666666666665	4.0
450	3479.1666666666665	0.0
460	3711.0	0.0
470	3375.5	2.0
480	3321.0	5.0
490	3632.6666666666665	5.0
500	3661.5	4.0
510	3199.3333333333335	2.0
520	3808.3333333333335	5.0
530	3718.8333333333335	0.0
540	3829.1666666666665	5.0
550	3353.3333333333335	5.0
560	2957.6666666666665	2.0
570	3524.3333333333335	3.0
580	3554.8333333333335	2.0
590	3475.8333333333335	6.0
600	3428.3333333333335	7.0
610	3666.5	8.0
620	3543.8333333333335	3.0
630	2812.1666666666665	4.0
640	3483.1666666666665	6.0
650	3639.1666666666665	5.0
660	3448.1666666666665	2.0
670	3632.0	2.0
680	3607.0	6.0
690	3774.0	4.0
700	3197.5	0.0
710	3487.0	7.0
720	3174.0	5.0
730	3544.1666666666665	3.0
740	3246.0	1.0
750	4241.5	3.0
760	3514.3333333333335	1.0
770	3953.3333333333335	5.0
780	3913.8333333333335	2.0
790	3748.1666666666665	7.0
800	3898.5	9.0
810	3825.6666666666665	0.0
820	3776.3333333333335	3.0
830	3700.3333333333335	2.0
840	3540.8333333333335	5.0
850	3501.8333333333335	7.0
860	3957.3333333333335	13.0
870	3597.1666666666665	3.0
880	3471.5	2.0
890	3976.3333333333335	5.0
900	3960.3333333333335	3.0
910	3982.5	5.0
920	4042.3333333333335	4.0
930	3774.6666666666665	2.0
940	3610.0	3.0
950	3518.0	0.0
960	3662.0	3.0
970	3638.6666666666665	5.0
980	3936.3333333333335	2.0
990	3851.6666666666665	4.0
1000	3701.3333333333335	6.0
