0	230.66666666666666	0.0
10	2017.6666666666667	1.0
20	2033.5	0.0
30	1995.3333333333333	0.0
40	2081.3333333333335	0.0
50	1932.8333333333333	0.0
60	2012.3333333333333	3.0
70	2246.1666666666665	5.0
80	2059.6666666666665	1.0
90	2315.5	0.0
100	2228.8333333333335	2.0
110	2313.8333333333335	1.0
120	2286.5	1.0
130	2477.1666666666665	1.0
140	2399.0	1.0
150	2550.0	1.0
160	2646.3333333333335	3.0
170	2560.3333333333335	2.0
180	2269.3333333333335	0.0
190	2393.1666666666665	0.0
200	2393.5	2.0
210	2444.8333333333335	1.0
220	2449.8333333333335	0.0
230	1973.6666666666667	0.0
240	2680.8333333333335	2.0
250	2288.0	2.0
260	2244.0	0.0
270	2538.0	3.0
280	2869.5	4.0
290	3162.1666666666665	0.0
300	2836.0	4.0
310	2551.6666666666665	3.0
320	2309.3333333333335	3.0
330	2667.1666666666665	0.0
340	2871.8333333333335	0.0
350	3194.1666666666665	2.0
360	2669.5	0.0
370	2907.8333333333335	7.0
380	3044.3333333333335	3.0
390	2976.6666666666665	1.0
400	3222.6666666666665	2.0
410	2937.5	2.0
420	3750.0	4.0
430	3821.0	2.0
440	3758.5	4.0
450	3808.8333333333335	6.0
460	2985.0	4.0
470	2965.5	2.0
480	3248.1666666666665	4.0
490	2940.0	4.0
500	3842.5	6.0
510	3790.0	3.0
520	3372.8333333333335	3.0
530	3204.6666666666665	1.0
540	2689.1666666666665	2.0
550	3686.3333333333335	6.0
560	3985.1666666666665	4.0
570	3004.0	4.0
580	3188.3333333333335	5.0
590	3331.5	2.0
600	3496.6666666666665	1.0
610	3819.6666666666665	4.0
620	3411.8333333333335	1.0
630	3517.3333333333335	2.0
640	3147.1666666666665	3.0
650	3337.5	2.0
660	3720.8333333333335	1.0
670	3913.6666666666665	4.0
680	3406.6666666666665	4.0
690	3517.5	2.0
700	3563.3333333333335	5.0
710	3816.0	7.0
720	3765.3333333333335	5.0
730	3148.6666666666665	4.0
740	3773.8333333333335	3.0
750	3808.0	2.0
760	3656.5	0.0
770	3787.1666666666665	4.0
780	3646.8333333333335	3.0
790	4002.1666666666665	6.0
800	3941.1666666666665	9.0
810	3621.3333333333335	2.0
820	3656.0	2.0
830	3594.1666666666665	3.0
840	3785.3333333333335	3.0
850	3638.1666666666665	3.0
860	3866.6666666666665	9.0
870	3584.6666666666665	8.0
880	3861.5	2.0
890	3590.8333333333335	2.0
900	3597.3333333333335	2.0
910	3889.8333333333335	4.0
920	3857.1666666666665	2.0
930	3367.8333333333335	2.0
940	3573.5	1.0
950	3808.5	5.0
960	3779.5	5.0
970	3744.1666666666665	7.0
980	3398.8333333333335	6.0
990	3625.1666666666665	4.0
1000	3637.6666666666665	1.0
