0	238.33333333333334	0.0
10	2038.3333333333333	1000.0
20	1697.1666666666667	0.0
30	2098.1666666666665	0.0
40	1978.0	0.0
50	2120.6666666666665	0.0
60	2131.1666666666665	0.0
70	2012.5	0.0
80	2283.8333333333335	0.0
90	2089.0	0.0
100	2090.8333333333335	0.0
110	2096.5	0.0
120	2103.3333333333335	0.0
130	2284.6666666666665	0.0
140	2175.8333333333335	0.0
150	2246.3333333333335	0.0
160	2436.8333333333335	0.0
170	2186.6666666666665	0.0
180	2188.5	0.0
190	2280.5	0.0
200	2317.3333333333335	0.0
210	2325.5	0.0
220	2286.3333333333335	0.0
230	2525.8333333333335	0.0
240	2556.0	0.0
250	2373.6666666666665	0.0
260	2445.1666666666665	0.0
270	2544.1666666666665	0.0
280	2262.5	0.0
290	2364.6666666666665	0.0
300	2468.5	0.0
310	2420.5	0.0
320	2451.3333333333335	0.0
330	2387.6666666666665	0.0
340	2532.3333333333335	0.0
350	2550.1666666666665	0.0
360	2413.8333333333335	0.0
370	2591.0	0.0
380	2387.3333333333335	0.0
390	2583.0	0.0
400	2699.1666666666665	0.0
410	2581.3333333333335	0.0
420	2514.3333333333335	0.0
430	2580.3333333333335	0.0
440	2635.8333333333335	0.0
450	2324.5	0.0
460	2520.3333333333335	0.0
470	2628.5	0.0
480	2257.3333333333335	0.0
490	2821.6666666666665	0.0
500	2500.8333333333335	0.0
510	2427.5	0.0
520	2723.1666666666665	0.0
530	2773.8333333333335	0.0
540	2736.0	0.0
550	2718.0	0.0
560	2631.8333333333335	0.0
570	2404.8333333333335	0.0
580	2599.1666666666665	0.0
590	2837.5	0.0
600	2369.0	0.0
610	2796.0	0.0
620	2549.8333333333335	0.0
630	2688.3333333333335	0.0
640	2823.6666666666665	0.0
650	2826.1666666666665	0.0
660	2937.0	0.0
670	2665.8333333333335	0.0
680	3016.5	0.0
690	2383.3333333333335	0.0
700	2845.0	0.0
710	2469.0	0.0
720	2986.0	0.0
730	2777.3333333333335	0.0
740	3069.1666666666665	0.0
750	2713.0	0.0
760	2656.6666666666665	0.0
770	2912.8333333333335	0.0
780	2741.3333333333335	0.0
790	2620.6666666666665	0.0
800	2912.3333333333335	0.0
810	2891.3333333333335	0.0
820	2902.1666666666665	0.0
830	2749.6666666666665	0.0
840	2819.0	0.0
850	3193.1666666666665	0.0
860	3072.3333333333335	0.0
870	2941.5	0.0
880	2709.6666666666665	0.0
890	3070.1666666666665	0.0
900	3214.3333333333335	0.0
910	2809.6666666666665	0.0
920	2999.8333333333335	0.0
930	3144.6666666666665	0.0
940	3229.8333333333335	0.0
950	3223.0	0.0
960	3079.5	0.0
970	3280.0	0.0
980	3105.3333333333335	0.0
990	3178.8333333333335	0.0
1000	2920.6666666666665	0.0
