0	271.6666666666667	0.0
10	1952.0	212.0
20	2024.8333333333333	81.0
30	1901.1666666666667	90.0
40	2097.0	185.0
50	2156.5	200.0
60	2199.6666666666665	133.0
70	2314.3333333333335	95.0
80	2308.3333333333335	4.0
90	2118.6666666666665	0.0
100	2375.0	0.0
110	2284.3333333333335	0.0
120	2471.1666666666665	0.0
130	2084.3333333333335	0.0
140	2347.3333333333335	0.0
150	2447.5	0.0
160	2414.5	0.0
170	2521.1666666666665	0.0
180	2248.6666666666665	0.0
190	2412.1666666666665	0.0
200	2525.1666666666665	0.0
210	2547.8333333333335	0.0
220	2315.5	0.0
230	2231.3333333333335	0.0
240	2263.6666666666665	0.0
250	2442.1666666666665	0.0
260	2602.3333333333335	0.0
270	2506.0	0.0
280	2577.1666666666665	0.0
290	2527.5	0.0
300	2778.0	0.0
310	2789.0	0.0
320	2488.3333333333335	0.0
330	2764.5	0.0
340	2494.0	0.0
350	2325.0	0.0
360	2578.5	0.0
370	2684.5	0.0
380	2691.6666666666665	0.0
390	2806.1666666666665	0.0
400	2679.8333333333335	0.0
410	2677.1666666666665	0.0
420	2704.0	0.0
430	2849.3333333333335	0.0
440	2550.1666666666665	0.0
450	2441.3333333333335	0.0
460	2370.0	0.0
470	2699.1666666666665	0.0
480	2710.1666666666665	0.0
490	2622.8333333333335	0.0
500	2604.6666666666665	0.0
510	2832.3333333333335	0.0
520	3021.8333333333335	0.0
530	2909.0	0.0
540	3026.3333333333335	0.0
550	2586.6666666666665	0.0
560	2957.1666666666665	0.0
570	3040.0	0.0
580	2459.6666666666665	0.0
590	2963.0	0.0
600	2517.6666666666665	0.0
610	2828.5	0.0
620	2811.5	0.0
630	2895.1666666666665	0.0
640	2921.0	0.0
650	2671.6666666666665	0.0
660	2847.8333333333335	0.0
670	2899.0	0.0
680	2792.5	0.0
690	2792.6666666666665	0.0
700	2790.3333333333335	0.0
710	2834.6666666666665	0.0
720	2585.6666666666665	0.0
730	2931.5	0.0
740	2800.5	0.0
750	2773.3333333333335	0.0
760	2570.6666666666665	0.0
770	2885.0	0.0
780	2781.8333333333335	0.0
790	2887.0	0.0
800	2708.3333333333335	0.0
810	2690.3333333333335	0.0
820	2757.5	0.0
830	3102.0	0.0
840	2880.0	0.0
850	3104.6666666666665	0.0
860	3086.5	0.0
870	3140.6666666666665	0.0
880	2934.6666666666665	0.0
890	3189.3333333333335	0.0
900	2978.3333333333335	0.0
910	3051.0	0.0
920	2788.6666666666665	0.0
930	3072.1666666666665	0.0
940	2863.5	0.0
950	2923.8333333333335	0.0
960	3194.8333333333335	0.0
970	2938.6666666666665	0.0
980	3171.3333333333335	0.0
990	3035.5	0.0
1000	3180.3333333333335	0.0
