0	251.66666666666666	0.0
10	1954.6666666666667	61.0
20	2015.8333333333333	87.0
30	2102.5	64.0
40	2085.1666666666665	306.0
50	2189.3333333333335	60.0
60	2077.0	259.0
70	2077.5	163.0
80	2049.6666666666665	0.0
90	2098.6666666666665	0.0
100	2365.5	0.0
110	2226.8333333333335	0.0
120	2253.0	0.0
130	2088.5	0.0
140	1947.5	0.0
150	2362.8333333333335	0.0
160	2401.3333333333335	0.0
170	2375.0	0.0
180	2270.5	0.0
190	2424.5	0.0
200	2401.8333333333335	0.0
210	2485.8333333333335	0.0
220	2249.1666666666665	0.0
230	2370.3333333333335	0.0
240	2298.5	0.0
250	2251.1666666666665	0.0
260	2540.8333333333335	0.0
270	2343.0	0.0
280	2534.1666666666665	0.0
290	2472.8333333333335	0.0
300	2540.0	0.0
310	2514.6666666666665	0.0
320	2924.1666666666665	0.0
330	2318.6666666666665	0.0
340	2418.1666666666665	0.0
350	2451.6666666666665	0.0
360	2690.3333333333335	0.0
370	2541.6666666666665	0.0
380	2625.5	0.0
390	2623.3333333333335	0.0
400	2278.3333333333335	0.0
410	2660.0	0.0
420	2571.0	0.0
430	2597.0	0.0
440	2545.3333333333335	0.0
450	2576.6666666666665	0.0
460	2640.8333333333335	0.0
470	2653.0	0.0
480	2481.6666666666665	0.0
490	2623.6666666666665	0.0
500	2443.1666666666665	0.0
510	2664.1666666666665	0.0
520	2922.5	0.0
530	2973.3333333333335	0.0
540	2336.6666666666665	0.0
550	2826.6666666666665	0.0
560	2777.0	0.0
570	2741.5	0.0
580	2849.1666666666665	0.0
590	3112.0	0.0
600	2438.8333333333335	0.0
610	2843.6666666666665	0.0
620	2605.8333333333335	0.0
630	2706.1666666666665	0.0
640	2956.0	0.0
650	2925.3333333333335	0.0
660	2481.5	0.0
670	2929.0	0.0
680	2673.8333333333335	0.0
690	2983.5	0.0
700	2885.8333333333335	0.0
710	2533.3333333333335	0.0
720	2487.5	0.0
730	2697.3333333333335	0.0
740	2854.1666666666665	0.0
750	2543.3333333333335	0.0
760	2441.3333333333335	0.0
770	2795.3333333333335	0.0
780	2867.0	0.0
790	2954.1666666666665	0.0
800	2730.1666666666665	0.0
810	2749.0	0.0
820	2483.6666666666665	0.0
830	2658.8333333333335	0.0
840	3144.5	0.0
850	2981.0	0.0
860	2880.3333333333335	0.0
870	2598.8333333333335	0.0
880	3308.8333333333335	0.0
890	3006.5	0.0
900	2813.5	0.0
910	2955.6666666666665	0.0
920	2954.1666666666665	0.0
930	2863.6666666666665	0.0
940	3073.6666666666665	0.0
950	2898.6666666666665	0.0
960	2992.0	0.0
970	2876.6666666666665	0.0
980	3082.5	0.0
990	2958.8333333333335	0.0
1000	2854.0	0.0
