0	256.5444444444444	0.0
10	70.0	0.0
20	70.0	0.0
30	70.0	0.0
40	70.0	0.0
50	70.0	0.0
60	70.0	0.0
70	70.0	0.0
80	70.63333333333331	0.0
90	73.46666666666667	0.0
100	80.94444444444444	0.0
110	149.15555555555557	0.6666666666666666
120	201.76666666666668	4.366666666666666
130	231.68888888888887	1.8
140	210.27777777777774	2.533333333333333
150	251.48888888888894	0.7
160	258.9222222222223	4.433333333333334
170	240.5555555555556	2.2
180	278.3666666666666	6.8
190	292.84999999999997	3.533333333333333
200	274.77777777777777	5.6
210	325.1277777777779	5.133333333333334
220	350.61111111111114	8.266666666666667
230	336.71111111111105	8.266666666666667
240	373.63333333333327	6.0
250	415.84444444444455	8.566666666666666
260	502.45555555555563	5.766666666666667
270	549.5777777777778	10.533333333333333
280	680.9499999999999	9.4
290	768.4333333333333	21.466666666666665
300	980.661111111111	15.433333333333334
310	1051.7722222222224	20.966666666666665
320	1194.577777777778	24.0
330	1291.8888888888891	20.833333333333332
340	1482.3611111111115	28.866666666666667
350	1606.4166666666667	38.96666666666667
360	1799.3666666666663	29.866666666666667
370	1852.9944444444443	30.6
380	1999.3888888888891	36.266666666666666
390	2072.483333333333	48.333333333333336
400	2083.233333333333	40.166666666666664
410	2159.433333333334	36.233333333333334
420	2045.1055555555556	33.36666666666667
430	2188.755555555556	43.333333333333336
440	2081.5333333333333	31.3
450	2048.8777777777777	36.0
460	1995.0944444444442	29.6
470	2096.0222222222224	36.3
480	2139.466666666667	39.266666666666666
490	2034.0	44.13333333333333
500	2065.994444444444	39.03333333333333
510	2052.472222222222	29.466666666666665
520	2057.172222222222	26.9
530	2065.7055555555557	38.766666666666666
540	2054.2833333333333	20.966666666666665
550	2043.1555555555549	15.833333333333334
560	2049.961111111111	14.466666666666667
570	2108.722222222222	9.5
580	1911.0944444444444	7.233333333333333
590	2091.116666666667	6.5
600	2089.8277777777776	2.6333333333333333
610	1984.2666666666667	1.0
620	2088.5833333333335	2.466666666666667
630	2128.327777777778	2.0
640	2075.8888888888887	1.6333333333333333
650	2037.516666666667	1.7333333333333334
660	2077.483333333333	0.0
670	2064.2500000000005	0.0
680	2243.2499999999995	0.0
690	2186.5666666666666	0.0
700	2200.3166666666666	0.0
710	2190.7111111111108	0.0
720	2258.844444444445	0.0
730	2212.1666666666665	0.0
740	2220.7055555555557	0.0
750	2235.2055555555553	0.0
760	2207.427777777777	0.0
770	2219.2888888888892	0.0
780	2184.327777777778	0.0
790	2273.6111111111104	0.0
800	2184.6055555555554	0.0
810	2139.766666666667	0.0
820	2278.3444444444453	0.0
830	2200.9388888888884	0.0
840	2240.4222222222224	0.0
850	2273.0444444444443	0.0
860	2214.5	0.0
870	2248.9666666666667	0.0
880	2164.7833333333338	0.0
890	2237.95	0.0
900	2184.744444444444	0.0
910	2260.3777777777777	0.0
920	2254.65	0.0
930	2224.0444444444447	0.0
940	2202.7333333333327	0.0
950	2212.477777777778	0.0
960	2262.372222222222	0.0
970	2263.033333333333	0.0
980	2208.8999999999996	0.0
990	2152.761111111111	0.0
1000	2221.066666666667	0.0
