0	224.66666666666666	0.0
10	70.0	0.0
20	70.0	0.0
30	70.0	0.0
40	70.0	0.0
50	70.0	0.0
60	70.0	0.0
70	70.0	0.0
80	70.0	0.0
90	76.33333333333333	0.0
100	73.0	0.0
110	121.66666666666667	0.0
120	244.0	0.0
130	171.66666666666666	0.0
140	155.0	0.0
150	81.66666666666667	0.0
160	102.66666666666667	0.0
170	163.0	0.0
180	249.33333333333334	0.0
190	475.0	6.0
200	320.3333333333333	1.0
210	275.3333333333333	1.0
220	278.0	15.0
230	165.66666666666666	5.0
240	326.6666666666667	0.0
250	441.0	0.0
260	371.0	12.0
270	224.66666666666666	4.0
280	422.6666666666667	0.0
290	337.3333333333333	0.0
300	405.6666666666667	25.0
310	384.0	0.0
320	347.0	4.0
330	446.0	36.0
340	670.3333333333334	0.0
350	692.3333333333334	30.0
360	1290.0	9.0
370	1363.6666666666667	0.0
380	1339.5	6.0
390	1544.6666666666667	82.0
400	1663.0	44.0
410	1155.3333333333333	98.0
420	1424.3333333333333	24.0
430	1473.6666666666667	48.0
440	1378.5	11.0
450	1364.5	6.0
460	1403.6666666666667	52.0
470	1944.3333333333333	71.0
480	2214.0	37.0
490	1841.1666666666667	14.0
500	1997.0	40.0
510	2109.6666666666665	23.0
520	1883.0	54.0
530	2096.0	50.0
540	1773.3333333333333	28.0
550	1995.1666666666667	0.0
560	1917.3333333333333	23.0
570	1903.3333333333333	15.0
580	1581.0	7.0
590	1683.0	109.0
600	1545.5	10.0
610	2361.3333333333335	0.0
620	1871.8333333333333	0.0
630	1985.6666666666667	0.0
640	1667.5	0.0
650	2101.3333333333335	0.0
660	2416.6666666666665	0.0
670	1743.0	0.0
680	2360.1666666666665	0.0
690	2207.0	0.0
700	1789.6666666666667	0.0
710	1904.6666666666667	0.0
720	2332.5	0.0
730	2549.5	0.0
740	2412.5	0.0
750	2219.6666666666665	0.0
760	2354.8333333333335	0.0
770	2368.3333333333335	0.0
780	2233.1666666666665	0.0
790	2434.3333333333335	0.0
800	2405.1666666666665	0.0
810	2362.3333333333335	0.0
820	2473.0	0.0
830	2165.1666666666665	0.0
840	2337.3333333333335	0.0
850	2163.1666666666665	0.0
860	2197.3333333333335	0.0
870	2558.3333333333335	0.0
880	2614.0	0.0
890	2010.0	0.0
900	2256.3333333333335	0.0
910	2107.6666666666665	0.0
920	2386.3333333333335	0.0
930	1728.8333333333333	0.0
940	1736.6666666666667	0.0
950	1448.6666666666667	0.0
960	1932.3333333333333	0.0
970	1839.6666666666667	0.0
980	2034.5	0.0
990	1950.6666666666667	0.0
1000	1972.6666666666667	0.0
