0	249.33333333333334	0.0	0.0	0.0	0.0	0.0	0.0
10	94.66666666666667	1000.0	1113.0	925.0	520.0	423.0	480.0
20	70.0	0.0	0.0	0.0	0.0	0.0	0.0
30	70.0	0.0	0.0	0.0	0.0	0.0	0.0
40	71.33333333333333	0.0	0.0	0.0	0.0	0.0	0.0
50	850.6666666666666	0.0	0.0	0.0	0.0	0.0	0.0
60	1452.0	0.0	0.0	0.0	0.0	0.0	0.0
70	91.66666666666667	0.0	0.0	0.0	0.0	0.0	0.0
80	1802.5	0.0	0.0	0.0	0.0	0.0	0.0
90	1194.6666666666667	0.0	0.0	0.0	0.0	0.0	0.0
100	1834.6666666666667	0.0	0.0	0.0	0.0	0.0	0.0
110	1911.3333333333333	0.0	0.0	0.0	0.0	0.0	0.0
120	2250.1666666666665	0.0	0.0	0.0	0.0	0.0	0.0
130	2402.1666666666665	0.0	0.0	0.0	0.0	0.0	0.0
140	2107.3333333333335	0.0	0.0	0.0	0.0	0.0	0.0
150	2257.0	0.0	0.0	0.0	0.0	0.0	0.0
160	2459.3333333333335	0.0	0.0	0.0	0.0	0.0	0.0
170	2493.6666666666665	0.0	0.0	0.0	0.0	0.0	0.0
180	2423.0	0.0	0.0	0.0	0.0	0.0	0.0
190	2093.6666666666665	0.0	0.0	0.0	0.0	0.0	0.0
200	2285.0	0.0	0.0	0.0	0.0	0.0	0.0
210	2472.0	0.0	0.0	0.0	0.0	0.0	0.0
220	2502.6666666666665	0.0	0.0	0.0	0.0	0.0	0.0
230	2344.0	0.0	0.0	0.0	0.0	0.0	0.0
240	2223.0	0.0	0.0	0.0	0.0	0.0	0.0
250	1986.0	0.0	0.0	0.0	0.0	0.0	0.0
260	2389.0	0.0	0.0	0.0	0.0	0.0	0.0
270	2628.6666666666665	0.0	0.0	0.0	0.0	0.0	0.0
280	2483.6666666666665	0.0	0.0	0.0	0.0	0.0	0.0
290	2255.0	0.0	0.0	0.0	0.0	0.0	0.0
300	2528.8333333333335	0.0	0.0	0.0	0.0	0.0	0.0
310	2179.8333333333335	0.0	0.0	0.0	0.0	0.0	0.0
320	2560.5	0.0	0.0	0.0	0.0	0.0	0.0
330	2022.3333333333333	0.0	0.0	0.0	0.0	0.0	0.0
340	1646.0	0.0	0.0	0.0	0.0	0.0	0.0
350	2106.6666666666665	0.0	0.0	0.0	0.0	0.0	0.0
360	2120.3333333333335	0.0	0.0	0.0	0.0	0.0	0.0
370	2304.8333333333335	0.0	0.0	0.0	0.0	0.0	0.0
380	1884.3333333333333	0.0	0.0	0.0	0.0	0.0	0.0
390	1866.6666666666667	0.0	0.0	0.0	0.0	0.0	0.0
400	2015.0	0.0	0.0	0.0	0.0	0.0	0.0
410	2372.6666666666665	0.0	0.0	0.0	0.0	0.0	0.0
420	1769.0	0.0	0.0	0.0	0.0	0.0	0.0
430	1576.0	0.0	0.0	0.0	0.0	0.0	0.0
440	2421.3333333333335	0.0	0.0	0.0	0.0	0.0	0.0
450	2368.6666666666665	0.0	0.0	0.0	0.0	0.0	0.0
460	2407.6666666666665	0.0	0.0	0.0	0.0	0.0	0.0
470	2522.3333333333335	0.0	0.0	0.0	0.0	0.0	0.0
480	2261.6666666666665	0.0	0.0	0.0	0.0	0.0	0.0
490	2458.3333333333335	0.0	0.0	0.0	0.0	0.0	0.0
500	2074.0	0.0	0.0	0.0	0.0	0.0	0.0
510	2483.5	0.0	0.0	0.0	0.0	0.0	0.0
520	2489.3333333333335	0.0	0.0	0.0	0.0	0.0	0.0
530	2312.6666666666665	0.0	0.0	0.0	0.0	0.0	0.0
540	2368.8333333333335	0.0	0.0	0.0	0.0	0.0	0.0
550	2450.0	0.0	0.0	0.0	0.0	0.0	0.0
560	2494.3333333333335	0.0	0.0	0.0	0.0	0.0	0.0
570	2539.1666666666665	0.0	0.0	0.0	0.0	0.0	0.0
580	2470.8333333333335	0.0	0.0	0.0	0.0	0.0	0.0
590	2562.1666666666665	0.0	0.0	0.0	0.0	0.0	0.0
600	1911.6666666666667	0.0	0.0	0.0	0.0	0.0	0.0
610	1904.1666666666667	0.0	0.0	0.0	0.0	0.0	0.0
620	2114.6666666666665	0.0	0.0	0.0	0.0	0.0	0.0
630	1899.5	0.0	0.0	0.0	0.0	0.0	0.0
640	2401.1666666666665	0.0	0.0	0.0	0.0	0.0	0.0
650	1997.1666666666667	0.0	0.0	0.0	0.0	0.0	0.0
660	2071.5	0.0	0.0	0.0	0.0	0.0	0.0
670	2208.0	0.0	0.0	0.0	0.0	0.0	0.0
680	1606.6666666666667	0.0	0.0	0.0	0.0	0.0	0.0
690	2006.0	0.0	0.0	0.0	0.0	0.0	0.0
700	1898.8333333333333	0.0	0.0	0.0	0.0	0.0	0.0
710	2274.6666666666665	0.0	0.0	0.0	0.0	0.0	0.0
720	1752.3333333333333	0.0	0.0	0.0	0.0	0.0	0.0
730	2509.3333333333335	0.0	0.0	0.0	0.0	0.0	0.0
740	2579.6666666666665	0.0	0.0	0.0	0.0	0.0	0.0
750	2744.3333333333335	0.0	0.0	0.0	0.0	0.0	0.0
760	2503.6666666666665	0.0	0.0	0.0	0.0	0.0	0.0
770	2334.5	0.0	0.0	0.0	0.0	0.0	0.0
780	2530.0	0.0	0.0	0.0	0.0	0.0	0.0
790	2259.6666666666665	0.0	0.0	0.0	0.0	0.0	0.0
800	2209.0	0.0	0.0	0.0	0.0	0.0	0.0
810	2360.3333333333335	0.0	0.0	0.0	0.0	0.0	0.0
820	2392.3333333333335	0.0	0.0	0.0	0.0	0.0	0.0
830	2343.1666666666665	0.0	0.0	0.0	0.0	0.0	0.0
840	2283.0	0.0	0.0	0.0	0.0	0.0	0.0
850	2458.0	0.0	0.0	0.0	0.0	0.0	0.0
860	2378.3333333333335	0.0	0.0	0.0	0.0	0.0	0.0
870	2204.3333333333335	0.0	0.0	0.0	0.0	0.0	0.0
880	1906.6666666666667	0.0	0.0	0.0	0.0	0.0	0.0
890	1716.0	0.0	0.0	0.0	0.0	0.0	0.0
900	2142.1666666666665	0.0	0.0	0.0	0.0	0.0	0.0
910	2259.6666666666665	0.0	0.0	0.0	0.0	0.0	0.0
920	2005.6666666666667	0.0	0.0	0.0	0.0	0.0	0.0
930	2019.1666666666667	0.0	0.0	0.0	0.0	0.0	0.0
940	2386.6666666666665	0.0	0.0	0.0	0.0	0.0	0.0
950	2272.6666666666665	0.0	0.0	0.0	0.0	0.0	0.0
960	2390.5	0.0	0.0	0.0	0.0	0.0	0.0
970	2349.3333333333335	0.0	0.0	0.0	0.0	0.0	0.0
980	2554.5	0.0	0.0	0.0	0.0	0.0	0.0
990	2287.6666666666665	0.0	0.0	0.0	0.0	0.0	0.0
1000	2494.6666666666665	0.0	0.0	0.0	0.0	0.0	0.0
