0	306.6666666666667	0.0	0.0	0.0	0.0	0.0	0.0
10	71.66666666666667	1000.0	847.0	619.0	586.0	185.0	414.0
20	70.0	0.0	0.0	0.0	0.0	0.0	0.0
30	70.0	0.0	0.0	0.0	0.0	0.0	0.0
40	70.0	0.0	0.0	0.0	0.0	0.0	0.0
50	70.0	0.0	0.0	0.0	0.0	0.0	0.0
60	73.33333333333333	0.0	0.0	0.0	0.0	0.0	0.0
70	71.66666666666667	0.0	0.0	0.0	0.0	0.0	0.0
80	161.33333333333334	0.0	0.0	0.0	0.0	0.0	0.0
90	120.33333333333333	0.0	0.0	0.0	0.0	0.0	0.0
100	226.66666666666666	0.0	0.0	0.0	0.0	0.0	0.0
110	415.6666666666667	0.0	0.0	0.0	0.0	0.0	0.0
120	71.0	0.0	0.0	0.0	0.0	0.0	0.0
130	463.6666666666667	0.0	0.0	0.0	0.0	0.0	0.0
140	147.66666666666666	0.0	0.0	0.0	0.0	0.0	0.0
150	183.0	0.0	0.0	0.0	0.0	0.0	0.0
160	117.0	0.0	0.0	0.0	0.0	0.0	0.0
170	351.6666666666667	0.0	0.0	0.0	0.0	0.0	0.0
180	329.6666666666667	0.0	0.0	0.0	0.0	0.0	0.0
190	496.3333333333333	0.0	0.0	0.0	0.0	0.0	0.0
200	626.0	0.0	0.0	0.0	0.0	0.0	0.0
210	346.3333333333333	0.0	0.0	0.0	0.0	0.0	0.0
220	640.3333333333334	0.0	0.0	0.0	0.0	0.0	0.0
230	990.3333333333334	0.0	0.0	0.0	0.0	0.0	0.0
240	814.3333333333334	0.0	0.0	0.0	0.0	0.0	0.0
250	1020.3333333333334	0.0	0.0	0.0	0.0	0.0	0.0
260	1814.8333333333333	0.0	0.0	0.0	0.0	0.0	0.0
270	1919.3333333333333	0.0	0.0	0.0	0.0	0.0	0.0
280	1908.6666666666667	0.0	0.0	0.0	0.0	0.0	0.0
290	2043.6666666666667	0.0	0.0	0.0	0.0	0.0	0.0
300	2415.3333333333335	0.0	0.0	0.0	0.0	0.0	0.0
310	2381.0	0.0	0.0	0.0	0.0	0.0	0.0
320	2339.3333333333335	0.0	0.0	0.0	0.0	0.0	0.0
330	2628.0	0.0	0.0	0.0	0.0	0.0	0.0
340	2518.5	0.0	0.0	0.0	0.0	0.0	0.0
350	2406.3333333333335	0.0	0.0	0.0	0.0	0.0	0.0
360	1751.3333333333333	0.0	0.0	0.0	0.0	0.0	0.0
370	2188.6666666666665	0.0	0.0	0.0	0.0	0.0	0.0
380	2418.5	0.0	0.0	0.0	0.0	0.0	0.0
390	2433.3333333333335	0.0	0.0	0.0	0.0	0.0	0.0
400	2558.5	0.0	0.0	0.0	0.0	0.0	0.0
410	2426.3333333333335	0.0	0.0	0.0	0.0	0.0	0.0
420	2044.5	0.0	0.0	0.0	0.0	0.0	0.0
430	1256.0	0.0	0.0	0.0	0.0	0.0	0.0
440	1894.0	0.0	0.0	0.0	0.0	0.0	0.0
450	1714.0	0.0	0.0	0.0	0.0	0.0	0.0
460	1811.5	0.0	0.0	0.0	0.0	0.0	0.0
470	1777.5	0.0	0.0	0.0	0.0	0.0	0.0
480	1759.3333333333333	0.0	0.0	0.0	0.0	0.0	0.0
490	2157.3333333333335	0.0	0.0	0.0	0.0	0.0	0.0
500	1963.0	0.0	0.0	0.0	0.0	0.0	0.0
510	2143.0	0.0	0.0	0.0	0.0	0.0	0.0
520	1791.0	0.0	0.0	0.0	0.0	0.0	0.0
530	2592.8333333333335	0.0	0.0	0.0	0.0	0.0	0.0
540	2191.3333333333335	0.0	0.0	0.0	0.0	0.0	0.0
550	1875.8333333333333	0.0	0.0	0.0	0.0	0.0	0.0
560	2063.6666666666665	0.0	0.0	0.0	0.0	0.0	0.0
570	1962.8333333333333	0.0	0.0	0.0	0.0	0.0	0.0
580	1643.6666666666667	0.0	0.0	0.0	0.0	0.0	0.0
590	1560.6666666666667	0.0	0.0	0.0	0.0	0.0	0.0
600	1796.3333333333333	0.0	0.0	0.0	0.0	0.0	0.0
610	1642.0	0.0	0.0	0.0	0.0	0.0	0.0
620	1817.0	0.0	0.0	0.0	0.0	0.0	0.0
630	2221.6666666666665	0.0	0.0	0.0	0.0	0.0	0.0
640	2188.3333333333335	0.0	0.0	0.0	0.0	0.0	0.0
650	2590.3333333333335	0.0	0.0	0.0	0.0	0.0	0.0
660	2532.8333333333335	0.0	0.0	0.0	0.0	0.0	0.0
670	2278.6666666666665	0.0	0.0	0.0	0.0	0.0	0.0
680	2383.8333333333335	0.0	0.0	0.0	0.0	0.0	0.0
690	2314.3333333333335	0.0	0.0	0.0	0.0	0.0	0.0
700	2138.3333333333335	0.0	0.0	0.0	0.0	0.0	0.0
710	2516.6666666666665	0.0	0.0	0.0	0.0	0.0	0.0
720	2246.8333333333335	0.0	0.0	0.0	0.0	0.0	0.0
730	2395.0	0.0	0.0	0.0	0.0	0.0	0.0
740	2688.5	0.0	0.0	0.0	0.0	0.0	0.0
750	2529.1666666666665	0.0	0.0	0.0	0.0	0.0	0.0
760	2560.6666666666665	0.0	0.0	0.0	0.0	0.0	0.0
770	2625.8333333333335	0.0	0.0	0.0	0.0	0.0	0.0
780	2382.1666666666665	0.0	0.0	0.0	0.0	0.0	0.0
790	2253.6666666666665	0.0	0.0	0.0	0.0	0.0	0.0
800	2310.6666666666665	0.0	0.0	0.0	0.0	0.0	0.0
810	2537.0	0.0	0.0	0.0	0.0	0.0	0.0
820	2484.8333333333335	0.0	0.0	0.0	0.0	0.0	0.0
830	2359.3333333333335	0.0	0.0	0.0	0.0	0.0	0.0
840	2434.8333333333335	0.0	0.0	0.0	0.0	0.0	0.0
850	2254.3333333333335	0.0	0.0	0.0	0.0	0.0	0.0
860	2563.1666666666665	0.0	0.0	0.0	0.0	0.0	0.0
870	1603.3333333333333	0.0	0.0	0.0	0.0	0.0	0.0
880	2630.3333333333335	0.0	0.0	0.0	0.0	0.0	0.0
890	2569.6666666666665	0.0	0.0	0.0	0.0	0.0	0.0
900	2022.3333333333333	0.0	0.0	0.0	0.0	0.0	0.0
910	1651.8333333333333	0.0	0.0	0.0	0.0	0.0	0.0
920	2051.8333333333335	0.0	0.0	0.0	0.0	0.0	0.0
930	1952.5	0.0	0.0	0.0	0.0	0.0	0.0
940	2194.1666666666665	0.0	0.0	0.0	0.0	0.0	0.0
950	2076.5	0.0	0.0	0.0	0.0	0.0	0.0
960	2228.5	0.0	0.0	0.0	0.0	0.0	0.0
970	2081.8333333333335	0.0	0.0	0.0	0.0	0.0	0.0
980	2226.6666666666665	0.0	0.0	0.0	0.0	0.0	0.0
990	2150.0	0.0	0.0	0.0	0.0	0.0	0.0
1000	1178.5	0.0	0.0	0.0	0.0	0.0	0.0
