0	283.0	0.0	0.0	0.0	0.0	0.0	0.0
10	1981.8333333333333	10.0	27.0	0.0	10.0	0.0	0.0
20	2137.0	0.0	0.0	0.0	0.0	0.0	0.0
30	1917.1666666666667	1.0	2.0	0.0	1.0	0.0	0.0
40	2180.0	29.0	62.0	15.0	15.0	0.0	14.0
50	2172.8333333333335	1.0	21.0	1.0	1.0	1.0	0.0
60	2190.8333333333335	0.0	1.0	0.0	0.0	0.0	0.0
70	1880.1666666666667	1.0	1.0	0.0	1.0	0.0	0.0
80	2040.3333333333333	2.0	34.0	1.0	1.0	0.0	1.0
90	2330.3333333333335	1.0	1.0	0.0	1.0	0.0	0.0
100	2049.5	30.0	83.0	22.0	10.0	2.0	20.0
110	2110.0	17.0	31.0	16.0	3.0	2.0	14.0
120	2038.1666666666667	2.0	59.0	2.0	1.0	1.0	1.0
130	2171.0	0.0	31.0	1.0	0.0	1.0	0.0
140	2219.8333333333335	1.0	35.0	2.0	1.0	2.0	0.0
150	2199.6666666666665	0.0	8.0	0.0	0.0	0.0	0.0
160	2252.0	4.0	34.0	4.0	3.0	0.0	1.0
170	2302.3333333333335	0.0	22.0	0.0	0.0	0.0	0.0
180	2296.6666666666665	8.0	137.0	6.0	7.0	5.0	1.0
190	2126.5	14.0	30.0	6.0	8.0	0.0	6.0
200	2233.8333333333335	22.0	21.0	22.0	0.0	0.0	22.0
210	2645.6666666666665	0.0	0.0	1.0	0.0	1.0	0.0
220	2293.1666666666665	0.0	9.0	1.0	0.0	1.0	0.0
230	2560.3333333333335	1.0	32.0	1.0	1.0	1.0	0.0
240	2402.3333333333335	0.0	32.0	1.0	0.0	1.0	0.0
250	2683.8333333333335	0.0	29.0	1.0	0.0	1.0	0.0
260	2415.1666666666665	4.0	76.0	7.0	4.0	4.0	0.0
270	2301.0	0.0	23.0	1.0	0.0	1.0	0.0
280	2551.0	0.0	69.0	4.0	0.0	4.0	0.0
290	2305.6666666666665	1.0	2.0	0.0	1.0	0.0	0.0
300	2544.6666666666665	1.0	40.0	0.0	1.0	0.0	0.0
310	2331.3333333333335	14.0	51.0	16.0	2.0	4.0	12.0
320	2649.8333333333335	0.0	75.0	2.0	0.0	2.0	0.0
330	2473.6666666666665	4.0	40.0	1.0	4.0	1.0	0.0
340	2423.0	0.0	2.0	0.0	0.0	0.0	0.0
350	2517.6666666666665	0.0	7.0	0.0	0.0	0.0	0.0
360	2539.0	0.0	8.0	1.0	0.0	1.0	0.0
370	2318.3333333333335	3.0	9.0	3.0	2.0	2.0	1.0
380	2402.8333333333335	2.0	36.0	5.0	1.0	4.0	1.0
390	2396.8333333333335	1.0	30.0	3.0	0.0	2.0	1.0
400	2540.0	2.0	57.0	4.0	0.0	2.0	2.0
410	2709.6666666666665	21.0	25.0	14.0	7.0	0.0	14.0
420	2438.3333333333335	3.0	120.0	3.0	2.0	2.0	1.0
430	2797.0	2.0	13.0	1.0	2.0	0.0	0.0
440	2445.1666666666665	41.0	84.0	7.0	35.0	0.0	6.0
450	2610.3333333333335	0.0	29.0	1.0	0.0	1.0	0.0
460	2435.5	1.0	103.0	5.0	0.0	4.0	1.0
470	2697.6666666666665	1.0	36.0	3.0	0.0	2.0	1.0
480	2459.8333333333335	4.0	31.0	0.0	4.0	0.0	0.0
490	2504.8333333333335	3.0	26.0	5.0	0.0	2.0	3.0
500	2789.0	1.0	59.0	2.0	0.0	1.0	1.0
510	2637.0	1.0	41.0	0.0	1.0	0.0	0.0
520	2607.3333333333335	5.0	45.0	1.0	4.0	0.0	1.0
530	2875.0	1.0	111.0	2.0	1.0	2.0	0.0
540	2792.0	0.0	0.0	0.0	0.0	0.0	0.0
550	2586.0	6.0	113.0	3.0	4.0	0.0	2.0
560	2774.0	6.0	50.0	0.0	6.0	0.0	0.0
570	2627.8333333333335	3.0	65.0	3.0	3.0	3.0	0.0
580	2665.0	10.0	24.0	10.0	0.0	0.0	10.0
590	2942.1666666666665	1.0	63.0	3.0	0.0	2.0	1.0
600	2733.1666666666665	1.0	3.0	2.0	0.0	1.0	1.0
610	2856.5	1.0	44.0	3.0	1.0	3.0	0.0
620	2786.8333333333335	0.0	45.0	0.0	0.0	0.0	0.0
630	2663.5	18.0	94.0	18.0	1.0	1.0	17.0
640	2570.3333333333335	2.0	65.0	0.0	2.0	0.0	0.0
650	2794.6666666666665	3.0	125.0	5.0	1.0	3.0	2.0
660	2874.1666666666665	2.0	18.0	3.0	0.0	1.0	2.0
670	2758.8333333333335	1.0	88.0	3.0	1.0	3.0	0.0
680	2834.6666666666665	0.0	0.0	0.0	0.0	0.0	0.0
690	2517.6666666666665	1.0	0.0	1.0	0.0	0.0	1.0
700	2844.0	1.0	31.0	1.0	1.0	1.0	0.0
710	2856.3333333333335	0.0	24.0	0.0	0.0	0.0	0.0
720	2904.3333333333335	1.0	79.0	6.0	0.0	5.0	1.0
730	2941.5	1.0	102.0	2.0	0.0	1.0	1.0
740	2998.3333333333335	1.0	11.0	1.0	0.0	0.0	1.0
750	3032.5	2.0	112.0	3.0	0.0	1.0	2.0
760	2795.8333333333335	0.0	50.0	2.0	0.0	2.0	0.0
770	3118.6666666666665	0.0	88.0	1.0	0.0	1.0	0.0
780	3033.5	3.0	88.0	4.0	0.0	1.0	3.0
790	3008.5	1.0	9.0	0.0	1.0	0.0	0.0
800	3207.3333333333335	6.0	46.0	7.0	0.0	1.0	6.0
810	2877.0	0.0	58.0	4.0	0.0	4.0	0.0
820	3217.5	0.0	23.0	0.0	0.0	0.0	0.0
830	3231.3333333333335	0.0	47.0	3.0	0.0	3.0	0.0
840	3305.1666666666665	3.0	57.0	7.0	0.0	4.0	3.0
850	2906.6666666666665	3.0	26.0	2.0	3.0	2.0	0.0
860	3101.5	2.0	82.0	4.0	1.0	2.0	1.0
870	3062.0	2.0	104.0	1.0	2.0	1.0	0.0
880	3047.0	1.0	106.0	3.0	0.0	2.0	1.0
890	3106.0	1.0	40.0	3.0	0.0	2.0	1.0
900	3089.5	1.0	7.0	2.0	0.0	1.0	1.0
910	2648.1666666666665	2.0	80.0	2.0	0.0	0.0	2.0
920	3343.3333333333335	0.0	67.0	1.0	0.0	1.0	0.0
930	2977.5	0.0	56.0	0.0	0.0	0.0	0.0
940	3078.8333333333335	2.0	52.0	1.0	1.0	0.0	1.0
950	3293.1666666666665	1.0	66.0	4.0	0.0	3.0	1.0
960	3303.8333333333335	0.0	32.0	0.0	0.0	0.0	0.0
970	2917.0	3.0	60.0	3.0	0.0	0.0	3.0
980	3238.6666666666665	0.0	9.0	2.0	0.0	2.0	0.0
990	3314.6666666666665	2.0	32.0	3.0	0.0	1.0	2.0
1000	3061.5	1.0	18.0	1.0	0.0	0.0	1.0
