0	265.0	0.0	0.0	0.0	0.0	0.0	0.0
10	2045.0	6.0	4.0	2.0	4.0	0.0	2.0
20	2025.3333333333333	5.0	40.0	0.0	5.0	0.0	0.0
30	2082.0	0.0	13.0	0.0	0.0	0.0	0.0
40	2162.1666666666665	14.0	77.0	4.0	10.0	0.0	4.0
50	2163.6666666666665	0.0	0.0	0.0	0.0	0.0	0.0
60	2058.0	0.0	2.0	0.0	0.0	0.0	0.0
70	2039.6666666666667	4.0	39.0	1.0	4.0	1.0	0.0
80	2014.5	3.0	90.0	7.0	3.0	7.0	0.0
90	2120.1666666666665	7.0	58.0	5.0	6.0	3.0	1.0
100	2056.3333333333335	0.0	7.0	1.0	0.0	1.0	0.0
110	2051.1666666666665	6.0	54.0	5.0	2.0	1.0	4.0
120	2222.5	0.0	0.0	0.0	0.0	0.0	0.0
130	2273.3333333333335	3.0	30.0	1.0	3.0	1.0	0.0
140	2172.8333333333335	0.0	27.0	1.0	0.0	1.0	0.0
150	2421.8333333333335	1.0	52.0	1.0	1.0	1.0	0.0
160	2060.3333333333335	5.0	44.0	3.0	5.0	3.0	0.0
170	2313.5	1.0	29.0	1.0	1.0	1.0	0.0
180	2238.5	8.0	95.0	8.0	4.0	4.0	4.0
190	2124.5	1.0	22.0	1.0	0.0	0.0	1.0
200	2248.0	3.0	54.0	1.0	3.0	1.0	0.0
210	2274.5	3.0	39.0	1.0	2.0	0.0	1.0
220	2243.1666666666665	0.0	0.0	1.0	0.0	1.0	0.0
230	2282.1666666666665	3.0	20.0	1.0	3.0	0.0	0.0
240	2212.8333333333335	1.0	64.0	0.0	1.0	0.0	0.0
250	2368.8333333333335	4.0	66.0	2.0	4.0	2.0	0.0
260	2656.3333333333335	0.0	8.0	1.0	0.0	1.0	0.0
270	2394.1666666666665	2.0	31.0	1.0	2.0	1.0	0.0
280	2432.1666666666665	7.0	69.0	4.0	7.0	4.0	0.0
290	2424.5	1.0	12.0	1.0	0.0	0.0	1.0
300	2384.1666666666665	2.0	43.0	4.0	1.0	3.0	1.0
310	2512.3333333333335	3.0	66.0	1.0	3.0	1.0	0.0
320	2581.8333333333335	9.0	61.0	1.0	9.0	0.0	0.0
330	2496.3333333333335	5.0	52.0	1.0	5.0	1.0	0.0
340	2580.8333333333335	0.0	11.0	0.0	0.0	0.0	0.0
350	2414.3333333333335	2.0	63.0	3.0	2.0	3.0	0.0
360	2675.6666666666665	0.0	49.0	2.0	0.0	2.0	0.0
370	2332.3333333333335	1.0	33.0	0.0	1.0	0.0	0.0
380	2666.0	1.0	11.0	3.0	0.0	2.0	1.0
390	2642.3333333333335	0.0	62.0	2.0	0.0	2.0	0.0
400	2513.6666666666665	4.0	11.0	1.0	3.0	0.0	1.0
410	2769.6666666666665	4.0	69.0	1.0	4.0	1.0	0.0
420	2563.3333333333335	1.0	8.0	1.0	0.0	0.0	1.0
430	2776.3333333333335	4.0	21.0	1.0	3.0	0.0	1.0
440	2675.0	3.0	73.0	3.0	3.0	3.0	0.0
450	2475.5	1.0	39.0	2.0	0.0	1.0	1.0
460	2728.3333333333335	0.0	35.0	0.0	0.0	0.0	0.0
470	2526.3333333333335	0.0	30.0	1.0	0.0	1.0	0.0
480	2726.0	1.0	69.0	2.0	1.0	2.0	0.0
490	2678.8333333333335	1.0	5.0	1.0	0.0	0.0	1.0
500	2724.0	4.0	4.0	0.0	4.0	0.0	0.0
510	2700.1666666666665	2.0	11.0	1.0	1.0	0.0	1.0
520	2528.0	1.0	64.0	1.0	0.0	0.0	1.0
530	2502.0	12.0	71.0	9.0	12.0	7.0	0.0
540	2780.0	2.0	77.0	3.0	1.0	2.0	1.0
550	2452.0	4.0	104.0	2.0	4.0	2.0	0.0
560	2530.3333333333335	1.0	59.0	2.0	0.0	1.0	1.0
570	2821.3333333333335	23.0	57.0	23.0	0.0	0.0	23.0
580	2481.3333333333335	6.0	93.0	9.0	0.0	3.0	6.0
590	2445.1666666666665	2.0	45.0	2.0	1.0	1.0	1.0
600	2398.1666666666665	6.0	42.0	2.0	6.0	2.0	0.0
610	2670.6666666666665	16.0	88.0	14.0	2.0	0.0	14.0
620	2720.5	5.0	96.0	6.0	3.0	4.0	2.0
630	2538.5	0.0	0.0	0.0	0.0	0.0	0.0
640	2911.3333333333335	0.0	0.0	0.0	0.0	0.0	0.0
650	2513.6666666666665	1.0	77.0	2.0	0.0	1.0	1.0
660	2365.3333333333335	2.0	75.0	3.0	0.0	1.0	2.0
670	2834.8333333333335	8.0	22.0	7.0	1.0	0.0	7.0
680	2828.3333333333335	0.0	37.0	0.0	0.0	0.0	0.0
690	2885.0	0.0	0.0	0.0	0.0	0.0	0.0
700	2930.3333333333335	4.0	101.0	5.0	1.0	2.0	3.0
710	3119.5	0.0	43.0	1.0	0.0	1.0	0.0
720	2870.0	0.0	20.0	0.0	0.0	0.0	0.0
730	2989.3333333333335	0.0	23.0	1.0	0.0	1.0	0.0
740	2811.6666666666665	0.0	65.0	0.0	0.0	0.0	0.0
750	2739.0	2.0	61.0	2.0	1.0	1.0	1.0
760	2733.8333333333335	0.0	4.0	0.0	0.0	0.0	0.0
770	2877.1666666666665	2.0	38.0	4.0	0.0	2.0	2.0
780	2891.8333333333335	0.0	13.0	0.0	0.0	0.0	0.0
790	2636.0	1.0	13.0	1.0	0.0	0.0	1.0
800	2780.1666666666665	0.0	50.0	0.0	0.0	0.0	0.0
810	2761.0	2.0	40.0	3.0	0.0	1.0	2.0
820	3179.0	2.0	59.0	9.0	0.0	7.0	2.0
830	2840.8333333333335	0.0	2.0	0.0	0.0	0.0	0.0
840	2625.8333333333335	3.0	74.0	6.0	0.0	3.0	3.0
850	2909.3333333333335	32.0	14.0	31.0	2.0	1.0	30.0
860	2833.8333333333335	0.0	45.0	2.0	0.0	2.0	0.0
870	3124.3333333333335	1.0	14.0	1.0	0.0	0.0	1.0
880	2956.5	2.0	92.0	6.0	1.0	5.0	1.0
890	2559.8333333333335	0.0	71.0	1.0	0.0	1.0	0.0
900	2829.1666666666665	2.0	16.0	1.0	1.0	0.0	1.0
910	2842.3333333333335	1.0	22.0	3.0	0.0	2.0	1.0
920	2927.1666666666665	0.0	31.0	0.0	0.0	0.0	0.0
930	2782.5	1.0	96.0	3.0	1.0	3.0	0.0
940	3032.0	0.0	55.0	1.0	0.0	1.0	0.0
950	2953.6666666666665	2.0	34.0	2.0	0.0	0.0	2.0
960	3303.8333333333335	1.0	82.0	3.0	0.0	2.0	1.0
970	3163.5	1.0	37.0	2.0	0.0	1.0	1.0
980	3082.6666666666665	22.0	89.0	23.0	1.0	2.0	21.0
990	3037.0	0.0	111.0	3.0	0.0	3.0	0.0
1000	2999.8333333333335	0.0	25.0	1.0	0.0	1.0	0.0
