0	274.6666666666667	0.0	0.0	0.0	0.0	0.0	0.0
10	2027.1666666666667	12.0	37.0	7.0	6.0	1.0	6.0
20	1955.8333333333333	5.0	24.0	4.0	2.0	1.0	3.0
30	2017.5	3.0	55.0	3.0	3.0	3.0	0.0
40	2001.0	0.0	26.0	0.0	0.0	0.0	0.0
50	1936.8333333333333	0.0	33.0	1.0	0.0	1.0	0.0
60	2113.8333333333335	0.0	0.0	0.0	0.0	0.0	0.0
70	2076.5	29.0	106.0	30.0	3.0	4.0	26.0
80	2175.8333333333335	0.0	21.0	0.0	0.0	0.0	0.0
90	2126.5	13.0	72.0	9.0	6.0	2.0	7.0
100	2210.6666666666665	20.0	47.0	17.0	5.0	2.0	15.0
110	2108.1666666666665	3.0	24.0	0.0	3.0	0.0	0.0
120	2178.3333333333335	13.0	58.0	11.0	4.0	2.0	9.0
130	2299.3333333333335	3.0	38.0	1.0	3.0	1.0	0.0
140	2192.5	0.0	40.0	0.0	0.0	0.0	0.0
150	2357.0	37.0	115.0	39.0	6.0	4.0	31.0
160	2438.1666666666665	4.0	108.0	2.0	4.0	2.0	0.0
170	2213.6666666666665	0.0	0.0	0.0	0.0	0.0	0.0
180	2280.5	2.0	15.0	1.0	2.0	1.0	0.0
190	2094.0	2.0	59.0	1.0	2.0	1.0	0.0
200	2256.1666666666665	8.0	20.0	2.0	8.0	1.0	0.0
210	2315.0	7.0	50.0	2.0	7.0	2.0	0.0
220	2221.1666666666665	8.0	12.0	7.0	1.0	0.0	7.0
230	2432.3333333333335	10.0	54.0	6.0	6.0	1.0	4.0
240	2351.0	4.0	27.0	2.0	4.0	2.0	0.0
250	2565.0	2.0	89.0	2.0	1.0	1.0	1.0
260	2194.8333333333335	2.0	67.0	1.0	2.0	1.0	0.0
270	2442.0	1.0	25.0	2.0	1.0	2.0	0.0
280	2487.3333333333335	0.0	2.0	0.0	0.0	0.0	0.0
290	2273.1666666666665	29.0	30.0	22.0	8.0	1.0	21.0
300	2358.6666666666665	4.0	43.0	2.0	3.0	1.0	1.0
310	2429.6666666666665	1.0	111.0	3.0	1.0	2.0	0.0
320	2579.0	0.0	21.0	2.0	0.0	2.0	0.0
330	2555.3333333333335	0.0	78.0	3.0	0.0	3.0	0.0
340	2394.0	3.0	5.0	1.0	2.0	0.0	1.0
350	2517.6666666666665	2.0	71.0	1.0	1.0	0.0	1.0
360	2630.8333333333335	14.0	84.0	8.0	12.0	6.0	2.0
370	2828.3333333333335	1.0	27.0	2.0	1.0	2.0	0.0
380	2552.1666666666665	22.0	80.0	2.0	22.0	2.0	0.0
390	2484.6666666666665	1.0	72.0	2.0	1.0	1.0	0.0
400	2578.8333333333335	0.0	26.0	0.0	0.0	0.0	0.0
410	2548.1666666666665	0.0	0.0	0.0	0.0	0.0	0.0
420	2623.6666666666665	3.0	43.0	5.0	1.0	2.0	2.0
430	2395.8333333333335	0.0	33.0	1.0	0.0	1.0	0.0
440	2651.5	1.0	10.0	0.0	1.0	0.0	0.0
450	2508.1666666666665	0.0	67.0	6.0	0.0	6.0	0.0
460	2666.0	1.0	44.0	1.0	0.0	0.0	1.0
470	2540.1666666666665	1.0	38.0	2.0	0.0	1.0	1.0
480	2476.6666666666665	2.0	3.0	1.0	1.0	0.0	1.0
490	2522.0	2.0	35.0	4.0	0.0	2.0	2.0
500	2911.3333333333335	1.0	58.0	1.0	0.0	0.0	1.0
510	2819.8333333333335	0.0	10.0	0.0	0.0	0.0	0.0
520	2546.3333333333335	1.0	26.0	1.0	1.0	1.0	0.0
530	2667.8333333333335	1.0	12.0	0.0	1.0	0.0	0.0
540	2673.3333333333335	6.0	49.0	1.0	6.0	1.0	0.0
550	2731.5	3.0	12.0	5.0	2.0	4.0	1.0
560	2746.8333333333335	1.0	60.0	0.0	1.0	0.0	0.0
570	2786.3333333333335	2.0	159.0	12.0	0.0	10.0	2.0
580	2695.3333333333335	6.0	51.0	6.0	0.0	0.0	6.0
590	2941.0	1.0	137.0	2.0	1.0	2.0	0.0
600	2707.6666666666665	8.0	106.0	2.0	8.0	1.0	0.0
610	2854.0	2.0	54.0	3.0	1.0	2.0	1.0
620	3081.8333333333335	2.0	76.0	4.0	0.0	2.0	2.0
630	2926.6666666666665	1.0	18.0	1.0	0.0	0.0	1.0
640	2795.8333333333335	1.0	58.0	3.0	0.0	2.0	1.0
650	2617.6666666666665	12.0	125.0	5.0	9.0	2.0	3.0
660	3185.3333333333335	1.0	32.0	3.0	0.0	2.0	1.0
670	2731.0	1.0	106.0	2.0	1.0	2.0	0.0
680	3103.5	4.0	64.0	4.0	0.0	0.0	4.0
690	3172.0	8.0	5.0	8.0	0.0	0.0	8.0
700	2826.1666666666665	0.0	40.0	1.0	0.0	1.0	0.0
710	3104.1666666666665	0.0	0.0	0.0	0.0	0.0	0.0
720	2890.0	2.0	109.0	6.0	1.0	4.0	1.0
730	2738.1666666666665	5.0	63.0	6.0	1.0	2.0	4.0
740	3128.0	1.0	29.0	2.0	1.0	2.0	0.0
750	3068.6666666666665	0.0	9.0	0.0	0.0	0.0	0.0
760	3055.8333333333335	1.0	59.0	2.0	0.0	1.0	1.0
770	3144.6666666666665	15.0	97.0	18.0	1.0	4.0	14.0
780	3002.8333333333335	1.0	80.0	3.0	0.0	2.0	1.0
790	3102.0	0.0	50.0	2.0	0.0	2.0	0.0
800	2877.5	0.0	27.0	2.0	0.0	2.0	0.0
810	2855.0	1.0	123.0	7.0	0.0	6.0	1.0
820	3218.5	0.0	52.0	1.0	0.0	1.0	0.0
830	2807.6666666666665	1.0	16.0	2.0	0.0	1.0	1.0
840	2896.3333333333335	1.0	80.0	1.0	1.0	1.0	0.0
850	2970.3333333333335	0.0	35.0	1.0	0.0	1.0	0.0
860	2933.5	1.0	58.0	2.0	0.0	1.0	1.0
870	2805.0	0.0	65.0	0.0	0.0	0.0	0.0
880	2828.5	1.0	45.0	2.0	0.0	1.0	1.0
890	3041.3333333333335	1.0	61.0	3.0	1.0	3.0	0.0
900	3104.3333333333335	0.0	1.0	0.0	0.0	0.0	0.0
910	2819.0	2.0	72.0	3.0	0.0	1.0	2.0
920	3216.8333333333335	0.0	23.0	0.0	0.0	0.0	0.0
930	2793.5	3.0	60.0	5.0	1.0	3.0	2.0
940	3184.3333333333335	0.0	41.0	0.0	0.0	0.0	0.0
950	3013.0	6.0	53.0	6.0	0.0	0.0	6.0
960	2948.8333333333335	1.0	29.0	0.0	1.0	0.0	0.0
970	2619.0	1.0	40.0	1.0	0.0	0.0	1.0
980	3256.3333333333335	0.0	6.0	0.0	0.0	0.0	0.0
990	3263.6666666666665	0.0	59.0	1.0	0.0	1.0	0.0
1000	3077.5	0.0	20.0	2.0	0.0	2.0	0.0
