0	290.3333333333333	0.0	0.0	0.0	0.0	0.0	0.0
10	2098.1666666666665	10.0	78.0	4.0	10.0	4.0	0.0
20	2215.0	18.0	3.0	15.0	3.0	0.0	15.0
30	2068.3333333333335	0.0	27.0	0.0	0.0	0.0	0.0
40	2069.0	10.0	27.0	8.0	2.0	0.0	8.0
50	2060.1666666666665	4.0	24.0	4.0	0.0	0.0	4.0
60	2254.8333333333335	2.0	13.0	1.0	2.0	1.0	0.0
70	1959.0	0.0	0.0	1.0	0.0	1.0	0.0
80	2082.8333333333335	4.0	48.0	5.0	2.0	3.0	2.0
90	2125.6666666666665	2.0	36.0	1.0	2.0	1.0	0.0
100	2183.3333333333335	1.0	8.0	2.0	1.0	2.0	0.0
110	2253.0	0.0	19.0	1.0	0.0	1.0	0.0
120	2228.6666666666665	0.0	0.0	0.0	0.0	0.0	0.0
130	1950.0	0.0	28.0	0.0	0.0	0.0	0.0
140	2282.3333333333335	9.0	0.0	9.0	0.0	0.0	9.0
150	2315.3333333333335	20.0	51.0	18.0	3.0	1.0	17.0
160	2296.5	2.0	15.0	1.0	2.0	1.0	0.0
170	2311.5	3.0	96.0	2.0	3.0	2.0	0.0
180	2362.3333333333335	1.0	9.0	1.0	1.0	1.0	0.0
190	2216.1666666666665	27.0	104.0	50.0	2.0	25.0	25.0
200	2215.0	0.0	0.0	0.0	0.0	0.0	0.0
210	2295.1666666666665	0.0	11.0	0.0	0.0	0.0	0.0
220	2195.0	1.0	22.0	2.0	1.0	2.0	0.0
230	2396.6666666666665	2.0	38.0	1.0	2.0	1.0	0.0
240	2483.6666666666665	0.0	0.0	0.0	0.0	0.0	0.0
250	2124.0	2.0	58.0	2.0	2.0	2.0	0.0
260	2262.6666666666665	1.0	70.0	4.0	1.0	4.0	0.0
270	2448.1666666666665	1.0	16.0	1.0	1.0	1.0	0.0
280	2553.6666666666665	26.0	14.0	22.0	5.0	1.0	21.0
290	2496.0	3.0	65.0	1.0	3.0	1.0	0.0
300	2325.5	1.0	54.0	1.0	0.0	0.0	1.0
310	2332.1666666666665	11.0	47.0	0.0	11.0	0.0	0.0
320	2447.1666666666665	0.0	0.0	0.0	0.0	0.0	0.0
330	2519.8333333333335	32.0	43.0	27.0	9.0	3.0	23.0
340	2354.3333333333335	2.0	83.0	2.0	2.0	2.0	0.0
350	2414.3333333333335	6.0	56.0	1.0	6.0	1.0	0.0
360	2513.3333333333335	1.0	20.0	1.0	1.0	1.0	0.0
370	2566.8333333333335	1.0	57.0	0.0	1.0	0.0	0.0
380	2621.1666666666665	4.0	26.0	0.0	4.0	0.0	0.0
390	2498.6666666666665	0.0	22.0	2.0	0.0	2.0	0.0
400	2450.0	2.0	49.0	2.0	2.0	1.0	0.0
410	2723.5	0.0	13.0	1.0	0.0	1.0	0.0
420	2531.6666666666665	0.0	52.0	1.0	0.0	1.0	0.0
430	2614.6666666666665	0.0	50.0	1.0	0.0	1.0	0.0
440	2571.5	0.0	20.0	1.0	0.0	1.0	0.0
450	2207.6666666666665	39.0	12.0	39.0	4.0	1.0	35.0
460	2469.6666666666665	0.0	33.0	2.0	0.0	2.0	0.0
470	2505.1666666666665	2.0	50.0	2.0	1.0	1.0	1.0
480	2660.0	0.0	15.0	2.0	0.0	2.0	0.0
490	2465.5	0.0	14.0	0.0	0.0	0.0	0.0
500	2875.5	0.0	0.0	0.0	0.0	0.0	0.0
510	2461.5	10.0	78.0	1.0	9.0	0.0	1.0
520	2572.1666666666665	15.0	57.0	17.0	0.0	2.0	15.0
530	2813.5	2.0	23.0	0.0	2.0	0.0	0.0
540	2635.5	6.0	26.0	1.0	5.0	0.0	1.0
550	2762.3333333333335	0.0	66.0	2.0	0.0	2.0	0.0
560	2376.5	8.0	19.0	9.0	0.0	1.0	8.0
570	2564.1666666666665	0.0	34.0	1.0	0.0	1.0	0.0
580	2487.6666666666665	7.0	95.0	2.0	5.0	0.0	2.0
590	2963.5	1.0	71.0	1.0	1.0	1.0	0.0
600	2445.0	0.0	5.0	0.0	0.0	0.0	0.0
610	2711.6666666666665	26.0	46.0	25.0	2.0	0.0	24.0
620	2907.8333333333335	0.0	24.0	0.0	0.0	0.0	0.0
630	2602.1666666666665	0.0	21.0	1.0	0.0	1.0	0.0
640	2791.1666666666665	0.0	26.0	0.0	0.0	0.0	0.0
650	2687.1666666666665	0.0	5.0	0.0	0.0	0.0	0.0
660	2717.1666666666665	2.0	97.0	3.0	1.0	2.0	1.0
670	2629.1666666666665	19.0	47.0	20.0	1.0	1.0	18.0
680	2768.0	6.0	39.0	5.0	2.0	1.0	4.0
690	2550.0	1.0	82.0	1.0	1.0	1.0	0.0
700	2659.0	0.0	0.0	0.0	0.0	0.0	0.0
710	2672.0	1.0	16.0	0.0	1.0	0.0	0.0
720	2807.8333333333335	7.0	75.0	2.0	6.0	1.0	1.0
730	2970.8333333333335	2.0	25.0	2.0	1.0	1.0	1.0
740	2701.3333333333335	1.0	102.0	3.0	1.0	3.0	0.0
750	2785.6666666666665	0.0	19.0	0.0	0.0	0.0	0.0
760	2608.8333333333335	8.0	25.0	7.0	1.0	0.0	7.0
770	2729.1666666666665	1.0	42.0	2.0	0.0	1.0	1.0
780	2815.0	0.0	0.0	0.0	0.0	0.0	0.0
790	2825.1666666666665	1.0	13.0	2.0	0.0	1.0	1.0
800	2958.5	0.0	15.0	0.0	0.0	0.0	0.0
810	3194.0	0.0	52.0	4.0	0.0	4.0	0.0
820	2759.5	3.0	112.0	4.0	1.0	2.0	2.0
830	2960.3333333333335	0.0	45.0	1.0	0.0	1.0	0.0
840	2816.0	0.0	20.0	1.0	0.0	1.0	0.0
850	2754.8333333333335	2.0	50.0	3.0	1.0	1.0	1.0
860	2505.3333333333335	1.0	46.0	2.0	1.0	2.0	0.0
870	2855.5	4.0	44.0	5.0	0.0	1.0	4.0
880	2868.0	1.0	65.0	3.0	0.0	2.0	1.0
890	3222.3333333333335	1.0	24.0	1.0	0.0	0.0	1.0
900	3044.5	8.0	93.0	9.0	2.0	1.0	6.0
910	2751.0	1.0	54.0	1.0	0.0	0.0	1.0
920	2857.3333333333335	2.0	62.0	5.0	0.0	3.0	2.0
930	2836.8333333333335	0.0	63.0	3.0	0.0	3.0	0.0
940	2820.8333333333335	0.0	19.0	1.0	0.0	1.0	0.0
950	2978.3333333333335	0.0	11.0	0.0	0.0	0.0	0.0
960	2912.0	24.0	9.0	24.0	1.0	1.0	23.0
970	2952.6666666666665	18.0	47.0	20.0	0.0	2.0	18.0
980	2736.1666666666665	3.0	77.0	2.0	3.0	1.0	0.0
990	2897.6666666666665	0.0	4.0	0.0	0.0	0.0	0.0
1000	2816.5	1.0	23.0	1.0	0.0	0.0	1.0
