0	272.6666666666667	0.0
10	137.0	1000.0
20	122.33333333333333	0.0
30	117.33333333333333	0.0
40	115.33333333333333	0.0
50	102.33333333333333	0.0
60	100.0	0.0
70	102.33333333333333	0.0
80	100.66666666666667	0.0
90	100.33333333333333	0.0
100	101.66666666666667	0.0
110	100.0	0.0
120	100.0	0.0
130	104.66666666666667	0.0
140	106.66666666666667	0.0
150	120.0	0.0
160	119.33333333333333	0.0
170	131.66666666666666	0.0
180	164.33333333333334	0.0
190	130.66666666666666	0.0
200	130.0	0.0
210	170.33333333333334	0.0
220	131.33333333333334	0.0
230	153.33333333333334	0.0
240	343.6666666666667	0.0
250	237.66666666666666	0.0
260	338.3333333333333	0.0
270	659.6666666666666	0.0
280	656.3333333333334	0.0
290	837.3333333333334	0.0
300	1138.6666666666667	0.0
310	708.3333333333334	0.0
320	1137.0	0.0
330	1387.0	0.0
340	1746.6666666666667	0.0
350	1654.6666666666667	0.0
360	1762.0	0.0
370	2093.3333333333335	0.0
380	2090.3333333333335	0.0
390	2083.3333333333335	0.0
400	1396.0	0.0
410	2266.0	0.0
420	2151.0	0.0
430	2013.6666666666667	0.0
440	2391.8333333333335	0.0
450	2222.5	0.0
460	2193.0	0.0
470	2651.6666666666665	0.0
480	2381.3333333333335	0.0
490	2372.0	0.0
500	2303.6666666666665	0.0
510	2418.3333333333335	0.0
520	2628.8333333333335	0.0
530	2366.0	0.0
540	2695.1666666666665	0.0
550	2325.0	0.0
560	2513.3333333333335	0.0
570	2634.5	0.0
580	2482.3333333333335	0.0
590	2274.6666666666665	0.0
600	2423.6666666666665	0.0
610	2677.6666666666665	0.0
620	2443.0	0.0
630	2733.6666666666665	0.0
640	2637.8333333333335	0.0
650	2713.5	0.0
660	2647.1666666666665	0.0
670	2533.6666666666665	0.0
680	2561.0	0.0
690	2486.1666666666665	0.0
700	2524.3333333333335	0.0
710	2692.5	0.0
720	2517.5	0.0
730	2672.1666666666665	0.0
740	2628.5	0.0
750	2566.8333333333335	0.0
760	2597.6666666666665	0.0
770	2198.8333333333335	0.0
780	2155.8333333333335	0.0
790	2661.1666666666665	0.0
800	2504.5	0.0
810	2279.3333333333335	0.0
820	2612.6666666666665	0.0
830	2455.6666666666665	0.0
840	2391.8333333333335	0.0
850	2584.5	0.0
860	2302.0	0.0
870	2745.3333333333335	0.0
880	2523.3333333333335	0.0
890	2082.1666666666665	0.0
900	1925.3333333333333	0.0
910	2772.3333333333335	0.0
920	2362.0	0.0
930	2518.6666666666665	0.0
940	2374.3333333333335	0.0
950	2115.8333333333335	0.0
960	2189.3333333333335	0.0
970	1549.3333333333333	0.0
980	2095.5	0.0
990	2131.1666666666665	0.0
1000	1965.8333333333333	0.0
