0	234.0	0.0	0.0
10	2065.3333333333335	161.0	8422.0
20	1923.1666666666667	167.0	8570.0
30	1693.0	98.0	6208.0
40	2095.5	140.0	12062.0
50	2100.5	146.0	11905.0
60	2145.8333333333335	86.0	7858.0
70	2133.3333333333335	80.0	9327.0
80	2146.8333333333335	122.0	10847.0
90	2393.8333333333335	0.0	6379.0
100	2442.3333333333335	0.0	8218.0
110	2334.5	0.0	8790.0
120	2557.5	0.0	12130.0
130	2617.1666666666665	0.0	9947.0
140	2411.0	0.0	11602.0
150	2367.5	0.0	7997.0
160	2620.1666666666665	0.0	9495.0
170	2597.5	0.0	9334.0
180	2844.6666666666665	0.0	8405.0
190	2682.0	0.0	13562.0
200	2427.1666666666665	0.0	11605.0
210	3220.6666666666665	0.0	8250.0
220	3232.0	0.0	8602.0
230	3085.8333333333335	0.0	12378.0
240	3569.5	0.0	9821.0
250	2890.3333333333335	0.0	12748.0
260	3206.5	0.0	8791.0
270	3149.3333333333335	0.0	10686.0
280	3306.8333333333335	0.0	10082.0
290	3165.6666666666665	0.0	11169.0
300	3511.6666666666665	0.0	8228.0
310	3645.1666666666665	0.0	10100.0
320	3174.5	0.0	10253.0
330	3181.1666666666665	0.0	12339.0
340	3457.0	0.0	12379.0
350	3358.3333333333335	0.0	11654.0
360	3800.0	0.0	12141.0
370	3665.0	0.0	8701.0
380	2795.6666666666665	0.0	10040.0
390	3427.6666666666665	0.0	8738.0
400	3348.5	0.0	9335.0
410	3265.0	0.0	11584.0
420	3592.8333333333335	0.0	11421.0
430	3653.8333333333335	0.0	12507.0
440	3588.1666666666665	0.0	9428.0
450	3496.1666666666665	0.0	9952.0
460	3702.8333333333335	0.0	10715.0
470	3894.0	0.0	10424.0
480	3536.8333333333335	0.0	10768.0
490	3479.6666666666665	0.0	9728.0
500	3210.6666666666665	0.0	9652.0
510	3286.6666666666665	0.0	13134.0
520	3385.3333333333335	0.0	12493.0
530	3713.0	0.0	14984.0
540	3636.8333333333335	0.0	11782.0
550	3471.6666666666665	0.0	8556.0
560	3906.5	0.0	10289.0
570	3651.1666666666665	0.0	10386.0
580	3496.5	0.0	11189.0
590	3190.8333333333335	0.0	10269.0
600	3833.1666666666665	0.0	8071.0
610	3912.5	0.0	9806.0
620	3290.8333333333335	0.0	10313.0
630	3171.6666666666665	0.0	9467.0
640	3079.0	0.0	11347.0
650	3968.8333333333335	0.0	10712.0
660	3406.5	0.0	12140.0
670	3902.1666666666665	0.0	13113.0
680	3941.0	0.0	11534.0
690	3809.5	0.0	11887.0
700	3810.0	0.0	10021.0
710	3848.0	0.0	11560.0
720	4025.8333333333335	0.0	8405.0
730	3928.1666666666665	0.0	9132.0
740	3467.6666666666665	0.0	9665.0
750	3949.5	0.0	10559.0
760	4348.5	0.0	7518.0
770	3744.5	0.0	10846.0
780	3112.5	0.0	8771.0
790	3391.5	0.0	11071.0
800	3648.1666666666665	0.0	10693.0
810	3805.1666666666665	0.0	7730.0
820	3723.8333333333335	0.0	9460.0
830	3827.1666666666665	0.0	13759.0
840	3848.0	0.0	9653.0
850	3797.0	0.0	9729.0
860	3694.5	0.0	8368.0
870	3539.3333333333335	0.0	12145.0
880	3897.5	0.0	10617.0
890	3670.1666666666665	0.0	8579.0
900	4048.6666666666665	0.0	7581.0
910	3846.8333333333335	0.0	10442.0
920	3513.1666666666665	0.0	10410.0
930	3667.6666666666665	0.0	7005.0
940	3509.3333333333335	0.0	9199.0
950	3985.0	0.0	10988.0
960	3645.3333333333335	0.0	11835.0
970	4262.333333333333	0.0	8270.0
980	3687.1666666666665	0.0	9212.0
990	3867.0	0.0	11218.0
1000	3830.1666666666665	0.0	11270.0
