0	218.0	0.0	0.0
10	1857.5	129.0	10127.0
20	1877.3333333333333	153.0	10579.0
30	1948.6666666666667	115.0	10877.0
40	2237.1666666666665	169.0	11099.0
50	2381.6666666666665	195.0	9214.0
60	2198.3333333333335	179.0	10235.0
70	1836.6666666666667	60.0	7461.0
80	2150.5	0.0	7371.0
90	2317.0	0.0	6512.0
100	2065.8333333333335	0.0	7361.0
110	2027.8333333333333	0.0	11110.0
120	2552.1666666666665	0.0	10411.0
130	2421.1666666666665	0.0	12732.0
140	2292.3333333333335	0.0	7988.0
150	2546.6666666666665	0.0	11334.0
160	2634.6666666666665	0.0	8891.0
170	2980.6666666666665	0.0	5436.0
180	2335.3333333333335	0.0	8147.0
190	2616.3333333333335	0.0	7751.0
200	2427.0	0.0	10279.0
210	2542.3333333333335	0.0	10332.0
220	3173.6666666666665	0.0	8846.0
230	2784.0	0.0	10762.0
240	2766.0	0.0	8269.0
250	2947.8333333333335	0.0	11735.0
260	2908.3333333333335	0.0	12088.0
270	2810.5	0.0	9908.0
280	2744.5	0.0	11295.0
290	2707.8333333333335	0.0	13024.0
300	2961.5	0.0	10586.0
310	3449.5	0.0	12463.0
320	2758.8333333333335	0.0	11538.0
330	3744.0	0.0	7583.0
340	3304.6666666666665	0.0	10167.0
350	3471.6666666666665	0.0	12169.0
360	3248.8333333333335	0.0	12218.0
370	2820.8333333333335	0.0	9264.0
380	2968.3333333333335	0.0	12030.0
390	2929.0	0.0	7917.0
400	3091.0	0.0	8920.0
410	3672.3333333333335	0.0	13307.0
420	3014.3333333333335	0.0	12434.0
430	3719.1666666666665	0.0	9927.0
440	3271.8333333333335	0.0	11673.0
450	3154.8333333333335	0.0	8815.0
460	3241.3333333333335	0.0	10632.0
470	3901.1666666666665	0.0	11405.0
480	3054.1666666666665	0.0	12057.0
490	3589.0	0.0	10108.0
500	4109.0	0.0	9794.0
510	3945.3333333333335	0.0	11544.0
520	3708.8333333333335	0.0	11094.0
530	3022.5	0.0	9773.0
540	3526.5	0.0	11632.0
550	3413.5	0.0	12969.0
560	3160.0	0.0	11335.0
570	4014.5	0.0	8314.0
580	3462.5	0.0	9837.0
590	3794.3333333333335	0.0	11846.0
600	3784.6666666666665	0.0	10277.0
610	3575.3333333333335	0.0	12150.0
620	3224.8333333333335	0.0	10291.0
630	2871.8333333333335	0.0	8025.0
640	3607.3333333333335	0.0	6430.0
650	3312.0	0.0	14182.0
660	3737.0	0.0	7809.0
670	3594.0	0.0	13537.0
680	3796.0	0.0	6820.0
690	3562.8333333333335	0.0	9889.0
700	3372.8333333333335	0.0	10559.0
710	3596.6666666666665	0.0	8049.0
720	3797.5	0.0	8453.0
730	3914.8333333333335	0.0	8809.0
740	3814.1666666666665	0.0	12537.0
750	3229.5	0.0	12101.0
760	3369.5	0.0	9458.0
770	3873.5	0.0	8547.0
780	3650.0	0.0	10243.0
790	3959.8333333333335	0.0	9221.0
800	3789.0	0.0	11116.0
810	3844.8333333333335	0.0	11181.0
820	3709.5	0.0	10772.0
830	3973.5	0.0	11309.0
840	3564.1666666666665	0.0	11785.0
850	3774.0	0.0	7906.0
860	3634.5	0.0	11884.0
870	3901.6666666666665	0.0	10603.0
880	3821.1666666666665	0.0	10664.0
890	3798.3333333333335	0.0	10016.0
900	3445.1666666666665	0.0	10243.0
910	3754.0	0.0	11021.0
920	3855.3333333333335	0.0	10602.0
930	3582.3333333333335	0.0	10193.0
940	4116.833333333333	0.0	8871.0
950	3702.3333333333335	0.0	9802.0
960	3611.0	0.0	11670.0
970	4038.3333333333335	0.0	10481.0
980	3526.3333333333335	0.0	10261.0
990	3966.6666666666665	0.0	7863.0
1000	4034.0	0.0	10916.0
