0	200.0	0.0	0.0
10	1647.8333333333333	171.0	10699.0
20	2072.8333333333335	94.0	12945.0
30	2179.3333333333335	132.0	12026.0
40	2100.6666666666665	154.0	11782.0
50	1887.5	89.0	7282.0
60	2221.5	96.0	13279.0
70	2004.5	117.0	9858.0
80	2281.0	105.0	11961.0
90	2410.0	42.0	8203.0
100	2713.6666666666665	0.0	8665.0
110	2221.5	0.0	9611.0
120	2638.1666666666665	0.0	10587.0
130	2626.6666666666665	0.0	8683.0
140	2694.6666666666665	0.0	9933.0
150	2478.1666666666665	0.0	8787.0
160	2591.8333333333335	0.0	10155.0
170	2831.0	0.0	9678.0
180	2546.0	0.0	8909.0
190	3296.6666666666665	0.0	9406.0
200	3094.0	0.0	10268.0
210	3347.8333333333335	0.0	7409.0
220	2927.8333333333335	0.0	10563.0
230	3066.0	0.0	9574.0
240	3294.6666666666665	0.0	9222.0
250	3321.8333333333335	0.0	10895.0
260	2970.8333333333335	0.0	12282.0
270	3231.3333333333335	0.0	11086.0
280	3090.3333333333335	0.0	8895.0
290	3753.1666666666665	0.0	10441.0
300	3177.6666666666665	0.0	9669.0
310	3552.3333333333335	0.0	10131.0
320	3614.6666666666665	0.0	8653.0
330	3630.8333333333335	0.0	11982.0
340	3408.0	0.0	9175.0
350	3397.8333333333335	0.0	9732.0
360	3530.8333333333335	0.0	9642.0
370	3364.8333333333335	0.0	7943.0
380	3771.0	0.0	11946.0
390	3392.3333333333335	0.0	9929.0
400	3787.8333333333335	0.0	9826.0
410	3669.8333333333335	0.0	9995.0
420	3236.0	0.0	10020.0
430	3589.1666666666665	0.0	8419.0
440	3759.3333333333335	0.0	10038.0
450	3797.0	0.0	12424.0
460	3899.5	0.0	9035.0
470	3643.3333333333335	0.0	8783.0
480	3635.5	0.0	10792.0
490	3567.1666666666665	0.0	11529.0
500	3675.0	0.0	9552.0
510	3833.6666666666665	0.0	10995.0
520	3575.8333333333335	0.0	13823.0
530	3235.8333333333335	0.0	11498.0
540	4066.8333333333335	0.0	11086.0
550	3604.0	0.0	11279.0
560	3916.6666666666665	0.0	9920.0
570	4001.1666666666665	0.0	8656.0
580	3853.0	0.0	10074.0
590	3898.1666666666665	0.0	10754.0
600	3845.8333333333335	0.0	12023.0
610	3659.3333333333335	0.0	10032.0
620	3877.6666666666665	0.0	11876.0
630	3796.6666666666665	0.0	10826.0
640	3500.8333333333335	0.0	10673.0
650	4027.8333333333335	0.0	9033.0
660	3750.8333333333335	0.0	9748.0
670	3697.8333333333335	0.0	11882.0
680	2930.8333333333335	0.0	8212.0
690	3759.1666666666665	0.0	11932.0
700	3752.3333333333335	0.0	9810.0
710	3480.8333333333335	0.0	13278.0
720	3778.5	0.0	8774.0
730	3787.3333333333335	0.0	7764.0
740	3938.8333333333335	0.0	8946.0
750	3496.1666666666665	0.0	9358.0
760	3960.5	0.0	11704.0
770	4017.5	0.0	8850.0
780	3802.3333333333335	0.0	11776.0
790	3834.8333333333335	0.0	11839.0
800	3882.8333333333335	0.0	9406.0
810	3668.6666666666665	0.0	9437.0
820	3232.6666666666665	0.0	9275.0
830	3887.3333333333335	0.0	10761.0
840	3578.1666666666665	0.0	10571.0
850	3417.1666666666665	0.0	10422.0
860	3399.1666666666665	0.0	8331.0
870	3720.5	0.0	10275.0
880	4114.166666666667	0.0	9219.0
890	4039.1666666666665	0.0	10241.0
900	3569.8333333333335	0.0	8656.0
910	3685.5	0.0	7373.0
920	3508.8333333333335	0.0	11161.0
930	3936.5	0.0	8405.0
940	3821.3333333333335	0.0	12737.0
950	3642.0	0.0	9718.0
960	3781.6666666666665	0.0	10776.0
970	3984.3333333333335	0.0	10234.0
980	3306.5	0.0	11936.0
990	3503.0	0.0	10541.0
1000	3700.8333333333335	0.0	10757.0
