0	256.0	0.0	0.0
10	1996.3333333333333	316.0	14284.0
20	1943.6666666666667	145.0	9135.0
30	1968.5	87.0	8467.0
40	2001.1666666666667	81.0	8676.0
50	2243.3333333333335	218.0	14247.0
60	2589.6666666666665	46.0	9336.0
70	2391.6666666666665	75.0	11371.0
80	2314.0	32.0	10898.0
90	2513.0	0.0	7843.0
100	2380.3333333333335	0.0	9130.0
110	2411.0	0.0	9458.0
120	2613.0	0.0	8108.0
130	2817.6666666666665	0.0	9831.0
140	2500.3333333333335	0.0	12410.0
150	2378.6666666666665	0.0	8957.0
160	3060.1666666666665	0.0	7927.0
170	2981.1666666666665	0.0	8891.0
180	2800.8333333333335	0.0	7775.0
190	3035.0	0.0	11237.0
200	2992.3333333333335	0.0	10460.0
210	2861.8333333333335	0.0	8174.0
220	2677.5	0.0	12171.0
230	3482.1666666666665	0.0	10364.0
240	2933.6666666666665	0.0	8950.0
250	3620.3333333333335	0.0	11750.0
260	2893.5	0.0	11383.0
270	2694.8333333333335	0.0	9332.0
280	3117.6666666666665	0.0	12240.0
290	2766.0	0.0	7871.0
300	3079.6666666666665	0.0	10922.0
310	3353.5	0.0	10521.0
320	3480.6666666666665	0.0	10308.0
330	3438.8333333333335	0.0	12228.0
340	3462.3333333333335	0.0	9747.0
350	3524.6666666666665	0.0	11867.0
360	3349.0	0.0	9612.0
370	3109.5	0.0	9676.0
380	3255.0	0.0	12070.0
390	2972.3333333333335	0.0	9720.0
400	3879.0	0.0	10303.0
410	3410.6666666666665	0.0	10918.0
420	3835.3333333333335	0.0	10827.0
430	3303.3333333333335	0.0	9523.0
440	3283.5	0.0	7238.0
450	3474.8333333333335	0.0	9503.0
460	3347.1666666666665	0.0	8544.0
470	3520.8333333333335	0.0	8930.0
480	3408.6666666666665	0.0	10061.0
490	3591.1666666666665	0.0	10072.0
500	3732.5	0.0	13133.0
510	3710.1666666666665	0.0	13397.0
520	3847.6666666666665	0.0	11099.0
530	3523.1666666666665	0.0	10714.0
540	3567.0	0.0	11542.0
550	3777.3333333333335	0.0	9516.0
560	4036.8333333333335	0.0	8751.0
570	3288.5	0.0	11119.0
580	3656.3333333333335	0.0	9619.0
590	3715.1666666666665	0.0	8397.0
600	4103.5	0.0	10780.0
610	4111.333333333333	0.0	8860.0
620	3513.1666666666665	0.0	12733.0
630	3764.6666666666665	0.0	14412.0
640	4004.1666666666665	0.0	7607.0
650	3679.0	0.0	10944.0
660	3801.0	0.0	7914.0
670	3507.5	0.0	10885.0
680	3864.1666666666665	0.0	10087.0
690	3724.6666666666665	0.0	9663.0
700	3814.3333333333335	0.0	10306.0
710	3616.6666666666665	0.0	11624.0
720	3715.8333333333335	0.0	8344.0
730	3521.6666666666665	0.0	9297.0
740	3772.3333333333335	0.0	8718.0
750	4088.5	0.0	9686.0
760	3763.1666666666665	0.0	9922.0
770	3773.1666666666665	0.0	12101.0
780	3625.8333333333335	0.0	8749.0
790	3436.3333333333335	0.0	10093.0
800	3630.5	0.0	10567.0
810	3625.1666666666665	0.0	11314.0
820	3383.5	0.0	10180.0
830	3422.3333333333335	0.0	10269.0
840	3682.0	0.0	10594.0
850	3925.3333333333335	0.0	10853.0
860	3721.8333333333335	0.0	14846.0
870	3748.6666666666665	0.0	10578.0
880	3925.0	0.0	9291.0
890	3682.6666666666665	0.0	10193.0
900	3808.5	0.0	10936.0
910	3528.8333333333335	0.0	10714.0
920	3803.3333333333335	0.0	11448.0
930	3852.8333333333335	0.0	8980.0
940	3524.6666666666665	0.0	10303.0
950	3813.0	0.0	10036.0
960	3700.3333333333335	0.0	9846.0
970	4011.0	0.0	7840.0
980	3958.3333333333335	0.0	10294.0
990	3891.6666666666665	0.0	12815.0
1000	3683.5	0.0	9114.0
