0	233.0	0.0	0.0
10	1861.5	118.0	10766.0
20	1775.1666666666667	118.0	10326.0
30	1870.5	108.0	10031.0
40	2117.6666666666665	167.0	10335.0
50	2219.8333333333335	211.0	10568.0
60	2134.1666666666665	129.0	11228.0
70	2750.8333333333335	124.0	7955.0
80	2439.1666666666665	25.0	7984.0
90	2224.1666666666665	0.0	5459.0
100	2457.5	0.0	7833.0
110	2263.5	0.0	9254.0
120	2180.0	0.0	8577.0
130	2372.8333333333335	0.0	11138.0
140	2515.1666666666665	0.0	12879.0
150	2594.1666666666665	0.0	11972.0
160	2550.1666666666665	0.0	9531.0
170	2823.6666666666665	0.0	7634.0
180	2515.8333333333335	0.0	11444.0
190	2720.8333333333335	0.0	7157.0
200	2748.1666666666665	0.0	9662.0
210	3108.3333333333335	0.0	8273.0
220	3099.1666666666665	0.0	11777.0
230	2994.8333333333335	0.0	10437.0
240	3096.3333333333335	0.0	8920.0
250	3100.1666666666665	0.0	10279.0
260	3200.6666666666665	0.0	9884.0
270	3139.5	0.0	8841.0
280	3460.1666666666665	0.0	11117.0
290	2935.3333333333335	0.0	11474.0
300	3471.5	0.0	14057.0
310	3218.5	0.0	9061.0
320	3248.3333333333335	0.0	7973.0
330	3375.3333333333335	0.0	11191.0
340	3631.3333333333335	0.0	11681.0
350	3203.0	0.0	8751.0
360	3758.5	0.0	12493.0
370	3244.1666666666665	0.0	8975.0
380	3912.6666666666665	0.0	10797.0
390	3473.5	0.0	13069.0
400	2745.3333333333335	0.0	12922.0
410	3752.3333333333335	0.0	12065.0
420	3092.5	0.0	12056.0
430	3908.1666666666665	0.0	13677.0
440	3729.0	0.0	14354.0
450	3112.0	0.0	10899.0
460	3548.5	0.0	11093.0
470	4212.333333333333	0.0	8162.0
480	3049.1666666666665	0.0	8626.0
490	3696.5	0.0	10969.0
500	3872.5	0.0	10277.0
510	3745.3333333333335	0.0	10489.0
520	3506.3333333333335	0.0	11566.0
530	3071.0	0.0	11303.0
540	3188.1666666666665	0.0	8970.0
550	3748.0	0.0	8723.0
560	3861.5	0.0	9452.0
570	3791.8333333333335	0.0	8625.0
580	3868.8333333333335	0.0	8677.0
590	3816.3333333333335	0.0	12465.0
600	3764.6666666666665	0.0	12695.0
610	3528.1666666666665	0.0	9524.0
620	3748.0	0.0	9570.0
630	3692.1666666666665	0.0	9310.0
640	4061.3333333333335	0.0	12010.0
650	3975.8333333333335	0.0	9386.0
660	3414.8333333333335	0.0	7682.0
670	3841.3333333333335	0.0	12770.0
680	3634.3333333333335	0.0	6642.0
690	3483.0	0.0	10964.0
700	3722.8333333333335	0.0	10330.0
710	3349.3333333333335	0.0	9645.0
720	3599.6666666666665	0.0	11187.0
730	3807.5	0.0	13944.0
740	3888.8333333333335	0.0	10367.0
750	3769.5	0.0	12520.0
760	3359.3333333333335	0.0	10722.0
770	3840.0	0.0	11541.0
780	3836.6666666666665	0.0	12461.0
790	3744.8333333333335	0.0	11708.0
800	3914.3333333333335	0.0	9796.0
810	3621.6666666666665	0.0	8516.0
820	3695.5	0.0	10514.0
830	4120.833333333333	0.0	9922.0
840	3897.3333333333335	0.0	11000.0
850	3782.5	0.0	7556.0
860	3740.6666666666665	0.0	10857.0
870	3500.3333333333335	0.0	7757.0
880	3449.0	0.0	10071.0
890	3703.1666666666665	0.0	8555.0
900	3758.8333333333335	0.0	12577.0
910	4049.5	0.0	10511.0
920	3824.6666666666665	0.0	11265.0
930	3865.5	0.0	10341.0
940	3835.6666666666665	0.0	9714.0
950	4143.5	0.0	10400.0
960	3594.3333333333335	0.0	13740.0
970	3978.5	0.0	8285.0
980	3858.5	0.0	11652.0
990	3751.3333333333335	0.0	8189.0
1000	3572.8333333333335	0.0	9807.0
