0	239.66666666666666	0.0	0.0
10	1547.6666666666667	76.0	8619.0
20	1883.5	284.0	12200.0
30	1857.6666666666667	119.0	8284.0
40	1988.8333333333333	158.0	8854.0
50	2196.1666666666665	112.0	10901.0
60	2038.5	127.0	10519.0
70	1998.1666666666667	124.0	10842.0
80	2633.3333333333335	0.0	8447.0
90	2299.6666666666665	0.0	11277.0
100	2481.1666666666665	0.0	8889.0
110	2502.8333333333335	0.0	7379.0
120	2371.3333333333335	0.0	9342.0
130	2555.1666666666665	0.0	8894.0
140	2422.8333333333335	0.0	7754.0
150	2722.6666666666665	0.0	8589.0
160	2494.8333333333335	0.0	9220.0
170	2815.3333333333335	0.0	10044.0
180	2986.1666666666665	0.0	9027.0
190	2590.5	0.0	8762.0
200	2816.8333333333335	0.0	11209.0
210	2462.6666666666665	0.0	10564.0
220	2890.0	0.0	8190.0
230	2889.8333333333335	0.0	7984.0
240	3071.1666666666665	0.0	8793.0
250	3359.0	0.0	14580.0
260	2856.0	0.0	13217.0
270	3271.8333333333335	0.0	9642.0
280	3460.8333333333335	0.0	8315.0
290	3447.0	0.0	10021.0
300	3213.6666666666665	0.0	9222.0
310	3188.3333333333335	0.0	10705.0
320	3412.3333333333335	0.0	11058.0
330	2855.0	0.0	8230.0
340	3542.8333333333335	0.0	13344.0
350	3582.8333333333335	0.0	8574.0
360	2980.0	0.0	12361.0
370	3500.6666666666665	0.0	10283.0
380	3785.1666666666665	0.0	7849.0
390	3557.5	0.0	7997.0
400	3094.5	0.0	11898.0
410	3178.5	0.0	6011.0
420	3453.3333333333335	0.0	9924.0
430	3525.3333333333335	0.0	8159.0
440	3455.6666666666665	0.0	9861.0
450	3945.0	0.0	8908.0
460	3470.3333333333335	0.0	10373.0
470	3722.6666666666665	0.0	9929.0
480	3528.6666666666665	0.0	9651.0
490	3616.1666666666665	0.0	10464.0
500	3817.6666666666665	0.0	10718.0
510	3305.6666666666665	0.0	8592.0
520	3993.6666666666665	0.0	12660.0
530	3841.1666666666665	0.0	11898.0
540	3942.1666666666665	0.0	8036.0
550	3916.0	0.0	10015.0
560	3617.1666666666665	0.0	12302.0
570	3681.6666666666665	0.0	10270.0
580	3920.6666666666665	0.0	8448.0
590	3873.1666666666665	0.0	11072.0
600	3415.0	0.0	12030.0
610	3594.6666666666665	0.0	10489.0
620	3658.5	0.0	11758.0
630	3775.1666666666665	0.0	8791.0
640	3856.6666666666665	0.0	11207.0
650	3783.5	0.0	11176.0
660	3776.8333333333335	0.0	8213.0
670	3738.6666666666665	0.0	10060.0
680	3462.5	0.0	9557.0
690	3754.5	0.0	9990.0
700	3351.5	0.0	11680.0
710	3974.3333333333335	0.0	9290.0
720	3839.3333333333335	0.0	11191.0
730	3817.0	0.0	8850.0
740	3900.1666666666665	0.0	10280.0
750	3777.6666666666665	0.0	11789.0
760	3524.8333333333335	0.0	11123.0
770	3861.3333333333335	0.0	10185.0
780	3706.1666666666665	0.0	15432.0
790	3777.8333333333335	0.0	6952.0
800	3545.5	0.0	7210.0
810	3332.5	0.0	12356.0
820	3862.8333333333335	0.0	12117.0
830	3800.1666666666665	0.0	8936.0
840	3709.5	0.0	8897.0
850	3786.6666666666665	0.0	8254.0
860	3532.3333333333335	0.0	7974.0
870	3932.6666666666665	0.0	10709.0
880	3960.8333333333335	0.0	11093.0
890	3637.1666666666665	0.0	10492.0
900	3648.1666666666665	0.0	13552.0
910	3693.3333333333335	0.0	9390.0
920	3818.0	0.0	13038.0
930	3819.0	0.0	10292.0
940	3502.3333333333335	0.0	11202.0
950	3808.5	0.0	12271.0
960	3889.0	0.0	10900.0
970	3592.0	0.0	8445.0
980	4053.8333333333335	0.0	7104.0
990	3811.8333333333335	0.0	10573.0
1000	3944.5	0.0	8804.0
