0	247.33333333333334	0.0	0.0
10	1911.1666666666667	266.0	9516.0
20	2187.0	183.0	13730.0
30	2195.1666666666665	51.0	9405.0
40	1922.3333333333333	168.0	13862.0
50	2449.8333333333335	203.0	12833.0
60	2453.3333333333335	129.0	9445.0
70	2615.3333333333335	0.0	9956.0
80	2259.1666666666665	0.0	7938.0
90	2649.3333333333335	0.0	10780.0
100	2339.5	0.0	12775.0
110	2590.8333333333335	0.0	7885.0
120	2601.3333333333335	0.0	10274.0
130	2452.0	0.0	13447.0
140	2602.0	0.0	11679.0
150	2610.3333333333335	0.0	8098.0
160	2897.6666666666665	0.0	5664.0
170	2884.5	0.0	8954.0
180	2742.1666666666665	0.0	11352.0
190	3032.0	0.0	8622.0
200	2568.3333333333335	0.0	8712.0
210	2599.6666666666665	0.0	9893.0
220	2812.0	0.0	10617.0
230	3586.1666666666665	0.0	8591.0
240	2579.0	0.0	11333.0
250	3280.1666666666665	0.0	10456.0
260	2924.3333333333335	0.0	7913.0
270	3163.5	0.0	13621.0
280	3331.3333333333335	0.0	13142.0
290	3277.1666666666665	0.0	7914.0
300	3372.6666666666665	0.0	10403.0
310	3453.1666666666665	0.0	7451.0
320	3028.5	0.0	8265.0
330	3908.3333333333335	0.0	12027.0
340	3775.5	0.0	10593.0
350	3026.3333333333335	0.0	6933.0
360	3281.8333333333335	0.0	11851.0
370	3224.6666666666665	0.0	8208.0
380	3424.1666666666665	0.0	13249.0
390	3395.8333333333335	0.0	9490.0
400	3146.1666666666665	0.0	14201.0
410	3925.8333333333335	0.0	10325.0
420	3580.5	0.0	9380.0
430	3174.8333333333335	0.0	11179.0
440	3839.1666666666665	0.0	9693.0
450	3947.0	0.0	8721.0
460	3276.5	0.0	9723.0
470	3603.0	0.0	9534.0
480	3609.8333333333335	0.0	12558.0
490	3411.3333333333335	0.0	8345.0
500	3490.8333333333335	0.0	11603.0
510	3817.8333333333335	0.0	13063.0
520	3241.1666666666665	0.0	11244.0
530	3776.6666666666665	0.0	11290.0
540	3796.8333333333335	0.0	9034.0
550	3400.0	0.0	9582.0
560	4022.1666666666665	0.0	12074.0
570	3529.3333333333335	0.0	8256.0
580	3573.8333333333335	0.0	9357.0
590	3765.1666666666665	0.0	10376.0
600	3311.1666666666665	0.0	10914.0
610	3608.1666666666665	0.0	14455.0
620	4016.3333333333335	0.0	11173.0
630	3873.8333333333335	0.0	10750.0
640	3779.6666666666665	0.0	8781.0
650	3702.3333333333335	0.0	6912.0
660	3585.3333333333335	0.0	10045.0
670	3715.5	0.0	11403.0
680	3786.8333333333335	0.0	11542.0
690	3856.6666666666665	0.0	8455.0
700	3914.0	0.0	11891.0
710	3898.1666666666665	0.0	11665.0
720	3847.6666666666665	0.0	9362.0
730	3926.3333333333335	0.0	8778.0
740	3803.1666666666665	0.0	10801.0
750	3348.1666666666665	0.0	11096.0
760	3708.3333333333335	0.0	9011.0
770	3716.6666666666665	0.0	10320.0
780	3722.6666666666665	0.0	9296.0
790	3549.8333333333335	0.0	9017.0
800	3692.1666666666665	0.0	10228.0
810	4049.8333333333335	0.0	12587.0
820	3755.3333333333335	0.0	12289.0
830	3881.0	0.0	6954.0
840	4093.0	0.0	11281.0
850	3756.5	0.0	9928.0
860	3806.3333333333335	0.0	9703.0
870	3448.6666666666665	0.0	12770.0
880	3752.1666666666665	0.0	9437.0
890	3831.3333333333335	0.0	8341.0
900	3806.3333333333335	0.0	12759.0
910	3697.5	0.0	10545.0
920	3669.1666666666665	0.0	9973.0
930	3711.6666666666665	0.0	7416.0
940	3504.3333333333335	0.0	9511.0
950	3438.5	0.0	10056.0
960	4009.3333333333335	0.0	11069.0
970	4025.3333333333335	0.0	8840.0
980	4007.3333333333335	0.0	7494.0
990	3530.5	0.0	9960.0
1000	3881.5	0.0	9665.0
