0	270.3333333333333	0.0	0.0
10	1580.5	240.0	10228.0
20	1971.0	212.0	13203.0
30	2331.3333333333335	249.0	14156.0
40	1881.1666666666667	118.0	13719.0
50	2533.6666666666665	120.0	10428.0
60	2874.8333333333335	61.0	12590.0
70	2530.3333333333335	0.0	10165.0
80	2694.6666666666665	0.0	6706.0
90	2591.3333333333335	0.0	6841.0
100	2854.1666666666665	0.0	10612.0
110	2631.0	0.0	6906.0
120	3100.8333333333335	0.0	8764.0
130	2922.5	0.0	7546.0
140	3133.0	0.0	8320.0
150	2679.8333333333335	0.0	7724.0
160	2827.1666666666665	0.0	7811.0
170	2480.1666666666665	0.0	8843.0
180	2531.1666666666665	0.0	10172.0
190	2915.5	0.0	10139.0
200	3098.0	0.0	9798.0
210	2562.0	0.0	9590.0
220	2605.5	0.0	7900.0
230	2915.6666666666665	0.0	10638.0
240	2966.1666666666665	0.0	11673.0
250	2356.8333333333335	0.0	12098.0
260	3116.6666666666665	0.0	9560.0
270	3344.8333333333335	0.0	8059.0
280	3393.0	0.0	7332.0
290	3287.8333333333335	0.0	6773.0
300	3230.5	0.0	15206.0
310	3351.6666666666665	0.0	8950.0
320	3702.6666666666665	0.0	10928.0
330	3297.0	0.0	6779.0
340	2945.3333333333335	0.0	13300.0
350	3519.1666666666665	0.0	10407.0
360	3344.1666666666665	0.0	9347.0
370	3026.1666666666665	0.0	10218.0
380	3327.1666666666665	0.0	9405.0
390	3035.1666666666665	0.0	9681.0
400	3146.5	0.0	8334.0
410	3508.8333333333335	0.0	9730.0
420	3749.6666666666665	0.0	9557.0
430	3567.0	0.0	8882.0
440	3570.1666666666665	0.0	10573.0
450	3469.0	0.0	9324.0
460	3095.1666666666665	0.0	9785.0
470	3431.0	0.0	11643.0
480	3170.5	0.0	10411.0
490	3285.3333333333335	0.0	11237.0
500	3497.0	0.0	9830.0
510	4039.1666666666665	0.0	13282.0
520	3451.0	0.0	10456.0
530	3669.3333333333335	0.0	13439.0
540	3681.8333333333335	0.0	9662.0
550	3535.0	0.0	8404.0
560	3808.3333333333335	0.0	10770.0
570	3422.0	0.0	9503.0
580	3857.1666666666665	0.0	11422.0
590	3747.6666666666665	0.0	10355.0
600	3585.0	0.0	13851.0
610	3686.0	0.0	9285.0
620	3696.3333333333335	0.0	7667.0
630	3504.0	0.0	7225.0
640	3786.3333333333335	0.0	9477.0
650	3641.6666666666665	0.0	12383.0
660	3607.8333333333335	0.0	10933.0
670	3763.5	0.0	10455.0
680	3710.3333333333335	0.0	11456.0
690	3729.1666666666665	0.0	10056.0
700	3768.8333333333335	0.0	8444.0
710	3377.3333333333335	0.0	9766.0
720	3882.1666666666665	0.0	9140.0
730	3606.5	0.0	10958.0
740	3726.5	0.0	9488.0
750	4045.3333333333335	0.0	7906.0
760	3417.6666666666665	0.0	9098.0
770	3814.3333333333335	0.0	9648.0
780	3816.0	0.0	11794.0
790	3553.6666666666665	0.0	10299.0
800	3706.1666666666665	0.0	13235.0
810	3912.0	0.0	6784.0
820	4005.5	0.0	10823.0
830	3590.0	0.0	8706.0
840	3647.8333333333335	0.0	12618.0
850	3925.6666666666665	0.0	7111.0
860	3741.5	0.0	9702.0
870	3881.5	0.0	8972.0
880	3694.8333333333335	0.0	10932.0
890	3449.8333333333335	0.0	11502.0
900	4012.5	0.0	9424.0
910	3964.8333333333335	0.0	13936.0
920	3753.5	0.0	9437.0
930	3711.0	0.0	7502.0
940	3732.6666666666665	0.0	12545.0
950	4062.3333333333335	0.0	11274.0
960	3630.6666666666665	0.0	11778.0
970	3717.0	0.0	9199.0
980	4021.3333333333335	0.0	10669.0
990	3805.6666666666665	0.0	10647.0
1000	3883.1666666666665	0.0	9757.0
