0	282.3333333333333	0.0	0.0
10	1991.0	133.0	9843.0
20	2224.1666666666665	248.0	10899.0
30	2175.1666666666665	94.0	6965.0
40	2232.6666666666665	211.0	10689.0
50	2312.1666666666665	170.0	10182.0
60	2207.0	136.0	12350.0
70	2858.8333333333335	8.0	8383.0
80	2868.6666666666665	0.0	8052.0
90	2744.1666666666665	0.0	7619.0
100	2846.5	0.0	9596.0
110	2906.3333333333335	0.0	9488.0
120	2383.0	0.0	7914.0
130	2623.3333333333335	0.0	10564.0
140	1900.1666666666667	0.0	8316.0
150	3019.5	0.0	7504.0
160	2770.8333333333335	0.0	7782.0
170	2490.3333333333335	0.0	5437.0
180	3360.0	0.0	6674.0
190	2769.8333333333335	0.0	7989.0
200	3110.5	0.0	8621.0
210	2726.6666666666665	0.0	13605.0
220	2684.5	0.0	8475.0
230	3060.5	0.0	11415.0
240	3131.1666666666665	0.0	7512.0
250	3204.1666666666665	0.0	11512.0
260	2814.5	0.0	13713.0
270	3097.8333333333335	0.0	7257.0
280	3516.5	0.0	10846.0
290	3477.1666666666665	0.0	12005.0
300	3066.1666666666665	0.0	10948.0
310	2508.0	0.0	12153.0
320	3133.0	0.0	11423.0
330	3314.0	0.0	7489.0
340	3604.0	0.0	9143.0
350	3435.0	0.0	11150.0
360	3646.5	0.0	12935.0
370	3087.1666666666665	0.0	10811.0
380	3485.0	0.0	10911.0
390	3688.1666666666665	0.0	9333.0
400	3140.1666666666665	0.0	9937.0
410	3209.0	0.0	11032.0
420	3282.5	0.0	10733.0
430	3515.6666666666665	0.0	10972.0
440	3316.8333333333335	0.0	11385.0
450	3432.5	0.0	10708.0
460	3420.3333333333335	0.0	7912.0
470	3597.6666666666665	0.0	11066.0
480	3451.1666666666665	0.0	11652.0
490	3569.6666666666665	0.0	11472.0
500	3669.3333333333335	0.0	9750.0
510	3323.0	0.0	14807.0
520	3762.8333333333335	0.0	13139.0
530	3497.5	0.0	9300.0
540	3467.8333333333335	0.0	11133.0
550	4164.666666666667	0.0	13337.0
560	3460.5	0.0	13671.0
570	3589.3333333333335	0.0	13078.0
580	3639.3333333333335	0.0	8607.0
590	3814.1666666666665	0.0	9812.0
600	3383.5	0.0	12352.0
610	4050.1666666666665	0.0	10059.0
620	3657.1666666666665	0.0	10429.0
630	3768.5	0.0	8596.0
640	3472.5	0.0	9675.0
650	4020.8333333333335	0.0	10753.0
660	3836.5	0.0	5902.0
670	3910.3333333333335	0.0	11731.0
680	3627.1666666666665	0.0	11238.0
690	4102.833333333333	0.0	9183.0
700	3360.3333333333335	0.0	7615.0
710	3374.8333333333335	0.0	6582.0
720	3729.1666666666665	0.0	12576.0
730	3838.1666666666665	0.0	11641.0
740	3439.1666666666665	0.0	8536.0
750	3609.3333333333335	0.0	8757.0
760	3691.5	0.0	11975.0
770	3622.8333333333335	0.0	8770.0
780	3686.1666666666665	0.0	12730.0
790	3886.5	0.0	9008.0
800	4036.8333333333335	0.0	10919.0
810	3972.8333333333335	0.0	12768.0
820	3975.1666666666665	0.0	8120.0
830	3958.8333333333335	0.0	9100.0
840	3737.8333333333335	0.0	9756.0
850	3737.5	0.0	11547.0
860	3849.5	0.0	12257.0
870	3733.6666666666665	0.0	14587.0
880	4118.166666666667	0.0	9192.0
890	3998.5	0.0	10935.0
900	3639.1666666666665	0.0	8628.0
910	3968.6666666666665	0.0	12036.0
920	3508.1666666666665	0.0	9085.0
930	3940.8333333333335	0.0	10377.0
940	3436.3333333333335	0.0	11380.0
950	3756.6666666666665	0.0	11463.0
960	3597.0	0.0	14033.0
970	3806.8333333333335	0.0	9408.0
980	3737.8333333333335	0.0	11064.0
990	3604.5	0.0	9652.0
1000	3550.8333333333335	0.0	10276.0
