0	251.66666666666666	0.0	0.0
10	1807.6666666666667	122.0	8461.0
20	1764.0	76.0	10162.0
30	2056.1666666666665	304.0	11520.0
40	2309.1666666666665	117.0	9123.0
50	1973.5	136.0	8075.0
60	2408.1666666666665	160.0	9932.0
70	2160.1666666666665	85.0	11449.0
80	1862.0	0.0	11833.0
90	2385.3333333333335	0.0	9073.0
100	2857.1666666666665	0.0	12938.0
110	2577.1666666666665	0.0	6900.0
120	2523.0	0.0	6914.0
130	2625.5	0.0	7746.0
140	2500.3333333333335	0.0	7885.0
150	2576.0	0.0	8019.0
160	2362.6666666666665	0.0	10159.0
170	2632.8333333333335	0.0	10150.0
180	2337.1666666666665	0.0	13717.0
190	2594.0	0.0	9500.0
200	2547.0	0.0	12396.0
210	2895.1666666666665	0.0	7397.0
220	3043.0	0.0	7702.0
230	3296.1666666666665	0.0	11827.0
240	3247.3333333333335	0.0	7801.0
250	3039.1666666666665	0.0	10190.0
260	3127.0	0.0	10803.0
270	3352.8333333333335	0.0	9718.0
280	3028.3333333333335	0.0	9780.0
290	3348.0	0.0	10990.0
300	3272.6666666666665	0.0	9061.0
310	3797.8333333333335	0.0	11894.0
320	2950.6666666666665	0.0	10474.0
330	3167.5	0.0	12280.0
340	3225.1666666666665	0.0	9757.0
350	3608.3333333333335	0.0	11762.0
360	3643.6666666666665	0.0	11870.0
370	3208.1666666666665	0.0	13620.0
380	3329.5	0.0	9494.0
390	3397.5	0.0	8354.0
400	3512.1666666666665	0.0	11526.0
410	3250.1666666666665	0.0	11246.0
420	3394.0	0.0	12376.0
430	3552.1666666666665	0.0	12434.0
440	3058.5	0.0	10879.0
450	3766.1666666666665	0.0	14064.0
460	3245.1666666666665	0.0	10645.0
470	3594.1666666666665	0.0	8879.0
480	3748.3333333333335	0.0	10999.0
490	3192.1666666666665	0.0	12136.0
500	3712.0	0.0	7886.0
510	3787.8333333333335	0.0	10408.0
520	3824.0	0.0	10770.0
530	3468.5	0.0	12009.0
540	3544.8333333333335	0.0	8831.0
550	3469.6666666666665	0.0	7977.0
560	3751.1666666666665	0.0	13854.0
570	3527.8333333333335	0.0	10821.0
580	3767.6666666666665	0.0	8264.0
590	3797.1666666666665	0.0	12279.0
600	3579.1666666666665	0.0	6317.0
610	3799.8333333333335	0.0	8301.0
620	3339.1666666666665	0.0	9332.0
630	3484.6666666666665	0.0	10096.0
640	3468.8333333333335	0.0	11177.0
650	3547.6666666666665	0.0	10937.0
660	3818.1666666666665	0.0	12908.0
670	3742.3333333333335	0.0	12748.0
680	3870.5	0.0	13285.0
690	3827.1666666666665	0.0	14076.0
700	3957.3333333333335	0.0	8794.0
710	3444.5	0.0	9617.0
720	4038.6666666666665	0.0	11145.0
730	3646.3333333333335	0.0	8510.0
740	3920.5	0.0	12477.0
750	3831.6666666666665	0.0	10984.0
760	3909.6666666666665	0.0	11441.0
770	3750.6666666666665	0.0	10387.0
780	3718.6666666666665	0.0	9327.0
790	3857.1666666666665	0.0	12797.0
800	3769.6666666666665	0.0	9603.0
810	3924.5	0.0	9100.0
820	3611.1666666666665	0.0	12032.0
830	3728.1666666666665	0.0	10522.0
840	3583.5	0.0	12175.0
850	3594.0	0.0	10087.0
860	3978.0	0.0	12283.0
870	3933.3333333333335	0.0	9940.0
880	3806.0	0.0	12450.0
890	3813.3333333333335	0.0	9279.0
900	3700.0	0.0	10635.0
910	3726.8333333333335	0.0	10570.0
920	3855.6666666666665	0.0	10512.0
930	3837.6666666666665	0.0	9175.0
940	3755.0	0.0	11756.0
950	3511.1666666666665	0.0	9827.0
960	3208.3333333333335	0.0	8031.0
970	3879.3333333333335	0.0	10835.0
980	3718.1666666666665	0.0	9473.0
990	3704.5	0.0	9866.0
1000	3830.5	0.0	11175.0
