0	265.3333333333333	0.0	0.0	0.0	0.0	0.0	0.0
10	70.0	1000.0	1878.0	894.0	574.0	449.0	426.0
20	70.0	0.0	0.0	0.0	0.0	0.0	0.0
30	70.0	0.0	0.0	0.0	0.0	0.0	0.0
40	70.0	0.0	0.0	0.0	0.0	0.0	0.0
50	71.0	0.0	0.0	0.0	0.0	0.0	0.0
60	106.0	0.0	0.0	0.0	0.0	0.0	0.0
70	131.0	0.0	0.0	0.0	0.0	0.0	0.0
80	122.33333333333333	0.0	0.0	0.0	0.0	0.0	0.0
90	148.33333333333334	0.0	0.0	0.0	0.0	0.0	0.0
100	1381.3333333333333	0.0	0.0	0.0	0.0	0.0	0.0
110	1717.6666666666667	0.0	0.0	0.0	0.0	0.0	0.0
120	1766.0	0.0	0.0	0.0	0.0	0.0	0.0
130	1935.5	0.0	0.0	0.0	0.0	0.0	0.0
140	2125.1666666666665	0.0	0.0	0.0	0.0	0.0	0.0
150	1663.6666666666667	0.0	0.0	0.0	0.0	0.0	0.0
160	2179.6666666666665	0.0	0.0	0.0	0.0	0.0	0.0
170	2343.1666666666665	0.0	0.0	0.0	0.0	0.0	0.0
180	2221.3333333333335	0.0	0.0	0.0	0.0	0.0	0.0
190	2496.6666666666665	0.0	0.0	0.0	0.0	0.0	0.0
200	2324.3333333333335	0.0	0.0	0.0	0.0	0.0	0.0
210	2162.6666666666665	0.0	0.0	0.0	0.0	0.0	0.0
220	2651.5	0.0	0.0	0.0	0.0	0.0	0.0
230	2471.6666666666665	0.0	0.0	0.0	0.0	0.0	0.0
240	2461.8333333333335	0.0	0.0	0.0	0.0	0.0	0.0
250	2408.6666666666665	0.0	0.0	0.0	0.0	0.0	0.0
260	2587.0	0.0	0.0	0.0	0.0	0.0	0.0
270	2507.1666666666665	0.0	0.0	0.0	0.0	0.0	0.0
280	2330.0	0.0	0.0	0.0	0.0	0.0	0.0
290	2415.0	0.0	0.0	0.0	0.0	0.0	0.0
300	2334.6666666666665	0.0	0.0	0.0	0.0	0.0	0.0
310	2371.8333333333335	0.0	0.0	0.0	0.0	0.0	0.0
320	2404.0	0.0	0.0	0.0	0.0	0.0	0.0
330	1862.0	0.0	0.0	0.0	0.0	0.0	0.0
340	1836.0	0.0	0.0	0.0	0.0	0.0	0.0
350	2089.5	0.0	0.0	0.0	0.0	0.0	0.0
360	2026.1666666666667	0.0	0.0	0.0	0.0	0.0	0.0
370	1863.3333333333333	0.0	0.0	0.0	0.0	0.0	0.0
380	2054.0	0.0	0.0	0.0	0.0	0.0	0.0
390	2121.6666666666665	0.0	0.0	0.0	0.0	0.0	0.0
400	1707.6666666666667	0.0	0.0	0.0	0.0	0.0	0.0
410	1801.0	0.0	0.0	0.0	0.0	0.0	0.0
420	1699.6666666666667	0.0	0.0	0.0	0.0	0.0	0.0
430	1251.5	0.0	0.0	0.0	0.0	0.0	0.0
440	1693.3333333333333	0.0	0.0	0.0	0.0	0.0	0.0
450	1872.0	0.0	0.0	0.0	0.0	0.0	0.0
460	1417.0	0.0	0.0	0.0	0.0	0.0	0.0
470	1216.0	0.0	0.0	0.0	0.0	0.0	0.0
480	1133.3333333333333	0.0	0.0	0.0	0.0	0.0	0.0
490	1566.1666666666667	0.0	0.0	0.0	0.0	0.0	0.0
500	1704.6666666666667	0.0	0.0	0.0	0.0	0.0	0.0
510	1464.0	0.0	0.0	0.0	0.0	0.0	0.0
520	2004.0	0.0	0.0	0.0	0.0	0.0	0.0
530	2009.0	0.0	0.0	0.0	0.0	0.0	0.0
540	2147.0	0.0	0.0	0.0	0.0	0.0	0.0
550	2190.8333333333335	0.0	0.0	0.0	0.0	0.0	0.0
560	2057.0	0.0	0.0	0.0	0.0	0.0	0.0
570	1913.0	0.0	0.0	0.0	0.0	0.0	0.0
580	2089.0	0.0	0.0	0.0	0.0	0.0	0.0
590	2370.5	0.0	0.0	0.0	0.0	0.0	0.0
600	2205.5	0.0	0.0	0.0	0.0	0.0	0.0
610	2204.6666666666665	0.0	0.0	0.0	0.0	0.0	0.0
620	2404.3333333333335	0.0	0.0	0.0	0.0	0.0	0.0
630	2452.8333333333335	0.0	0.0	0.0	0.0	0.0	0.0
640	2331.5	0.0	0.0	0.0	0.0	0.0	0.0
650	2398.0	0.0	0.0	0.0	0.0	0.0	0.0
660	2467.6666666666665	0.0	0.0	0.0	0.0	0.0	0.0
670	2402.6666666666665	0.0	0.0	0.0	0.0	0.0	0.0
680	2457.0	0.0	0.0	0.0	0.0	0.0	0.0
690	2197.5	0.0	0.0	0.0	0.0	0.0	0.0
700	2328.6666666666665	0.0	0.0	0.0	0.0	0.0	0.0
710	2475.0	0.0	0.0	0.0	0.0	0.0	0.0
720	2413.6666666666665	0.0	0.0	0.0	0.0	0.0	0.0
730	2512.3333333333335	0.0	0.0	0.0	0.0	0.0	0.0
740	2234.0	0.0	0.0	0.0	0.0	0.0	0.0
750	2463.0	0.0	0.0	0.0	0.0	0.0	0.0
760	2371.0	0.0	0.0	0.0	0.0	0.0	0.0
770	2629.1666666666665	0.0	0.0	0.0	0.0	0.0	0.0
780	2377.3333333333335	0.0	0.0	0.0	0.0	0.0	0.0
790	2497.6666666666665	0.0	0.0	0.0	0.0	0.0	0.0
800	1818.6666666666667	0.0	0.0	0.0	0.0	0.0	0.0
810	2603.1666666666665	0.0	0.0	0.0	0.0	0.0	0.0
820	1956.6666666666667	0.0	0.0	0.0	0.0	0.0	0.0
830	2296.6666666666665	0.0	0.0	0.0	0.0	0.0	0.0
840	2412.6666666666665	0.0	0.0	0.0	0.0	0.0	0.0
850	2801.1666666666665	0.0	0.0	0.0	0.0	0.0	0.0
860	2522.8333333333335	0.0	0.0	0.0	0.0	0.0	0.0
870	2482.0	0.0	0.0	0.0	0.0	0.0	0.0
880	2497.0	0.0	0.0	0.0	0.0	0.0	0.0
890	2419.5	0.0	0.0	0.0	0.0	0.0	0.0
900	1726.8333333333333	0.0	0.0	0.0	0.0	0.0	0.0
910	2316.1666666666665	0.0	0.0	0.0	0.0	0.0	0.0
920	1942.1666666666667	0.0	0.0	0.0	0.0	0.0	0.0
930	2304.6666666666665	0.0	0.0	0.0	0.0	0.0	0.0
940	1897.6666666666667	0.0	0.0	0.0	0.0	0.0	0.0
950	1800.3333333333333	0.0	0.0	0.0	0.0	0.0	0.0
960	1772.0	0.0	0.0	0.0	0.0	0.0	0.0
970	2029.1666666666667	0.0	0.0	0.0	0.0	0.0	0.0
980	1999.5	0.0	0.0	0.0	0.0	0.0	0.0
990	2635.3333333333335	0.0	0.0	0.0	0.0	0.0	0.0
1000	2448.3333333333335	0.0	0.0	0.0	0.0	0.0	0.0
