0	237.33333333333334	0.0	0.0	0.0	0.0	0.0	0.0
10	70.0	1000.0	1830.0	838.0	563.0	371.0	437.0
20	70.0	0.0	0.0	0.0	0.0	0.0	0.0
30	70.0	0.0	0.0	0.0	0.0	0.0	0.0
40	72.33333333333333	0.0	0.0	0.0	0.0	0.0	0.0
50	581.3333333333334	0.0	0.0	0.0	0.0	0.0	0.0
60	81.0	0.0	0.0	0.0	0.0	0.0	0.0
70	771.8333333333334	0.0	0.0	0.0	0.0	0.0	0.0
80	1398.3333333333333	0.0	0.0	0.0	0.0	0.0	0.0
90	1597.0	0.0	0.0	0.0	0.0	0.0	0.0
100	1777.6666666666667	0.0	0.0	0.0	0.0	0.0	0.0
110	1841.6666666666667	0.0	0.0	0.0	0.0	0.0	0.0
120	1800.8333333333333	0.0	0.0	0.0	0.0	0.0	0.0
130	2123.3333333333335	0.0	0.0	0.0	0.0	0.0	0.0
140	2138.0	0.0	0.0	0.0	0.0	0.0	0.0
150	2209.0	0.0	0.0	0.0	0.0	0.0	0.0
160	2327.1666666666665	0.0	0.0	0.0	0.0	0.0	0.0
170	2026.3333333333333	0.0	0.0	0.0	0.0	0.0	0.0
180	2029.6666666666667	0.0	0.0	0.0	0.0	0.0	0.0
190	1907.6666666666667	0.0	0.0	0.0	0.0	0.0	0.0
200	2415.3333333333335	0.0	0.0	0.0	0.0	0.0	0.0
210	2370.8333333333335	0.0	0.0	0.0	0.0	0.0	0.0
220	2372.6666666666665	0.0	0.0	0.0	0.0	0.0	0.0
230	2592.3333333333335	0.0	0.0	0.0	0.0	0.0	0.0
240	2530.1666666666665	0.0	0.0	0.0	0.0	0.0	0.0
250	2466.0	0.0	0.0	0.0	0.0	0.0	0.0
260	1701.3333333333333	0.0	0.0	0.0	0.0	0.0	0.0
270	2446.3333333333335	0.0	0.0	0.0	0.0	0.0	0.0
280	2340.3333333333335	0.0	0.0	0.0	0.0	0.0	0.0
290	822.3333333333334	0.0	0.0	0.0	0.0	0.0	0.0
300	1356.5	0.0	0.0	0.0	0.0	0.0	0.0
310	1815.0	0.0	0.0	0.0	0.0	0.0	0.0
320	1565.5	0.0	0.0	0.0	0.0	0.0	0.0
330	1761.3333333333333	0.0	0.0	0.0	0.0	0.0	0.0
340	1878.6666666666667	0.0	0.0	0.0	0.0	0.0	0.0
350	1857.6666666666667	0.0	0.0	0.0	0.0	0.0	0.0
360	2159.6666666666665	0.0	0.0	0.0	0.0	0.0	0.0
370	1985.3333333333333	0.0	0.0	0.0	0.0	0.0	0.0
380	1741.6666666666667	0.0	0.0	0.0	0.0	0.0	0.0
390	2070.6666666666665	0.0	0.0	0.0	0.0	0.0	0.0
400	2251.8333333333335	0.0	0.0	0.0	0.0	0.0	0.0
410	1836.5	0.0	0.0	0.0	0.0	0.0	0.0
420	1812.0	0.0	0.0	0.0	0.0	0.0	0.0
430	2074.5	0.0	0.0	0.0	0.0	0.0	0.0
440	2129.0	0.0	0.0	0.0	0.0	0.0	0.0
450	1556.0	0.0	0.0	0.0	0.0	0.0	0.0
460	1380.6666666666667	0.0	0.0	0.0	0.0	0.0	0.0
470	1873.8333333333333	0.0	0.0	0.0	0.0	0.0	0.0
480	1884.1666666666667	0.0	0.0	0.0	0.0	0.0	0.0
490	2259.6666666666665	0.0	0.0	0.0	0.0	0.0	0.0
500	1594.6666666666667	0.0	0.0	0.0	0.0	0.0	0.0
510	1730.3333333333333	0.0	0.0	0.0	0.0	0.0	0.0
520	2040.1666666666667	0.0	0.0	0.0	0.0	0.0	0.0
530	1615.3333333333333	0.0	0.0	0.0	0.0	0.0	0.0
540	2094.3333333333335	0.0	0.0	0.0	0.0	0.0	0.0
550	2080.0	0.0	0.0	0.0	0.0	0.0	0.0
560	2231.8333333333335	0.0	0.0	0.0	0.0	0.0	0.0
570	1922.6666666666667	0.0	0.0	0.0	0.0	0.0	0.0
580	1921.6666666666667	0.0	0.0	0.0	0.0	0.0	0.0
590	2531.6666666666665	0.0	0.0	0.0	0.0	0.0	0.0
600	2456.0	0.0	0.0	0.0	0.0	0.0	0.0
610	2477.3333333333335	0.0	0.0	0.0	0.0	0.0	0.0
620	2358.3333333333335	0.0	0.0	0.0	0.0	0.0	0.0
630	2389.6666666666665	0.0	0.0	0.0	0.0	0.0	0.0
640	2283.3333333333335	0.0	0.0	0.0	0.0	0.0	0.0
650	2646.8333333333335	0.0	0.0	0.0	0.0	0.0	0.0
660	2395.6666666666665	0.0	0.0	0.0	0.0	0.0	0.0
670	2480.3333333333335	0.0	0.0	0.0	0.0	0.0	0.0
680	2367.1666666666665	0.0	0.0	0.0	0.0	0.0	0.0
690	2530.6666666666665	0.0	0.0	0.0	0.0	0.0	0.0
700	2290.6666666666665	0.0	0.0	0.0	0.0	0.0	0.0
710	2416.5	0.0	0.0	0.0	0.0	0.0	0.0
720	2484.5	0.0	0.0	0.0	0.0	0.0	0.0
730	2550.0	0.0	0.0	0.0	0.0	0.0	0.0
740	2469.3333333333335	0.0	0.0	0.0	0.0	0.0	0.0
750	2585.3333333333335	0.0	0.0	0.0	0.0	0.0	0.0
760	2611.6666666666665	0.0	0.0	0.0	0.0	0.0	0.0
770	2363.0	0.0	0.0	0.0	0.0	0.0	0.0
780	2429.5	0.0	0.0	0.0	0.0	0.0	0.0
790	2310.0	0.0	0.0	0.0	0.0	0.0	0.0
800	2576.6666666666665	0.0	0.0	0.0	0.0	0.0	0.0
810	2114.6666666666665	0.0	0.0	0.0	0.0	0.0	0.0
820	1859.1666666666667	0.0	0.0	0.0	0.0	0.0	0.0
830	1572.6666666666667	0.0	0.0	0.0	0.0	0.0	0.0
840	2234.0	0.0	0.0	0.0	0.0	0.0	0.0
850	2631.3333333333335	0.0	0.0	0.0	0.0	0.0	0.0
860	2414.0	0.0	0.0	0.0	0.0	0.0	0.0
870	2698.3333333333335	0.0	0.0	0.0	0.0	0.0	0.0
880	2475.6666666666665	0.0	0.0	0.0	0.0	0.0	0.0
890	2317.0	0.0	0.0	0.0	0.0	0.0	0.0
900	2226.8333333333335	0.0	0.0	0.0	0.0	0.0	0.0
910	2704.0	0.0	0.0	0.0	0.0	0.0	0.0
920	2380.0	0.0	0.0	0.0	0.0	0.0	0.0
930	2524.1666666666665	0.0	0.0	0.0	0.0	0.0	0.0
940	1841.0	0.0	0.0	0.0	0.0	0.0	0.0
950	2091.0	0.0	0.0	0.0	0.0	0.0	0.0
960	2510.1666666666665	0.0	0.0	0.0	0.0	0.0	0.0
970	2029.3333333333333	0.0	0.0	0.0	0.0	0.0	0.0
980	2074.0	0.0	0.0	0.0	0.0	0.0	0.0
990	2232.0	0.0	0.0	0.0	0.0	0.0	0.0
1000	2061.3333333333335	0.0	0.0	0.0	0.0	0.0	0.0
