0	257.0	0.0	0.0	0.0	0.0	0.0	0.0
10	70.0	1000.0	2571.0	766.0	545.0	304.0	455.0
20	70.0	0.0	0.0	0.0	0.0	0.0	0.0
30	112.33333333333333	0.0	0.0	0.0	0.0	0.0	0.0
40	1567.6666666666667	0.0	0.0	0.0	0.0	0.0	0.0
50	1393.6666666666667	0.0	0.0	0.0	0.0	0.0	0.0
60	1438.3333333333333	0.0	0.0	0.0	0.0	0.0	0.0
70	1542.3333333333333	0.0	0.0	0.0	0.0	0.0	0.0
80	1866.0	0.0	0.0	0.0	0.0	0.0	0.0
90	2152.6666666666665	0.0	0.0	0.0	0.0	0.0	0.0
100	2079.8333333333335	0.0	0.0	0.0	0.0	0.0	0.0
110	2328.3333333333335	0.0	0.0	0.0	0.0	0.0	0.0
120	2446.0	0.0	0.0	0.0	0.0	0.0	0.0
130	2158.5	0.0	0.0	0.0	0.0	0.0	0.0
140	2508.6666666666665	0.0	0.0	0.0	0.0	0.0	0.0
150	2433.3333333333335	0.0	0.0	0.0	0.0	0.0	0.0
160	2387.3333333333335	0.0	0.0	0.0	0.0	0.0	0.0
170	2442.8333333333335	0.0	0.0	0.0	0.0	0.0	0.0
180	2166.3333333333335	0.0	0.0	0.0	0.0	0.0	0.0
190	2639.1666666666665	0.0	0.0	0.0	0.0	0.0	0.0
200	2196.0	0.0	0.0	0.0	0.0	0.0	0.0
210	2480.3333333333335	0.0	0.0	0.0	0.0	0.0	0.0
220	2433.3333333333335	0.0	0.0	0.0	0.0	0.0	0.0
230	2433.0	0.0	0.0	0.0	0.0	0.0	0.0
240	2369.0	0.0	0.0	0.0	0.0	0.0	0.0
250	2307.3333333333335	0.0	0.0	0.0	0.0	0.0	0.0
260	2420.6666666666665	0.0	0.0	0.0	0.0	0.0	0.0
270	2255.3333333333335	0.0	0.0	0.0	0.0	0.0	0.0
280	1779.0	0.0	0.0	0.0	0.0	0.0	0.0
290	1587.3333333333333	0.0	0.0	0.0	0.0	0.0	0.0
300	1501.0	0.0	0.0	0.0	0.0	0.0	0.0
310	1805.5	0.0	0.0	0.0	0.0	0.0	0.0
320	2440.0	0.0	0.0	0.0	0.0	0.0	0.0
330	1698.0	0.0	0.0	0.0	0.0	0.0	0.0
340	1631.6666666666667	0.0	0.0	0.0	0.0	0.0	0.0
350	1808.5	0.0	0.0	0.0	0.0	0.0	0.0
360	2151.5	0.0	0.0	0.0	0.0	0.0	0.0
370	1299.3333333333333	0.0	0.0	0.0	0.0	0.0	0.0
380	1221.5	0.0	0.0	0.0	0.0	0.0	0.0
390	1245.5	0.0	0.0	0.0	0.0	0.0	0.0
400	1154.0	0.0	0.0	0.0	0.0	0.0	0.0
410	2193.6666666666665	0.0	0.0	0.0	0.0	0.0	0.0
420	1622.8333333333333	0.0	0.0	0.0	0.0	0.0	0.0
430	1830.0	0.0	0.0	0.0	0.0	0.0	0.0
440	1574.6666666666667	0.0	0.0	0.0	0.0	0.0	0.0
450	1366.0	0.0	0.0	0.0	0.0	0.0	0.0
460	1404.0	0.0	0.0	0.0	0.0	0.0	0.0
470	1651.1666666666667	0.0	0.0	0.0	0.0	0.0	0.0
480	2370.6666666666665	0.0	0.0	0.0	0.0	0.0	0.0
490	2194.0	0.0	0.0	0.0	0.0	0.0	0.0
500	2104.1666666666665	0.0	0.0	0.0	0.0	0.0	0.0
510	2215.0	0.0	0.0	0.0	0.0	0.0	0.0
520	1764.8333333333333	0.0	0.0	0.0	0.0	0.0	0.0
530	1725.0	0.0	0.0	0.0	0.0	0.0	0.0
540	2425.3333333333335	0.0	0.0	0.0	0.0	0.0	0.0
550	2430.5	0.0	0.0	0.0	0.0	0.0	0.0
560	2054.0	0.0	0.0	0.0	0.0	0.0	0.0
570	2517.0	0.0	0.0	0.0	0.0	0.0	0.0
580	2592.8333333333335	0.0	0.0	0.0	0.0	0.0	0.0
590	2527.0	0.0	0.0	0.0	0.0	0.0	0.0
600	1801.8333333333333	0.0	0.0	0.0	0.0	0.0	0.0
610	2462.0	0.0	0.0	0.0	0.0	0.0	0.0
620	1870.5	0.0	0.0	0.0	0.0	0.0	0.0
630	1909.3333333333333	0.0	0.0	0.0	0.0	0.0	0.0
640	1859.3333333333333	0.0	0.0	0.0	0.0	0.0	0.0
650	1619.3333333333333	0.0	0.0	0.0	0.0	0.0	0.0
660	1820.6666666666667	0.0	0.0	0.0	0.0	0.0	0.0
670	2115.0	0.0	0.0	0.0	0.0	0.0	0.0
680	1773.1666666666667	0.0	0.0	0.0	0.0	0.0	0.0
690	2149.3333333333335	0.0	0.0	0.0	0.0	0.0	0.0
700	1834.3333333333333	0.0	0.0	0.0	0.0	0.0	0.0
710	2033.6666666666667	0.0	0.0	0.0	0.0	0.0	0.0
720	1679.3333333333333	0.0	0.0	0.0	0.0	0.0	0.0
730	1576.0	0.0	0.0	0.0	0.0	0.0	0.0
740	2197.6666666666665	0.0	0.0	0.0	0.0	0.0	0.0
750	2328.3333333333335	0.0	0.0	0.0	0.0	0.0	0.0
760	2213.3333333333335	0.0	0.0	0.0	0.0	0.0	0.0
770	2388.1666666666665	0.0	0.0	0.0	0.0	0.0	0.0
780	1898.3333333333333	0.0	0.0	0.0	0.0	0.0	0.0
790	1984.1666666666667	0.0	0.0	0.0	0.0	0.0	0.0
800	1872.6666666666667	0.0	0.0	0.0	0.0	0.0	0.0
810	1819.0	0.0	0.0	0.0	0.0	0.0	0.0
820	1899.0	0.0	0.0	0.0	0.0	0.0	0.0
830	1965.3333333333333	0.0	0.0	0.0	0.0	0.0	0.0
840	2519.6666666666665	0.0	0.0	0.0	0.0	0.0	0.0
850	1821.6666666666667	0.0	0.0	0.0	0.0	0.0	0.0
860	2373.6666666666665	0.0	0.0	0.0	0.0	0.0	0.0
870	1920.6666666666667	0.0	0.0	0.0	0.0	0.0	0.0
880	2512.3333333333335	0.0	0.0	0.0	0.0	0.0	0.0
890	2360.6666666666665	0.0	0.0	0.0	0.0	0.0	0.0
900	2604.6666666666665	0.0	0.0	0.0	0.0	0.0	0.0
910	2425.3333333333335	0.0	0.0	0.0	0.0	0.0	0.0
920	2398.0	0.0	0.0	0.0	0.0	0.0	0.0
930	2681.3333333333335	0.0	0.0	0.0	0.0	0.0	0.0
940	2439.3333333333335	0.0	0.0	0.0	0.0	0.0	0.0
950	2555.6666666666665	0.0	0.0	0.0	0.0	0.0	0.0
960	2393.3333333333335	0.0	0.0	0.0	0.0	0.0	0.0
970	2349.6666666666665	0.0	0.0	0.0	0.0	0.0	0.0
980	2483.3333333333335	0.0	0.0	0.0	0.0	0.0	0.0
990	2429.0	0.0	0.0	0.0	0.0	0.0	0.0
1000	2627.0	0.0	0.0	0.0	0.0	0.0	0.0
