0	255.33333333333334	0.0	0.0	0.0	0.0	0.0	0.0
10	70.0	1000.0	1642.0	721.0	527.0	235.0	473.0
20	70.0	0.0	0.0	0.0	0.0	0.0	0.0
30	70.0	0.0	0.0	0.0	0.0	0.0	0.0
40	72.0	0.0	0.0	0.0	0.0	0.0	0.0
50	555.0	0.0	0.0	0.0	0.0	0.0	0.0
60	748.0	0.0	0.0	0.0	0.0	0.0	0.0
70	1477.6666666666667	0.0	0.0	0.0	0.0	0.0	0.0
80	1192.0	0.0	0.0	0.0	0.0	0.0	0.0
90	1691.6666666666667	0.0	0.0	0.0	0.0	0.0	0.0
100	1874.6666666666667	0.0	0.0	0.0	0.0	0.0	0.0
110	1712.3333333333333	0.0	0.0	0.0	0.0	0.0	0.0
120	2024.3333333333333	0.0	0.0	0.0	0.0	0.0	0.0
130	2068.0	0.0	0.0	0.0	0.0	0.0	0.0
140	2153.6666666666665	0.0	0.0	0.0	0.0	0.0	0.0
150	2140.3333333333335	0.0	0.0	0.0	0.0	0.0	0.0
160	2343.5	0.0	0.0	0.0	0.0	0.0	0.0
170	2246.3333333333335	0.0	0.0	0.0	0.0	0.0	0.0
180	2163.6666666666665	0.0	0.0	0.0	0.0	0.0	0.0
190	2325.1666666666665	0.0	0.0	0.0	0.0	0.0	0.0
200	2367.3333333333335	0.0	0.0	0.0	0.0	0.0	0.0
210	2333.0	0.0	0.0	0.0	0.0	0.0	0.0
220	2449.6666666666665	0.0	0.0	0.0	0.0	0.0	0.0
230	2547.1666666666665	0.0	0.0	0.0	0.0	0.0	0.0
240	2315.6666666666665	0.0	0.0	0.0	0.0	0.0	0.0
250	2286.6666666666665	0.0	0.0	0.0	0.0	0.0	0.0
260	2641.5	0.0	0.0	0.0	0.0	0.0	0.0
270	2384.0	0.0	0.0	0.0	0.0	0.0	0.0
280	2285.3333333333335	0.0	0.0	0.0	0.0	0.0	0.0
290	2483.6666666666665	0.0	0.0	0.0	0.0	0.0	0.0
300	2317.3333333333335	0.0	0.0	0.0	0.0	0.0	0.0
310	2520.6666666666665	0.0	0.0	0.0	0.0	0.0	0.0
320	2468.6666666666665	0.0	0.0	0.0	0.0	0.0	0.0
330	2429.5	0.0	0.0	0.0	0.0	0.0	0.0
340	2586.0	0.0	0.0	0.0	0.0	0.0	0.0
350	2614.3333333333335	0.0	0.0	0.0	0.0	0.0	0.0
360	1629.3333333333333	0.0	0.0	0.0	0.0	0.0	0.0
370	1890.3333333333333	0.0	0.0	0.0	0.0	0.0	0.0
380	1952.0	0.0	0.0	0.0	0.0	0.0	0.0
390	2237.1666666666665	0.0	0.0	0.0	0.0	0.0	0.0
400	1734.3333333333333	0.0	0.0	0.0	0.0	0.0	0.0
410	1792.3333333333333	0.0	0.0	0.0	0.0	0.0	0.0
420	2058.0	0.0	0.0	0.0	0.0	0.0	0.0
430	1309.6666666666667	0.0	0.0	0.0	0.0	0.0	0.0
440	1548.6666666666667	0.0	0.0	0.0	0.0	0.0	0.0
450	1779.5	0.0	0.0	0.0	0.0	0.0	0.0
460	2160.0	0.0	0.0	0.0	0.0	0.0	0.0
470	2225.3333333333335	0.0	0.0	0.0	0.0	0.0	0.0
480	1946.6666666666667	0.0	0.0	0.0	0.0	0.0	0.0
490	2083.8333333333335	0.0	0.0	0.0	0.0	0.0	0.0
500	2048.8333333333335	0.0	0.0	0.0	0.0	0.0	0.0
510	1806.1666666666667	0.0	0.0	0.0	0.0	0.0	0.0
520	1948.0	0.0	0.0	0.0	0.0	0.0	0.0
530	2047.6666666666667	0.0	0.0	0.0	0.0	0.0	0.0
540	1877.0	0.0	0.0	0.0	0.0	0.0	0.0
550	2023.3333333333333	0.0	0.0	0.0	0.0	0.0	0.0
560	1631.3333333333333	0.0	0.0	0.0	0.0	0.0	0.0
570	1908.1666666666667	0.0	0.0	0.0	0.0	0.0	0.0
580	1803.6666666666667	0.0	0.0	0.0	0.0	0.0	0.0
590	2126.6666666666665	0.0	0.0	0.0	0.0	0.0	0.0
600	1842.0	0.0	0.0	0.0	0.0	0.0	0.0
610	2338.5	0.0	0.0	0.0	0.0	0.0	0.0
620	1704.1666666666667	0.0	0.0	0.0	0.0	0.0	0.0
630	1640.8333333333333	0.0	0.0	0.0	0.0	0.0	0.0
640	2673.8333333333335	0.0	0.0	0.0	0.0	0.0	0.0
650	2382.0	0.0	0.0	0.0	0.0	0.0	0.0
660	2588.3333333333335	0.0	0.0	0.0	0.0	0.0	0.0
670	1751.8333333333333	0.0	0.0	0.0	0.0	0.0	0.0
680	2454.6666666666665	0.0	0.0	0.0	0.0	0.0	0.0
690	1840.5	0.0	0.0	0.0	0.0	0.0	0.0
700	1759.6666666666667	0.0	0.0	0.0	0.0	0.0	0.0
710	2155.1666666666665	0.0	0.0	0.0	0.0	0.0	0.0
720	1837.8333333333333	0.0	0.0	0.0	0.0	0.0	0.0
730	2033.6666666666667	0.0	0.0	0.0	0.0	0.0	0.0
740	2267.5	0.0	0.0	0.0	0.0	0.0	0.0
750	1869.3333333333333	0.0	0.0	0.0	0.0	0.0	0.0
760	2272.8333333333335	0.0	0.0	0.0	0.0	0.0	0.0
770	2193.0	0.0	0.0	0.0	0.0	0.0	0.0
780	2379.0	0.0	0.0	0.0	0.0	0.0	0.0
790	2267.6666666666665	0.0	0.0	0.0	0.0	0.0	0.0
800	2371.3333333333335	0.0	0.0	0.0	0.0	0.0	0.0
810	2579.1666666666665	0.0	0.0	0.0	0.0	0.0	0.0
820	2339.6666666666665	0.0	0.0	0.0	0.0	0.0	0.0
830	2440.6666666666665	0.0	0.0	0.0	0.0	0.0	0.0
840	2399.6666666666665	0.0	0.0	0.0	0.0	0.0	0.0
850	2281.1666666666665	0.0	0.0	0.0	0.0	0.0	0.0
860	2302.1666666666665	0.0	0.0	0.0	0.0	0.0	0.0
870	2324.3333333333335	0.0	0.0	0.0	0.0	0.0	0.0
880	2354.1666666666665	0.0	0.0	0.0	0.0	0.0	0.0
890	2339.6666666666665	0.0	0.0	0.0	0.0	0.0	0.0
900	2424.5	0.0	0.0	0.0	0.0	0.0	0.0
910	2208.1666666666665	0.0	0.0	0.0	0.0	0.0	0.0
920	2373.8333333333335	0.0	0.0	0.0	0.0	0.0	0.0
930	2357.5	0.0	0.0	0.0	0.0	0.0	0.0
940	2334.6666666666665	0.0	0.0	0.0	0.0	0.0	0.0
950	2532.0	0.0	0.0	0.0	0.0	0.0	0.0
960	2609.0	0.0	0.0	0.0	0.0	0.0	0.0
970	2320.3333333333335	0.0	0.0	0.0	0.0	0.0	0.0
980	2525.6666666666665	0.0	0.0	0.0	0.0	0.0	0.0
990	2433.3333333333335	0.0	0.0	0.0	0.0	0.0	0.0
1000	2310.8333333333335	0.0	0.0	0.0	0.0	0.0	0.0
