0	261.3333333333333	0.0
10	70.0	1000.0
20	70.0	0.0
30	70.0	0.0
40	70.0	0.0
50	70.0	0.0
60	70.0	0.0
70	70.0	0.0
80	70.0	0.0
90	70.0	0.0
100	70.0	0.0
110	70.0	0.0
120	70.0	0.0
130	70.0	0.0
140	70.0	0.0
150	70.0	0.0
160	71.33333333333333	0.0
170	72.66666666666667	0.0
180	76.33333333333333	0.0
190	74.0	0.0
200	71.0	0.0
210	88.33333333333333	0.0
220	134.33333333333334	0.0
230	150.33333333333334	0.0
240	215.33333333333334	0.0
250	185.0	0.0
260	187.66666666666666	0.0
270	129.0	0.0
280	144.0	0.0
290	279.6666666666667	0.0
300	270.0	0.0
310	147.33333333333334	0.0
320	149.0	0.0
330	130.0	0.0
340	148.0	0.0
350	146.33333333333334	0.0
360	164.0	0.0
370	259.3333333333333	0.0
380	214.33333333333334	0.0
390	311.6666666666667	0.0
400	337.0	0.0
410	665.6666666666666	0.0
420	492.6666666666667	0.0
430	820.0	0.0
440	844.6666666666666	0.0
450	1045.0	0.0
460	1805.0	0.0
470	1269.0	0.0
480	1476.5	0.0
490	2068.5	0.0
500	1868.0	0.0
510	1870.0	0.0
520	1848.3333333333333	0.0
530	2193.6666666666665	0.0
540	2064.0	0.0
550	2264.6666666666665	0.0
560	2278.5	0.0
570	2247.0	0.0
580	2121.3333333333335	0.0
590	2293.3333333333335	0.0
600	2534.3333333333335	0.0
610	2058.0	0.0
620	2399.8333333333335	0.0
630	2184.3333333333335	0.0
640	2310.3333333333335	0.0
650	2447.6666666666665	0.0
660	2314.0	0.0
670	2316.1666666666665	0.0
680	2582.8333333333335	0.0
690	2597.3333333333335	0.0
700	2341.6666666666665	0.0
710	2515.3333333333335	0.0
720	2408.0	0.0
730	2640.6666666666665	0.0
740	2367.6666666666665	0.0
750	2525.6666666666665	0.0
760	2448.6666666666665	0.0
770	2561.1666666666665	0.0
780	2476.0	0.0
790	2446.3333333333335	0.0
800	2257.5	0.0
810	2548.6666666666665	0.0
820	2462.5	0.0
830	2550.3333333333335	0.0
840	2502.6666666666665	0.0
850	2565.3333333333335	0.0
860	2613.6666666666665	0.0
870	2728.3333333333335	0.0
880	2527.0	0.0
890	2346.6666666666665	0.0
900	2388.3333333333335	0.0
910	2147.0	0.0
920	2677.3333333333335	0.0
930	2820.8333333333335	0.0
940	1886.0	0.0
950	2133.8333333333335	0.0
960	2015.0	0.0
970	1803.6666666666667	0.0
980	2297.0	0.0
990	2515.0	0.0
1000	2273.6666666666665	0.0
