0	255.33333333333334	0.0
10	93.33333333333333	1000.0
20	70.0	0.0
30	70.0	0.0
40	70.0	0.0
50	70.0	0.0
60	70.0	0.0
70	70.0	0.0
80	70.0	0.0
90	70.0	0.0
100	70.0	0.0
110	70.0	0.0
120	70.0	0.0
130	70.0	0.0
140	70.0	0.0
150	70.0	0.0
160	70.33333333333333	0.0
170	71.0	0.0
180	73.33333333333333	0.0
190	91.66666666666667	0.0
200	93.0	0.0
210	162.33333333333334	0.0
220	316.0	0.0
230	203.0	0.0
240	274.3333333333333	0.0
250	141.0	0.0
260	136.66666666666666	0.0
270	129.0	0.0
280	130.0	0.0
290	146.66666666666666	0.0
300	170.0	0.0
310	244.0	0.0
320	146.0	0.0
330	164.66666666666666	0.0
340	287.3333333333333	0.0
350	716.6666666666666	0.0
360	493.0	0.0
370	730.0	0.0
380	965.3333333333334	0.0
390	1158.3333333333333	0.0
400	1433.6666666666667	0.0
410	1450.0	0.0
420	1318.3333333333333	0.0
430	1574.6666666666667	0.0
440	1509.0	0.0
450	1375.6666666666667	0.0
460	1117.6666666666667	0.0
470	1722.8333333333333	0.0
480	1899.0	0.0
490	2210.5	0.0
500	2316.3333333333335	0.0
510	2264.3333333333335	0.0
520	2460.0	0.0
530	2316.0	0.0
540	2311.3333333333335	0.0
550	2384.0	0.0
560	2165.6666666666665	0.0
570	2209.6666666666665	0.0
580	2408.0	0.0
590	2431.5	0.0
600	2381.0	0.0
610	2386.1666666666665	0.0
620	2346.8333333333335	0.0
630	2566.6666666666665	0.0
640	2391.5	0.0
650	2754.0	0.0
660	2696.6666666666665	0.0
670	2401.6666666666665	0.0
680	2513.0	0.0
690	2361.3333333333335	0.0
700	2597.6666666666665	0.0
710	2521.1666666666665	0.0
720	2945.0	0.0
730	2586.6666666666665	0.0
740	2651.6666666666665	0.0
750	2352.0	0.0
760	2437.3333333333335	0.0
770	2480.0	0.0
780	2550.1666666666665	0.0
790	2726.6666666666665	0.0
800	2532.5	0.0
810	2639.0	0.0
820	2812.1666666666665	0.0
830	2411.6666666666665	0.0
840	2350.0	0.0
850	2613.6666666666665	0.0
860	2537.3333333333335	0.0
870	2533.8333333333335	0.0
880	2287.6666666666665	0.0
890	2508.8333333333335	0.0
900	2681.6666666666665	0.0
910	2692.3333333333335	0.0
920	2541.3333333333335	0.0
930	2532.0	0.0
940	2614.6666666666665	0.0
950	2604.0	0.0
960	2479.5	0.0
970	2562.6666666666665	0.0
980	2674.8333333333335	0.0
990	2574.6666666666665	0.0
1000	2446.8333333333335	0.0
