0	266.0	0.0	0.0
10	2065.0	0.0	8637.0
20	1875.0	189.0	8728.0
30	1807.8333333333333	757.0	10794.0
40	2041.5	54.0	7084.0
50	2030.5	0.0	9452.0
60	1729.8333333333333	0.0	6073.0
70	2113.8333333333335	0.0	11164.0
80	2329.6666666666665	0.0	9662.0
90	2012.8333333333333	0.0	10004.0
100	2056.5	0.0	6824.0
110	2193.3333333333335	0.0	9554.0
120	2128.1666666666665	0.0	10325.0
130	2275.3333333333335	0.0	11075.0
140	2410.1666666666665	0.0	5297.0
150	2357.5	0.0	11230.0
160	2250.6666666666665	0.0	8462.0
170	2307.3333333333335	0.0	9900.0
180	2420.3333333333335	0.0	11233.0
190	2412.6666666666665	0.0	10396.0
200	2434.1666666666665	0.0	8101.0
210	2437.8333333333335	0.0	10822.0
220	2420.1666666666665	0.0	11665.0
230	2470.0	0.0	10509.0
240	2355.3333333333335	0.0	8337.0
250	2415.0	0.0	5008.0
260	2563.8333333333335	0.0	7980.0
270	2369.1666666666665	0.0	8300.0
280	2489.0	0.0	8074.0
290	2594.3333333333335	0.0	7910.0
300	2454.0	0.0	6948.0
310	2501.0	0.0	10695.0
320	2498.3333333333335	0.0	9513.0
330	2290.3333333333335	0.0	7423.0
340	2633.3333333333335	0.0	11616.0
350	2738.0	0.0	7168.0
360	2526.3333333333335	0.0	7886.0
370	2555.5	0.0	9535.0
380	2571.0	0.0	12249.0
390	2600.5	0.0	8417.0
400	2727.6666666666665	0.0	9745.0
410	2883.8333333333335	0.0	12977.0
420	2600.0	0.0	10575.0
430	2544.8333333333335	0.0	9392.0
440	2796.5	0.0	9997.0
450	2794.5	0.0	7910.0
460	2781.0	0.0	10067.0
470	3049.1666666666665	0.0	7760.0
480	3117.5	0.0	11114.0
490	2698.3333333333335	0.0	6914.0
500	2956.0	0.0	9477.0
510	2839.5	0.0	11036.0
520	2893.3333333333335	0.0	9553.0
530	2681.3333333333335	0.0	12478.0
540	2605.0	0.0	9259.0
550	2840.8333333333335	0.0	10177.0
560	2825.1666666666665	0.0	11927.0
570	2931.0	0.0	10864.0
580	2883.6666666666665	0.0	9269.0
590	2761.5	0.0	11869.0
600	3152.8333333333335	0.0	8375.0
610	2864.8333333333335	0.0	10427.0
620	2962.5	0.0	9792.0
630	2771.5	0.0	8402.0
640	3026.3333333333335	0.0	11396.0
650	2880.8333333333335	0.0	10112.0
660	3052.1666666666665	0.0	11227.0
670	2962.3333333333335	0.0	11592.0
680	3057.6666666666665	0.0	10373.0
690	3048.1666666666665	0.0	10173.0
700	2904.8333333333335	0.0	11994.0
710	2593.0	0.0	7114.0
720	3034.3333333333335	0.0	8760.0
730	2781.5	0.0	7140.0
740	2971.1666666666665	0.0	7036.0
750	2874.8333333333335	0.0	12546.0
760	3132.6666666666665	0.0	10611.0
770	2876.6666666666665	0.0	11731.0
780	2893.5	0.0	8275.0
790	3118.1666666666665	0.0	8923.0
800	3159.5	0.0	9160.0
810	3208.6666666666665	0.0	10768.0
820	3106.3333333333335	0.0	11978.0
830	2798.3333333333335	0.0	12353.0
840	3065.5	0.0	9879.0
850	3315.5	0.0	6466.0
860	2724.1666666666665	0.0	8171.0
870	3046.5	0.0	9126.0
880	2916.8333333333335	0.0	10034.0
890	3277.5	0.0	10092.0
900	3097.0	0.0	10689.0
910	3036.6666666666665	0.0	10716.0
920	3021.3333333333335	0.0	11308.0
930	2729.0	0.0	10037.0
940	2887.8333333333335	0.0	8766.0
950	3245.0	0.0	10100.0
960	3042.8333333333335	0.0	13261.0
970	3309.6666666666665	0.0	10132.0
980	3008.1666666666665	0.0	10834.0
990	3530.0	0.0	14485.0
1000	3374.0	0.0	8772.0
