0	220.33333333333334	0.0	0.0
10	1993.3333333333333	0.0	8221.0
20	2021.0	108.0	6923.0
30	1982.0	702.0	11845.0
40	1932.1666666666667	190.0	10107.0
50	1958.1666666666667	0.0	7390.0
60	1824.6666666666667	0.0	9743.0
70	1845.3333333333333	0.0	5770.0
80	1973.5	0.0	6123.0
90	2029.5	0.0	7856.0
100	2181.8333333333335	0.0	9828.0
110	2150.5	0.0	11155.0
120	2269.1666666666665	0.0	8355.0
130	2186.1666666666665	0.0	10742.0
140	2224.8333333333335	0.0	6651.0
150	2197.5	0.0	7403.0
160	2379.0	0.0	11736.0
170	2315.5	0.0	9829.0
180	2439.0	0.0	7315.0
190	2266.3333333333335	0.0	7291.0
200	2384.5	0.0	8199.0
210	2327.6666666666665	0.0	7491.0
220	2450.8333333333335	0.0	11023.0
230	2183.1666666666665	0.0	7833.0
240	2256.6666666666665	0.0	13071.0
250	2230.0	0.0	10744.0
260	2721.6666666666665	0.0	9347.0
270	2557.0	0.0	9712.0
280	2479.6666666666665	0.0	8115.0
290	2807.5	0.0	11226.0
300	2420.6666666666665	0.0	5184.0
310	2450.3333333333335	0.0	12276.0
320	2560.1666666666665	0.0	6588.0
330	2182.5	0.0	10240.0
340	2642.8333333333335	0.0	10504.0
350	2296.1666666666665	0.0	9671.0
360	2513.0	0.0	9083.0
370	2321.1666666666665	0.0	6195.0
380	2811.1666666666665	0.0	9580.0
390	2480.6666666666665	0.0	8031.0
400	2538.5	0.0	8733.0
410	2708.1666666666665	0.0	11575.0
420	2678.1666666666665	0.0	9464.0
430	2924.1666666666665	0.0	14670.0
440	2947.3333333333335	0.0	10038.0
450	2731.0	0.0	7711.0
460	2630.5	0.0	8983.0
470	2572.5	0.0	9070.0
480	2578.3333333333335	0.0	10570.0
490	2568.6666666666665	0.0	13067.0
500	2958.1666666666665	0.0	11574.0
510	2748.6666666666665	0.0	8050.0
520	2599.1666666666665	0.0	10133.0
530	2715.8333333333335	0.0	9915.0
540	2942.1666666666665	0.0	8388.0
550	2729.3333333333335	0.0	8002.0
560	2670.1666666666665	0.0	10110.0
570	2533.3333333333335	0.0	11351.0
580	3002.8333333333335	0.0	9626.0
590	2781.1666666666665	0.0	4830.0
600	2787.3333333333335	0.0	8789.0
610	2623.3333333333335	0.0	12924.0
620	2491.6666666666665	0.0	9671.0
630	2867.8333333333335	0.0	11289.0
640	2849.6666666666665	0.0	11548.0
650	3007.5	0.0	7676.0
660	2783.5	0.0	11574.0
670	2801.5	0.0	8546.0
680	3047.8333333333335	0.0	9470.0
690	2882.3333333333335	0.0	12937.0
700	2771.5	0.0	10514.0
710	3098.3333333333335	0.0	9650.0
720	2944.0	0.0	7184.0
730	2936.3333333333335	0.0	11859.0
740	3076.6666666666665	0.0	10983.0
750	2878.0	0.0	11086.0
760	2850.5	0.0	10634.0
770	2796.1666666666665	0.0	10211.0
780	2966.3333333333335	0.0	8966.0
790	2767.1666666666665	0.0	11186.0
800	2965.5	0.0	11318.0
810	2878.5	0.0	9444.0
820	2950.5	0.0	8372.0
830	2827.1666666666665	0.0	9127.0
840	2918.3333333333335	0.0	11307.0
850	3015.5	0.0	9345.0
860	3375.6666666666665	0.0	10775.0
870	3119.0	0.0	5931.0
880	2963.3333333333335	0.0	7650.0
890	3202.6666666666665	0.0	5923.0
900	3183.6666666666665	0.0	9636.0
910	2924.6666666666665	0.0	10222.0
920	2859.3333333333335	0.0	12400.0
930	3292.5	0.0	10450.0
940	3115.6666666666665	0.0	11753.0
950	3074.6666666666665	0.0	10430.0
960	3397.8333333333335	0.0	9854.0
970	3304.8333333333335	0.0	9559.0
980	3127.3333333333335	0.0	9609.0
990	3272.1666666666665	0.0	12643.0
1000	2897.1666666666665	0.0	9181.0
