0	254.66666666666666	0.0	0.0	0.0	0.0	0.0	0.0
10	2002.1666666666667	1.0	27.0	7.0	0.0	6.0	1.0
20	1994.8333333333333	4.0	53.0	3.0	3.0	2.0	1.0
30	1964.8333333333333	2.0	50.0	3.0	1.0	2.0	1.0
40	2041.3333333333333	7.0	57.0	7.0	6.0	6.0	1.0
50	1977.6666666666667	10.0	17.0	4.0	7.0	1.0	3.0
60	2138.1666666666665	0.0	10.0	2.0	0.0	2.0	0.0
70	2130.6666666666665	11.0	33.0	9.0	8.0	2.0	3.0
80	2379.5	10.0	41.0	2.0	10.0	2.0	0.0
90	2340.6666666666665	12.0	34.0	15.0	11.0	8.0	1.0
100	2509.3333333333335	30.0	107.0	13.0	28.0	9.0	2.0
110	2125.3333333333335	4.0	76.0	4.0	3.0	3.0	1.0
120	2154.3333333333335	2.0	92.0	7.0	0.0	5.0	2.0
130	2539.6666666666665	16.0	60.0	3.0	14.0	1.0	2.0
140	2223.8333333333335	5.0	38.0	3.0	5.0	3.0	0.0
150	2272.6666666666665	14.0	33.0	7.0	11.0	0.0	3.0
160	2412.0	10.0	17.0	4.0	7.0	1.0	3.0
170	2230.8333333333335	17.0	31.0	4.0	17.0	3.0	0.0
180	2414.5	7.0	82.0	4.0	6.0	3.0	1.0
190	2590.8333333333335	8.0	40.0	7.0	8.0	3.0	0.0
200	2377.8333333333335	24.0	65.0	11.0	17.0	4.0	7.0
210	2029.8333333333333	12.0	95.0	15.0	10.0	9.0	2.0
220	2261.0	2.0	16.0	2.0	2.0	1.0	0.0
230	2258.5	6.0	74.0	5.0	4.0	3.0	2.0
240	2498.1666666666665	13.0	46.0	6.0	12.0	4.0	1.0
250	2480.6666666666665	0.0	20.0	3.0	0.0	3.0	0.0
260	2291.6666666666665	16.0	105.0	19.0	11.0	13.0	5.0
270	2386.5	4.0	68.0	6.0	0.0	2.0	4.0
280	2544.5	7.0	21.0	8.0	5.0	2.0	2.0
290	2363.0	4.0	50.0	6.0	3.0	5.0	1.0
300	2675.3333333333335	1.0	55.0	9.0	1.0	9.0	0.0
310	2424.5	0.0	64.0	0.0	0.0	0.0	0.0
320	2669.0	2.0	50.0	3.0	1.0	2.0	1.0
330	2580.8333333333335	0.0	7.0	0.0	0.0	0.0	0.0
340	2439.5	1.0	44.0	1.0	0.0	0.0	1.0
350	2483.0	1.0	31.0	1.0	0.0	0.0	1.0
360	2651.8333333333335	3.0	40.0	4.0	1.0	2.0	2.0
370	2349.1666666666665	2.0	106.0	7.0	2.0	7.0	0.0
380	2069.1666666666665	1.0	30.0	3.0	1.0	3.0	0.0
390	2890.8333333333335	1.0	68.0	5.0	1.0	5.0	0.0
400	2412.3333333333335	22.0	39.0	21.0	2.0	1.0	20.0
410	2651.0	1.0	59.0	7.0	0.0	6.0	1.0
420	2870.0	0.0	0.0	0.0	0.0	0.0	0.0
430	3301.1666666666665	1.0	69.0	5.0	1.0	5.0	0.0
440	2600.8333333333335	14.0	57.0	19.0	1.0	5.0	13.0
450	2803.5	4.0	76.0	7.0	2.0	5.0	2.0
460	2659.0	2.0	26.0	2.0	0.0	0.0	2.0
470	3576.8333333333335	1.0	57.0	3.0	0.0	2.0	1.0
480	3051.8333333333335	0.0	35.0	3.0	0.0	3.0	0.0
490	2696.5	1.0	28.0	1.0	1.0	1.0	0.0
500	2983.1666666666665	1.0	15.0	1.0	0.0	0.0	1.0
510	3024.1666666666665	3.0	97.0	10.0	1.0	8.0	2.0
520	2593.1666666666665	6.0	84.0	7.0	2.0	2.0	4.0
530	3155.5	1.0	14.0	1.0	0.0	0.0	1.0
540	3406.3333333333335	2.0	26.0	8.0	0.0	6.0	2.0
550	3102.0	2.0	106.0	6.0	0.0	4.0	2.0
560	3351.3333333333335	0.0	11.0	0.0	0.0	0.0	0.0
570	2923.1666666666665	3.0	83.0	4.0	0.0	1.0	3.0
580	2579.6666666666665	8.0	31.0	9.0	6.0	4.0	2.0
590	3300.3333333333335	13.0	35.0	19.0	3.0	7.0	10.0
600	3008.5	2.0	44.0	4.0	0.0	2.0	2.0
610	3152.8333333333335	5.0	55.0	7.0	0.0	2.0	5.0
620	3355.8333333333335	5.0	29.0	3.0	2.0	0.0	3.0
630	3322.3333333333335	0.0	5.0	0.0	0.0	0.0	0.0
640	3189.0	0.0	1.0	0.0	0.0	0.0	0.0
650	3306.0	20.0	89.0	23.0	0.0	3.0	20.0
660	3716.6666666666665	2.0	31.0	5.0	0.0	3.0	2.0
670	3741.6666666666665	6.0	4.0	6.0	2.0	0.0	4.0
680	3392.0	1.0	34.0	6.0	0.0	5.0	1.0
690	3569.6666666666665	4.0	92.0	5.0	4.0	5.0	0.0
700	3932.3333333333335	1.0	91.0	3.0	1.0	3.0	0.0
710	3728.3333333333335	0.0	21.0	2.0	0.0	2.0	0.0
720	3507.1666666666665	2.0	32.0	4.0	1.0	3.0	1.0
730	3723.0	0.0	25.0	2.0	0.0	2.0	0.0
740	3904.0	1.0	51.0	0.0	1.0	0.0	0.0
750	3542.5	0.0	12.0	1.0	0.0	1.0	0.0
760	3572.5	0.0	2.0	0.0	0.0	0.0	0.0
770	3751.5	2.0	44.0	2.0	1.0	1.0	1.0
780	3922.1666666666665	1.0	33.0	2.0	0.0	1.0	1.0
790	3305.5	13.0	143.0	7.0	11.0	5.0	2.0
800	3548.3333333333335	0.0	0.0	0.0	0.0	0.0	0.0
810	3478.0	1.0	33.0	1.0	1.0	1.0	0.0
820	3824.8333333333335	1.0	17.0	1.0	0.0	0.0	1.0
830	3871.1666666666665	0.0	11.0	0.0	0.0	0.0	0.0
840	3657.8333333333335	1.0	14.0	7.0	0.0	6.0	1.0
850	3564.3333333333335	0.0	0.0	0.0	0.0	0.0	0.0
860	3503.3333333333335	1.0	34.0	4.0	1.0	4.0	0.0
870	3744.5	1.0	22.0	3.0	0.0	2.0	1.0
880	3744.8333333333335	1.0	16.0	2.0	0.0	1.0	1.0
890	3593.6666666666665	0.0	35.0	1.0	0.0	1.0	0.0
900	4006.3333333333335	0.0	14.0	0.0	0.0	0.0	0.0
910	3664.0	0.0	14.0	1.0	0.0	1.0	0.0
920	3899.3333333333335	0.0	2.0	0.0	0.0	0.0	0.0
930	3850.5	0.0	28.0	1.0	0.0	1.0	0.0
940	3627.3333333333335	0.0	32.0	2.0	0.0	2.0	0.0
950	3912.3333333333335	0.0	24.0	1.0	0.0	1.0	0.0
960	4063.1666666666665	2.0	55.0	3.0	0.0	1.0	2.0
970	3882.1666666666665	1.0	20.0	3.0	0.0	2.0	1.0
980	3856.5	8.0	68.0	3.0	8.0	2.0	0.0
990	3751.5	0.0	11.0	1.0	0.0	1.0	0.0
1000	3383.0	0.0	17.0	1.0	0.0	1.0	0.0
