0	220.33333333333334	0.0	0.0	0.0	0.0	0.0	0.0
10	1943.6666666666667	8.0	35.0	4.0	6.0	1.0	2.0
20	2125.0	8.0	97.0	13.0	5.0	9.0	3.0
30	2199.0	1.0	35.0	4.0	1.0	3.0	0.0
40	2229.6666666666665	2.0	38.0	6.0	1.0	4.0	1.0
50	2153.5	1.0	4.0	1.0	0.0	0.0	1.0
60	1997.1666666666667	0.0	47.0	2.0	0.0	2.0	0.0
70	2430.0	4.0	80.0	6.0	3.0	5.0	1.0
80	2087.5	4.0	43.0	8.0	3.0	7.0	1.0
90	2386.1666666666665	3.0	18.0	2.0	1.0	0.0	2.0
100	2361.3333333333335	10.0	68.0	7.0	6.0	3.0	4.0
110	2145.1666666666665	31.0	138.0	33.0	11.0	5.0	20.0
120	2681.5	0.0	23.0	1.0	0.0	1.0	0.0
130	2556.3333333333335	9.0	32.0	11.0	3.0	5.0	6.0
140	2516.1666666666665	1.0	19.0	1.0	0.0	0.0	1.0
150	2371.5	4.0	27.0	2.0	2.0	0.0	2.0
160	2738.5	7.0	140.0	13.0	3.0	7.0	4.0
170	2776.1666666666665	12.0	101.0	11.0	10.0	9.0	2.0
180	2711.5	2.0	35.0	6.0	1.0	4.0	1.0
190	2572.5	2.0	38.0	2.0	1.0	1.0	1.0
200	2712.8333333333335	17.0	76.0	8.0	14.0	5.0	3.0
210	2797.0	0.0	19.0	0.0	0.0	0.0	0.0
220	2746.5	0.0	41.0	3.0	0.0	3.0	0.0
230	2616.3333333333335	7.0	63.0	9.0	0.0	2.0	7.0
240	2234.3333333333335	2.0	44.0	4.0	0.0	2.0	2.0
250	2459.3333333333335	1.0	40.0	5.0	1.0	4.0	0.0
260	2133.0	3.0	43.0	3.0	1.0	1.0	2.0
270	2794.1666666666665	9.0	58.0	9.0	3.0	3.0	6.0
280	2518.5	1.0	23.0	1.0	0.0	0.0	1.0
290	2527.5	7.0	61.0	7.0	6.0	2.0	1.0
300	2389.6666666666665	5.0	114.0	4.0	2.0	1.0	3.0
310	2669.5	0.0	39.0	2.0	0.0	2.0	0.0
320	2565.6666666666665	0.0	10.0	5.0	0.0	5.0	0.0
330	2690.1666666666665	1.0	8.0	3.0	0.0	2.0	1.0
340	2476.5	15.0	145.0	16.0	12.0	8.0	3.0
350	3067.6666666666665	12.0	79.0	3.0	11.0	1.0	1.0
360	2828.8333333333335	0.0	33.0	1.0	0.0	1.0	0.0
370	3377.1666666666665	1.0	18.0	2.0	0.0	1.0	1.0
380	3503.0	0.0	6.0	0.0	0.0	0.0	0.0
390	3343.1666666666665	1.0	44.0	3.0	1.0	3.0	0.0
400	3658.5	3.0	32.0	6.0	1.0	4.0	2.0
410	3182.6666666666665	1.0	97.0	7.0	0.0	6.0	1.0
420	3426.5	24.0	97.0	28.0	1.0	5.0	23.0
430	3617.8333333333335	0.0	23.0	1.0	0.0	1.0	0.0
440	3172.1666666666665	0.0	7.0	1.0	0.0	1.0	0.0
450	3532.6666666666665	0.0	47.0	5.0	0.0	5.0	0.0
460	3528.6666666666665	0.0	14.0	2.0	0.0	2.0	0.0
470	3275.3333333333335	0.0	41.0	3.0	0.0	3.0	0.0
480	3672.0	0.0	2.0	0.0	0.0	0.0	0.0
490	3684.8333333333335	1.0	4.0	2.0	0.0	1.0	1.0
500	3785.0	0.0	22.0	3.0	0.0	3.0	0.0
510	3802.8333333333335	0.0	63.0	1.0	0.0	1.0	0.0
520	3588.1666666666665	1.0	34.0	2.0	0.0	1.0	1.0
530	3900.6666666666665	1.0	42.0	4.0	0.0	3.0	1.0
540	3722.8333333333335	2.0	63.0	2.0	1.0	1.0	1.0
550	3221.3333333333335	9.0	142.0	7.0	6.0	2.0	3.0
560	3510.8333333333335	0.0	9.0	0.0	0.0	0.0	0.0
570	3524.6666666666665	6.0	47.0	8.0	1.0	3.0	5.0
580	3581.8333333333335	0.0	56.0	2.0	0.0	2.0	0.0
590	3837.8333333333335	1.0	3.0	2.0	1.0	2.0	0.0
600	3752.5	0.0	55.0	1.0	0.0	1.0	0.0
610	3814.5	1.0	30.0	1.0	0.0	0.0	1.0
620	3584.6666666666665	10.0	48.0	7.0	8.0	5.0	2.0
630	3984.8333333333335	1.0	49.0	0.0	1.0	0.0	0.0
640	3469.8333333333335	0.0	23.0	1.0	0.0	1.0	0.0
650	3904.8333333333335	0.0	8.0	1.0	0.0	1.0	0.0
660	3758.3333333333335	2.0	10.0	0.0	2.0	0.0	0.0
670	3950.0	0.0	14.0	0.0	0.0	0.0	0.0
680	3272.8333333333335	0.0	21.0	1.0	0.0	1.0	0.0
690	3894.8333333333335	1.0	23.0	4.0	0.0	3.0	1.0
700	3908.8333333333335	0.0	31.0	3.0	0.0	3.0	0.0
710	3871.1666666666665	1.0	7.0	1.0	1.0	0.0	0.0
720	3897.0	1.0	7.0	1.0	0.0	0.0	1.0
730	3606.0	0.0	2.0	0.0	0.0	0.0	0.0
740	3839.1666666666665	0.0	15.0	2.0	0.0	2.0	0.0
750	3909.3333333333335	4.0	10.0	1.0	3.0	0.0	1.0
760	3786.5	2.0	24.0	3.0	2.0	3.0	0.0
770	3997.6666666666665	0.0	0.0	0.0	0.0	0.0	0.0
780	3873.0	1.0	95.0	5.0	1.0	5.0	0.0
790	3824.3333333333335	2.0	54.0	4.0	1.0	3.0	1.0
800	3608.3333333333335	0.0	6.0	0.0	0.0	0.0	0.0
810	3511.0	0.0	5.0	1.0	0.0	1.0	0.0
820	3982.1666666666665	1.0	71.0	4.0	1.0	4.0	0.0
830	4106.166666666667	0.0	28.0	0.0	0.0	0.0	0.0
840	3809.0	0.0	39.0	3.0	0.0	3.0	0.0
850	3568.6666666666665	0.0	24.0	1.0	0.0	1.0	0.0
860	3936.5	1.0	81.0	4.0	0.0	3.0	1.0
870	3877.3333333333335	0.0	0.0	0.0	0.0	0.0	0.0
880	3961.3333333333335	2.0	4.0	1.0	1.0	0.0	1.0
890	3617.8333333333335	0.0	14.0	0.0	0.0	0.0	0.0
900	4025.5	3.0	36.0	4.0	0.0	1.0	3.0
910	3871.1666666666665	0.0	12.0	0.0	0.0	0.0	0.0
920	3748.3333333333335	0.0	29.0	1.0	0.0	1.0	0.0
930	4031.0	0.0	23.0	5.0	0.0	5.0	0.0
940	3769.8333333333335	1.0	5.0	1.0	0.0	0.0	1.0
950	3991.8333333333335	1.0	17.0	0.0	1.0	0.0	0.0
960	3655.5	0.0	56.0	1.0	0.0	1.0	0.0
970	3917.5	1.0	11.0	2.0	0.0	1.0	1.0
980	3474.0	1.0	13.0	2.0	0.0	1.0	1.0
990	4158.0	1.0	42.0	3.0	0.0	2.0	1.0
1000	3840.0	1.0	90.0	1.0	0.0	0.0	1.0
