0	270.3333333333333	0.0	0.0	0.0	0.0	0.0	0.0
10	1936.3333333333333	1.0	41.0	4.0	1.0	4.0	0.0
20	2000.6666666666667	2.0	46.0	4.0	1.0	3.0	1.0
30	2008.3333333333333	42.0	37.0	40.0	7.0	2.0	35.0
40	2123.3333333333335	2.0	46.0	4.0	0.0	2.0	2.0
50	2006.6666666666667	7.0	26.0	4.0	6.0	3.0	1.0
60	2126.8333333333335	13.0	56.0	1.0	12.0	0.0	1.0
70	2096.8333333333335	3.0	33.0	2.0	3.0	2.0	0.0
80	2116.6666666666665	1.0	38.0	3.0	0.0	2.0	1.0
90	2033.3333333333333	0.0	7.0	1.0	0.0	1.0	0.0
100	2306.6666666666665	1.0	52.0	11.0	1.0	11.0	0.0
110	2192.6666666666665	4.0	9.0	11.0	3.0	9.0	1.0
120	2237.0	2.0	27.0	2.0	1.0	1.0	1.0
130	2150.0	10.0	30.0	8.0	9.0	5.0	1.0
140	2079.5	3.0	68.0	8.0	2.0	6.0	1.0
150	2486.8333333333335	5.0	89.0	2.0	5.0	2.0	0.0
160	2279.3333333333335	18.0	70.0	18.0	6.0	6.0	12.0
170	2372.6666666666665	10.0	117.0	11.0	8.0	9.0	2.0
180	2712.3333333333335	11.0	41.0	12.0	9.0	8.0	2.0
190	2483.8333333333335	1.0	59.0	2.0	0.0	1.0	1.0
200	2754.8333333333335	13.0	99.0	15.0	10.0	12.0	3.0
210	2755.1666666666665	12.0	110.0	8.0	11.0	7.0	1.0
220	2719.0	6.0	99.0	12.0	4.0	10.0	2.0
230	2543.5	5.0	56.0	7.0	0.0	2.0	5.0
240	2235.3333333333335	6.0	67.0	5.0	4.0	3.0	2.0
250	2712.0	5.0	147.0	15.0	2.0	12.0	3.0
260	2011.5	8.0	86.0	10.0	4.0	6.0	4.0
270	2738.6666666666665	0.0	22.0	0.0	0.0	0.0	0.0
280	2333.5	0.0	8.0	0.0	0.0	0.0	0.0
290	2854.1666666666665	11.0	128.0	18.0	8.0	14.0	3.0
300	2341.0	1.0	61.0	4.0	0.0	3.0	1.0
310	2616.1666666666665	3.0	93.0	5.0	2.0	4.0	1.0
320	2472.5	4.0	46.0	5.0	2.0	3.0	2.0
330	2884.0	9.0	56.0	13.0	1.0	5.0	8.0
340	2426.5	9.0	35.0	4.0	8.0	2.0	1.0
350	2883.0	0.0	26.0	3.0	0.0	3.0	0.0
360	2658.6666666666665	2.0	16.0	2.0	2.0	1.0	0.0
370	2673.0	1.0	32.0	2.0	0.0	1.0	1.0
380	2521.6666666666665	2.0	87.0	10.0	0.0	8.0	2.0
390	3052.3333333333335	5.0	79.0	7.0	5.0	5.0	0.0
400	2744.6666666666665	3.0	28.0	3.0	1.0	1.0	2.0
410	3098.0	2.0	67.0	6.0	2.0	5.0	0.0
420	2768.5	0.0	0.0	0.0	0.0	0.0	0.0
430	2781.8333333333335	27.0	19.0	22.0	7.0	1.0	20.0
440	2816.8333333333335	2.0	44.0	3.0	0.0	1.0	2.0
450	2754.1666666666665	2.0	84.0	5.0	1.0	4.0	1.0
460	2627.1666666666665	5.0	79.0	9.0	0.0	4.0	5.0
470	3116.0	3.0	27.0	5.0	1.0	3.0	2.0
480	3083.6666666666665	1.0	54.0	4.0	0.0	3.0	1.0
490	3069.1666666666665	1.0	49.0	3.0	0.0	2.0	1.0
500	2869.5	4.0	21.0	3.0	4.0	3.0	0.0
510	3332.0	1.0	38.0	1.0	1.0	1.0	0.0
520	3290.3333333333335	1.0	59.0	1.0	1.0	1.0	0.0
530	3108.8333333333335	0.0	28.0	2.0	0.0	2.0	0.0
540	3388.6666666666665	6.0	15.0	6.0	5.0	0.0	1.0
550	3432.5	0.0	80.0	8.0	0.0	8.0	0.0
560	3361.3333333333335	1.0	34.0	3.0	0.0	2.0	1.0
570	3538.0	0.0	15.0	3.0	0.0	3.0	0.0
580	2902.0	2.0	40.0	3.0	1.0	2.0	1.0
590	3692.1666666666665	3.0	107.0	6.0	1.0	3.0	2.0
600	3422.6666666666665	3.0	24.0	3.0	0.0	0.0	3.0
610	2984.1666666666665	4.0	88.0	7.0	3.0	5.0	1.0
620	3700.8333333333335	19.0	52.0	19.0	3.0	1.0	16.0
630	3780.6666666666665	2.0	50.0	5.0	0.0	3.0	2.0
640	3793.0	0.0	34.0	5.0	0.0	5.0	0.0
650	3441.6666666666665	2.0	37.0	3.0	0.0	1.0	2.0
660	4023.0	1.0	43.0	3.0	1.0	3.0	0.0
670	3625.6666666666665	0.0	32.0	0.0	0.0	0.0	0.0
680	3913.0	6.0	65.0	9.0	1.0	3.0	5.0
690	3551.8333333333335	1.0	36.0	0.0	1.0	0.0	0.0
700	3636.6666666666665	2.0	57.0	1.0	2.0	1.0	0.0
710	3832.6666666666665	0.0	9.0	1.0	0.0	1.0	0.0
720	3528.6666666666665	1.0	66.0	4.0	0.0	3.0	1.0
730	3576.0	0.0	23.0	3.0	0.0	3.0	0.0
740	3638.6666666666665	4.0	16.0	6.0	0.0	2.0	4.0
750	3695.1666666666665	1.0	76.0	1.0	0.0	0.0	1.0
760	3970.8333333333335	1.0	79.0	3.0	0.0	2.0	1.0
770	3857.0	1.0	43.0	1.0	0.0	0.0	1.0
780	3705.0	0.0	54.0	4.0	0.0	4.0	0.0
790	3890.0	3.0	21.0	3.0	0.0	0.0	3.0
800	3731.6666666666665	7.0	87.0	6.0	4.0	3.0	3.0
810	3979.3333333333335	0.0	0.0	0.0	0.0	0.0	0.0
820	3049.1666666666665	2.0	0.0	2.0	0.0	0.0	2.0
830	4058.5	0.0	8.0	1.0	0.0	1.0	0.0
840	3830.0	0.0	10.0	2.0	0.0	2.0	0.0
850	3882.1666666666665	34.0	34.0	34.0	2.0	2.0	32.0
860	3695.1666666666665	0.0	27.0	0.0	0.0	0.0	0.0
870	3644.5	0.0	98.0	10.0	0.0	10.0	0.0
880	3993.3333333333335	2.0	24.0	2.0	0.0	0.0	2.0
890	3437.1666666666665	0.0	4.0	0.0	0.0	0.0	0.0
900	3809.8333333333335	15.0	145.0	10.0	9.0	4.0	6.0
910	3956.5	0.0	67.0	1.0	0.0	1.0	0.0
920	3281.1666666666665	0.0	5.0	1.0	0.0	1.0	0.0
930	3691.5	1.0	20.0	1.0	0.0	0.0	1.0
940	3837.1666666666665	2.0	9.0	2.0	0.0	0.0	2.0
950	3662.0	5.0	12.0	1.0	4.0	0.0	1.0
960	3610.3333333333335	3.0	20.0	0.0	3.0	0.0	0.0
970	4067.5	3.0	102.0	6.0	3.0	4.0	0.0
980	3947.8333333333335	2.0	91.0	3.0	1.0	2.0	1.0
990	3702.8333333333335	1.0	54.0	2.0	1.0	2.0	0.0
1000	4007.5	0.0	27.0	1.0	0.0	1.0	0.0
