0	270.3333333333333	0.0	0.0	0.0	0.0	0.0	0.0
10	1889.6666666666667	270.0	863.0	257.0	130.0	90.0	140.0
20	2066.1666666666665	244.0	1429.0	234.0	150.0	123.0	94.0
30	1739.1666666666667	239.0	1370.0	195.0	178.0	121.0	61.0
40	1688.1666666666667	247.0	774.0	226.0	118.0	81.0	129.0
50	1975.0	0.0	0.0	0.0	0.0	0.0	0.0
60	2067.3333333333335	0.0	0.0	0.0	0.0	0.0	0.0
70	2087.6666666666665	0.0	0.0	0.0	0.0	0.0	0.0
80	2132.0	0.0	0.0	0.0	0.0	0.0	0.0
90	2059.1666666666665	0.0	0.0	0.0	0.0	0.0	0.0
100	2367.3333333333335	0.0	0.0	0.0	0.0	0.0	0.0
110	2003.1666666666667	0.0	0.0	0.0	0.0	0.0	0.0
120	2220.6666666666665	0.0	0.0	0.0	0.0	0.0	0.0
130	2202.3333333333335	0.0	0.0	0.0	0.0	0.0	0.0
140	2182.6666666666665	0.0	0.0	0.0	0.0	0.0	0.0
150	2026.6666666666667	0.0	0.0	0.0	0.0	0.0	0.0
160	2077.0	0.0	0.0	0.0	0.0	0.0	0.0
170	2443.8333333333335	0.0	0.0	0.0	0.0	0.0	0.0
180	2216.8333333333335	0.0	0.0	0.0	0.0	0.0	0.0
190	2218.0	0.0	0.0	0.0	0.0	0.0	0.0
200	2195.1666666666665	0.0	0.0	0.0	0.0	0.0	0.0
210	2296.3333333333335	0.0	0.0	0.0	0.0	0.0	0.0
220	2109.3333333333335	0.0	0.0	0.0	0.0	0.0	0.0
230	1974.6666666666667	0.0	0.0	0.0	0.0	0.0	0.0
240	2455.1666666666665	0.0	0.0	0.0	0.0	0.0	0.0
250	2293.3333333333335	0.0	0.0	0.0	0.0	0.0	0.0
260	2262.3333333333335	0.0	0.0	0.0	0.0	0.0	0.0
270	2425.6666666666665	0.0	0.0	0.0	0.0	0.0	0.0
280	2286.0	0.0	0.0	0.0	0.0	0.0	0.0
290	2165.8333333333335	0.0	0.0	0.0	0.0	0.0	0.0
300	2510.5	0.0	0.0	0.0	0.0	0.0	0.0
310	2551.8333333333335	0.0	0.0	0.0	0.0	0.0	0.0
320	2462.1666666666665	0.0	0.0	0.0	0.0	0.0	0.0
330	2590.1666666666665	0.0	0.0	0.0	0.0	0.0	0.0
340	2598.3333333333335	0.0	0.0	0.0	0.0	0.0	0.0
350	2415.5	0.0	0.0	0.0	0.0	0.0	0.0
360	2550.1666666666665	0.0	0.0	0.0	0.0	0.0	0.0
370	2545.6666666666665	0.0	0.0	0.0	0.0	0.0	0.0
380	2559.0	0.0	0.0	0.0	0.0	0.0	0.0
390	2531.3333333333335	0.0	0.0	0.0	0.0	0.0	0.0
400	2451.8333333333335	0.0	0.0	0.0	0.0	0.0	0.0
410	2392.6666666666665	0.0	0.0	0.0	0.0	0.0	0.0
420	2538.0	0.0	0.0	0.0	0.0	0.0	0.0
430	2803.1666666666665	0.0	0.0	0.0	0.0	0.0	0.0
440	2689.8333333333335	0.0	0.0	0.0	0.0	0.0	0.0
450	2824.1666666666665	0.0	0.0	0.0	0.0	0.0	0.0
460	2481.6666666666665	0.0	0.0	0.0	0.0	0.0	0.0
470	2486.8333333333335	0.0	0.0	0.0	0.0	0.0	0.0
480	2678.3333333333335	0.0	0.0	0.0	0.0	0.0	0.0
490	2292.0	0.0	0.0	0.0	0.0	0.0	0.0
500	2737.6666666666665	0.0	0.0	0.0	0.0	0.0	0.0
510	2637.1666666666665	0.0	0.0	0.0	0.0	0.0	0.0
520	2685.1666666666665	0.0	0.0	0.0	0.0	0.0	0.0
530	2782.0	0.0	0.0	0.0	0.0	0.0	0.0
540	2635.6666666666665	0.0	0.0	0.0	0.0	0.0	0.0
550	2880.5	0.0	0.0	0.0	0.0	0.0	0.0
560	2472.6666666666665	0.0	0.0	0.0	0.0	0.0	0.0
570	2778.1666666666665	0.0	0.0	0.0	0.0	0.0	0.0
580	2721.5	0.0	0.0	0.0	0.0	0.0	0.0
590	2824.1666666666665	0.0	0.0	0.0	0.0	0.0	0.0
600	2485.3333333333335	0.0	0.0	0.0	0.0	0.0	0.0
610	2516.1666666666665	0.0	0.0	0.0	0.0	0.0	0.0
620	2756.0	0.0	0.0	0.0	0.0	0.0	0.0
630	2796.6666666666665	0.0	0.0	0.0	0.0	0.0	0.0
640	2864.0	0.0	0.0	0.0	0.0	0.0	0.0
650	2868.5	0.0	0.0	0.0	0.0	0.0	0.0
660	2620.5	0.0	0.0	0.0	0.0	0.0	0.0
670	2962.3333333333335	0.0	0.0	0.0	0.0	0.0	0.0
680	2669.5	0.0	0.0	0.0	0.0	0.0	0.0
690	2818.5	0.0	0.0	0.0	0.0	0.0	0.0
700	2859.1666666666665	0.0	0.0	0.0	0.0	0.0	0.0
710	2501.5	0.0	0.0	0.0	0.0	0.0	0.0
720	2786.0	0.0	0.0	0.0	0.0	0.0	0.0
730	2595.0	0.0	0.0	0.0	0.0	0.0	0.0
740	2657.8333333333335	0.0	0.0	0.0	0.0	0.0	0.0
750	3006.5	0.0	0.0	0.0	0.0	0.0	0.0
760	2786.8333333333335	0.0	0.0	0.0	0.0	0.0	0.0
770	2573.0	0.0	0.0	0.0	0.0	0.0	0.0
780	2661.6666666666665	0.0	0.0	0.0	0.0	0.0	0.0
790	2846.0	0.0	0.0	0.0	0.0	0.0	0.0
800	2766.3333333333335	0.0	0.0	0.0	0.0	0.0	0.0
810	2911.6666666666665	0.0	0.0	0.0	0.0	0.0	0.0
820	2761.6666666666665	0.0	0.0	0.0	0.0	0.0	0.0
830	2959.5	0.0	0.0	0.0	0.0	0.0	0.0
840	2965.3333333333335	0.0	0.0	0.0	0.0	0.0	0.0
850	2918.0	0.0	0.0	0.0	0.0	0.0	0.0
860	2848.8333333333335	0.0	0.0	0.0	0.0	0.0	0.0
870	2916.6666666666665	0.0	0.0	0.0	0.0	0.0	0.0
880	3108.6666666666665	0.0	0.0	0.0	0.0	0.0	0.0
890	2679.6666666666665	0.0	0.0	0.0	0.0	0.0	0.0
900	2763.1666666666665	0.0	0.0	0.0	0.0	0.0	0.0
910	2911.5	0.0	0.0	0.0	0.0	0.0	0.0
920	2797.3333333333335	0.0	0.0	0.0	0.0	0.0	0.0
930	2815.3333333333335	0.0	0.0	0.0	0.0	0.0	0.0
940	3028.5	0.0	0.0	0.0	0.0	0.0	0.0
950	2812.3333333333335	0.0	0.0	0.0	0.0	0.0	0.0
960	3132.5	0.0	0.0	0.0	0.0	0.0	0.0
970	2806.5	0.0	0.0	0.0	0.0	0.0	0.0
980	2920.6666666666665	0.0	0.0	0.0	0.0	0.0	0.0
990	3015.3333333333335	0.0	0.0	0.0	0.0	0.0	0.0
1000	3170.6666666666665	0.0	0.0	0.0	0.0	0.0	0.0
