0	274.0	0.0	0.0	0.0	0.0	0.0	0.0
10	2010.3333333333333	235.0	1516.0	192.0	171.0	115.0	64.0
20	1987.8333333333333	397.0	825.0	377.0	179.0	116.0	218.0
30	1915.3333333333333	217.0	964.0	191.0	183.0	112.0	34.0
40	2164.0	151.0	639.0	127.0	82.0	52.0	69.0
50	1972.6666666666667	0.0	0.0	0.0	0.0	0.0	0.0
60	2097.6666666666665	0.0	0.0	0.0	0.0	0.0	0.0
70	2138.6666666666665	0.0	0.0	0.0	0.0	0.0	0.0
80	2170.5	0.0	0.0	0.0	0.0	0.0	0.0
90	2030.6666666666667	0.0	0.0	0.0	0.0	0.0	0.0
100	2308.5	0.0	0.0	0.0	0.0	0.0	0.0
110	2179.0	0.0	0.0	0.0	0.0	0.0	0.0
120	2362.3333333333335	0.0	0.0	0.0	0.0	0.0	0.0
130	2283.3333333333335	0.0	0.0	0.0	0.0	0.0	0.0
140	2391.3333333333335	0.0	0.0	0.0	0.0	0.0	0.0
150	2148.3333333333335	0.0	0.0	0.0	0.0	0.0	0.0
160	2150.6666666666665	0.0	0.0	0.0	0.0	0.0	0.0
170	2307.3333333333335	0.0	0.0	0.0	0.0	0.0	0.0
180	2146.5	0.0	0.0	0.0	0.0	0.0	0.0
190	2291.0	0.0	0.0	0.0	0.0	0.0	0.0
200	2336.3333333333335	0.0	0.0	0.0	0.0	0.0	0.0
210	2203.1666666666665	0.0	0.0	0.0	0.0	0.0	0.0
220	2397.5	0.0	0.0	0.0	0.0	0.0	0.0
230	2482.8333333333335	0.0	0.0	0.0	0.0	0.0	0.0
240	2390.1666666666665	0.0	0.0	0.0	0.0	0.0	0.0
250	2374.1666666666665	0.0	0.0	0.0	0.0	0.0	0.0
260	2392.6666666666665	0.0	0.0	0.0	0.0	0.0	0.0
270	2518.5	0.0	0.0	0.0	0.0	0.0	0.0
280	2256.0	0.0	0.0	0.0	0.0	0.0	0.0
290	2576.8333333333335	0.0	0.0	0.0	0.0	0.0	0.0
300	2269.3333333333335	0.0	0.0	0.0	0.0	0.0	0.0
310	2587.3333333333335	0.0	0.0	0.0	0.0	0.0	0.0
320	2383.6666666666665	0.0	0.0	0.0	0.0	0.0	0.0
330	2481.5	0.0	0.0	0.0	0.0	0.0	0.0
340	2626.5	0.0	0.0	0.0	0.0	0.0	0.0
350	2228.8333333333335	0.0	0.0	0.0	0.0	0.0	0.0
360	2485.8333333333335	0.0	0.0	0.0	0.0	0.0	0.0
370	2599.1666666666665	0.0	0.0	0.0	0.0	0.0	0.0
380	2558.3333333333335	0.0	0.0	0.0	0.0	0.0	0.0
390	2827.6666666666665	0.0	0.0	0.0	0.0	0.0	0.0
400	2697.5	0.0	0.0	0.0	0.0	0.0	0.0
410	2500.5	0.0	0.0	0.0	0.0	0.0	0.0
420	2583.0	0.0	0.0	0.0	0.0	0.0	0.0
430	2492.0	0.0	0.0	0.0	0.0	0.0	0.0
440	2533.6666666666665	0.0	0.0	0.0	0.0	0.0	0.0
450	2581.8333333333335	0.0	0.0	0.0	0.0	0.0	0.0
460	2409.6666666666665	0.0	0.0	0.0	0.0	0.0	0.0
470	2598.0	0.0	0.0	0.0	0.0	0.0	0.0
480	2496.3333333333335	0.0	0.0	0.0	0.0	0.0	0.0
490	2621.8333333333335	0.0	0.0	0.0	0.0	0.0	0.0
500	2599.5	0.0	0.0	0.0	0.0	0.0	0.0
510	2664.5	0.0	0.0	0.0	0.0	0.0	0.0
520	2723.8333333333335	0.0	0.0	0.0	0.0	0.0	0.0
530	2798.8333333333335	0.0	0.0	0.0	0.0	0.0	0.0
540	2802.8333333333335	0.0	0.0	0.0	0.0	0.0	0.0
550	2714.6666666666665	0.0	0.0	0.0	0.0	0.0	0.0
560	2472.6666666666665	0.0	0.0	0.0	0.0	0.0	0.0
570	2627.3333333333335	0.0	0.0	0.0	0.0	0.0	0.0
580	2650.0	0.0	0.0	0.0	0.0	0.0	0.0
590	2694.0	0.0	0.0	0.0	0.0	0.0	0.0
600	2666.8333333333335	0.0	0.0	0.0	0.0	0.0	0.0
610	2869.0	0.0	0.0	0.0	0.0	0.0	0.0
620	2629.0	0.0	0.0	0.0	0.0	0.0	0.0
630	2726.3333333333335	0.0	0.0	0.0	0.0	0.0	0.0
640	2698.1666666666665	0.0	0.0	0.0	0.0	0.0	0.0
650	2600.3333333333335	0.0	0.0	0.0	0.0	0.0	0.0
660	3000.0	0.0	0.0	0.0	0.0	0.0	0.0
670	2731.5	0.0	0.0	0.0	0.0	0.0	0.0
680	2755.0	0.0	0.0	0.0	0.0	0.0	0.0
690	2843.3333333333335	0.0	0.0	0.0	0.0	0.0	0.0
700	2514.3333333333335	0.0	0.0	0.0	0.0	0.0	0.0
710	2999.5	0.0	0.0	0.0	0.0	0.0	0.0
720	2901.5	0.0	0.0	0.0	0.0	0.0	0.0
730	2734.1666666666665	0.0	0.0	0.0	0.0	0.0	0.0
740	2829.5	0.0	0.0	0.0	0.0	0.0	0.0
750	2958.0	0.0	0.0	0.0	0.0	0.0	0.0
760	3060.0	0.0	0.0	0.0	0.0	0.0	0.0
770	2991.1666666666665	0.0	0.0	0.0	0.0	0.0	0.0
780	2966.8333333333335	0.0	0.0	0.0	0.0	0.0	0.0
790	3025.3333333333335	0.0	0.0	0.0	0.0	0.0	0.0
800	3003.1666666666665	0.0	0.0	0.0	0.0	0.0	0.0
810	2852.5	0.0	0.0	0.0	0.0	0.0	0.0
820	3269.3333333333335	0.0	0.0	0.0	0.0	0.0	0.0
830	2692.0	0.0	0.0	0.0	0.0	0.0	0.0
840	2933.5	0.0	0.0	0.0	0.0	0.0	0.0
850	2851.8333333333335	0.0	0.0	0.0	0.0	0.0	0.0
860	3049.6666666666665	0.0	0.0	0.0	0.0	0.0	0.0
870	2803.0	0.0	0.0	0.0	0.0	0.0	0.0
880	2970.1666666666665	0.0	0.0	0.0	0.0	0.0	0.0
890	3067.5	0.0	0.0	0.0	0.0	0.0	0.0
900	3090.1666666666665	0.0	0.0	0.0	0.0	0.0	0.0
910	2985.1666666666665	0.0	0.0	0.0	0.0	0.0	0.0
920	2966.6666666666665	0.0	0.0	0.0	0.0	0.0	0.0
930	2976.8333333333335	0.0	0.0	0.0	0.0	0.0	0.0
940	3148.8333333333335	0.0	0.0	0.0	0.0	0.0	0.0
950	2847.3333333333335	0.0	0.0	0.0	0.0	0.0	0.0
960	2693.5	0.0	0.0	0.0	0.0	0.0	0.0
970	3158.6666666666665	0.0	0.0	0.0	0.0	0.0	0.0
980	2884.5	0.0	0.0	0.0	0.0	0.0	0.0
990	2983.8333333333335	0.0	0.0	0.0	0.0	0.0	0.0
1000	2916.3333333333335	0.0	0.0	0.0	0.0	0.0	0.0
