0	251.0	0.0
10	1898.0	720.0
20	2004.3333333333333	280.0
30	2050.3333333333335	0.0
40	2013.6666666666667	0.0
50	1759.1666666666667	0.0
60	2099.0	0.0
70	2084.0	0.0
80	1976.5	0.0
90	2200.1666666666665	0.0
100	2091.3333333333335	0.0
110	2338.0	0.0
120	2296.8333333333335	0.0
130	2319.8333333333335	0.0
140	2153.0	0.0
150	2118.3333333333335	0.0
160	2194.5	0.0
170	2078.1666666666665	0.0
180	2126.3333333333335	0.0
190	2435.5	0.0
200	2318.5	0.0
210	2317.8333333333335	0.0
220	2174.5	0.0
230	2127.0	0.0
240	2371.8333333333335	0.0
250	2159.1666666666665	0.0
260	2561.6666666666665	0.0
270	2442.1666666666665	0.0
280	2703.6666666666665	0.0
290	2482.6666666666665	0.0
300	2524.8333333333335	0.0
310	2471.8333333333335	0.0
320	2416.1666666666665	0.0
330	2601.8333333333335	0.0
340	2314.5	0.0
350	2567.5	0.0
360	2458.3333333333335	0.0
370	2429.6666666666665	0.0
380	2397.1666666666665	0.0
390	2635.1666666666665	0.0
400	2595.6666666666665	0.0
410	2687.1666666666665	0.0
420	2451.0	0.0
430	2560.3333333333335	0.0
440	2677.6666666666665	0.0
450	2560.8333333333335	0.0
460	2527.6666666666665	0.0
470	2515.5	0.0
480	2717.8333333333335	0.0
490	2844.6666666666665	0.0
500	2398.6666666666665	0.0
510	2686.5	0.0
520	2540.3333333333335	0.0
530	2749.3333333333335	0.0
540	2685.8333333333335	0.0
550	2137.8333333333335	0.0
560	2606.6666666666665	0.0
570	2645.3333333333335	0.0
580	2835.5	0.0
590	2630.5	0.0
600	2959.3333333333335	0.0
610	2649.1666666666665	0.0
620	2723.3333333333335	0.0
630	2753.1666666666665	0.0
640	2357.5	0.0
650	2419.8333333333335	0.0
660	2844.1666666666665	0.0
670	2867.0	0.0
680	2442.6666666666665	0.0
690	2606.8333333333335	0.0
700	2723.6666666666665	0.0
710	2676.1666666666665	0.0
720	2647.3333333333335	0.0
730	2697.6666666666665	0.0
740	2674.3333333333335	0.0
750	2493.0	0.0
760	2790.5	0.0
770	2819.3333333333335	0.0
780	2696.1666666666665	0.0
790	2762.0	0.0
800	2659.3333333333335	0.0
810	2728.5	0.0
820	2877.0	0.0
830	2760.1666666666665	0.0
840	3112.3333333333335	0.0
850	2740.1666666666665	0.0
860	2818.6666666666665	0.0
870	2891.3333333333335	0.0
880	2821.8333333333335	0.0
890	2950.8333333333335	0.0
900	2894.3333333333335	0.0
910	2791.8333333333335	0.0
920	2886.8333333333335	0.0
930	3223.6666666666665	0.0
940	2776.5	0.0
950	2997.8333333333335	0.0
960	2707.5	0.0
970	2848.5	0.0
980	2579.0	0.0
990	2885.8333333333335	0.0
1000	2952.1666666666665	0.0
