0	255.33333333333334	0.0
10	1920.3333333333333	667.0
20	1850.8333333333333	333.0
30	1901.1666666666667	0.0
40	2056.0	0.0
50	2099.3333333333335	0.0
60	2045.6666666666667	0.0
70	2095.1666666666665	0.0
80	2087.5	0.0
90	2269.0	0.0
100	2190.1666666666665	0.0
110	2234.1666666666665	0.0
120	1854.1666666666667	0.0
130	2415.5	0.0
140	2268.6666666666665	0.0
150	2407.1666666666665	0.0
160	2122.3333333333335	0.0
170	2376.5	0.0
180	2480.8333333333335	0.0
190	2449.6666666666665	0.0
200	2120.0	0.0
210	1993.1666666666667	0.0
220	2724.8333333333335	0.0
230	2483.8333333333335	0.0
240	2404.6666666666665	0.0
250	2388.5	0.0
260	2524.3333333333335	0.0
270	2414.1666666666665	0.0
280	2462.1666666666665	0.0
290	2673.5	0.0
300	2477.6666666666665	0.0
310	2622.6666666666665	0.0
320	2405.5	0.0
330	2612.0	0.0
340	2653.8333333333335	0.0
350	2627.0	0.0
360	2780.6666666666665	0.0
370	2526.0	0.0
380	2511.8333333333335	0.0
390	2486.0	0.0
400	2374.0	0.0
410	2673.0	0.0
420	2474.6666666666665	0.0
430	2874.1666666666665	0.0
440	2289.0	0.0
450	2567.6666666666665	0.0
460	2493.5	0.0
470	2666.1666666666665	0.0
480	2730.3333333333335	0.0
490	2710.8333333333335	0.0
500	2483.8333333333335	0.0
510	2689.6666666666665	0.0
520	2580.6666666666665	0.0
530	2737.5	0.0
540	2692.5	0.0
550	2527.8333333333335	0.0
560	2850.5	0.0
570	2740.5	0.0
580	2880.3333333333335	0.0
590	2775.8333333333335	0.0
600	2479.6666666666665	0.0
610	2789.8333333333335	0.0
620	2864.3333333333335	0.0
630	2905.1666666666665	0.0
640	3009.1666666666665	0.0
650	2789.1666666666665	0.0
660	2959.8333333333335	0.0
670	2818.8333333333335	0.0
680	2869.1666666666665	0.0
690	3019.0	0.0
700	2689.5	0.0
710	2939.0	0.0
720	2733.6666666666665	0.0
730	2666.0	0.0
740	3042.1666666666665	0.0
750	2994.8333333333335	0.0
760	3035.0	0.0
770	2933.5	0.0
780	2923.3333333333335	0.0
790	3098.0	0.0
800	2650.5	0.0
810	2928.6666666666665	0.0
820	2855.6666666666665	0.0
830	2998.0	0.0
840	2836.1666666666665	0.0
850	3003.6666666666665	0.0
860	3185.5	0.0
870	3001.5	0.0
880	2838.5	0.0
890	2789.6666666666665	0.0
900	2821.8333333333335	0.0
910	3104.3333333333335	0.0
920	2949.6666666666665	0.0
930	3115.8333333333335	0.0
940	2744.1666666666665	0.0
950	2946.6666666666665	0.0
960	2888.1666666666665	0.0
970	3016.3333333333335	0.0
980	3015.0	0.0
990	2755.0	0.0
1000	3152.6666666666665	0.0
