0	287.6666666666667	0.0	0.0	0.0	0.0	0.0	0.0
10	1717.0	130.0	1305.0	60.0	121.0	49.0	9.0
20	1827.0	271.0	1340.0	115.0	196.0	38.0	75.0
30	1912.3333333333333	208.0	870.0	112.0	126.0	25.0	82.0
40	1634.5	297.0	1765.0	172.0	187.0	61.0	110.0
50	1948.0	94.0	885.0	31.0	90.0	22.0	4.0
60	2070.8333333333335	0.0	0.0	0.0	0.0	0.0	0.0
70	1951.1666666666667	0.0	0.0	0.0	0.0	0.0	0.0
80	2018.1666666666667	0.0	0.0	0.0	0.0	0.0	0.0
90	2133.3333333333335	0.0	0.0	0.0	0.0	0.0	0.0
100	2163.8333333333335	0.0	0.0	0.0	0.0	0.0	0.0
110	2298.1666666666665	0.0	0.0	0.0	0.0	0.0	0.0
120	2392.8333333333335	0.0	0.0	0.0	0.0	0.0	0.0
130	2213.3333333333335	0.0	0.0	0.0	0.0	0.0	0.0
140	2359.3333333333335	0.0	0.0	0.0	0.0	0.0	0.0
150	2473.0	0.0	0.0	0.0	0.0	0.0	0.0
160	2198.3333333333335	0.0	0.0	0.0	0.0	0.0	0.0
170	2260.5	0.0	0.0	0.0	0.0	0.0	0.0
180	2347.1666666666665	0.0	0.0	0.0	0.0	0.0	0.0
190	2284.0	0.0	0.0	0.0	0.0	0.0	0.0
200	2427.1666666666665	0.0	0.0	0.0	0.0	0.0	0.0
210	2406.5	0.0	0.0	0.0	0.0	0.0	0.0
220	2243.5	0.0	0.0	0.0	0.0	0.0	0.0
230	2358.8333333333335	0.0	0.0	0.0	0.0	0.0	0.0
240	2581.3333333333335	0.0	0.0	0.0	0.0	0.0	0.0
250	2763.8333333333335	0.0	0.0	0.0	0.0	0.0	0.0
260	2381.5	0.0	0.0	0.0	0.0	0.0	0.0
270	2498.0	0.0	0.0	0.0	0.0	0.0	0.0
280	2593.1666666666665	0.0	0.0	0.0	0.0	0.0	0.0
290	2662.1666666666665	0.0	0.0	0.0	0.0	0.0	0.0
300	2382.3333333333335	0.0	0.0	0.0	0.0	0.0	0.0
310	2728.1666666666665	0.0	0.0	0.0	0.0	0.0	0.0
320	2521.1666666666665	0.0	0.0	0.0	0.0	0.0	0.0
330	2344.5	0.0	0.0	0.0	0.0	0.0	0.0
340	2566.0	0.0	0.0	0.0	0.0	0.0	0.0
350	2568.5	0.0	0.0	0.0	0.0	0.0	0.0
360	2413.5	0.0	0.0	0.0	0.0	0.0	0.0
370	2747.0	0.0	0.0	0.0	0.0	0.0	0.0
380	2481.5	0.0	0.0	0.0	0.0	0.0	0.0
390	2781.6666666666665	0.0	0.0	0.0	0.0	0.0	0.0
400	2606.5	0.0	0.0	0.0	0.0	0.0	0.0
410	2899.8333333333335	0.0	0.0	0.0	0.0	0.0	0.0
420	2650.8333333333335	0.0	0.0	0.0	0.0	0.0	0.0
430	2584.1666666666665	0.0	0.0	0.0	0.0	0.0	0.0
440	2681.1666666666665	0.0	0.0	0.0	0.0	0.0	0.0
450	2698.3333333333335	0.0	0.0	0.0	0.0	0.0	0.0
460	2894.5	0.0	0.0	0.0	0.0	0.0	0.0
470	2635.0	0.0	0.0	0.0	0.0	0.0	0.0
480	2695.3333333333335	0.0	0.0	0.0	0.0	0.0	0.0
490	2676.5	0.0	0.0	0.0	0.0	0.0	0.0
500	2848.3333333333335	0.0	0.0	0.0	0.0	0.0	0.0
510	2585.6666666666665	0.0	0.0	0.0	0.0	0.0	0.0
520	2811.5	0.0	0.0	0.0	0.0	0.0	0.0
530	2959.0	0.0	0.0	0.0	0.0	0.0	0.0
540	2976.1666666666665	0.0	0.0	0.0	0.0	0.0	0.0
550	2965.3333333333335	0.0	0.0	0.0	0.0	0.0	0.0
560	2808.5	0.0	0.0	0.0	0.0	0.0	0.0
570	2818.6666666666665	0.0	0.0	0.0	0.0	0.0	0.0
580	2884.8333333333335	0.0	0.0	0.0	0.0	0.0	0.0
590	2758.1666666666665	0.0	0.0	0.0	0.0	0.0	0.0
600	2632.0	0.0	0.0	0.0	0.0	0.0	0.0
610	2872.1666666666665	0.0	0.0	0.0	0.0	0.0	0.0
620	2733.8333333333335	0.0	0.0	0.0	0.0	0.0	0.0
630	2929.8333333333335	0.0	0.0	0.0	0.0	0.0	0.0
640	2908.8333333333335	0.0	0.0	0.0	0.0	0.0	0.0
650	3016.5	0.0	0.0	0.0	0.0	0.0	0.0
660	2913.0	0.0	0.0	0.0	0.0	0.0	0.0
670	2900.3333333333335	0.0	0.0	0.0	0.0	0.0	0.0
680	3084.6666666666665	0.0	0.0	0.0	0.0	0.0	0.0
690	3208.3333333333335	0.0	0.0	0.0	0.0	0.0	0.0
700	2717.6666666666665	0.0	0.0	0.0	0.0	0.0	0.0
710	3120.6666666666665	0.0	0.0	0.0	0.0	0.0	0.0
720	2741.5	0.0	0.0	0.0	0.0	0.0	0.0
730	2791.6666666666665	0.0	0.0	0.0	0.0	0.0	0.0
740	2638.3333333333335	0.0	0.0	0.0	0.0	0.0	0.0
750	2783.8333333333335	0.0	0.0	0.0	0.0	0.0	0.0
760	2923.6666666666665	0.0	0.0	0.0	0.0	0.0	0.0
770	2973.1666666666665	0.0	0.0	0.0	0.0	0.0	0.0
780	2831.8333333333335	0.0	0.0	0.0	0.0	0.0	0.0
790	2931.1666666666665	0.0	0.0	0.0	0.0	0.0	0.0
800	2940.0	0.0	0.0	0.0	0.0	0.0	0.0
810	2955.6666666666665	0.0	0.0	0.0	0.0	0.0	0.0
820	2964.8333333333335	0.0	0.0	0.0	0.0	0.0	0.0
830	2702.5	0.0	0.0	0.0	0.0	0.0	0.0
840	3260.1666666666665	0.0	0.0	0.0	0.0	0.0	0.0
850	3346.6666666666665	0.0	0.0	0.0	0.0	0.0	0.0
860	2864.0	0.0	0.0	0.0	0.0	0.0	0.0
870	2935.1666666666665	0.0	0.0	0.0	0.0	0.0	0.0
880	2721.1666666666665	0.0	0.0	0.0	0.0	0.0	0.0
890	2764.6666666666665	0.0	0.0	0.0	0.0	0.0	0.0
900	2894.3333333333335	0.0	0.0	0.0	0.0	0.0	0.0
910	3021.5	0.0	0.0	0.0	0.0	0.0	0.0
920	2848.6666666666665	0.0	0.0	0.0	0.0	0.0	0.0
930	2761.3333333333335	0.0	0.0	0.0	0.0	0.0	0.0
940	3147.3333333333335	0.0	0.0	0.0	0.0	0.0	0.0
950	3225.3333333333335	0.0	0.0	0.0	0.0	0.0	0.0
960	3052.1666666666665	0.0	0.0	0.0	0.0	0.0	0.0
970	3073.6666666666665	0.0	0.0	0.0	0.0	0.0	0.0
980	3282.8333333333335	0.0	0.0	0.0	0.0	0.0	0.0
990	3099.3333333333335	0.0	0.0	0.0	0.0	0.0	0.0
1000	3417.6666666666665	0.0	0.0	0.0	0.0	0.0	0.0
