0	255.33333333333334	0.0	0.0	0.0	0.0	0.0	0.0
10	1865.8333333333333	221.0	1081.0	82.0	175.0	29.0	46.0
20	1685.8333333333333	185.0	1693.0	107.0	153.0	72.0	32.0
30	1715.0	111.0	724.0	48.0	84.0	20.0	27.0
40	1983.5	228.0	1255.0	130.0	151.0	53.0	77.0
50	1907.1666666666667	86.0	832.0	39.0	70.0	20.0	16.0
60	1835.6666666666667	169.0	1056.0	112.0	98.0	40.0	71.0
70	2154.8333333333335	0.0	0.0	0.0	0.0	0.0	0.0
80	1999.6666666666667	0.0	0.0	0.0	0.0	0.0	0.0
90	1616.3333333333333	0.0	0.0	0.0	0.0	0.0	0.0
100	2142.6666666666665	0.0	0.0	0.0	0.0	0.0	0.0
110	2372.8333333333335	0.0	0.0	0.0	0.0	0.0	0.0
120	2184.3333333333335	0.0	0.0	0.0	0.0	0.0	0.0
130	2232.0	0.0	0.0	0.0	0.0	0.0	0.0
140	2382.1666666666665	0.0	0.0	0.0	0.0	0.0	0.0
150	2390.5	0.0	0.0	0.0	0.0	0.0	0.0
160	2432.1666666666665	0.0	0.0	0.0	0.0	0.0	0.0
170	2273.5	0.0	0.0	0.0	0.0	0.0	0.0
180	2454.5	0.0	0.0	0.0	0.0	0.0	0.0
190	2457.1666666666665	0.0	0.0	0.0	0.0	0.0	0.0
200	2423.0	0.0	0.0	0.0	0.0	0.0	0.0
210	2514.6666666666665	0.0	0.0	0.0	0.0	0.0	0.0
220	2564.6666666666665	0.0	0.0	0.0	0.0	0.0	0.0
230	2551.3333333333335	0.0	0.0	0.0	0.0	0.0	0.0
240	2550.3333333333335	0.0	0.0	0.0	0.0	0.0	0.0
250	2516.6666666666665	0.0	0.0	0.0	0.0	0.0	0.0
260	2616.5	0.0	0.0	0.0	0.0	0.0	0.0
270	2448.1666666666665	0.0	0.0	0.0	0.0	0.0	0.0
280	2315.5	0.0	0.0	0.0	0.0	0.0	0.0
290	2734.6666666666665	0.0	0.0	0.0	0.0	0.0	0.0
300	2621.1666666666665	0.0	0.0	0.0	0.0	0.0	0.0
310	2490.8333333333335	0.0	0.0	0.0	0.0	0.0	0.0
320	2558.1666666666665	0.0	0.0	0.0	0.0	0.0	0.0
330	2375.1666666666665	0.0	0.0	0.0	0.0	0.0	0.0
340	2554.6666666666665	0.0	0.0	0.0	0.0	0.0	0.0
350	2390.1666666666665	0.0	0.0	0.0	0.0	0.0	0.0
360	2317.0	0.0	0.0	0.0	0.0	0.0	0.0
370	2561.1666666666665	0.0	0.0	0.0	0.0	0.0	0.0
380	2536.1666666666665	0.0	0.0	0.0	0.0	0.0	0.0
390	2560.8333333333335	0.0	0.0	0.0	0.0	0.0	0.0
400	2497.6666666666665	0.0	0.0	0.0	0.0	0.0	0.0
410	2609.3333333333335	0.0	0.0	0.0	0.0	0.0	0.0
420	2522.3333333333335	0.0	0.0	0.0	0.0	0.0	0.0
430	2643.0	0.0	0.0	0.0	0.0	0.0	0.0
440	2564.6666666666665	0.0	0.0	0.0	0.0	0.0	0.0
450	2685.0	0.0	0.0	0.0	0.0	0.0	0.0
460	2752.0	0.0	0.0	0.0	0.0	0.0	0.0
470	2256.1666666666665	0.0	0.0	0.0	0.0	0.0	0.0
480	2747.0	0.0	0.0	0.0	0.0	0.0	0.0
490	2715.5	0.0	0.0	0.0	0.0	0.0	0.0
500	2708.1666666666665	0.0	0.0	0.0	0.0	0.0	0.0
510	2519.3333333333335	0.0	0.0	0.0	0.0	0.0	0.0
520	2504.3333333333335	0.0	0.0	0.0	0.0	0.0	0.0
530	2595.1666666666665	0.0	0.0	0.0	0.0	0.0	0.0
540	2736.3333333333335	0.0	0.0	0.0	0.0	0.0	0.0
550	2491.5	0.0	0.0	0.0	0.0	0.0	0.0
560	2796.6666666666665	0.0	0.0	0.0	0.0	0.0	0.0
570	2746.5	0.0	0.0	0.0	0.0	0.0	0.0
580	2905.8333333333335	0.0	0.0	0.0	0.0	0.0	0.0
590	2721.5	0.0	0.0	0.0	0.0	0.0	0.0
600	2936.8333333333335	0.0	0.0	0.0	0.0	0.0	0.0
610	2527.1666666666665	0.0	0.0	0.0	0.0	0.0	0.0
620	2722.0	0.0	0.0	0.0	0.0	0.0	0.0
630	2726.6666666666665	0.0	0.0	0.0	0.0	0.0	0.0
640	2874.1666666666665	0.0	0.0	0.0	0.0	0.0	0.0
650	2521.8333333333335	0.0	0.0	0.0	0.0	0.0	0.0
660	2685.0	0.0	0.0	0.0	0.0	0.0	0.0
670	2709.0	0.0	0.0	0.0	0.0	0.0	0.0
680	2666.6666666666665	0.0	0.0	0.0	0.0	0.0	0.0
690	2786.8333333333335	0.0	0.0	0.0	0.0	0.0	0.0
700	2881.0	0.0	0.0	0.0	0.0	0.0	0.0
710	3048.3333333333335	0.0	0.0	0.0	0.0	0.0	0.0
720	3009.3333333333335	0.0	0.0	0.0	0.0	0.0	0.0
730	2880.8333333333335	0.0	0.0	0.0	0.0	0.0	0.0
740	3010.8333333333335	0.0	0.0	0.0	0.0	0.0	0.0
750	2797.3333333333335	0.0	0.0	0.0	0.0	0.0	0.0
760	3071.3333333333335	0.0	0.0	0.0	0.0	0.0	0.0
770	3015.5	0.0	0.0	0.0	0.0	0.0	0.0
780	2939.3333333333335	0.0	0.0	0.0	0.0	0.0	0.0
790	2739.6666666666665	0.0	0.0	0.0	0.0	0.0	0.0
800	3158.3333333333335	0.0	0.0	0.0	0.0	0.0	0.0
810	2945.0	0.0	0.0	0.0	0.0	0.0	0.0
820	2943.5	0.0	0.0	0.0	0.0	0.0	0.0
830	2960.8333333333335	0.0	0.0	0.0	0.0	0.0	0.0
840	2802.1666666666665	0.0	0.0	0.0	0.0	0.0	0.0
850	3002.0	0.0	0.0	0.0	0.0	0.0	0.0
860	2968.5	0.0	0.0	0.0	0.0	0.0	0.0
870	3159.6666666666665	0.0	0.0	0.0	0.0	0.0	0.0
880	2935.1666666666665	0.0	0.0	0.0	0.0	0.0	0.0
890	2668.6666666666665	0.0	0.0	0.0	0.0	0.0	0.0
900	2699.5	0.0	0.0	0.0	0.0	0.0	0.0
910	3156.8333333333335	0.0	0.0	0.0	0.0	0.0	0.0
920	3206.6666666666665	0.0	0.0	0.0	0.0	0.0	0.0
930	3118.8333333333335	0.0	0.0	0.0	0.0	0.0	0.0
940	2908.5	0.0	0.0	0.0	0.0	0.0	0.0
950	3247.3333333333335	0.0	0.0	0.0	0.0	0.0	0.0
960	2905.1666666666665	0.0	0.0	0.0	0.0	0.0	0.0
970	3305.0	0.0	0.0	0.0	0.0	0.0	0.0
980	2778.3333333333335	0.0	0.0	0.0	0.0	0.0	0.0
990	2948.6666666666665	0.0	0.0	0.0	0.0	0.0	0.0
1000	3290.1666666666665	0.0	0.0	0.0	0.0	0.0	0.0
