0	279.3333333333333	0.0	0.0	0.0	0.0	0.0	0.0
10	1813.1666666666667	240.0	1762.0	140.0	181.0	79.0	59.0
20	1845.6666666666667	214.0	847.0	103.0	136.0	25.0	78.0
30	1672.1666666666667	131.0	760.0	74.0	94.0	37.0	37.0
40	1964.6666666666667	155.0	1253.0	78.0	136.0	53.0	19.0
50	1802.6666666666667	260.0	2176.0	149.0	183.0	68.0	77.0
60	1836.6666666666667	0.0	0.0	0.0	0.0	0.0	0.0
70	1916.3333333333333	0.0	0.0	0.0	0.0	0.0	0.0
80	2099.1666666666665	0.0	0.0	0.0	0.0	0.0	0.0
90	2144.3333333333335	0.0	0.0	0.0	0.0	0.0	0.0
100	2303.0	0.0	0.0	0.0	0.0	0.0	0.0
110	2430.8333333333335	0.0	0.0	0.0	0.0	0.0	0.0
120	2061.8333333333335	0.0	0.0	0.0	0.0	0.0	0.0
130	2295.5	0.0	0.0	0.0	0.0	0.0	0.0
140	2119.1666666666665	0.0	0.0	0.0	0.0	0.0	0.0
150	2174.1666666666665	0.0	0.0	0.0	0.0	0.0	0.0
160	2481.3333333333335	0.0	0.0	0.0	0.0	0.0	0.0
170	2491.6666666666665	0.0	0.0	0.0	0.0	0.0	0.0
180	2489.5	0.0	0.0	0.0	0.0	0.0	0.0
190	2511.1666666666665	0.0	0.0	0.0	0.0	0.0	0.0
200	2091.6666666666665	0.0	0.0	0.0	0.0	0.0	0.0
210	2286.8333333333335	0.0	0.0	0.0	0.0	0.0	0.0
220	2407.3333333333335	0.0	0.0	0.0	0.0	0.0	0.0
230	2589.3333333333335	0.0	0.0	0.0	0.0	0.0	0.0
240	2268.0	0.0	0.0	0.0	0.0	0.0	0.0
250	2449.6666666666665	0.0	0.0	0.0	0.0	0.0	0.0
260	2685.6666666666665	0.0	0.0	0.0	0.0	0.0	0.0
270	2390.1666666666665	0.0	0.0	0.0	0.0	0.0	0.0
280	2659.3333333333335	0.0	0.0	0.0	0.0	0.0	0.0
290	2395.8333333333335	0.0	0.0	0.0	0.0	0.0	0.0
300	2582.8333333333335	0.0	0.0	0.0	0.0	0.0	0.0
310	2575.6666666666665	0.0	0.0	0.0	0.0	0.0	0.0
320	2707.6666666666665	0.0	0.0	0.0	0.0	0.0	0.0
330	2658.0	0.0	0.0	0.0	0.0	0.0	0.0
340	2670.8333333333335	0.0	0.0	0.0	0.0	0.0	0.0
350	2707.3333333333335	0.0	0.0	0.0	0.0	0.0	0.0
360	2516.5	0.0	0.0	0.0	0.0	0.0	0.0
370	2734.3333333333335	0.0	0.0	0.0	0.0	0.0	0.0
380	2780.0	0.0	0.0	0.0	0.0	0.0	0.0
390	2867.6666666666665	0.0	0.0	0.0	0.0	0.0	0.0
400	2547.5	0.0	0.0	0.0	0.0	0.0	0.0
410	2500.5	0.0	0.0	0.0	0.0	0.0	0.0
420	2501.6666666666665	0.0	0.0	0.0	0.0	0.0	0.0
430	2546.6666666666665	0.0	0.0	0.0	0.0	0.0	0.0
440	2797.5	0.0	0.0	0.0	0.0	0.0	0.0
450	2614.8333333333335	0.0	0.0	0.0	0.0	0.0	0.0
460	2694.0	0.0	0.0	0.0	0.0	0.0	0.0
470	2803.5	0.0	0.0	0.0	0.0	0.0	0.0
480	2440.3333333333335	0.0	0.0	0.0	0.0	0.0	0.0
490	2271.0	0.0	0.0	0.0	0.0	0.0	0.0
500	2849.1666666666665	0.0	0.0	0.0	0.0	0.0	0.0
510	2754.5	0.0	0.0	0.0	0.0	0.0	0.0
520	2878.1666666666665	0.0	0.0	0.0	0.0	0.0	0.0
530	2578.6666666666665	0.0	0.0	0.0	0.0	0.0	0.0
540	2821.1666666666665	0.0	0.0	0.0	0.0	0.0	0.0
550	3001.5	0.0	0.0	0.0	0.0	0.0	0.0
560	2898.8333333333335	0.0	0.0	0.0	0.0	0.0	0.0
570	2633.6666666666665	0.0	0.0	0.0	0.0	0.0	0.0
580	2766.8333333333335	0.0	0.0	0.0	0.0	0.0	0.0
590	2818.8333333333335	0.0	0.0	0.0	0.0	0.0	0.0
600	3034.0	0.0	0.0	0.0	0.0	0.0	0.0
610	2740.3333333333335	0.0	0.0	0.0	0.0	0.0	0.0
620	2766.3333333333335	0.0	0.0	0.0	0.0	0.0	0.0
630	3069.8333333333335	0.0	0.0	0.0	0.0	0.0	0.0
640	2489.1666666666665	0.0	0.0	0.0	0.0	0.0	0.0
650	2925.1666666666665	0.0	0.0	0.0	0.0	0.0	0.0
660	3064.1666666666665	0.0	0.0	0.0	0.0	0.0	0.0
670	2888.8333333333335	0.0	0.0	0.0	0.0	0.0	0.0
680	3014.3333333333335	0.0	0.0	0.0	0.0	0.0	0.0
690	3062.3333333333335	0.0	0.0	0.0	0.0	0.0	0.0
700	2723.0	0.0	0.0	0.0	0.0	0.0	0.0
710	2935.6666666666665	0.0	0.0	0.0	0.0	0.0	0.0
720	2886.6666666666665	0.0	0.0	0.0	0.0	0.0	0.0
730	2924.6666666666665	0.0	0.0	0.0	0.0	0.0	0.0
740	3060.0	0.0	0.0	0.0	0.0	0.0	0.0
750	2861.6666666666665	0.0	0.0	0.0	0.0	0.0	0.0
760	2987.1666666666665	0.0	0.0	0.0	0.0	0.0	0.0
770	3010.5	0.0	0.0	0.0	0.0	0.0	0.0
780	3178.5	0.0	0.0	0.0	0.0	0.0	0.0
790	3226.8333333333335	0.0	0.0	0.0	0.0	0.0	0.0
800	2989.6666666666665	0.0	0.0	0.0	0.0	0.0	0.0
810	3041.1666666666665	0.0	0.0	0.0	0.0	0.0	0.0
820	2939.5	0.0	0.0	0.0	0.0	0.0	0.0
830	3181.5	0.0	0.0	0.0	0.0	0.0	0.0
840	3312.6666666666665	0.0	0.0	0.0	0.0	0.0	0.0
850	3069.3333333333335	0.0	0.0	0.0	0.0	0.0	0.0
860	2982.5	0.0	0.0	0.0	0.0	0.0	0.0
870	3042.3333333333335	0.0	0.0	0.0	0.0	0.0	0.0
880	3170.6666666666665	0.0	0.0	0.0	0.0	0.0	0.0
890	3146.3333333333335	0.0	0.0	0.0	0.0	0.0	0.0
900	3073.5	0.0	0.0	0.0	0.0	0.0	0.0
910	3002.3333333333335	0.0	0.0	0.0	0.0	0.0	0.0
920	2992.3333333333335	0.0	0.0	0.0	0.0	0.0	0.0
930	2964.0	0.0	0.0	0.0	0.0	0.0	0.0
940	3417.0	0.0	0.0	0.0	0.0	0.0	0.0
950	3113.6666666666665	0.0	0.0	0.0	0.0	0.0	0.0
960	3109.6666666666665	0.0	0.0	0.0	0.0	0.0	0.0
970	2796.1666666666665	0.0	0.0	0.0	0.0	0.0	0.0
980	3286.3333333333335	0.0	0.0	0.0	0.0	0.0	0.0
990	2916.0	0.0	0.0	0.0	0.0	0.0	0.0
1000	3281.3333333333335	0.0	0.0	0.0	0.0	0.0	0.0
