0	227.0	0.0	0.0	0.0	0.0	0.0	0.0
10	70.0	0.0	0.0	0.0	0.0	0.0	0.0
20	70.0	0.0	0.0	0.0	0.0	0.0	0.0
30	70.0	0.0	1.0	0.0	0.0	0.0	0.0
40	70.0	0.0	1.0	0.0	0.0	0.0	0.0
50	70.0	0.0	0.0	0.0	0.0	0.0	0.0
60	70.0	0.0	1.0	0.0	0.0	0.0	0.0
70	70.0	0.0	0.0	0.0	0.0	0.0	0.0
80	70.0	0.0	0.0	0.0	0.0	0.0	0.0
90	70.0	0.0	0.0	0.0	0.0	0.0	0.0
100	70.0	0.0	0.0	0.0	0.0	0.0	0.0
110	70.0	0.0	3.0	0.0	0.0	0.0	0.0
120	70.0	0.0	0.0	0.0	0.0	0.0	0.0
130	70.0	0.0	0.0	0.0	0.0	0.0	0.0
140	70.0	0.0	0.0	0.0	0.0	0.0	0.0
150	70.0	0.0	0.0	0.0	0.0	0.0	0.0
160	70.0	0.0	0.0	0.0	0.0	0.0	0.0
170	70.0	0.0	1.0	0.0	0.0	0.0	0.0
180	70.0	0.0	0.0	0.0	0.0	0.0	0.0
190	70.0	0.0	0.0	0.0	0.0	0.0	0.0
200	72.33333333333333	0.0	0.0	0.0	0.0	0.0	0.0
210	72.33333333333333	0.0	3.0	0.0	0.0	0.0	0.0
220	76.66666666666667	0.0	0.0	0.0	0.0	0.0	0.0
230	152.33333333333334	0.0	0.0	0.0	0.0	0.0	0.0
240	119.66666666666667	1.0	1.0	0.0	1.0	0.0	0.0
250	142.33333333333334	0.0	31.0	0.0	0.0	0.0	0.0
260	173.0	0.0	0.0	0.0	0.0	0.0	0.0
270	138.66666666666666	1.0	13.0	0.0	1.0	0.0	0.0
280	165.66666666666666	0.0	0.0	0.0	0.0	0.0	0.0
290	154.66666666666666	0.0	0.0	0.0	0.0	0.0	0.0
300	186.66666666666666	21.0	16.0	19.0	3.0	1.0	18.0
310	168.33333333333334	14.0	0.0	14.0	0.0	0.0	14.0
320	130.0	0.0	0.0	0.0	0.0	0.0	0.0
330	130.0	0.0	0.0	1.0	0.0	1.0	0.0
340	130.0	0.0	7.0	0.0	0.0	0.0	0.0
350	152.0	0.0	1.0	0.0	0.0	0.0	0.0
360	194.0	2.0	123.0	5.0	0.0	3.0	2.0
370	161.0	3.0	39.0	3.0	1.0	1.0	2.0
380	310.0	0.0	27.0	1.0	0.0	1.0	0.0
390	495.6666666666667	0.0	61.0	3.0	0.0	3.0	0.0
400	571.3333333333334	10.0	80.0	9.0	2.0	1.0	8.0
410	822.0	2.0	56.0	2.0	2.0	2.0	0.0
420	942.6666666666666	0.0	25.0	1.0	0.0	1.0	0.0
430	931.0	3.0	75.0	4.0	2.0	2.0	1.0
440	733.3333333333334	1.0	17.0	0.0	1.0	0.0	0.0
450	1137.3333333333333	5.0	111.0	8.0	0.0	3.0	5.0
460	1415.6666666666667	1.0	83.0	5.0	1.0	5.0	0.0
470	1303.3333333333333	2.0	71.0	2.0	1.0	1.0	1.0
480	1427.0	0.0	18.0	1.0	0.0	1.0	0.0
490	1248.6666666666667	1.0	28.0	1.0	0.0	0.0	1.0
500	1768.0	6.0	66.0	7.0	0.0	1.0	6.0
510	1634.3333333333333	0.0	162.0	5.0	0.0	5.0	0.0
520	1581.3333333333333	4.0	57.0	5.0	1.0	2.0	3.0
530	2025.0	1.0	118.0	2.0	1.0	2.0	0.0
540	2047.6666666666667	3.0	204.0	4.0	2.0	3.0	1.0
550	1764.6666666666667	4.0	157.0	6.0	1.0	3.0	3.0
560	1878.0	1.0	290.0	3.0	0.0	2.0	1.0
570	2419.6666666666665	0.0	67.0	1.0	0.0	1.0	0.0
580	1838.0	3.0	19.0	2.0	1.0	0.0	2.0
590	1729.6666666666667	1.0	159.0	3.0	1.0	3.0	0.0
600	2161.0	2.0	77.0	4.0	0.0	2.0	2.0
610	2134.0	0.0	7.0	0.0	0.0	0.0	0.0
620	2409.1666666666665	2.0	68.0	1.0	1.0	0.0	1.0
630	2422.3333333333335	0.0	72.0	2.0	0.0	2.0	0.0
640	2439.3333333333335	7.0	115.0	8.0	1.0	2.0	6.0
650	2194.0	0.0	25.0	2.0	0.0	2.0	0.0
660	2256.0	2.0	97.0	7.0	0.0	5.0	2.0
670	2404.6666666666665	1.0	42.0	2.0	0.0	1.0	1.0
680	2311.6666666666665	0.0	33.0	0.0	0.0	0.0	0.0
690	2443.0	1.0	50.0	2.0	0.0	1.0	1.0
700	2384.3333333333335	5.0	42.0	4.0	3.0	2.0	2.0
710	2424.1666666666665	0.0	77.0	1.0	0.0	1.0	0.0
720	2391.5	1.0	110.0	4.0	0.0	3.0	1.0
730	2340.5	0.0	41.0	0.0	0.0	0.0	0.0
740	2589.3333333333335	1.0	59.0	2.0	0.0	1.0	1.0
750	2277.6666666666665	1.0	93.0	3.0	0.0	2.0	1.0
760	2645.0	1.0	102.0	3.0	0.0	2.0	1.0
770	1851.6666666666667	2.0	55.0	2.0	1.0	1.0	1.0
780	2869.8333333333335	1.0	48.0	2.0	1.0	2.0	0.0
790	2434.3333333333335	4.0	111.0	5.0	1.0	2.0	3.0
800	2720.3333333333335	6.0	24.0	7.0	0.0	1.0	6.0
810	2603.8333333333335	4.0	51.0	7.0	0.0	3.0	4.0
820	2467.3333333333335	3.0	135.0	5.0	0.0	2.0	3.0
830	2615.1666666666665	3.0	69.0	6.0	0.0	3.0	3.0
840	2620.0	1.0	48.0	3.0	0.0	2.0	1.0
850	2676.5	5.0	91.0	8.0	0.0	3.0	5.0
860	2747.5	1.0	29.0	4.0	0.0	3.0	1.0
870	2592.0	1.0	90.0	2.0	0.0	1.0	1.0
880	2611.5	0.0	23.0	1.0	0.0	1.0	0.0
890	2826.6666666666665	3.0	131.0	5.0	0.0	2.0	3.0
900	2613.6666666666665	1.0	154.0	7.0	0.0	6.0	1.0
910	2722.5	3.0	75.0	3.0	0.0	0.0	3.0
920	2570.6666666666665	1.0	193.0	8.0	0.0	7.0	1.0
930	2720.6666666666665	1.0	71.0	4.0	0.0	3.0	1.0
940	2143.3333333333335	2.0	154.0	8.0	0.0	6.0	2.0
950	2662.3333333333335	1.0	104.0	3.0	0.0	2.0	1.0
960	2340.1666666666665	0.0	82.0	0.0	0.0	0.0	0.0
970	2027.6666666666667	1.0	109.0	5.0	0.0	4.0	1.0
980	2114.6666666666665	2.0	155.0	6.0	0.0	4.0	2.0
990	2310.5	3.0	89.0	4.0	0.0	1.0	3.0
1000	2878.3333333333335	0.0	48.0	3.0	0.0	3.0	0.0
