0	255.33333333333334	0.0	0.0	0.0	0.0	0.0	0.0
10	70.0	0.0	0.0	0.0	0.0	0.0	0.0
20	70.0	0.0	0.0	0.0	0.0	0.0	0.0
30	70.0	0.0	0.0	1.0	0.0	1.0	0.0
40	70.0	0.0	0.0	0.0	0.0	0.0	0.0
50	70.0	0.0	0.0	0.0	0.0	0.0	0.0
60	70.0	0.0	0.0	0.0	0.0	0.0	0.0
70	70.0	0.0	0.0	0.0	0.0	0.0	0.0
80	70.0	0.0	0.0	0.0	0.0	0.0	0.0
90	70.0	0.0	1.0	0.0	0.0	0.0	0.0
100	70.0	0.0	0.0	0.0	0.0	0.0	0.0
110	70.0	0.0	0.0	0.0	0.0	0.0	0.0
120	70.0	0.0	0.0	0.0	0.0	0.0	0.0
130	70.0	0.0	0.0	0.0	0.0	0.0	0.0
140	70.0	0.0	0.0	0.0	0.0	0.0	0.0
150	70.0	0.0	0.0	0.0	0.0	0.0	0.0
160	70.0	0.0	1.0	0.0	0.0	0.0	0.0
170	70.0	0.0	0.0	0.0	0.0	0.0	0.0
180	70.0	0.0	0.0	0.0	0.0	0.0	0.0
190	70.66666666666667	0.0	0.0	0.0	0.0	0.0	0.0
200	70.0	0.0	0.0	0.0	0.0	0.0	0.0
210	70.33333333333333	0.0	0.0	0.0	0.0	0.0	0.0
220	72.33333333333333	0.0	0.0	0.0	0.0	0.0	0.0
230	91.33333333333333	0.0	0.0	0.0	0.0	0.0	0.0
240	72.66666666666667	0.0	0.0	0.0	0.0	0.0	0.0
250	135.33333333333334	0.0	0.0	0.0	0.0	0.0	0.0
260	150.0	0.0	2.0	0.0	0.0	0.0	0.0
270	273.6666666666667	1.0	5.0	0.0	1.0	0.0	0.0
280	229.66666666666666	0.0	0.0	0.0	0.0	0.0	0.0
290	271.6666666666667	1.0	3.0	0.0	1.0	0.0	0.0
300	155.33333333333334	1.0	9.0	0.0	1.0	0.0	0.0
310	171.0	0.0	0.0	0.0	0.0	0.0	0.0
320	145.66666666666666	0.0	24.0	0.0	0.0	0.0	0.0
330	138.0	0.0	0.0	0.0	0.0	0.0	0.0
340	130.0	0.0	0.0	0.0	0.0	0.0	0.0
350	147.33333333333334	0.0	15.0	0.0	0.0	0.0	0.0
360	145.66666666666666	0.0	0.0	0.0	0.0	0.0	0.0
370	183.0	0.0	0.0	0.0	0.0	0.0	0.0
380	154.66666666666666	5.0	14.0	5.0	0.0	0.0	5.0
390	171.33333333333334	0.0	13.0	0.0	0.0	0.0	0.0
400	146.33333333333334	0.0	13.0	1.0	0.0	1.0	0.0
410	248.33333333333334	0.0	0.0	0.0	0.0	0.0	0.0
420	291.3333333333333	0.0	0.0	0.0	0.0	0.0	0.0
430	443.3333333333333	0.0	28.0	2.0	0.0	2.0	0.0
440	379.3333333333333	0.0	0.0	0.0	0.0	0.0	0.0
450	764.6666666666666	2.0	66.0	5.0	1.0	4.0	1.0
460	900.0	0.0	47.0	1.0	0.0	1.0	0.0
470	1196.6666666666667	0.0	6.0	0.0	0.0	0.0	0.0
480	1134.3333333333333	1.0	150.0	4.0	1.0	4.0	0.0
490	1419.6666666666667	14.0	13.0	13.0	2.0	1.0	12.0
500	1199.0	0.0	79.0	2.0	0.0	2.0	0.0
510	1089.6666666666667	1.0	60.0	2.0	0.0	1.0	1.0
520	1598.3333333333333	0.0	18.0	1.0	0.0	1.0	0.0
530	1699.0	2.0	66.0	3.0	1.0	2.0	1.0
540	1979.3333333333333	2.0	132.0	7.0	0.0	5.0	2.0
550	2036.6666666666667	5.0	235.0	9.0	1.0	5.0	4.0
560	2273.6666666666665	16.0	171.0	22.0	1.0	7.0	15.0
570	2288.3333333333335	12.0	74.0	14.0	0.0	2.0	12.0
580	1639.3333333333333	6.0	106.0	9.0	1.0	4.0	5.0
590	1943.6666666666667	8.0	167.0	12.0	2.0	6.0	6.0
600	2347.5	0.0	80.0	1.0	0.0	1.0	0.0
610	2091.8333333333335	3.0	93.0	6.0	1.0	4.0	2.0
620	1660.6666666666667	1.0	77.0	2.0	1.0	2.0	0.0
630	1987.3333333333333	1.0	92.0	4.0	0.0	3.0	1.0
640	1991.0	4.0	87.0	5.0	2.0	3.0	2.0
650	2463.5	3.0	246.0	6.0	0.0	3.0	3.0
660	2462.6666666666665	1.0	116.0	3.0	0.0	2.0	1.0
670	2538.0	3.0	88.0	5.0	1.0	3.0	2.0
680	2252.5	0.0	160.0	6.0	0.0	6.0	0.0
690	2168.3333333333335	1.0	55.0	1.0	0.0	0.0	1.0
700	2151.3333333333335	2.0	143.0	6.0	1.0	5.0	1.0
710	2728.3333333333335	2.0	119.0	3.0	1.0	1.0	1.0
720	2398.5	53.0	103.0	55.0	1.0	3.0	52.0
730	2613.0	3.0	139.0	7.0	0.0	4.0	3.0
740	2141.8333333333335	1.0	32.0	1.0	0.0	0.0	1.0
750	2706.8333333333335	1.0	74.0	5.0	0.0	4.0	1.0
760	2548.1666666666665	1.0	80.0	2.0	0.0	1.0	1.0
770	2415.6666666666665	2.0	77.0	4.0	1.0	3.0	1.0
780	2546.3333333333335	1.0	113.0	3.0	0.0	2.0	1.0
790	2602.6666666666665	2.0	86.0	3.0	1.0	2.0	1.0
800	2505.6666666666665	6.0	164.0	7.0	3.0	3.0	3.0
810	2462.6666666666665	13.0	253.0	20.0	0.0	7.0	13.0
820	2618.3333333333335	1.0	124.0	7.0	0.0	6.0	1.0
830	2536.0	1.0	48.0	2.0	0.0	1.0	1.0
840	2553.6666666666665	0.0	123.0	3.0	0.0	3.0	0.0
850	2220.0	1.0	137.0	5.0	0.0	4.0	1.0
860	2306.8333333333335	1.0	104.0	3.0	1.0	2.0	0.0
870	2209.3333333333335	0.0	19.0	0.0	0.0	0.0	0.0
880	2115.0	0.0	45.0	2.0	0.0	2.0	0.0
890	2824.5	2.0	142.0	5.0	0.0	3.0	2.0
900	2799.6666666666665	2.0	94.0	5.0	0.0	3.0	2.0
910	2552.3333333333335	0.0	52.0	1.0	0.0	1.0	0.0
920	2464.3333333333335	7.0	53.0	8.0	1.0	1.0	6.0
930	2659.3333333333335	0.0	77.0	1.0	0.0	1.0	0.0
940	2603.3333333333335	0.0	72.0	1.0	0.0	1.0	0.0
950	2570.3333333333335	0.0	22.0	0.0	0.0	0.0	0.0
960	2392.3333333333335	12.0	151.0	15.0	0.0	3.0	12.0
970	2583.1666666666665	1.0	153.0	4.0	0.0	3.0	1.0
980	2244.6666666666665	1.0	104.0	5.0	0.0	4.0	1.0
990	2617.0	2.0	232.0	7.0	0.0	5.0	2.0
1000	2096.1666666666665	1.0	76.0	2.0	0.0	1.0	1.0
