0	262.0	0.0
10	1686.3333333333333	3.0
20	2095.5	2.0
30	2026.0	1.0
40	1913.0	0.0
50	2120.8333333333335	0.0
60	1976.8333333333333	1.0
70	1864.5	1.0
80	2084.8333333333335	0.0
90	1826.0	0.0
100	2101.1666666666665	1.0
110	2083.0	0.0
120	1906.6666666666667	0.0
130	1929.8333333333333	1.0
140	2214.0	0.0
150	2300.3333333333335	0.0
160	2223.0	0.0
170	2132.8333333333335	0.0
180	2427.5	1.0
190	2205.3333333333335	0.0
200	2007.1666666666667	0.0
210	2124.5	0.0
220	2411.0	2.0
230	2310.3333333333335	0.0
240	2379.0	1.0
250	2419.1666666666665	0.0
260	2381.6666666666665	1.0
270	2526.1666666666665	0.0
280	2199.0	0.0
290	2207.6666666666665	0.0
300	2409.8333333333335	1.0
310	2664.0	1.0
320	2521.0	2.0
330	2539.6666666666665	0.0
340	2552.8333333333335	0.0
350	2415.1666666666665	2.0
360	2530.8333333333335	2.0
370	2559.5	0.0
380	2462.1666666666665	0.0
390	2644.8333333333335	0.0
400	2542.5	1.0
410	2470.5	1.0
420	2549.1666666666665	0.0
430	2355.3333333333335	1.0
440	2354.3333333333335	2.0
450	2534.1666666666665	1.0
460	2532.6666666666665	0.0
470	2789.5	0.0
480	2624.8333333333335	2.0
490	2595.6666666666665	1.0
500	2657.8333333333335	0.0
510	2370.6666666666665	0.0
520	2686.3333333333335	0.0
530	2430.3333333333335	0.0
540	2833.6666666666665	1.0
550	2794.3333333333335	1.0
560	2771.8333333333335	2.0
570	2600.1666666666665	0.0
580	2795.5	1.0
590	2519.3333333333335	1.0
600	2919.8333333333335	0.0
610	2642.5	2.0
620	2722.6666666666665	2.0
630	2704.5	1.0
640	2486.3333333333335	0.0
650	2580.8333333333335	3.0
660	2713.0	1.0
670	2809.5	0.0
680	2583.0	0.0
690	2825.8333333333335	2.0
700	2828.3333333333335	2.0
710	2792.5	2.0
720	2622.3333333333335	0.0
730	2497.6666666666665	1.0
740	2796.6666666666665	4.0
750	2615.8333333333335	0.0
760	2865.0	0.0
770	2735.6666666666665	0.0
780	2596.5	3.0
790	2673.1666666666665	0.0
800	2890.1666666666665	1.0
810	2864.6666666666665	2.0
820	2958.5	3.0
830	2848.0	1.0
840	2688.0	0.0
850	2828.0	1.0
860	2750.8333333333335	5.0
870	2710.6666666666665	0.0
880	2854.1666666666665	0.0
890	2866.8333333333335	2.0
900	3072.1666666666665	2.0
910	2729.3333333333335	2.0
920	2739.0	0.0
930	2846.8333333333335	2.0
940	2818.5	0.0
950	2972.5	1.0
960	2612.5	1.0
970	2922.1666666666665	1.0
980	2960.6666666666665	1.0
990	2884.5	3.0
1000	2718.8333333333335	1.0
