0	284.6666666666667	0.0
10	2175.1666666666665	1.0
20	1974.0	0.0
30	2078.5	1.0
40	1949.0	1.0
50	2003.6666666666667	1.0
60	2095.1666666666665	0.0
70	2092.1666666666665	1.0
80	2167.1666666666665	1.0
90	2073.6666666666665	0.0
100	2062.6666666666665	0.0
110	2041.1666666666667	0.0
120	2194.5	0.0
130	2247.8333333333335	0.0
140	2196.0	1.0
150	2239.0	0.0
160	2167.5	2.0
170	2154.3333333333335	0.0
180	2217.8333333333335	1.0
190	2118.5	0.0
200	2377.6666666666665	1.0
210	2194.6666666666665	1.0
220	2278.0	1.0
230	2162.5	0.0
240	2448.1666666666665	1.0
250	2230.0	0.0
260	2288.1666666666665	0.0
270	2335.6666666666665	0.0
280	2279.3333333333335	1.0
290	2249.8333333333335	0.0
300	2287.1666666666665	0.0
310	2346.8333333333335	0.0
320	2145.8333333333335	1.0
330	2291.8333333333335	1.0
340	2349.0	0.0
350	2230.5	2.0
360	2027.6666666666667	1.0
370	2229.8333333333335	0.0
380	2340.0	2.0
390	2527.1666666666665	0.0
400	2547.1666666666665	2.0
410	2415.3333333333335	1.0
420	2480.3333333333335	1.0
430	2373.6666666666665	3.0
440	2412.5	0.0
450	2660.3333333333335	0.0
460	2797.5	2.0
470	2690.1666666666665	1.0
480	2865.6666666666665	0.0
490	2639.0	2.0
500	2738.0	1.0
510	2998.8333333333335	1.0
520	2434.6666666666665	1.0
530	2572.0	2.0
540	2513.6666666666665	0.0
550	2615.0	1.0
560	2471.1666666666665	1.0
570	2673.6666666666665	0.0
580	2608.1666666666665	0.0
590	2500.1666666666665	0.0
600	2523.3333333333335	1.0
610	2685.5	2.0
620	2725.1666666666665	0.0
630	2460.1666666666665	0.0
640	2836.3333333333335	0.0
650	2763.1666666666665	0.0
660	2752.3333333333335	1.0
670	2692.5	3.0
680	2734.8333333333335	2.0
690	2546.5	0.0
700	2474.0	2.0
710	2907.6666666666665	1.0
720	2811.8333333333335	0.0
730	2683.8333333333335	0.0
740	2815.6666666666665	0.0
750	2756.0	2.0
760	2835.8333333333335	0.0
770	2879.3333333333335	4.0
780	2561.3333333333335	3.0
790	2750.0	0.0
800	2816.6666666666665	2.0
810	2663.5	5.0
820	2942.3333333333335	4.0
830	2876.6666666666665	1.0
840	2638.3333333333335	2.0
850	2892.0	4.0
860	2893.0	1.0
870	2940.3333333333335	3.0
880	2849.3333333333335	1.0
890	3006.6666666666665	0.0
900	2685.3333333333335	0.0
910	2889.0	1.0
920	3080.1666666666665	2.0
930	2886.5	1.0
940	2919.5	0.0
950	3096.6666666666665	1.0
960	2962.8333333333335	1.0
970	3166.6666666666665	1.0
980	3238.8333333333335	2.0
990	3221.6666666666665	6.0
1000	3115.6666666666665	1.0
