0	254.0	0.0
10	1678.6666666666667	2.0
20	2168.6666666666665	0.0
30	1943.6666666666667	0.0
40	1878.6666666666667	2.0
50	1824.8333333333333	0.0
60	1974.0	0.0
70	2084.6666666666665	1.0
80	2037.3333333333333	0.0
90	1840.8333333333333	2.0
100	2271.0	0.0
110	1985.6666666666667	0.0
120	2016.8333333333333	0.0
130	2298.1666666666665	2.0
140	2233.5	1.0
150	2203.3333333333335	1.0
160	2339.3333333333335	0.0
170	2325.5	1.0
180	2040.1666666666667	0.0
190	2202.6666666666665	0.0
200	2220.6666666666665	2.0
210	2268.3333333333335	0.0
220	2212.6666666666665	1.0
230	2386.5	0.0
240	2533.6666666666665	1.0
250	2414.8333333333335	0.0
260	2508.6666666666665	0.0
270	2439.8333333333335	0.0
280	2344.0	0.0
290	2654.5	4.0
300	2577.1666666666665	0.0
310	2255.6666666666665	0.0
320	2548.1666666666665	1.0
330	2563.0	1.0
340	2207.6666666666665	0.0
350	2301.6666666666665	0.0
360	2663.0	0.0
370	2400.1666666666665	0.0
380	2647.1666666666665	0.0
390	2396.0	0.0
400	2625.3333333333335	0.0
410	2832.6666666666665	3.0
420	2541.8333333333335	2.0
430	2804.5	2.0
440	2434.8333333333335	0.0
450	2689.5	0.0
460	2742.1666666666665	2.0
470	2748.0	2.0
480	2675.3333333333335	1.0
490	2700.3333333333335	1.0
500	2643.3333333333335	0.0
510	2733.0	1.0
520	2793.8333333333335	1.0
530	2561.3333333333335	0.0
540	2786.5	0.0
550	2737.1666666666665	1.0
560	2719.5	2.0
570	2499.6666666666665	0.0
580	2404.0	0.0
590	2706.5	0.0
600	2634.1666666666665	1.0
610	2695.3333333333335	1.0
620	2601.3333333333335	4.0
630	2748.0	1.0
640	2762.5	1.0
650	2890.6666666666665	3.0
660	2647.6666666666665	1.0
670	2849.3333333333335	1.0
680	2937.5	0.0
690	2755.8333333333335	1.0
700	2718.1666666666665	2.0
710	2917.3333333333335	1.0
720	2974.3333333333335	2.0
730	2858.0	1.0
740	2798.3333333333335	2.0
750	2638.5	1.0
760	3013.6666666666665	5.0
770	2928.6666666666665	1.0
780	2862.3333333333335	1.0
790	2706.0	1.0
800	3063.0	3.0
810	3015.6666666666665	0.0
820	2768.3333333333335	2.0
830	3119.1666666666665	4.0
840	3051.8333333333335	0.0
850	2833.5	3.0
860	3254.6666666666665	5.0
870	2866.3333333333335	2.0
880	3033.5	1.0
890	2804.6666666666665	0.0
900	2964.8333333333335	2.0
910	2926.8333333333335	1.0
920	3079.8333333333335	1.0
930	3088.6666666666665	0.0
940	2769.1666666666665	0.0
950	3186.0	0.0
960	2860.6666666666665	0.0
970	3215.1666666666665	0.0
980	2927.6666666666665	2.0
990	3155.3333333333335	2.0
1000	3024.3333333333335	0.0
