0	273.3333333333333	0.0
10	1931.1666666666667	2.0
20	1895.0	0.0
30	2077.8333333333335	1.0
40	2115.3333333333335	0.0
50	2063.6666666666665	0.0
60	2080.8333333333335	0.0
70	2126.3333333333335	0.0
80	1996.8333333333333	2.0
90	2053.5	0.0
100	2076.1666666666665	0.0
110	2190.3333333333335	0.0
120	2204.8333333333335	0.0
130	2179.8333333333335	0.0
140	2120.5	0.0
150	2220.5	0.0
160	2172.1666666666665	2.0
170	2032.6666666666667	2.0
180	2235.6666666666665	1.0
190	2066.5	0.0
200	2153.5	1.0
210	2306.6666666666665	0.0
220	2425.0	0.0
230	2419.0	4.0
240	2348.3333333333335	1.0
250	2378.1666666666665	0.0
260	2457.8333333333335	0.0
270	2459.0	0.0
280	2631.1666666666665	0.0
290	2524.0	1.0
300	2464.3333333333335	1.0
310	2439.1666666666665	0.0
320	2373.5	1.0
330	2428.0	0.0
340	2361.8333333333335	2.0
350	2487.3333333333335	0.0
360	2674.5	0.0
370	2597.1666666666665	2.0
380	2487.5	3.0
390	2566.5	0.0
400	2405.3333333333335	3.0
410	2585.0	0.0
420	2587.0	0.0
430	2599.5	0.0
440	2671.3333333333335	0.0
450	2614.5	0.0
460	2611.6666666666665	2.0
470	2759.8333333333335	1.0
480	2624.3333333333335	4.0
490	2660.0	2.0
500	2659.5	3.0
510	2578.5	1.0
520	2582.6666666666665	1.0
530	2565.0	0.0
540	2676.6666666666665	1.0
550	2684.8333333333335	0.0
560	2731.3333333333335	0.0
570	2933.6666666666665	0.0
580	2663.3333333333335	1.0
590	2755.5	7.0
600	2675.0	3.0
610	2748.0	0.0
620	2598.0	2.0
630	2736.1666666666665	1.0
640	2559.0	1.0
650	2721.1666666666665	1.0
660	2720.1666666666665	3.0
670	2667.1666666666665	1.0
680	2708.5	1.0
690	2407.3333333333335	0.0
700	2894.6666666666665	2.0
710	2516.1666666666665	0.0
720	2596.5	2.0
730	2813.0	3.0
740	2583.6666666666665	0.0
750	2948.6666666666665	6.0
760	2666.3333333333335	0.0
770	2863.3333333333335	1.0
780	2806.6666666666665	2.0
790	2844.1666666666665	1.0
800	2807.0	1.0
810	2816.1666666666665	1.0
820	2969.0	3.0
830	2654.6666666666665	0.0
840	2854.8333333333335	0.0
850	2578.0	1.0
860	3184.3333333333335	0.0
870	2660.5	2.0
880	2948.1666666666665	0.0
890	2944.8333333333335	0.0
900	2489.8333333333335	0.0
910	2513.6666666666665	1.0
920	2765.6666666666665	2.0
930	2745.8333333333335	0.0
940	2948.3333333333335	2.0
950	2724.5	5.0
960	3180.1666666666665	1.0
970	2954.8333333333335	2.0
980	2941.6666666666665	0.0
990	2958.6666666666665	0.0
1000	3131.0	0.0
