0	258.0	0.0
10	1894.0	0.0
20	2185.5	1.0
30	2063.1666666666665	0.0
40	2059.0	0.0
50	2097.5	0.0
60	2111.1666666666665	0.0
70	2130.0	0.0
80	1922.3333333333333	0.0
90	1867.6666666666667	0.0
100	2033.6666666666667	1.0
110	2105.0	0.0
120	2246.0	0.0
130	2258.8333333333335	0.0
140	2128.3333333333335	0.0
150	2190.8333333333335	1.0
160	2377.3333333333335	0.0
170	2187.8333333333335	1.0
180	2256.5	2.0
190	2252.6666666666665	2.0
200	2192.6666666666665	2.0
210	2470.6666666666665	1.0
220	2200.3333333333335	1.0
230	2273.3333333333335	0.0
240	2401.0	0.0
250	2297.0	0.0
260	2161.3333333333335	0.0
270	2266.1666666666665	2.0
280	2232.6666666666665	1.0
290	2280.1666666666665	0.0
300	2439.6666666666665	1.0
310	2235.6666666666665	1.0
320	2350.5	10.0
330	2374.3333333333335	0.0
340	2628.0	0.0
350	2321.8333333333335	2.0
360	2372.0	1.0
370	2383.3333333333335	0.0
380	2503.8333333333335	0.0
390	2584.1666666666665	1.0
400	2436.3333333333335	1.0
410	2620.6666666666665	0.0
420	2477.0	0.0
430	2636.1666666666665	0.0
440	2867.0	0.0
450	2445.6666666666665	1.0
460	2673.8333333333335	1.0
470	2530.1666666666665	0.0
480	2403.0	1.0
490	2604.3333333333335	0.0
500	2337.6666666666665	0.0
510	2627.5	2.0
520	2816.3333333333335	1.0
530	2701.6666666666665	1.0
540	2638.3333333333335	1.0
550	2550.5	2.0
560	2614.0	2.0
570	2441.5	1.0
580	2433.6666666666665	0.0
590	2806.3333333333335	0.0
600	2408.1666666666665	0.0
610	2845.8333333333335	4.0
620	2628.1666666666665	1.0
630	2691.8333333333335	2.0
640	2806.6666666666665	0.0
650	2781.3333333333335	0.0
660	2798.3333333333335	0.0
670	2623.6666666666665	2.0
680	2769.8333333333335	0.0
690	2877.5	1.0
700	2511.0	2.0
710	2926.0	1.0
720	2797.6666666666665	1.0
730	2886.8333333333335	0.0
740	2818.5	1.0
750	2763.1666666666665	3.0
760	2808.1666666666665	2.0
770	2787.3333333333335	1.0
780	2997.6666666666665	1.0
790	2765.3333333333335	2.0
800	2691.8333333333335	0.0
810	2920.3333333333335	0.0
820	3187.6666666666665	0.0
830	3033.8333333333335	0.0
840	2762.3333333333335	2.0
850	2756.0	1.0
860	2544.3333333333335	0.0
870	2805.6666666666665	0.0
880	2632.8333333333335	0.0
890	2650.6666666666665	2.0
900	2818.5	6.0
910	2809.1666666666665	1.0
920	2790.8333333333335	1.0
930	2836.0	2.0
940	2537.8333333333335	0.0
950	2898.1666666666665	2.0
960	2873.0	1.0
970	3084.8333333333335	1.0
980	2945.6666666666665	1.0
990	2967.1666666666665	4.0
1000	3043.6666666666665	1.0
