0	249.0	0.0
10	1998.3333333333333	0.0
20	1935.0	2.0
30	2114.1666666666665	0.0
40	2038.1666666666667	0.0
50	1957.3333333333333	1.0
60	2065.5	2.0
70	2069.6666666666665	0.0
80	2180.1666666666665	0.0
90	2079.5	0.0
100	1882.3333333333333	2.0
110	2120.0	1.0
120	2275.1666666666665	0.0
130	2094.3333333333335	2.0
140	2228.3333333333335	0.0
150	2315.5	1.0
160	2165.8333333333335	0.0
170	2232.1666666666665	0.0
180	2240.6666666666665	0.0
190	2294.0	0.0
200	2346.3333333333335	1.0
210	2396.3333333333335	0.0
220	2296.8333333333335	1.0
230	2315.8333333333335	0.0
240	2356.5	0.0
250	2463.5	1.0
260	2322.3333333333335	1.0
270	2366.6666666666665	0.0
280	2497.5	0.0
290	2474.5	0.0
300	2415.1666666666665	1.0
310	2561.6666666666665	0.0
320	2190.3333333333335	1.0
330	2553.1666666666665	1.0
340	2469.3333333333335	0.0
350	2350.3333333333335	0.0
360	2647.1666666666665	1.0
370	2478.0	0.0
380	2582.6666666666665	0.0
390	2686.0	1.0
400	2473.0	2.0
410	2375.8333333333335	0.0
420	2437.8333333333335	4.0
430	2388.5	2.0
440	2613.3333333333335	2.0
450	2446.1666666666665	0.0
460	2719.0	0.0
470	2791.1666666666665	0.0
480	2397.0	0.0
490	2500.1666666666665	1.0
500	2396.5	0.0
510	2533.8333333333335	2.0
520	2496.1666666666665	1.0
530	2571.6666666666665	0.0
540	2696.5	2.0
550	2812.6666666666665	2.0
560	2560.6666666666665	0.0
570	2870.0	1.0
580	2576.8333333333335	1.0
590	2659.6666666666665	2.0
600	2626.6666666666665	2.0
610	2812.5	1.0
620	2664.6666666666665	1.0
630	2478.0	1.0
640	2683.1666666666665	1.0
650	2667.6666666666665	3.0
660	2701.6666666666665	1.0
670	2749.5	0.0
680	2906.8333333333335	0.0
690	2671.3333333333335	3.0
700	2659.1666666666665	0.0
710	2501.0	2.0
720	2450.6666666666665	1.0
730	2742.1666666666665	0.0
740	2453.0	0.0
750	2838.5	0.0
760	2758.6666666666665	3.0
770	2973.3333333333335	0.0
780	2640.8333333333335	0.0
790	2975.8333333333335	0.0
800	3038.1666666666665	3.0
810	2825.6666666666665	4.0
820	2771.6666666666665	0.0
830	2977.8333333333335	1.0
840	2740.1666666666665	0.0
850	3049.0	1.0
860	2954.0	1.0
870	2842.5	0.0
880	3169.5	1.0
890	3029.8333333333335	2.0
900	2875.3333333333335	0.0
910	3260.1666666666665	1.0
920	2982.3333333333335	4.0
930	3150.0	1.0
940	2868.8333333333335	0.0
950	2951.3333333333335	3.0
960	2887.6666666666665	0.0
970	2862.8333333333335	2.0
980	2803.6666666666665	0.0
990	2935.6666666666665	1.0
1000	3350.0	0.0
