0	248.66666666666666	0.0
10	2008.5	0.0
20	2018.6666666666667	10.0
30	2194.6666666666665	31.0
40	2144.1666666666665	1.0
50	2147.0	12.0
60	1979.5	1.0
70	2070.6666666666665	10.0
80	1894.0	10.0
90	1995.0	1.0
100	2170.0	23.0
110	2041.6666666666667	2.0
120	2243.1666666666665	7.0
130	2334.3333333333335	6.0
140	2198.5	27.0
150	2342.0	29.0
160	2291.0	1.0
170	2033.0	23.0
180	2328.1666666666665	11.0
190	2080.5	5.0
200	2388.6666666666665	3.0
210	2340.6666666666665	3.0
220	2320.6666666666665	0.0
230	2346.5	1.0
240	2202.6666666666665	11.0
250	2214.5	4.0
260	2305.8333333333335	1.0
270	2453.8333333333335	1.0
280	2334.6666666666665	9.0
290	2396.5	8.0
300	2298.5	1.0
310	2363.8333333333335	20.0
320	2120.1666666666665	0.0
330	2490.5	10.0
340	2650.5	8.0
350	2546.0	8.0
360	2451.5	20.0
370	2688.5	12.0
380	2671.6666666666665	19.0
390	2507.3333333333335	15.0
400	2627.1666666666665	4.0
410	2938.0	1.0
420	2669.5	14.0
430	2648.1666666666665	5.0
440	2751.3333333333335	18.0
450	2909.6666666666665	5.0
460	2656.8333333333335	12.0
470	2893.3333333333335	48.0
480	2779.3333333333335	2.0
490	2767.8333333333335	8.0
500	2901.6666666666665	12.0
510	2939.0	4.0
520	2704.0	3.0
530	2678.6666666666665	27.0
540	2907.3333333333335	1.0
550	2900.6666666666665	11.0
560	2772.8333333333335	4.0
570	2852.0	0.0
580	2803.3333333333335	2.0
590	3006.1666666666665	31.0
600	2775.3333333333335	8.0
610	2953.0	3.0
620	2699.8333333333335	1.0
630	2710.1666666666665	11.0
640	2966.5	8.0
650	2828.3333333333335	26.0
660	2666.8333333333335	2.0
670	2631.0	1.0
680	2806.5	20.0
690	2807.1666666666665	4.0
700	2923.5	1.0
710	3191.3333333333335	4.0
720	2833.8333333333335	2.0
730	2748.5	6.0
740	2817.6666666666665	7.0
750	2861.0	2.0
760	2773.0	5.0
770	2810.1666666666665	18.0
780	3061.3333333333335	1.0
790	2566.3333333333335	1.0
800	3020.3333333333335	3.0
810	3127.1666666666665	11.0
820	2846.8333333333335	7.0
830	3212.8333333333335	2.0
840	2837.6666666666665	4.0
850	3188.6666666666665	7.0
860	3037.3333333333335	4.0
870	3004.0	2.0
880	3286.3333333333335	4.0
890	2872.0	17.0
900	3598.6666666666665	3.0
910	3141.5	7.0
920	3116.0	8.0
930	3235.6666666666665	7.0
940	3347.1666666666665	4.0
950	3022.6666666666665	3.0
960	3154.6666666666665	4.0
970	3204.1666666666665	2.0
980	3088.0	2.0
990	3016.5	7.0
1000	3180.6666666666665	14.0
