0	273.3333333333333	0.0
10	2035.0	22.0
20	2070.6666666666665	4.0
30	2004.6666666666667	1.0
40	2045.6666666666667	27.0
50	2071.6666666666665	5.0
60	2047.1666666666667	6.0
70	1999.6666666666667	25.0
80	2018.5	28.0
90	2205.5	1.0
100	2203.5	17.0
110	2142.0	5.0
120	2199.6666666666665	3.0
130	2289.3333333333335	15.0
140	2264.8333333333335	33.0
150	2245.6666666666665	3.0
160	2226.6666666666665	25.0
170	2222.0	7.0
180	2260.0	12.0
190	2514.5	1.0
200	2465.0	31.0
210	2341.1666666666665	3.0
220	2263.6666666666665	7.0
230	2327.6666666666665	15.0
240	2152.5	13.0
250	2585.8333333333335	21.0
260	2547.8333333333335	12.0
270	2366.6666666666665	15.0
280	2541.1666666666665	1.0
290	2301.1666666666665	3.0
300	2611.6666666666665	21.0
310	2705.3333333333335	9.0
320	2530.6666666666665	18.0
330	2565.8333333333335	3.0
340	2575.3333333333335	29.0
350	2598.8333333333335	19.0
360	2539.3333333333335	1.0
370	2670.0	18.0
380	2843.3333333333335	2.0
390	2778.6666666666665	0.0
400	2675.0	3.0
410	2546.3333333333335	5.0
420	2472.1666666666665	4.0
430	2538.6666666666665	34.0
440	2800.8333333333335	1.0
450	2783.0	26.0
460	2438.1666666666665	1.0
470	2824.5	1.0
480	2768.5	13.0
490	2881.8333333333335	1.0
500	2783.1666666666665	2.0
510	3000.0	4.0
520	2890.8333333333335	1.0
530	2524.3333333333335	27.0
540	2749.0	6.0
550	2799.3333333333335	4.0
560	2754.0	2.0
570	2888.1666666666665	1.0
580	2712.0	20.0
590	3179.8333333333335	0.0
600	2842.3333333333335	16.0
610	3061.0	0.0
620	2855.6666666666665	1.0
630	2944.3333333333335	12.0
640	2892.0	22.0
650	2927.0	8.0
660	2995.0	2.0
670	2584.3333333333335	0.0
680	3038.0	3.0
690	2897.8333333333335	4.0
700	2956.6666666666665	3.0
710	3188.1666666666665	4.0
720	2918.5	2.0
730	2828.3333333333335	4.0
740	3228.5	2.0
750	2828.6666666666665	7.0
760	3067.5	3.0
770	3016.3333333333335	13.0
780	3211.5	1.0
790	3037.5	16.0
800	2865.5	5.0
810	2720.8333333333335	13.0
820	2827.6666666666665	14.0
830	2898.0	2.0
840	2942.1666666666665	2.0
850	2964.8333333333335	1.0
860	2989.1666666666665	2.0
870	2890.3333333333335	7.0
880	3184.5	1.0
890	2826.3333333333335	10.0
900	2933.0	4.0
910	3083.3333333333335	4.0
920	2856.3333333333335	7.0
930	3115.0	17.0
940	3239.0	3.0
950	3304.3333333333335	9.0
960	3073.6666666666665	3.0
970	3139.6666666666665	10.0
980	3228.1666666666665	5.0
990	3040.0	3.0
1000	2724.8333333333335	2.0
