0	250.33333333333334	0.0
10	1778.8333333333333	114.0
20	2047.3333333333333	151.0
30	2088.0	84.0
40	2216.5	58.0
50	2123.3333333333335	85.0
60	2152.0	156.0
70	2130.3333333333335	113.0
80	2334.5	112.0
90	2294.3333333333335	127.0
100	2226.5	0.0
110	2384.0	0.0
120	2407.0	0.0
130	2352.8333333333335	0.0
140	2297.6666666666665	0.0
150	2596.5	0.0
160	2649.0	0.0
170	2584.1666666666665	0.0
180	2489.8333333333335	0.0
190	2412.1666666666665	0.0
200	2366.8333333333335	0.0
210	2460.5	0.0
220	2414.1666666666665	0.0
230	2558.6666666666665	0.0
240	2458.6666666666665	0.0
250	2453.3333333333335	0.0
260	2388.1666666666665	0.0
270	2529.5	0.0
280	2572.5	0.0
290	2384.6666666666665	0.0
300	2705.3333333333335	0.0
310	2559.6666666666665	0.0
320	2863.0	0.0
330	2798.3333333333335	0.0
340	2609.5	0.0
350	2657.0	0.0
360	2702.8333333333335	0.0
370	2549.8333333333335	0.0
380	2801.6666666666665	0.0
390	2803.8333333333335	0.0
400	2678.1666666666665	0.0
410	2861.0	0.0
420	2795.6666666666665	0.0
430	3008.8333333333335	0.0
440	2594.6666666666665	0.0
450	2679.8333333333335	0.0
460	3055.0	0.0
470	2705.5	0.0
480	2726.6666666666665	0.0
490	2859.3333333333335	0.0
500	2912.6666666666665	0.0
510	2793.8333333333335	0.0
520	2596.6666666666665	0.0
530	2828.5	0.0
540	2555.8333333333335	0.0
550	2780.0	0.0
560	2728.1666666666665	0.0
570	2665.6666666666665	0.0
580	2902.6666666666665	0.0
590	2790.0	0.0
600	2693.0	0.0
610	2751.1666666666665	0.0
620	2855.1666666666665	0.0
630	3005.1666666666665	0.0
640	2880.6666666666665	0.0
650	2943.8333333333335	0.0
660	2686.1666666666665	0.0
670	3251.1666666666665	0.0
680	2524.3333333333335	0.0
690	2883.3333333333335	0.0
700	2861.3333333333335	0.0
710	2851.8333333333335	0.0
720	3135.6666666666665	0.0
730	2821.1666666666665	0.0
740	3003.0	0.0
750	2952.0	0.0
760	3194.1666666666665	0.0
770	2777.8333333333335	0.0
780	2767.8333333333335	0.0
790	3105.1666666666665	0.0
800	2978.1666666666665	0.0
810	2905.0	0.0
820	3007.6666666666665	0.0
830	3302.1666666666665	0.0
840	2898.1666666666665	0.0
850	3213.8333333333335	0.0
860	3206.0	0.0
870	3279.5	0.0
880	3181.0	0.0
890	3171.3333333333335	0.0
900	2885.5	0.0
910	3124.8333333333335	0.0
920	3033.8333333333335	0.0
930	2998.0	0.0
940	3378.1666666666665	0.0
950	2980.6666666666665	0.0
960	3424.3333333333335	0.0
970	3054.0	0.0
980	3052.8333333333335	0.0
990	3197.6666666666665	0.0
1000	3156.0	0.0
