0	292.6666666666667	0.0
10	1958.1666666666667	111.0
20	1578.1666666666667	89.0
30	1990.0	102.0
40	1942.8333333333333	164.0
50	1810.0	110.0
60	1984.8333333333333	92.0
70	2016.8333333333333	97.0
80	2165.0	99.0
90	1991.0	53.0
100	2398.6666666666665	83.0
110	2125.3333333333335	0.0
120	2446.1666666666665	0.0
130	2372.8333333333335	0.0
140	2525.3333333333335	0.0
150	2400.0	0.0
160	2368.1666666666665	0.0
170	2483.3333333333335	0.0
180	2422.5	0.0
190	2385.5	0.0
200	2234.0	0.0
210	2400.1666666666665	0.0
220	2667.1666666666665	0.0
230	2829.8333333333335	0.0
240	2577.6666666666665	0.0
250	2398.8333333333335	0.0
260	2519.5	0.0
270	2655.3333333333335	0.0
280	2788.3333333333335	0.0
290	2499.6666666666665	0.0
300	2504.1666666666665	0.0
310	2729.1666666666665	0.0
320	2852.1666666666665	0.0
330	2661.5	0.0
340	2643.6666666666665	0.0
350	2440.8333333333335	0.0
360	2780.6666666666665	0.0
370	2866.6666666666665	0.0
380	2550.3333333333335	0.0
390	2813.5	0.0
400	2535.3333333333335	0.0
410	2600.0	0.0
420	2664.5	0.0
430	2634.5	0.0
440	2457.0	0.0
450	2601.6666666666665	0.0
460	2444.5	0.0
470	2782.0	0.0
480	2444.1666666666665	0.0
490	2939.5	0.0
500	3010.6666666666665	0.0
510	3087.1666666666665	0.0
520	3057.0	0.0
530	2886.1666666666665	0.0
540	2986.6666666666665	0.0
550	3043.1666666666665	0.0
560	3046.5	0.0
570	2646.3333333333335	0.0
580	3071.0	0.0
590	3270.8333333333335	0.0
600	3136.8333333333335	0.0
610	3082.3333333333335	0.0
620	2975.1666666666665	0.0
630	2901.8333333333335	0.0
640	3032.0	0.0
650	2795.6666666666665	0.0
660	2898.6666666666665	0.0
670	3083.6666666666665	0.0
680	3155.3333333333335	0.0
690	3122.3333333333335	0.0
700	2785.3333333333335	0.0
710	2952.6666666666665	0.0
720	3080.8333333333335	0.0
730	3035.1666666666665	0.0
740	3146.1666666666665	0.0
750	3318.0	0.0
760	2938.5	0.0
770	2854.0	0.0
780	2802.6666666666665	0.0
790	3048.8333333333335	0.0
800	3040.3333333333335	0.0
810	3143.8333333333335	0.0
820	3217.3333333333335	0.0
830	3053.6666666666665	0.0
840	3246.5	0.0
850	3049.5	0.0
860	3196.8333333333335	0.0
870	3381.8333333333335	0.0
880	3099.8333333333335	0.0
890	3399.0	0.0
900	3116.6666666666665	0.0
910	3185.8333333333335	0.0
920	3152.6666666666665	0.0
930	3341.6666666666665	0.0
940	3619.1666666666665	0.0
950	3174.0	0.0
960	3071.5	0.0
970	3063.5	0.0
980	3181.1666666666665	0.0
990	3344.5	0.0
1000	3240.1666666666665	0.0
