0	250.0	0.0
10	1693.3333333333333	89.0
20	1994.0	114.0
30	2226.5	133.0
40	2143.0	87.0
50	2257.0	47.0
60	2219.6666666666665	119.0
70	2123.5	71.0
80	2166.1666666666665	127.0
90	2073.0	88.0
100	2139.1666666666665	79.0
110	2422.6666666666665	46.0
120	2523.0	0.0
130	2428.6666666666665	0.0
140	2529.0	0.0
150	2574.6666666666665	0.0
160	2212.8333333333335	0.0
170	2490.8333333333335	0.0
180	2329.1666666666665	0.0
190	2329.1666666666665	0.0
200	2559.0	0.0
210	2427.5	0.0
220	2326.5	0.0
230	2499.8333333333335	0.0
240	2548.6666666666665	0.0
250	2603.3333333333335	0.0
260	2346.3333333333335	0.0
270	2613.8333333333335	0.0
280	2405.5	0.0
290	2642.8333333333335	0.0
300	2531.6666666666665	0.0
310	2721.5	0.0
320	2546.0	0.0
330	2503.3333333333335	0.0
340	2903.1666666666665	0.0
350	2712.6666666666665	0.0
360	2582.3333333333335	0.0
370	2708.8333333333335	0.0
380	2687.1666666666665	0.0
390	2907.5	0.0
400	2606.5	0.0
410	2782.6666666666665	0.0
420	2522.8333333333335	0.0
430	2812.0	0.0
440	2585.8333333333335	0.0
450	2554.6666666666665	0.0
460	2862.8333333333335	0.0
470	2813.6666666666665	0.0
480	2834.8333333333335	0.0
490	2836.5	0.0
500	2874.8333333333335	0.0
510	2992.1666666666665	0.0
520	2948.8333333333335	0.0
530	2937.6666666666665	0.0
540	3099.1666666666665	0.0
550	2881.1666666666665	0.0
560	2871.0	0.0
570	3028.3333333333335	0.0
580	2980.8333333333335	0.0
590	2808.1666666666665	0.0
600	2942.3333333333335	0.0
610	2964.1666666666665	0.0
620	2858.8333333333335	0.0
630	2998.3333333333335	0.0
640	3076.6666666666665	0.0
650	2927.8333333333335	0.0
660	3131.6666666666665	0.0
670	2824.1666666666665	0.0
680	3004.5	0.0
690	3036.8333333333335	0.0
700	3027.3333333333335	0.0
710	2907.5	0.0
720	3105.6666666666665	0.0
730	3066.0	0.0
740	2910.1666666666665	0.0
750	3177.6666666666665	0.0
760	3065.3333333333335	0.0
770	3232.0	0.0
780	2984.5	0.0
790	3147.8333333333335	0.0
800	3015.3333333333335	0.0
810	3270.5	0.0
820	3218.6666666666665	0.0
830	3271.0	0.0
840	3145.3333333333335	0.0
850	3103.6666666666665	0.0
860	3325.3333333333335	0.0
870	3147.1666666666665	0.0
880	3056.3333333333335	0.0
890	2918.6666666666665	0.0
900	3415.6666666666665	0.0
910	3205.0	0.0
920	3226.1666666666665	0.0
930	3249.3333333333335	0.0
940	3215.3333333333335	0.0
950	3156.8333333333335	0.0
960	3213.8333333333335	0.0
970	3417.6666666666665	0.0
980	3302.5	0.0
990	3318.0	0.0
1000	3151.3333333333335	0.0
