0	269.6666666666667	0.0
10	141.0	348.0
20	100.66666666666667	180.0
30	101.66666666666667	365.0
40	204.66666666666666	107.0
50	1817.3333333333333	0.0
60	1975.3333333333333	0.0
70	1636.3333333333333	0.0
80	2028.3333333333333	0.0
90	2255.6666666666665	0.0
100	2196.8333333333335	0.0
110	2295.5	0.0
120	2229.0	0.0
130	2291.0	0.0
140	2396.0	0.0
150	1999.3333333333333	0.0
160	2200.8333333333335	0.0
170	2221.1666666666665	0.0
180	2222.8333333333335	0.0
190	2109.8333333333335	0.0
200	2284.0	0.0
210	2486.6666666666665	0.0
220	2193.0	0.0
230	2607.3333333333335	0.0
240	2380.8333333333335	0.0
250	2384.3333333333335	0.0
260	2110.1666666666665	0.0
270	1931.1666666666667	0.0
280	1472.1666666666667	0.0
290	946.3333333333334	0.0
300	1010.6666666666666	0.0
310	1431.1666666666667	0.0
320	1003.0	0.0
330	1030.8333333333333	0.0
340	1624.0	0.0
350	2012.8333333333333	0.0
360	1751.3333333333333	0.0
370	1960.3333333333333	0.0
380	2127.3333333333335	0.0
390	2175.3333333333335	0.0
400	2118.3333333333335	0.0
410	2137.0	0.0
420	2174.6666666666665	0.0
430	2130.0	0.0
440	1697.5	0.0
450	1968.3333333333333	0.0
460	1926.0	0.0
470	2178.8333333333335	0.0
480	2361.8333333333335	0.0
490	1915.0	0.0
500	2124.6666666666665	0.0
510	2054.3333333333335	0.0
520	2272.5	0.0
530	1724.3333333333333	0.0
540	2101.0	0.0
550	1739.1666666666667	0.0
560	1615.0	0.0
570	2348.1666666666665	0.0
580	1844.3333333333333	0.0
590	1899.3333333333333	0.0
600	1862.6666666666667	0.0
610	1695.3333333333333	0.0
620	1970.0	0.0
630	1830.3333333333333	0.0
640	2494.5	0.0
650	2433.0	0.0
660	2241.8333333333335	0.0
670	2231.3333333333335	0.0
680	2215.5	0.0
690	2359.3333333333335	0.0
700	2228.0	0.0
710	2467.6666666666665	0.0
720	2488.6666666666665	0.0
730	1602.3333333333333	0.0
740	2222.3333333333335	0.0
750	2300.3333333333335	0.0
760	2418.6666666666665	0.0
770	2285.0	0.0
780	1814.0	0.0
790	2068.6666666666665	0.0
800	2367.0	0.0
810	2474.0	0.0
820	2370.6666666666665	0.0
830	2360.0	0.0
840	1948.6666666666667	0.0
850	2311.3333333333335	0.0
860	1804.0	0.0
870	1862.5	0.0
880	1831.3333333333333	0.0
890	2036.3333333333333	0.0
900	1720.3333333333333	0.0
910	2047.6666666666667	0.0
920	1563.3333333333333	0.0
930	2324.8333333333335	0.0
940	2384.8333333333335	0.0
950	2550.5	0.0
960	2423.6666666666665	0.0
970	2458.6666666666665	0.0
980	2329.3333333333335	0.0
990	2642.1666666666665	0.0
1000	2296.6666666666665	0.0
