0	260.0	0.0
10	140.0	851.0
20	126.66666666666667	149.0
30	1256.3333333333333	0.0
40	1261.0	0.0
50	1460.6666666666667	0.0
60	1056.6666666666667	0.0
70	2068.3333333333335	0.0
80	2171.6666666666665	0.0
90	2410.3333333333335	0.0
100	1891.6666666666667	0.0
110	2146.1666666666665	0.0
120	2174.0	0.0
130	2279.3333333333335	0.0
140	2303.3333333333335	0.0
150	2366.0	0.0
160	2044.6666666666667	0.0
170	2373.0	0.0
180	2424.3333333333335	0.0
190	2239.3333333333335	0.0
200	2580.1666666666665	0.0
210	2456.0	0.0
220	2412.3333333333335	0.0
230	2722.6666666666665	0.0
240	1924.6666666666667	0.0
250	1064.0	0.0
260	2415.5	0.0
270	2444.0	0.0
280	2395.3333333333335	0.0
290	1680.0	0.0
300	1874.3333333333333	0.0
310	1791.6666666666667	0.0
320	1935.6666666666667	0.0
330	1847.6666666666667	0.0
340	1846.1666666666667	0.0
350	1949.8333333333333	0.0
360	2183.8333333333335	0.0
370	1859.6666666666667	0.0
380	2050.1666666666665	0.0
390	1995.3333333333333	0.0
400	1737.3333333333333	0.0
410	2484.5	0.0
420	2370.0	0.0
430	2333.3333333333335	0.0
440	2596.5	0.0
450	2426.6666666666665	0.0
460	2550.1666666666665	0.0
470	2392.6666666666665	0.0
480	2552.8333333333335	0.0
490	2077.0	0.0
500	2118.8333333333335	0.0
510	1895.5	0.0
520	1936.3333333333333	0.0
530	2474.0	0.0
540	1768.6666666666667	0.0
550	2413.8333333333335	0.0
560	2161.3333333333335	0.0
570	1949.5	0.0
580	1869.0	0.0
590	1934.8333333333333	0.0
600	2339.0	0.0
610	2446.3333333333335	0.0
620	2263.0	0.0
630	2460.6666666666665	0.0
640	2488.8333333333335	0.0
650	2245.0	0.0
660	2309.3333333333335	0.0
670	2425.0	0.0
680	2415.3333333333335	0.0
690	2236.0	0.0
700	2508.3333333333335	0.0
710	2446.6666666666665	0.0
720	2660.8333333333335	0.0
730	2239.6666666666665	0.0
740	2554.1666666666665	0.0
750	2511.3333333333335	0.0
760	2609.0	0.0
770	1985.3333333333333	0.0
780	2312.3333333333335	0.0
790	1770.5	0.0
800	1627.1666666666667	0.0
810	2080.3333333333335	0.0
820	1815.0	0.0
830	1823.0	0.0
840	2092.0	0.0
850	1744.0	0.0
860	2042.8333333333333	0.0
870	2498.8333333333335	0.0
880	1830.3333333333333	0.0
890	1693.3333333333333	0.0
900	2134.0	0.0
910	1610.0	0.0
920	2515.8333333333335	0.0
930	2259.0	0.0
940	2419.0	0.0
950	2360.3333333333335	0.0
960	2601.0	0.0
970	2305.6666666666665	0.0
980	2290.5	0.0
990	2500.5	0.0
1000	1924.6666666666667	0.0
