0	233.66666666666666	0.0
10	97.33333333333333	338.0
20	101.0	367.0
30	179.0	295.0
40	253.0	0.0
50	1535.3333333333333	0.0
60	1926.0	0.0
70	1297.0	0.0
80	2275.3333333333335	0.0
90	2340.5	0.0
100	1974.6666666666667	0.0
110	2357.6666666666665	0.0
120	2275.6666666666665	0.0
130	2027.3333333333333	0.0
140	2524.0	0.0
150	2483.8333333333335	0.0
160	2432.6666666666665	0.0
170	2497.6666666666665	0.0
180	2343.3333333333335	0.0
190	2359.8333333333335	0.0
200	2516.8333333333335	0.0
210	2346.8333333333335	0.0
220	2360.1666666666665	0.0
230	1473.5	0.0
240	2643.0	0.0
250	2500.6666666666665	0.0
260	2230.3333333333335	0.0
270	2350.8333333333335	0.0
280	2591.0	0.0
290	2362.5	0.0
300	2355.0	0.0
310	2315.1666666666665	0.0
320	2626.3333333333335	0.0
330	2106.6666666666665	0.0
340	2153.3333333333335	0.0
350	1924.5	0.0
360	1961.6666666666667	0.0
370	2372.0	0.0
380	1882.0	0.0
390	2288.6666666666665	0.0
400	1713.6666666666667	0.0
410	1850.3333333333333	0.0
420	2545.8333333333335	0.0
430	1759.8333333333333	0.0
440	2387.6666666666665	0.0
450	1889.8333333333333	0.0
460	2022.8333333333333	0.0
470	2340.0	0.0
480	2068.0	0.0
490	2060.3333333333335	0.0
500	2308.0	0.0
510	1883.6666666666667	0.0
520	2495.5	0.0
530	1923.3333333333333	0.0
540	2253.5	0.0
550	2447.0	0.0
560	2268.8333333333335	0.0
570	1671.1666666666667	0.0
580	1845.1666666666667	0.0
590	2244.3333333333335	0.0
600	2060.1666666666665	0.0
610	2613.0	0.0
620	2514.6666666666665	0.0
630	2532.0	0.0
640	2390.3333333333335	0.0
650	2419.3333333333335	0.0
660	2653.0	0.0
670	2437.8333333333335	0.0
680	2281.0	0.0
690	2305.3333333333335	0.0
700	2489.5	0.0
710	2189.0	0.0
720	2621.8333333333335	0.0
730	2637.8333333333335	0.0
740	2138.3333333333335	0.0
750	2408.3333333333335	0.0
760	2442.0	0.0
770	2531.6666666666665	0.0
780	2497.3333333333335	0.0
790	2629.3333333333335	0.0
800	2214.8333333333335	0.0
810	2382.8333333333335	0.0
820	1802.1666666666667	0.0
830	1892.3333333333333	0.0
840	1731.6666666666667	0.0
850	1991.6666666666667	0.0
860	2383.8333333333335	0.0
870	2510.6666666666665	0.0
880	2020.6666666666667	0.0
890	2117.6666666666665	0.0
900	2492.6666666666665	0.0
910	1948.6666666666667	0.0
920	2388.0	0.0
930	2319.3333333333335	0.0
940	2660.8333333333335	0.0
950	2377.6666666666665	0.0
960	2179.5	0.0
970	2490.6666666666665	0.0
980	2803.3333333333335	0.0
990	2172.0	0.0
1000	2471.6666666666665	0.0
