0	230.66666666666666	0.0
10	142.66666666666666	320.0
20	141.33333333333334	545.0
30	142.66666666666666	135.0
40	366.6666666666667	0.0
50	106.66666666666667	0.0
60	1624.0	0.0
70	1990.0	0.0
80	1909.3333333333333	0.0
90	2416.0	0.0
100	2340.0	0.0
110	2264.6666666666665	0.0
120	2245.3333333333335	0.0
130	2498.6666666666665	0.0
140	2319.8333333333335	0.0
150	2286.6666666666665	0.0
160	1891.8333333333333	0.0
170	2144.8333333333335	0.0
180	2444.5	0.0
190	2355.1666666666665	0.0
200	2448.5	0.0
210	1683.6666666666667	0.0
220	2476.0	0.0
230	2395.5	0.0
240	2551.8333333333335	0.0
250	1732.6666666666667	0.0
260	2368.3333333333335	0.0
270	2491.6666666666665	0.0
280	1686.1666666666667	0.0
290	1589.6666666666667	0.0
300	2556.1666666666665	0.0
310	1695.3333333333333	0.0
320	1616.3333333333333	0.0
330	1791.3333333333333	0.0
340	2384.8333333333335	0.0
350	1935.0	0.0
360	2267.0	0.0
370	1973.0	0.0
380	2335.6666666666665	0.0
390	1799.1666666666667	0.0
400	2060.3333333333335	0.0
410	2090.1666666666665	0.0
420	2058.6666666666665	0.0
430	1827.0	0.0
440	2052.6666666666665	0.0
450	2509.3333333333335	0.0
460	1744.3333333333333	0.0
470	2299.0	0.0
480	1960.0	0.0
490	2315.0	0.0
500	2413.6666666666665	0.0
510	2343.3333333333335	0.0
520	2444.0	0.0
530	2577.8333333333335	0.0
540	2513.3333333333335	0.0
550	2602.8333333333335	0.0
560	2504.6666666666665	0.0
570	2554.3333333333335	0.0
580	1828.1666666666667	0.0
590	1742.6666666666667	0.0
600	2251.6666666666665	0.0
610	2402.6666666666665	0.0
620	2489.3333333333335	0.0
630	1914.1666666666667	0.0
640	2380.6666666666665	0.0
650	2171.0	0.0
660	1788.0	0.0
670	1897.6666666666667	0.0
680	1942.5	0.0
690	2206.6666666666665	0.0
700	2072.0	0.0
710	2029.8333333333333	0.0
720	2540.6666666666665	0.0
730	2411.6666666666665	0.0
740	2410.5	0.0
750	2553.1666666666665	0.0
760	2464.3333333333335	0.0
770	2580.8333333333335	0.0
780	1874.6666666666667	0.0
790	1440.0	0.0
800	1871.0	0.0
810	1861.6666666666667	0.0
820	2313.0	0.0
830	2303.6666666666665	0.0
840	2464.1666666666665	0.0
850	2292.6666666666665	0.0
860	1887.3333333333333	0.0
870	2235.1666666666665	0.0
880	1978.3333333333333	0.0
890	1782.3333333333333	0.0
900	1823.6666666666667	0.0
910	2056.1666666666665	0.0
920	1792.1666666666667	0.0
930	1800.0	0.0
940	1652.6666666666667	0.0
950	1967.3333333333333	0.0
960	2022.6666666666667	0.0
970	1782.6666666666667	0.0
980	2094.8333333333335	0.0
990	1995.3333333333333	0.0
1000	2376.5	0.0
