0	248.66666666666666	0.0
10	100.0	198.0
20	100.33333333333333	357.0
30	141.66666666666666	307.0
40	126.66666666666667	138.0
50	1561.3333333333333	0.0
60	1688.6666666666667	0.0
70	2344.6666666666665	0.0
80	2177.0	0.0
90	2082.0	0.0
100	2245.5	0.0
110	2123.8333333333335	0.0
120	2209.3333333333335	0.0
130	2039.3333333333333	0.0
140	2304.6666666666665	0.0
150	2246.6666666666665	0.0
160	2419.3333333333335	0.0
170	2416.0	0.0
180	2203.1666666666665	0.0
190	2312.3333333333335	0.0
200	2384.0	0.0
210	2404.6666666666665	0.0
220	2263.3333333333335	0.0
230	2498.8333333333335	0.0
240	2521.8333333333335	0.0
250	2396.5	0.0
260	1900.0	0.0
270	1872.3333333333333	0.0
280	2044.8333333333333	0.0
290	2254.5	0.0
300	1913.5	0.0
310	2103.6666666666665	0.0
320	1488.3333333333333	0.0
330	1900.3333333333333	0.0
340	1993.3333333333333	0.0
350	1821.6666666666667	0.0
360	2180.6666666666665	0.0
370	2026.0	0.0
380	2009.3333333333333	0.0
390	2309.5	0.0
400	1859.0	0.0
410	1927.5	0.0
420	2057.6666666666665	0.0
430	2460.3333333333335	0.0
440	2233.5	0.0
450	2181.3333333333335	0.0
460	2179.6666666666665	0.0
470	2424.3333333333335	0.0
480	2157.1666666666665	0.0
490	2115.0	0.0
500	2051.0	0.0
510	1926.6666666666667	0.0
520	2006.6666666666667	0.0
530	2315.1666666666665	0.0
540	1785.8333333333333	0.0
550	1930.0	0.0
560	2274.0	0.0
570	2212.0	0.0
580	2404.6666666666665	0.0
590	2359.0	0.0
600	2406.5	0.0
610	2343.1666666666665	0.0
620	2494.0	0.0
630	2237.3333333333335	0.0
640	2119.0	0.0
650	2341.3333333333335	0.0
660	1905.3333333333333	0.0
670	2155.6666666666665	0.0
680	2197.0	0.0
690	1912.6666666666667	0.0
700	2444.3333333333335	0.0
710	1973.5	0.0
720	2586.3333333333335	0.0
730	1926.6666666666667	0.0
740	1878.0	0.0
750	1876.8333333333333	0.0
760	2097.6666666666665	0.0
770	1868.0	0.0
780	2210.3333333333335	0.0
790	2099.8333333333335	0.0
800	2480.5	0.0
810	2316.0	0.0
820	2263.0	0.0
830	2196.8333333333335	0.0
840	2215.3333333333335	0.0
850	2229.6666666666665	0.0
860	2393.0	0.0
870	2557.3333333333335	0.0
880	2400.1666666666665	0.0
890	2238.0	0.0
900	2355.6666666666665	0.0
910	2298.8333333333335	0.0
920	2460.0	0.0
930	2569.6666666666665	0.0
940	2409.5	0.0
950	1766.5	0.0
960	2571.5	0.0
970	2707.3333333333335	0.0
980	2371.3333333333335	0.0
990	2477.3333333333335	0.0
1000	2310.0	0.0
