0	268.0	0.0
10	70.0	11.0
20	70.0	9.0
30	70.0	99.0
40	70.0	58.0
50	70.0	75.0
60	70.0	11.0
70	70.0	0.0
80	70.0	0.0
90	70.0	11.0
100	70.0	81.0
110	70.0	21.0
120	70.0	0.0
130	70.0	0.0
140	70.0	11.0
150	70.0	176.0
160	70.0	1.0
170	70.0	0.0
180	70.0	119.0
190	70.0	38.0
200	70.0	127.0
210	73.33333333333333	152.0
220	159.0	0.0
230	477.0	0.0
240	265.6666666666667	0.0
250	128.0	0.0
260	145.33333333333334	0.0
270	221.0	0.0
280	681.0	0.0
290	533.3333333333334	0.0
300	739.0	0.0
310	770.3333333333334	0.0
320	967.0	0.0
330	1070.0	0.0
340	1268.3333333333333	0.0
350	867.6666666666666	0.0
360	986.3333333333334	0.0
370	1293.3333333333333	0.0
380	1051.6666666666667	0.0
390	1398.6666666666667	0.0
400	1397.0	0.0
410	1558.0	0.0
420	1607.3333333333333	0.0
430	1632.8333333333333	0.0
440	2238.0	0.0
450	1905.0	0.0
460	1791.8333333333333	0.0
470	2246.1666666666665	0.0
480	2427.3333333333335	0.0
490	2513.1666666666665	0.0
500	2503.1666666666665	0.0
510	2505.6666666666665	0.0
520	2498.5	0.0
530	2506.1666666666665	0.0
540	2179.0	0.0
550	2471.6666666666665	0.0
560	2535.0	0.0
570	2773.6666666666665	0.0
580	2324.6666666666665	0.0
590	2601.8333333333335	0.0
600	2717.6666666666665	0.0
610	2354.3333333333335	0.0
620	2400.3333333333335	0.0
630	2627.8333333333335	0.0
640	2706.0	0.0
650	2753.6666666666665	0.0
660	2732.8333333333335	0.0
670	2514.6666666666665	0.0
680	2550.0	0.0
690	2818.6666666666665	0.0
700	2584.0	0.0
710	2261.3333333333335	0.0
720	2665.5	0.0
730	2476.1666666666665	0.0
740	2530.6666666666665	0.0
750	2758.1666666666665	0.0
760	2490.1666666666665	0.0
770	2759.6666666666665	0.0
780	2759.5	0.0
790	2673.6666666666665	0.0
800	2531.3333333333335	0.0
810	2654.6666666666665	0.0
820	2957.6666666666665	0.0
830	2746.1666666666665	0.0
840	2707.6666666666665	0.0
850	2858.1666666666665	0.0
860	2412.6666666666665	0.0
870	2769.1666666666665	0.0
880	2746.6666666666665	0.0
890	2424.1666666666665	0.0
900	2422.1666666666665	0.0
910	2393.6666666666665	0.0
920	2502.3333333333335	0.0
930	2472.3333333333335	0.0
940	1857.0	0.0
950	1954.3333333333333	0.0
960	1864.1666666666667	0.0
970	1956.6666666666667	0.0
980	2414.5	0.0
990	2160.5	0.0
1000	2203.6666666666665	0.0
