0	301.0	0.0
10	70.0	89.0
20	70.0	111.0
30	70.0	100.0
40	70.0	5.0
50	70.0	69.0
60	70.0	161.0
70	70.0	11.0
80	70.0	54.0
90	70.0	81.0
100	70.0	120.0
110	70.0	182.0
120	70.0	17.0
130	70.0	0.0
140	70.0	0.0
150	70.0	0.0
160	70.0	0.0
170	70.66666666666667	0.0
180	76.66666666666667	0.0
190	72.0	0.0
200	295.3333333333333	0.0
210	126.0	0.0
220	178.66666666666666	0.0
230	542.0	0.0
240	314.6666666666667	0.0
250	372.3333333333333	0.0
260	591.6666666666666	0.0
270	219.66666666666666	0.0
280	245.33333333333334	0.0
290	267.3333333333333	0.0
300	332.6666666666667	0.0
310	948.3333333333334	0.0
320	1009.3333333333334	0.0
330	1229.0	0.0
340	988.6666666666666	0.0
350	1205.6666666666667	0.0
360	1220.3333333333333	0.0
370	973.0	0.0
380	1451.3333333333333	0.0
390	1663.5	0.0
400	1647.0	0.0
410	1802.0	0.0
420	1486.6666666666667	0.0
430	2593.8333333333335	0.0
440	2280.6666666666665	0.0
450	2259.3333333333335	0.0
460	2211.3333333333335	0.0
470	2303.6666666666665	0.0
480	1682.8333333333333	0.0
490	2178.3333333333335	0.0
500	2397.0	0.0
510	2173.3333333333335	0.0
520	2476.3333333333335	0.0
530	2444.6666666666665	0.0
540	2336.3333333333335	0.0
550	2221.0	0.0
560	2395.0	0.0
570	2590.0	0.0
580	2747.8333333333335	0.0
590	2729.6666666666665	0.0
600	2784.6666666666665	0.0
610	2609.1666666666665	0.0
620	2581.3333333333335	0.0
630	2734.0	0.0
640	2706.8333333333335	0.0
650	2752.0	0.0
660	2744.5	0.0
670	2695.1666666666665	0.0
680	2536.1666666666665	0.0
690	2450.1666666666665	0.0
700	2784.0	0.0
710	2389.3333333333335	0.0
720	2499.6666666666665	0.0
730	2641.6666666666665	0.0
740	2283.3333333333335	0.0
750	2622.6666666666665	0.0
760	2851.5	0.0
770	2549.0	0.0
780	2745.3333333333335	0.0
790	2745.5	0.0
800	2764.6666666666665	0.0
810	2537.3333333333335	0.0
820	2623.0	0.0
830	2577.0	0.0
840	2524.6666666666665	0.0
850	2655.5	0.0
860	2498.0	0.0
870	2457.8333333333335	0.0
880	2670.0	0.0
890	2495.6666666666665	0.0
900	2713.8333333333335	0.0
910	2658.6666666666665	0.0
920	2790.0	0.0
930	2562.8333333333335	0.0
940	2673.0	0.0
950	2603.6666666666665	0.0
960	2064.6666666666665	0.0
970	2064.3333333333335	0.0
980	2406.8333333333335	0.0
990	2120.6666666666665	0.0
1000	1993.6666666666667	0.0
