0	261.3333333333333	0.0
10	70.0	11.0
20	70.0	7.0
30	70.0	82.0
40	70.0	17.0
50	70.0	103.0
60	70.0	23.0
70	70.0	55.0
80	70.0	27.0
90	70.0	11.0
100	70.0	17.0
110	70.0	1.0
120	70.0	167.0
130	70.0	63.0
140	70.0	1.0
150	70.0	101.0
160	70.0	12.0
170	70.0	0.0
180	71.33333333333333	25.0
190	72.33333333333333	1.0
200	112.33333333333333	1.0
210	75.33333333333333	134.0
220	88.66666666666667	141.0
230	145.33333333333334	0.0
240	320.0	0.0
250	237.33333333333334	0.0
260	239.0	0.0
270	187.66666666666666	0.0
280	197.66666666666666	0.0
290	146.0	0.0
300	419.0	0.0
310	467.0	0.0
320	691.0	0.0
330	620.3333333333334	0.0
340	1008.0	0.0
350	1126.3333333333333	0.0
360	1091.6666666666667	0.0
370	1158.0	0.0
380	929.6666666666666	0.0
390	1388.0	0.0
400	1736.6666666666667	0.0
410	1814.6666666666667	0.0
420	1550.6666666666667	0.0
430	1713.3333333333333	0.0
440	2098.6666666666665	0.0
450	1942.3333333333333	0.0
460	2209.6666666666665	0.0
470	2189.5	0.0
480	2041.6666666666667	0.0
490	2124.0	0.0
500	2277.0	0.0
510	2277.8333333333335	0.0
520	1960.6666666666667	0.0
530	2133.3333333333335	0.0
540	2345.0	0.0
550	2460.6666666666665	0.0
560	2204.1666666666665	0.0
570	2182.0	0.0
580	2224.6666666666665	0.0
590	2305.3333333333335	0.0
600	2638.1666666666665	0.0
610	2500.6666666666665	0.0
620	2345.0	0.0
630	2480.5	0.0
640	2786.0	0.0
650	2214.5	0.0
660	2403.5	0.0
670	2349.3333333333335	0.0
680	2478.6666666666665	0.0
690	2301.6666666666665	0.0
700	2661.3333333333335	0.0
710	2736.3333333333335	0.0
720	2563.5	0.0
730	2656.6666666666665	0.0
740	2307.6666666666665	0.0
750	2504.0	0.0
760	2527.1666666666665	0.0
770	2633.3333333333335	0.0
780	2638.0	0.0
790	2735.3333333333335	0.0
800	2553.1666666666665	0.0
810	2422.6666666666665	0.0
820	2459.6666666666665	0.0
830	2510.0	0.0
840	2333.6666666666665	0.0
850	1738.6666666666667	0.0
860	1905.8333333333333	0.0
870	2454.3333333333335	0.0
880	2421.3333333333335	0.0
890	2516.8333333333335	0.0
900	2486.3333333333335	0.0
910	2919.5	0.0
920	2750.1666666666665	0.0
930	2828.6666666666665	0.0
940	2873.5	0.0
950	2598.6666666666665	0.0
960	2806.0	0.0
970	2432.6666666666665	0.0
980	2676.3333333333335	0.0
990	2831.6666666666665	0.0
1000	2693.1666666666665	0.0
