0	255.33333333333334	0.0
10	70.0	13.0
20	70.0	134.0
30	70.0	17.0
40	70.0	1.0
50	70.0	14.0
60	70.0	26.0
70	70.0	74.0
80	70.0	12.0
90	70.0	12.0
100	70.0	52.0
110	70.0	37.0
120	70.0	34.0
130	70.0	34.0
140	70.0	26.0
150	70.0	115.0
160	70.0	9.0
170	71.0	21.0
180	70.0	101.0
190	70.66666666666667	87.0
200	71.33333333333333	152.0
210	73.66666666666667	29.0
220	157.66666666666666	0.0
230	149.0	0.0
240	282.6666666666667	0.0
250	302.0	0.0
260	340.6666666666667	0.0
270	140.0	0.0
280	155.0	0.0
290	155.0	0.0
300	148.0	0.0
310	130.0	0.0
320	130.0	0.0
330	241.66666666666666	0.0
340	606.6666666666666	0.0
350	483.0	0.0
360	950.5	0.0
370	821.3333333333334	0.0
380	1161.0	0.0
390	1020.6666666666666	0.0
400	707.0	0.0
410	1058.0	0.0
420	1235.6666666666667	0.0
430	1079.6666666666667	0.0
440	1496.6666666666667	0.0
450	1747.3333333333333	0.0
460	1726.6666666666667	0.0
470	1883.0	0.0
480	1889.0	0.0
490	1646.3333333333333	0.0
500	1692.3333333333333	0.0
510	1994.0	0.0
520	1651.6666666666667	0.0
530	2210.6666666666665	0.0
540	2309.8333333333335	0.0
550	2314.6666666666665	0.0
560	2313.6666666666665	0.0
570	2397.6666666666665	0.0
580	2502.0	0.0
590	2268.5	0.0
600	2625.5	0.0
610	2311.0	0.0
620	2503.8333333333335	0.0
630	2615.3333333333335	0.0
640	2764.0	0.0
650	2522.3333333333335	0.0
660	2535.1666666666665	0.0
670	2741.3333333333335	0.0
680	2638.5	0.0
690	2852.3333333333335	0.0
700	2653.0	0.0
710	2689.0	0.0
720	2572.6666666666665	0.0
730	2693.6666666666665	0.0
740	2575.8333333333335	0.0
750	2596.1666666666665	0.0
760	2384.3333333333335	0.0
770	2570.6666666666665	0.0
780	2919.3333333333335	0.0
790	2725.1666666666665	0.0
800	2761.6666666666665	0.0
810	2574.5	0.0
820	2475.6666666666665	0.0
830	2601.5	0.0
840	2521.6666666666665	0.0
850	2664.8333333333335	0.0
860	2711.1666666666665	0.0
870	2749.1666666666665	0.0
880	2759.5	0.0
890	2527.8333333333335	0.0
900	2785.6666666666665	0.0
910	2638.0	0.0
920	2391.0	0.0
930	2200.3333333333335	0.0
940	2221.8333333333335	0.0
950	2363.5	0.0
960	2198.0	0.0
970	2410.5	0.0
980	2235.3333333333335	0.0
990	2078.8333333333335	0.0
1000	2528.0	0.0
