0	224.66666666666666	0.0
10	70.0	27.0
20	70.0	137.0
30	70.0	293.0
40	70.0	90.0
50	70.0	96.0
60	70.0	140.0
70	70.0	24.0
80	73.0	193.0
90	584.3333333333334	0.0
100	1685.0	0.0
110	1277.0	0.0
120	1738.0	0.0
130	1854.1666666666667	0.0
140	1784.0	0.0
150	2218.5	0.0
160	2386.3333333333335	0.0
170	2185.6666666666665	0.0
180	2526.3333333333335	0.0
190	2398.6666666666665	0.0
200	2399.3333333333335	0.0
210	2463.3333333333335	0.0
220	2405.8333333333335	0.0
230	2353.1666666666665	0.0
240	2259.3333333333335	0.0
250	2488.3333333333335	0.0
260	2368.6666666666665	0.0
270	2258.3333333333335	0.0
280	2250.0	0.0
290	2489.3333333333335	0.0
300	2415.3333333333335	0.0
310	2332.0	0.0
320	2291.3333333333335	0.0
330	2485.3333333333335	0.0
340	806.3333333333334	0.0
350	1231.6666666666667	0.0
360	1885.3333333333333	0.0
370	1945.1666666666667	0.0
380	2196.8333333333335	0.0
390	1830.6666666666667	0.0
400	2137.5	0.0
410	1975.6666666666667	0.0
420	1946.8333333333333	0.0
430	2254.6666666666665	0.0
440	2144.1666666666665	0.0
450	2316.3333333333335	0.0
460	2221.6666666666665	0.0
470	1991.8333333333333	0.0
480	1912.0	0.0
490	1570.0	0.0
500	2022.3333333333333	0.0
510	2457.3333333333335	0.0
520	2480.6666666666665	0.0
530	2505.3333333333335	0.0
540	2241.0	0.0
550	2238.0	0.0
560	2414.3333333333335	0.0
570	2304.6666666666665	0.0
580	2496.3333333333335	0.0
590	1914.5	0.0
600	2564.8333333333335	0.0
610	2597.0	0.0
620	1978.8333333333333	0.0
630	1828.1666666666667	0.0
640	2477.0	0.0
650	1882.3333333333333	0.0
660	1605.6666666666667	0.0
670	2132.0	0.0
680	1670.0	0.0
690	1512.3333333333333	0.0
700	1689.0	0.0
710	1609.8333333333333	0.0
720	2521.6666666666665	0.0
730	2574.0	0.0
740	2164.5	0.0
750	2529.3333333333335	0.0
760	2593.0	0.0
770	2313.6666666666665	0.0
780	2563.3333333333335	0.0
790	2460.6666666666665	0.0
800	2349.6666666666665	0.0
810	1701.3333333333333	0.0
820	1903.1666666666667	0.0
830	1688.1666666666667	0.0
840	2662.6666666666665	0.0
850	2344.0	0.0
860	2345.3333333333335	0.0
870	2400.6666666666665	0.0
880	2320.5	0.0
890	2430.3333333333335	0.0
900	2332.8333333333335	0.0
910	2434.3333333333335	0.0
920	2305.8333333333335	0.0
930	2750.3333333333335	0.0
940	2384.3333333333335	0.0
950	2455.0	0.0
960	2384.5	0.0
970	2353.3333333333335	0.0
980	2086.6666666666665	0.0
990	2458.3333333333335	0.0
1000	2251.6666666666665	0.0
