0	218.0	0.0
10	70.0	92.0
20	70.0	197.0
30	70.0	34.0
40	70.0	22.0
50	70.0	49.0
60	70.0	291.0
70	76.66666666666667	35.0
80	71.0	114.0
90	230.66666666666666	166.0
100	283.3333333333333	0.0
110	1030.0	0.0
120	1345.0	0.0
130	1452.6666666666667	0.0
140	1273.3333333333333	0.0
150	1399.3333333333333	0.0
160	2399.0	0.0
170	2210.1666666666665	0.0
180	1939.3333333333333	0.0
190	2276.5	0.0
200	2295.6666666666665	0.0
210	2260.3333333333335	0.0
220	2419.3333333333335	0.0
230	2273.3333333333335	0.0
240	2171.0	0.0
250	2509.0	0.0
260	2623.3333333333335	0.0
270	2503.1666666666665	0.0
280	2224.6666666666665	0.0
290	2303.1666666666665	0.0
300	2484.0	0.0
310	2229.5	0.0
320	2310.5	0.0
330	2386.0	0.0
340	2405.6666666666665	0.0
350	2386.3333333333335	0.0
360	1854.6666666666667	0.0
370	1816.8333333333333	0.0
380	2342.1666666666665	0.0
390	1893.5	0.0
400	2455.3333333333335	0.0
410	2362.3333333333335	0.0
420	2593.0	0.0
430	2303.0	0.0
440	2446.5	0.0
450	2535.3333333333335	0.0
460	2287.0	0.0
470	2301.1666666666665	0.0
480	2280.6666666666665	0.0
490	2470.6666666666665	0.0
500	2250.3333333333335	0.0
510	2509.3333333333335	0.0
520	2468.6666666666665	0.0
530	1680.3333333333333	0.0
540	1604.0	0.0
550	1489.3333333333333	0.0
560	1774.0	0.0
570	1849.5	0.0
580	1720.3333333333333	0.0
590	2468.0	0.0
600	2505.6666666666665	0.0
610	1324.1666666666667	0.0
620	1837.3333333333333	0.0
630	1896.6666666666667	0.0
640	2043.8333333333333	0.0
650	1719.6666666666667	0.0
660	2644.6666666666665	0.0
670	2236.3333333333335	0.0
680	2546.3333333333335	0.0
690	2628.3333333333335	0.0
700	2433.3333333333335	0.0
710	1595.0	0.0
720	1783.1666666666667	0.0
730	1921.6666666666667	0.0
740	1764.3333333333333	0.0
750	2326.3333333333335	0.0
760	2200.5	0.0
770	1515.6666666666667	0.0
780	1951.6666666666667	0.0
790	1941.8333333333333	0.0
800	2375.0	0.0
810	2470.1666666666665	0.0
820	2423.6666666666665	0.0
830	2165.6666666666665	0.0
840	2083.1666666666665	0.0
850	1904.0	0.0
860	1457.3333333333333	0.0
870	1887.1666666666667	0.0
880	1936.0	0.0
890	1853.6666666666667	0.0
900	2162.6666666666665	0.0
910	1789.0	0.0
920	1810.6666666666667	0.0
930	1875.6666666666667	0.0
940	1927.3333333333333	0.0
950	2571.3333333333335	0.0
960	2392.0	0.0
970	2548.3333333333335	0.0
980	2375.0	0.0
990	1623.6666666666667	0.0
1000	2282.6666666666665	0.0
