0	255.66666666666666	0.0
10	70.0	27.0
20	70.0	281.0
30	70.0	43.0
40	70.0	307.0
50	70.0	221.0
60	70.0	121.0
70	149.0	0.0
80	2159.3333333333335	0.0
90	2192.8333333333335	0.0
100	2226.6666666666665	0.0
110	2119.6666666666665	0.0
120	2330.3333333333335	0.0
130	2419.6666666666665	0.0
140	2253.8333333333335	0.0
150	1916.0	0.0
160	2280.6666666666665	0.0
170	2205.8333333333335	0.0
180	2247.8333333333335	0.0
190	2334.0	0.0
200	2505.6666666666665	0.0
210	1787.6666666666667	0.0
220	1706.0	0.0
230	2480.0	0.0
240	1602.3333333333333	0.0
250	2356.1666666666665	0.0
260	2055.3333333333335	0.0
270	2581.6666666666665	0.0
280	2338.6666666666665	0.0
290	2446.6666666666665	0.0
300	2340.6666666666665	0.0
310	2374.5	0.0
320	2315.6666666666665	0.0
330	2565.8333333333335	0.0
340	1002.3333333333334	0.0
350	1221.6666666666667	0.0
360	1952.0	0.0
370	2140.1666666666665	0.0
380	1877.6666666666667	0.0
390	1671.0	0.0
400	1794.0	0.0
410	1892.0	0.0
420	2149.3333333333335	0.0
430	1911.8333333333333	0.0
440	2038.8333333333333	0.0
450	2173.8333333333335	0.0
460	2034.6666666666667	0.0
470	1805.5	0.0
480	2213.6666666666665	0.0
490	1845.5	0.0
500	2363.8333333333335	0.0
510	2342.0	0.0
520	2479.3333333333335	0.0
530	1887.5	0.0
540	1859.5	0.0
550	1790.6666666666667	0.0
560	2404.0	0.0
570	2310.8333333333335	0.0
580	2180.6666666666665	0.0
590	2450.8333333333335	0.0
600	2592.0	0.0
610	2449.5	0.0
620	2554.6666666666665	0.0
630	1861.0	0.0
640	2544.5	0.0
650	1570.5	0.0
660	2088.5	0.0
670	2370.0	0.0
680	1748.8333333333333	0.0
690	2195.5	0.0
700	2481.6666666666665	0.0
710	2208.6666666666665	0.0
720	2097.3333333333335	0.0
730	2352.3333333333335	0.0
740	1885.8333333333333	0.0
750	1913.1666666666667	0.0
760	1760.6666666666667	0.0
770	1771.3333333333333	0.0
780	2049.0	0.0
790	2016.8333333333333	0.0
800	2406.8333333333335	0.0
810	2451.6666666666665	0.0
820	2393.3333333333335	0.0
830	2390.3333333333335	0.0
840	2360.0	0.0
850	2523.3333333333335	0.0
860	2119.0	0.0
870	1798.3333333333333	0.0
880	2094.3333333333335	0.0
890	1865.6666666666667	0.0
900	2408.1666666666665	0.0
910	2411.6666666666665	0.0
920	2147.8333333333335	0.0
930	2296.3333333333335	0.0
940	2380.0	0.0
950	2450.0	0.0
960	2740.5	0.0
970	1823.5	0.0
980	1724.1666666666667	0.0
990	2152.3333333333335	0.0
1000	1937.3333333333333	0.0
