0	268.6666666666667	0.0
10	70.0	43.0
20	70.0	39.0
30	70.0	115.0
40	70.0	41.0
50	70.0	208.0
60	70.0	19.0
70	70.0	133.0
80	148.33333333333334	45.0
90	484.0	128.0
100	1235.0	229.0
110	843.0	0.0
120	368.3333333333333	0.0
130	1472.3333333333333	0.0
140	1597.8333333333333	0.0
150	1769.8333333333333	0.0
160	1680.6666666666667	0.0
170	2223.6666666666665	0.0
180	2055.1666666666665	0.0
190	2268.0	0.0
200	2465.6666666666665	0.0
210	2267.0	0.0
220	2264.0	0.0
230	2420.6666666666665	0.0
240	2523.1666666666665	0.0
250	1831.3333333333333	0.0
260	2320.3333333333335	0.0
270	2417.3333333333335	0.0
280	2183.1666666666665	0.0
290	2620.8333333333335	0.0
300	2379.0	0.0
310	2465.5	0.0
320	2309.6666666666665	0.0
330	2611.6666666666665	0.0
340	2679.8333333333335	0.0
350	2432.3333333333335	0.0
360	2290.0	0.0
370	2420.3333333333335	0.0
380	2466.3333333333335	0.0
390	2136.3333333333335	0.0
400	1946.0	0.0
410	1922.6666666666667	0.0
420	2105.0	0.0
430	1687.1666666666667	0.0
440	2450.6666666666665	0.0
450	2599.0	0.0
460	2593.6666666666665	0.0
470	2352.6666666666665	0.0
480	2447.6666666666665	0.0
490	2368.6666666666665	0.0
500	2259.6666666666665	0.0
510	2461.0	0.0
520	1888.6666666666667	0.0
530	2129.6666666666665	0.0
540	2108.8333333333335	0.0
550	2048.0	0.0
560	2008.5	0.0
570	2020.6666666666667	0.0
580	1591.6666666666667	0.0
590	2478.3333333333335	0.0
600	1641.6666666666667	0.0
610	2107.1666666666665	0.0
620	2122.0	0.0
630	2086.6666666666665	0.0
640	1790.8333333333333	0.0
650	1900.0	0.0
660	1616.6666666666667	0.0
670	1454.1666666666667	0.0
680	2439.3333333333335	0.0
690	1767.3333333333333	0.0
700	2490.1666666666665	0.0
710	2320.3333333333335	0.0
720	2310.3333333333335	0.0
730	2220.8333333333335	0.0
740	2196.1666666666665	0.0
750	2415.3333333333335	0.0
760	2298.1666666666665	0.0
770	2288.0	0.0
780	2479.0	0.0
790	2501.3333333333335	0.0
800	2356.5	0.0
810	2446.0	0.0
820	2618.6666666666665	0.0
830	2396.3333333333335	0.0
840	2757.0	0.0
850	2466.6666666666665	0.0
860	2463.5	0.0
870	2669.5	0.0
880	2419.0	0.0
890	2426.3333333333335	0.0
900	2448.0	0.0
910	2167.8333333333335	0.0
920	2378.0	0.0
930	2564.0	0.0
940	2505.6666666666665	0.0
950	2164.8333333333335	0.0
960	2232.3333333333335	0.0
970	2468.6666666666665	0.0
980	2291.3333333333335	0.0
990	2108.8333333333335	0.0
1000	2167.3333333333335	0.0
