0	286.0	0.0
10	70.0	32.0
20	70.0	21.0
30	70.0	45.0
40	70.0	175.0
50	70.0	28.0
60	70.0	441.0
70	70.0	41.0
80	70.0	55.0
90	522.0	136.0
100	1840.6666666666667	26.0
110	1916.0	0.0
120	1902.8333333333333	0.0
130	2145.8333333333335	0.0
140	2430.6666666666665	0.0
150	2262.0	0.0
160	2115.3333333333335	0.0
170	2327.6666666666665	0.0
180	2528.0	0.0
190	2495.6666666666665	0.0
200	2432.6666666666665	0.0
210	2436.1666666666665	0.0
220	2281.0	0.0
230	2646.0	0.0
240	2104.3333333333335	0.0
250	2563.3333333333335	0.0
260	2215.0	0.0
270	2430.8333333333335	0.0
280	2210.3333333333335	0.0
290	2530.6666666666665	0.0
300	2266.1666666666665	0.0
310	2352.6666666666665	0.0
320	1709.3333333333333	0.0
330	2374.6666666666665	0.0
340	2448.8333333333335	0.0
350	1947.5	0.0
360	2601.5	0.0
370	1630.0	0.0
380	1417.0	0.0
390	1502.1666666666667	0.0
400	2382.3333333333335	0.0
410	1644.6666666666667	0.0
420	1772.3333333333333	0.0
430	2067.6666666666665	0.0
440	1605.6666666666667	0.0
450	1733.3333333333333	0.0
460	2221.6666666666665	0.0
470	1850.5	0.0
480	1846.0	0.0
490	2187.8333333333335	0.0
500	2021.0	0.0
510	2198.8333333333335	0.0
520	1894.6666666666667	0.0
530	2008.3333333333333	0.0
540	2169.1666666666665	0.0
550	2051.8333333333335	0.0
560	1581.1666666666667	0.0
570	2176.6666666666665	0.0
580	2344.3333333333335	0.0
590	1824.6666666666667	0.0
600	1854.6666666666667	0.0
610	1855.8333333333333	0.0
620	1810.8333333333333	0.0
630	2292.8333333333335	0.0
640	2369.5	0.0
650	2402.1666666666665	0.0
660	2441.0	0.0
670	2465.3333333333335	0.0
680	2406.6666666666665	0.0
690	2463.0	0.0
700	2435.1666666666665	0.0
710	2468.8333333333335	0.0
720	1698.8333333333333	0.0
730	1861.8333333333333	0.0
740	1944.8333333333333	0.0
750	2404.0	0.0
760	2392.3333333333335	0.0
770	2263.3333333333335	0.0
780	2366.3333333333335	0.0
790	2431.5	0.0
800	2312.3333333333335	0.0
810	2585.5	0.0
820	2360.8333333333335	0.0
830	1975.5	0.0
840	2404.6666666666665	0.0
850	2402.0	0.0
860	1950.0	0.0
870	1801.5	0.0
880	2085.3333333333335	0.0
890	2652.5	0.0
900	2521.8333333333335	0.0
910	2502.6666666666665	0.0
920	2448.3333333333335	0.0
930	1977.1666666666667	0.0
940	1646.6666666666667	0.0
950	1895.3333333333333	0.0
960	1837.3333333333333	0.0
970	1941.0	0.0
980	2310.3333333333335	0.0
990	2373.8333333333335	0.0
1000	2322.8333333333335	0.0
