0	237.0	0.0	0.0	0.0	0.0	0.0	0.0
10	70.0	0.0	0.0	0.0	0.0	0.0	0.0
20	70.0	0.0	0.0	0.0	0.0	0.0	0.0
30	70.0	0.0	0.0	0.0	0.0	0.0	0.0
40	70.0	0.0	0.0	0.0	0.0	0.0	0.0
50	70.0	0.0	0.0	0.0	0.0	0.0	0.0
60	70.0	0.0	0.0	0.0	0.0	0.0	0.0
70	70.0	0.0	0.0	0.0	0.0	0.0	0.0
80	70.33333333333333	0.0	0.0	0.0	0.0	0.0	0.0
90	70.0	0.0	0.0	0.0	0.0	0.0	0.0
100	75.33333333333333	0.0	0.0	0.0	0.0	0.0	0.0
110	301.3333333333333	0.0	0.0	0.0	0.0	0.0	0.0
120	217.33333333333334	0.0	0.0	0.0	0.0	0.0	0.0
130	484.0	0.0	0.0	0.0	0.0	0.0	0.0
140	210.66666666666666	0.0	0.0	0.0	0.0	0.0	0.0
150	185.0	0.0	9.0	0.0	0.0	0.0	0.0
160	237.66666666666666	0.0	0.0	0.0	0.0	0.0	0.0
170	275.0	0.0	0.0	0.0	0.0	0.0	0.0
180	310.6666666666667	0.0	13.0	2.0	0.0	2.0	0.0
190	327.3333333333333	0.0	0.0	0.0	0.0	0.0	0.0
200	297.0	0.0	0.0	0.0	0.0	0.0	0.0
210	251.0	0.0	3.0	0.0	0.0	0.0	0.0
220	305.3333333333333	0.0	0.0	0.0	0.0	0.0	0.0
230	273.6666666666667	0.0	0.0	0.0	0.0	0.0	0.0
240	326.0	0.0	0.0	0.0	0.0	0.0	0.0
250	294.6666666666667	0.0	3.0	0.0	0.0	0.0	0.0
260	367.6666666666667	0.0	25.0	0.0	0.0	0.0	0.0
270	322.6666666666667	0.0	1.0	0.0	0.0	0.0	0.0
280	383.3333333333333	0.0	14.0	0.0	0.0	0.0	0.0
290	622.3333333333334	0.0	1.0	0.0	0.0	0.0	0.0
300	507.6666666666667	0.0	0.0	0.0	0.0	0.0	0.0
310	453.6666666666667	1.0	20.0	1.0	1.0	1.0	0.0
320	443.0	5.0	12.0	5.0	0.0	0.0	5.0
330	538.0	0.0	2.0	0.0	0.0	0.0	0.0
340	481.0	0.0	17.0	0.0	0.0	0.0	0.0
350	528.6666666666666	1.0	34.0	0.0	1.0	0.0	0.0
360	849.3333333333334	0.0	15.0	2.0	0.0	2.0	0.0
370	1152.0	6.0	28.0	6.0	0.0	0.0	6.0
380	1053.3333333333333	1.0	72.0	2.0	1.0	2.0	0.0
390	1445.1666666666667	1.0	27.0	1.0	0.0	0.0	1.0
400	1823.3333333333333	0.0	36.0	1.0	0.0	1.0	0.0
410	1729.5	9.0	51.0	8.0	1.0	0.0	8.0
420	1549.5	0.0	9.0	0.0	0.0	0.0	0.0
430	1204.5	0.0	3.0	0.0	0.0	0.0	0.0
440	1118.6666666666667	1.0	15.0	1.0	0.0	0.0	1.0
450	1299.6666666666667	3.0	88.0	1.0	2.0	0.0	1.0
460	2127.0	0.0	0.0	0.0	0.0	0.0	0.0
470	1576.0	0.0	98.0	1.0	0.0	1.0	0.0
480	957.5	1.0	123.0	3.0	1.0	3.0	0.0
490	1902.6666666666667	1.0	10.0	1.0	0.0	0.0	1.0
500	2073.5	1.0	25.0	1.0	1.0	1.0	0.0
510	2026.6666666666667	0.0	5.0	0.0	0.0	0.0	0.0
520	1844.5	1.0	57.0	5.0	0.0	4.0	1.0
530	1961.3333333333333	0.0	19.0	2.0	0.0	2.0	0.0
540	1602.1666666666667	0.0	34.0	0.0	0.0	0.0	0.0
550	1755.6666666666667	0.0	109.0	2.0	0.0	2.0	0.0
560	2084.5	0.0	53.0	1.0	0.0	1.0	0.0
570	1757.3333333333333	0.0	27.0	0.0	0.0	0.0	0.0
580	1888.0	0.0	36.0	0.0	0.0	0.0	0.0
590	2157.3333333333335	0.0	5.0	0.0	0.0	0.0	0.0
600	2038.6666666666667	0.0	61.0	1.0	0.0	1.0	0.0
610	1669.1666666666667	0.0	11.0	0.0	0.0	0.0	0.0
620	1999.0	4.0	54.0	5.0	0.0	1.0	4.0
630	1916.6666666666667	1.0	87.0	0.0	1.0	0.0	0.0
640	1764.3333333333333	0.0	26.0	2.0	0.0	2.0	0.0
650	2124.0	3.0	134.0	6.0	1.0	4.0	2.0
660	1887.6666666666667	1.0	39.0	6.0	0.0	5.0	1.0
670	2032.3333333333333	0.0	73.0	3.0	0.0	3.0	0.0
680	2065.5	0.0	38.0	1.0	0.0	1.0	0.0
690	1700.3333333333333	0.0	0.0	0.0	0.0	0.0	0.0
700	2144.5	1.0	5.0	1.0	0.0	0.0	1.0
710	2491.0	1.0	82.0	3.0	0.0	2.0	1.0
720	2288.3333333333335	0.0	2.0	0.0	0.0	0.0	0.0
730	2467.6666666666665	0.0	30.0	0.0	0.0	0.0	0.0
740	2282.3333333333335	2.0	59.0	2.0	0.0	0.0	2.0
750	2348.0	1.0	9.0	1.0	0.0	0.0	1.0
760	2390.5	1.0	27.0	2.0	0.0	1.0	1.0
770	2055.0	0.0	45.0	0.0	0.0	0.0	0.0
780	2321.6666666666665	1.0	24.0	2.0	0.0	1.0	1.0
790	2420.6666666666665	0.0	25.0	2.0	0.0	2.0	0.0
800	2416.6666666666665	0.0	1.0	0.0	0.0	0.0	0.0
810	2308.6666666666665	2.0	52.0	3.0	0.0	1.0	2.0
820	2550.6666666666665	1.0	23.0	1.0	0.0	0.0	1.0
830	2492.6666666666665	1.0	25.0	1.0	0.0	0.0	1.0
840	2425.6666666666665	0.0	11.0	0.0	0.0	0.0	0.0
850	2006.0	1.0	20.0	2.0	1.0	1.0	0.0
860	2210.8333333333335	0.0	91.0	4.0	0.0	4.0	0.0
870	2550.6666666666665	0.0	38.0	0.0	0.0	0.0	0.0
880	2578.1666666666665	0.0	5.0	0.0	0.0	0.0	0.0
890	2792.3333333333335	0.0	0.0	0.0	0.0	0.0	0.0
900	2607.3333333333335	0.0	11.0	0.0	0.0	0.0	0.0
910	2388.5	2.0	60.0	2.0	0.0	0.0	2.0
920	2541.3333333333335	0.0	0.0	0.0	0.0	0.0	0.0
930	2511.6666666666665	1.0	50.0	0.0	1.0	0.0	0.0
940	2412.5	0.0	15.0	0.0	0.0	0.0	0.0
950	2431.3333333333335	0.0	27.0	0.0	0.0	0.0	0.0
960	2443.0	0.0	12.0	1.0	0.0	1.0	0.0
970	2380.3333333333335	0.0	4.0	0.0	0.0	0.0	0.0
980	2504.6666666666665	1.0	19.0	1.0	0.0	0.0	1.0
990	1741.8333333333333	0.0	40.0	1.0	0.0	1.0	0.0
1000	1850.3333333333333	0.0	52.0	1.0	0.0	1.0	0.0
