0	282.3333333333333	0.0	0.0	0.0	0.0	0.0	0.0
10	70.0	0.0	0.0	0.0	0.0	0.0	0.0
20	70.0	0.0	0.0	0.0	0.0	0.0	0.0
30	70.0	0.0	0.0	0.0	0.0	0.0	0.0
40	70.0	0.0	0.0	0.0	0.0	0.0	0.0
50	70.0	0.0	0.0	0.0	0.0	0.0	0.0
60	70.0	0.0	0.0	0.0	0.0	0.0	0.0
70	70.0	0.0	0.0	0.0	0.0	0.0	0.0
80	70.0	0.0	0.0	0.0	0.0	0.0	0.0
90	71.0	0.0	0.0	0.0	0.0	0.0	0.0
100	75.66666666666667	0.0	0.0	0.0	0.0	0.0	0.0
110	184.0	0.0	0.0	0.0	0.0	0.0	0.0
120	312.3333333333333	0.0	0.0	0.0	0.0	0.0	0.0
130	151.33333333333334	0.0	1.0	0.0	0.0	0.0	0.0
140	380.0	0.0	3.0	0.0	0.0	0.0	0.0
150	143.66666666666666	0.0	0.0	0.0	0.0	0.0	0.0
160	200.33333333333334	0.0	0.0	0.0	0.0	0.0	0.0
170	146.66666666666666	0.0	0.0	0.0	0.0	0.0	0.0
180	383.0	0.0	0.0	0.0	0.0	0.0	0.0
190	318.3333333333333	1.0	12.0	1.0	0.0	0.0	1.0
200	272.3333333333333	0.0	5.0	0.0	0.0	0.0	0.0
210	145.33333333333334	6.0	15.0	5.0	2.0	0.0	4.0
220	301.6666666666667	0.0	0.0	0.0	0.0	0.0	0.0
230	657.3333333333334	0.0	1.0	0.0	0.0	0.0	0.0
240	415.3333333333333	0.0	2.0	0.0	0.0	0.0	0.0
250	306.6666666666667	1.0	10.0	1.0	1.0	1.0	0.0
260	314.6666666666667	0.0	6.0	0.0	0.0	0.0	0.0
270	495.0	1.0	4.0	0.0	1.0	0.0	0.0
280	371.6666666666667	0.0	0.0	0.0	0.0	0.0	0.0
290	429.6666666666667	0.0	4.0	0.0	0.0	0.0	0.0
300	546.0	0.0	8.0	2.0	0.0	2.0	0.0
310	742.3333333333334	0.0	0.0	0.0	0.0	0.0	0.0
320	649.0	0.0	10.0	0.0	0.0	0.0	0.0
330	744.6666666666666	3.0	69.0	3.0	1.0	1.0	2.0
340	1118.8333333333333	0.0	15.0	1.0	0.0	1.0	0.0
350	1049.0	1.0	23.0	1.0	1.0	0.0	0.0
360	1556.3333333333333	0.0	37.0	0.0	0.0	0.0	0.0
370	1270.6666666666667	1.0	44.0	2.0	1.0	2.0	0.0
380	1649.6666666666667	3.0	31.0	6.0	0.0	3.0	3.0
390	2178.3333333333335	2.0	22.0	1.0	1.0	0.0	1.0
400	2175.5	1.0	27.0	0.0	1.0	0.0	0.0
410	1829.3333333333333	0.0	1.0	0.0	0.0	0.0	0.0
420	1679.1666666666667	0.0	11.0	0.0	0.0	0.0	0.0
430	1707.5	0.0	58.0	0.0	0.0	0.0	0.0
440	2064.6666666666665	1.0	18.0	3.0	0.0	2.0	1.0
450	1755.0	2.0	91.0	3.0	0.0	1.0	2.0
460	1687.0	0.0	11.0	0.0	0.0	0.0	0.0
470	1825.1666666666667	0.0	6.0	0.0	0.0	0.0	0.0
480	1878.3333333333333	1.0	46.0	2.0	0.0	1.0	1.0
490	1736.6666666666667	3.0	23.0	3.0	0.0	0.0	3.0
500	1469.0	1.0	20.0	2.0	0.0	1.0	1.0
510	1708.5	1.0	44.0	3.0	0.0	2.0	1.0
520	2048.1666666666665	1.0	21.0	0.0	1.0	0.0	0.0
530	1785.6666666666667	2.0	15.0	2.0	0.0	0.0	2.0
540	2198.1666666666665	0.0	5.0	0.0	0.0	0.0	0.0
550	2010.8333333333333	1.0	119.0	7.0	0.0	6.0	1.0
560	2095.8333333333335	1.0	60.0	0.0	1.0	0.0	0.0
570	1928.1666666666667	1.0	48.0	0.0	1.0	0.0	0.0
580	2234.5	0.0	75.0	2.0	0.0	2.0	0.0
590	1689.8333333333333	3.0	89.0	4.0	3.0	4.0	0.0
600	2057.3333333333335	0.0	9.0	0.0	0.0	0.0	0.0
610	1841.3333333333333	0.0	32.0	1.0	0.0	1.0	0.0
620	1562.0	2.0	197.0	10.0	0.0	8.0	2.0
630	1837.0	1.0	25.0	0.0	1.0	0.0	0.0
640	2072.1666666666665	0.0	17.0	2.0	0.0	2.0	0.0
650	1985.8333333333333	0.0	1.0	1.0	0.0	1.0	0.0
660	1838.1666666666667	2.0	58.0	2.0	1.0	1.0	1.0
670	2035.6666666666667	2.0	18.0	3.0	0.0	1.0	2.0
680	1598.6666666666667	1.0	47.0	1.0	0.0	0.0	1.0
690	1703.0	0.0	15.0	0.0	0.0	0.0	0.0
700	1840.6666666666667	15.0	38.0	15.0	0.0	0.0	15.0
710	1518.6666666666667	1.0	74.0	4.0	0.0	3.0	1.0
720	2194.8333333333335	0.0	9.0	1.0	0.0	1.0	0.0
730	1812.8333333333333	0.0	68.0	1.0	0.0	1.0	0.0
740	2312.3333333333335	3.0	72.0	4.0	0.0	1.0	3.0
750	2503.1666666666665	0.0	8.0	0.0	0.0	0.0	0.0
760	2267.3333333333335	0.0	10.0	1.0	0.0	1.0	0.0
770	2347.8333333333335	11.0	31.0	12.0	0.0	1.0	11.0
780	2535.6666666666665	1.0	35.0	1.0	1.0	1.0	0.0
790	2388.1666666666665	0.0	5.0	0.0	0.0	0.0	0.0
800	2353.3333333333335	0.0	17.0	0.0	0.0	0.0	0.0
810	2311.3333333333335	1.0	24.0	1.0	1.0	1.0	0.0
820	2434.5	1.0	25.0	0.0	1.0	0.0	0.0
830	2504.6666666666665	0.0	22.0	1.0	0.0	1.0	0.0
840	2099.0	0.0	26.0	0.0	0.0	0.0	0.0
850	2386.1666666666665	0.0	4.0	0.0	0.0	0.0	0.0
860	2516.3333333333335	0.0	0.0	0.0	0.0	0.0	0.0
870	2361.3333333333335	0.0	4.0	1.0	0.0	1.0	0.0
880	2516.3333333333335	0.0	111.0	5.0	0.0	5.0	0.0
890	2366.6666666666665	0.0	18.0	2.0	0.0	2.0	0.0
900	2508.6666666666665	3.0	51.0	3.0	0.0	0.0	3.0
910	1962.6666666666667	0.0	11.0	1.0	0.0	1.0	0.0
920	2239.5	0.0	62.0	0.0	0.0	0.0	0.0
930	2103.3333333333335	0.0	0.0	0.0	0.0	0.0	0.0
940	1627.0	0.0	36.0	1.0	0.0	1.0	0.0
950	1791.5	0.0	25.0	0.0	0.0	0.0	0.0
960	1752.0	0.0	21.0	1.0	0.0	1.0	0.0
970	1513.0	1.0	76.0	1.0	0.0	0.0	1.0
980	1653.5	2.0	29.0	2.0	0.0	0.0	2.0
990	1721.0	0.0	26.0	0.0	0.0	0.0	0.0
1000	1983.6666666666667	0.0	115.0	2.0	0.0	2.0	0.0
