0	239.66666666666666	0.0	0.0	0.0	0.0	0.0	0.0
10	70.0	0.0	0.0	0.0	0.0	0.0	0.0
20	70.0	0.0	0.0	0.0	0.0	0.0	0.0
30	70.0	0.0	0.0	0.0	0.0	0.0	0.0
40	70.0	0.0	0.0	0.0	0.0	0.0	0.0
50	70.0	0.0	0.0	0.0	0.0	0.0	0.0
60	70.0	0.0	0.0	0.0	0.0	0.0	0.0
70	70.0	0.0	0.0	0.0	0.0	0.0	0.0
80	70.0	0.0	0.0	0.0	0.0	0.0	0.0
90	71.66666666666667	0.0	0.0	0.0	0.0	0.0	0.0
100	112.66666666666667	0.0	0.0	0.0	0.0	0.0	0.0
110	195.66666666666666	0.0	0.0	0.0	0.0	0.0	0.0
120	384.0	0.0	0.0	0.0	0.0	0.0	0.0
130	206.0	0.0	0.0	0.0	0.0	0.0	0.0
140	153.0	0.0	1.0	0.0	0.0	0.0	0.0
150	125.33333333333333	0.0	0.0	0.0	0.0	0.0	0.0
160	170.66666666666666	0.0	0.0	0.0	0.0	0.0	0.0
170	174.33333333333334	0.0	0.0	0.0	0.0	0.0	0.0
180	218.0	0.0	1.0	0.0	0.0	0.0	0.0
190	191.0	0.0	3.0	0.0	0.0	0.0	0.0
200	199.0	0.0	0.0	0.0	0.0	0.0	0.0
210	260.0	0.0	3.0	0.0	0.0	0.0	0.0
220	276.0	0.0	0.0	0.0	0.0	0.0	0.0
230	313.0	0.0	5.0	0.0	0.0	0.0	0.0
240	403.6666666666667	0.0	0.0	0.0	0.0	0.0	0.0
250	361.6666666666667	0.0	0.0	0.0	0.0	0.0	0.0
260	270.3333333333333	0.0	3.0	0.0	0.0	0.0	0.0
270	294.3333333333333	0.0	0.0	1.0	0.0	1.0	0.0
280	350.6666666666667	16.0	62.0	16.0	2.0	2.0	14.0
290	564.6666666666666	0.0	3.0	0.0	0.0	0.0	0.0
300	762.0	1.0	106.0	2.0	1.0	2.0	0.0
310	1061.0	12.0	20.0	12.0	0.0	0.0	12.0
320	907.1666666666666	1.0	27.0	0.0	1.0	0.0	0.0
330	1525.6666666666667	2.0	32.0	1.0	2.0	1.0	0.0
340	2021.1666666666667	1.0	26.0	2.0	0.0	1.0	1.0
350	1826.6666666666667	0.0	15.0	0.0	0.0	0.0	0.0
360	2567.3333333333335	0.0	100.0	3.0	0.0	3.0	0.0
370	2497.3333333333335	0.0	21.0	2.0	0.0	2.0	0.0
380	1572.8333333333333	0.0	77.0	1.0	0.0	1.0	0.0
390	2604.3333333333335	1.0	23.0	1.0	0.0	0.0	1.0
400	2280.6666666666665	0.0	46.0	0.0	0.0	0.0	0.0
410	2429.3333333333335	0.0	53.0	2.0	0.0	2.0	0.0
420	2372.1666666666665	1.0	54.0	1.0	0.0	0.0	1.0
430	2183.3333333333335	2.0	21.0	2.0	0.0	0.0	2.0
440	1876.3333333333333	2.0	94.0	3.0	0.0	1.0	2.0
450	2063.3333333333335	0.0	14.0	0.0	0.0	0.0	0.0
460	2132.6666666666665	0.0	35.0	2.0	0.0	2.0	0.0
470	1764.1666666666667	0.0	82.0	3.0	0.0	3.0	0.0
480	1829.6666666666667	1.0	40.0	1.0	0.0	0.0	1.0
490	1908.8333333333333	1.0	22.0	1.0	0.0	0.0	1.0
500	2201.1666666666665	1.0	44.0	4.0	0.0	3.0	1.0
510	2214.8333333333335	0.0	12.0	0.0	0.0	0.0	0.0
520	2114.0	8.0	53.0	9.0	0.0	1.0	8.0
530	2058.0	1.0	119.0	5.0	0.0	4.0	1.0
540	2394.5	1.0	31.0	1.0	0.0	0.0	1.0
550	2012.3333333333333	2.0	76.0	3.0	0.0	1.0	2.0
560	1953.3333333333333	0.0	58.0	2.0	0.0	2.0	0.0
570	1955.6666666666667	2.0	75.0	3.0	1.0	2.0	1.0
580	1658.6666666666667	0.0	1.0	0.0	0.0	0.0	0.0
590	1985.0	0.0	23.0	0.0	0.0	0.0	0.0
600	2040.6666666666667	0.0	0.0	0.0	0.0	0.0	0.0
610	1743.6666666666667	0.0	19.0	0.0	0.0	0.0	0.0
620	2251.3333333333335	0.0	53.0	0.0	0.0	0.0	0.0
630	2384.5	1.0	104.0	3.0	1.0	3.0	0.0
640	2563.0	0.0	2.0	0.0	0.0	0.0	0.0
650	2464.3333333333335	0.0	34.0	4.0	0.0	4.0	0.0
660	2386.1666666666665	2.0	110.0	3.0	1.0	2.0	1.0
670	2259.3333333333335	0.0	1.0	0.0	0.0	0.0	0.0
680	2271.0	1.0	62.0	3.0	0.0	2.0	1.0
690	2349.3333333333335	0.0	50.0	0.0	0.0	0.0	0.0
700	1982.3333333333333	1.0	55.0	1.0	0.0	0.0	1.0
710	2102.5	16.0	7.0	16.0	1.0	1.0	15.0
720	2057.6666666666665	0.0	18.0	0.0	0.0	0.0	0.0
730	2376.3333333333335	0.0	5.0	0.0	0.0	0.0	0.0
740	1970.1666666666667	0.0	11.0	0.0	0.0	0.0	0.0
750	1814.6666666666667	0.0	31.0	1.0	0.0	1.0	0.0
760	2432.0	0.0	59.0	2.0	0.0	2.0	0.0
770	1951.8333333333333	0.0	40.0	0.0	0.0	0.0	0.0
780	2466.6666666666665	1.0	16.0	3.0	0.0	2.0	1.0
790	1662.3333333333333	1.0	89.0	5.0	0.0	4.0	1.0
800	2033.0	4.0	110.0	8.0	0.0	4.0	4.0
810	2470.3333333333335	2.0	36.0	3.0	0.0	1.0	2.0
820	1962.0	0.0	14.0	0.0	0.0	0.0	0.0
830	2568.6666666666665	0.0	26.0	1.0	0.0	1.0	0.0
840	2416.3333333333335	0.0	2.0	0.0	0.0	0.0	0.0
850	2572.1666666666665	1.0	72.0	1.0	0.0	0.0	1.0
860	1839.0	2.0	71.0	2.0	0.0	0.0	2.0
870	1946.5	5.0	84.0	5.0	1.0	1.0	4.0
880	2068.0	0.0	12.0	2.0	0.0	2.0	0.0
890	2211.0	0.0	24.0	1.0	0.0	1.0	0.0
900	1861.6666666666667	0.0	8.0	0.0	0.0	0.0	0.0
910	2445.0	2.0	85.0	4.0	1.0	3.0	1.0
920	2451.6666666666665	0.0	9.0	0.0	0.0	0.0	0.0
930	2521.6666666666665	0.0	15.0	1.0	0.0	1.0	0.0
940	2364.0	0.0	12.0	0.0	0.0	0.0	0.0
950	2731.3333333333335	1.0	85.0	2.0	1.0	2.0	0.0
960	2168.5	0.0	6.0	0.0	0.0	0.0	0.0
970	2470.0	0.0	0.0	0.0	0.0	0.0	0.0
980	2489.5	1.0	42.0	2.0	0.0	1.0	1.0
990	2391.1666666666665	0.0	37.0	1.0	0.0	1.0	0.0
1000	2531.8333333333335	1.0	2.0	1.0	0.0	0.0	1.0
