0	252.00000000000003	0.0	0.0	0.0	0.0	0.0	0.0
10	2017.9944444444448	62.63333333333333	500.1333333333333	64.16666666666667	38.93333333333333	34.9	23.7
20	2043.922222222223	68.66666666666667	479.46666666666664	72.86666666666666	39.06666666666667	38.53333333333333	29.6
30	2002.0333333333338	72.0	500.1	68.43333333333334	47.6	39.6	24.4
40	2043.5055555555562	67.9	477.6666666666667	66.5	44.93333333333333	39.43333333333333	22.966666666666665
50	2001.85	67.5	541.1333333333333	69.8	44.06666666666667	41.46666666666667	23.433333333333334
60	2084.2611111111114	79.73333333333333	510.73333333333335	75.03333333333333	48.833333333333336	38.36666666666667	30.9
70	2116.9833333333336	84.63333333333334	525.6666666666666	84.2	48.13333333333333	42.56666666666667	36.5
80	2129.3111111111116	72.23333333333333	491.53333333333336	68.26666666666667	46.8	37.7	25.433333333333334
90	2125.8555555555554	64.3	557.1333333333333	68.83333333333333	42.03333333333333	40.666666666666664	22.266666666666666
100	2165.5222222222224	72.3	507.96666666666664	73.26666666666667	43.53333333333333	38.63333333333333	28.766666666666666
110	2151.1944444444443	80.5	470.8	75.4	47.8	38.266666666666666	32.7
120	2178.8166666666666	68.03333333333333	440.9	65.43333333333334	40.733333333333334	32.96666666666667	27.3
130	2225.511111111111	52.333333333333336	443.46666666666664	54.233333333333334	34.333333333333336	33.333333333333336	18.0
140	2286.4222222222224	42.0	308.73333333333335	43.0	24.966666666666665	23.133333333333333	17.033333333333335
150	2278.3055555555557	29.866666666666667	205.3	25.766666666666666	18.733333333333334	12.933333333333334	11.133333333333333
160	2299.4888888888886	13.166666666666666	85.96666666666667	12.0	8.666666666666666	7.066666666666666	4.5
170	2277.9444444444443	2.2	13.266666666666667	1.7333333333333334	1.3333333333333333	0.8	0.8666666666666667
180	2309.394444444444	0.0	0.0	0.0	0.0	0.0	0.0
190	2363.444444444445	0.0	0.0	0.0	0.0	0.0	0.0
200	2381.805555555555	0.0	0.0	0.0	0.0	0.0	0.0
210	2390.3555555555554	0.0	0.0	0.0	0.0	0.0	0.0
220	2462.05	0.0	0.0	0.0	0.0	0.0	0.0
230	2426.105555555556	0.0	0.0	0.0	0.0	0.0	0.0
240	2436.8277777777776	0.0	0.0	0.0	0.0	0.0	0.0
250	2482.622222222222	0.0	0.0	0.0	0.0	0.0	0.0
260	2490.25	0.0	0.0	0.0	0.0	0.0	0.0
270	2492.366666666667	0.0	0.0	0.0	0.0	0.0	0.0
280	2441.0388888888892	0.0	0.0	0.0	0.0	0.0	0.0
290	2503.45	0.0	0.0	0.0	0.0	0.0	0.0
300	2540.366666666666	0.0	0.0	0.0	0.0	0.0	0.0
310	2556.0	0.0	0.0	0.0	0.0	0.0	0.0
320	2565.6000000000004	0.0	0.0	0.0	0.0	0.0	0.0
330	2597.6277777777773	0.0	0.0	0.0	0.0	0.0	0.0
340	2577.572222222223	0.0	0.0	0.0	0.0	0.0	0.0
350	2590.238888888889	0.0	0.0	0.0	0.0	0.0	0.0
360	2562.4722222222213	0.0	0.0	0.0	0.0	0.0	0.0
370	2666.2499999999995	0.0	0.0	0.0	0.0	0.0	0.0
380	2642.85	0.0	0.0	0.0	0.0	0.0	0.0
390	2636.494444444444	0.0	0.0	0.0	0.0	0.0	0.0
400	2642.566666666666	0.0	0.0	0.0	0.0	0.0	0.0
410	2702.7222222222213	0.0	0.0	0.0	0.0	0.0	0.0
420	2690.3555555555554	0.0	0.0	0.0	0.0	0.0	0.0
430	2679.288888888888	0.0	0.0	0.0	0.0	0.0	0.0
440	2658.7888888888892	0.0	0.0	0.0	0.0	0.0	0.0
450	2707.6222222222223	0.0	0.0	0.0	0.0	0.0	0.0
460	2667.1111111111118	0.0	0.0	0.0	0.0	0.0	0.0
470	2732.3666666666663	0.0	0.0	0.0	0.0	0.0	0.0
480	2739.922222222222	0.0	0.0	0.0	0.0	0.0	0.0
490	2746.3166666666666	0.0	0.0	0.0	0.0	0.0	0.0
500	2726.7333333333327	0.0	0.0	0.0	0.0	0.0	0.0
510	2693.6777777777775	0.0	0.0	0.0	0.0	0.0	0.0
520	2708.0055555555564	0.0	0.0	0.0	0.0	0.0	0.0
530	2758.338888888889	0.0	0.0	0.0	0.0	0.0	0.0
540	2736.605555555556	0.0	0.0	0.0	0.0	0.0	0.0
550	2790.1111111111113	0.0	0.0	0.0	0.0	0.0	0.0
560	2744.3833333333328	0.0	0.0	0.0	0.0	0.0	0.0
570	2746.7944444444447	0.0	0.0	0.0	0.0	0.0	0.0
580	2783.2833333333333	0.0	0.0	0.0	0.0	0.0	0.0
590	2735.116666666667	0.0	0.0	0.0	0.0	0.0	0.0
600	2801.8	0.0	0.0	0.0	0.0	0.0	0.0
610	2827.116666666667	0.0	0.0	0.0	0.0	0.0	0.0
620	2735.161111111111	0.0	0.0	0.0	0.0	0.0	0.0
630	2831.961111111111	0.0	0.0	0.0	0.0	0.0	0.0
640	2831.1777777777775	0.0	0.0	0.0	0.0	0.0	0.0
650	2868.788888888888	0.0	0.0	0.0	0.0	0.0	0.0
660	2819.1555555555556	0.0	0.0	0.0	0.0	0.0	0.0
670	2853.711111111111	0.0	0.0	0.0	0.0	0.0	0.0
680	2890.538888888888	0.0	0.0	0.0	0.0	0.0	0.0
690	2862.1944444444443	0.0	0.0	0.0	0.0	0.0	0.0
700	2891.266666666668	0.0	0.0	0.0	0.0	0.0	0.0
710	2870.5777777777785	0.0	0.0	0.0	0.0	0.0	0.0
720	2900.5111111111114	0.0	0.0	0.0	0.0	0.0	0.0
730	2852.1111111111113	0.0	0.0	0.0	0.0	0.0	0.0
740	2914.611111111111	0.0	0.0	0.0	0.0	0.0	0.0
750	2867.766666666667	0.0	0.0	0.0	0.0	0.0	0.0
760	2887.9888888888886	0.0	0.0	0.0	0.0	0.0	0.0
770	2959.6666666666665	0.0	0.0	0.0	0.0	0.0	0.0
780	2937.3333333333335	0.0	0.0	0.0	0.0	0.0	0.0
790	2930.605555555556	0.0	0.0	0.0	0.0	0.0	0.0
800	2928.3166666666666	0.0	0.0	0.0	0.0	0.0	0.0
810	2961.2166666666667	0.0	0.0	0.0	0.0	0.0	0.0
820	2965.1166666666672	0.0	0.0	0.0	0.0	0.0	0.0
830	2957.483333333334	0.0	0.0	0.0	0.0	0.0	0.0
840	2991.011111111111	0.0	0.0	0.0	0.0	0.0	0.0
850	2961.7777777777783	0.0	0.0	0.0	0.0	0.0	0.0
860	3008.4888888888886	0.0	0.0	0.0	0.0	0.0	0.0
870	3022.733333333334	0.0	0.0	0.0	0.0	0.0	0.0
880	3027.0444444444443	0.0	0.0	0.0	0.0	0.0	0.0
890	3024.633333333333	0.0	0.0	0.0	0.0	0.0	0.0
900	2999.1611111111106	0.0	0.0	0.0	0.0	0.0	0.0
910	3038.9500000000003	0.0	0.0	0.0	0.0	0.0	0.0
920	3056.922222222222	0.0	0.0	0.0	0.0	0.0	0.0
930	3064.8444444444444	0.0	0.0	0.0	0.0	0.0	0.0
940	3041.8166666666675	0.0	0.0	0.0	0.0	0.0	0.0
950	3052.7555555555564	0.0	0.0	0.0	0.0	0.0	0.0
960	3051.5166666666673	0.0	0.0	0.0	0.0	0.0	0.0
970	3064.355555555556	0.0	0.0	0.0	0.0	0.0	0.0
980	3056.416666666667	0.0	0.0	0.0	0.0	0.0	0.0
990	3083.894444444444	0.0	0.0	0.0	0.0	0.0	0.0
1000	3101.894444444445	0.0	0.0	0.0	0.0	0.0	0.0
