0	268.6666666666667	0.0	0.0	0.0	0.0	0.0	0.0
10	2001.8333333333333	31.0	226.0	21.0	27.0	16.0	4.0
20	2068.3333333333335	61.0	554.0	54.0	41.0	30.0	20.0
30	2003.3333333333333	35.0	460.0	37.0	19.0	21.0	16.0
40	1944.3333333333333	83.0	683.0	79.0	78.0	64.0	5.0
50	1750.1666666666667	69.0	701.0	73.0	56.0	58.0	13.0
60	1969.1666666666667	89.0	564.0	74.0	66.0	47.0	23.0
70	2038.6666666666667	44.0	293.0	56.0	29.0	41.0	15.0
80	2182.0	71.0	610.0	108.0	44.0	75.0	27.0
90	2290.6666666666665	49.0	403.0	61.0	22.0	31.0	27.0
100	2052.3333333333335	52.0	453.0	49.0	40.0	36.0	12.0
110	2110.1666666666665	100.0	729.0	86.0	78.0	55.0	22.0
120	2366.0	103.0	396.0	84.0	73.0	47.0	30.0
130	2118.6666666666665	116.0	492.0	83.0	87.0	53.0	29.0
140	2331.8333333333335	56.0	484.0	54.0	24.0	22.0	32.0
150	2462.6666666666665	41.0	427.0	40.0	27.0	24.0	14.0
160	2394.5	0.0	0.0	0.0	0.0	0.0	0.0
170	2111.1666666666665	0.0	0.0	0.0	0.0	0.0	0.0
180	2362.6666666666665	0.0	0.0	0.0	0.0	0.0	0.0
190	2436.6666666666665	0.0	0.0	0.0	0.0	0.0	0.0
200	2493.0	0.0	0.0	0.0	0.0	0.0	0.0
210	2205.1666666666665	0.0	0.0	0.0	0.0	0.0	0.0
220	2369.5	0.0	0.0	0.0	0.0	0.0	0.0
230	2408.5	0.0	0.0	0.0	0.0	0.0	0.0
240	2277.3333333333335	0.0	0.0	0.0	0.0	0.0	0.0
250	2500.3333333333335	0.0	0.0	0.0	0.0	0.0	0.0
260	2395.5	0.0	0.0	0.0	0.0	0.0	0.0
270	2409.0	0.0	0.0	0.0	0.0	0.0	0.0
280	2394.8333333333335	0.0	0.0	0.0	0.0	0.0	0.0
290	2654.6666666666665	0.0	0.0	0.0	0.0	0.0	0.0
300	2429.8333333333335	0.0	0.0	0.0	0.0	0.0	0.0
310	2547.0	0.0	0.0	0.0	0.0	0.0	0.0
320	2962.1666666666665	0.0	0.0	0.0	0.0	0.0	0.0
330	2544.1666666666665	0.0	0.0	0.0	0.0	0.0	0.0
340	2666.1666666666665	0.0	0.0	0.0	0.0	0.0	0.0
350	2495.8333333333335	0.0	0.0	0.0	0.0	0.0	0.0
360	2375.6666666666665	0.0	0.0	0.0	0.0	0.0	0.0
370	2863.8333333333335	0.0	0.0	0.0	0.0	0.0	0.0
380	2630.1666666666665	0.0	0.0	0.0	0.0	0.0	0.0
390	2410.1666666666665	0.0	0.0	0.0	0.0	0.0	0.0
400	2773.6666666666665	0.0	0.0	0.0	0.0	0.0	0.0
410	2771.1666666666665	0.0	0.0	0.0	0.0	0.0	0.0
420	2837.8333333333335	0.0	0.0	0.0	0.0	0.0	0.0
430	2738.0	0.0	0.0	0.0	0.0	0.0	0.0
440	2620.1666666666665	0.0	0.0	0.0	0.0	0.0	0.0
450	2987.8333333333335	0.0	0.0	0.0	0.0	0.0	0.0
460	2883.5	0.0	0.0	0.0	0.0	0.0	0.0
470	2861.0	0.0	0.0	0.0	0.0	0.0	0.0
480	2923.5	0.0	0.0	0.0	0.0	0.0	0.0
490	2964.5	0.0	0.0	0.0	0.0	0.0	0.0
500	2828.6666666666665	0.0	0.0	0.0	0.0	0.0	0.0
510	2565.5	0.0	0.0	0.0	0.0	0.0	0.0
520	2982.1666666666665	0.0	0.0	0.0	0.0	0.0	0.0
530	2786.1666666666665	0.0	0.0	0.0	0.0	0.0	0.0
540	2663.8333333333335	0.0	0.0	0.0	0.0	0.0	0.0
550	2879.0	0.0	0.0	0.0	0.0	0.0	0.0
560	2866.5	0.0	0.0	0.0	0.0	0.0	0.0
570	2939.8333333333335	0.0	0.0	0.0	0.0	0.0	0.0
580	2888.8333333333335	0.0	0.0	0.0	0.0	0.0	0.0
590	2907.3333333333335	0.0	0.0	0.0	0.0	0.0	0.0
600	2852.1666666666665	0.0	0.0	0.0	0.0	0.0	0.0
610	3093.0	0.0	0.0	0.0	0.0	0.0	0.0
620	2616.6666666666665	0.0	0.0	0.0	0.0	0.0	0.0
630	3032.0	0.0	0.0	0.0	0.0	0.0	0.0
640	3056.1666666666665	0.0	0.0	0.0	0.0	0.0	0.0
650	2982.5	0.0	0.0	0.0	0.0	0.0	0.0
660	2903.5	0.0	0.0	0.0	0.0	0.0	0.0
670	2784.0	0.0	0.0	0.0	0.0	0.0	0.0
680	3002.5	0.0	0.0	0.0	0.0	0.0	0.0
690	2690.1666666666665	0.0	0.0	0.0	0.0	0.0	0.0
700	3219.0	0.0	0.0	0.0	0.0	0.0	0.0
710	2882.6666666666665	0.0	0.0	0.0	0.0	0.0	0.0
720	3171.1666666666665	0.0	0.0	0.0	0.0	0.0	0.0
730	2957.0	0.0	0.0	0.0	0.0	0.0	0.0
740	2890.3333333333335	0.0	0.0	0.0	0.0	0.0	0.0
750	2813.1666666666665	0.0	0.0	0.0	0.0	0.0	0.0
760	2621.6666666666665	0.0	0.0	0.0	0.0	0.0	0.0
770	2853.1666666666665	0.0	0.0	0.0	0.0	0.0	0.0
780	3016.0	0.0	0.0	0.0	0.0	0.0	0.0
790	2981.0	0.0	0.0	0.0	0.0	0.0	0.0
800	3054.0	0.0	0.0	0.0	0.0	0.0	0.0
810	2693.8333333333335	0.0	0.0	0.0	0.0	0.0	0.0
820	2882.5	0.0	0.0	0.0	0.0	0.0	0.0
830	3089.5	0.0	0.0	0.0	0.0	0.0	0.0
840	2530.6666666666665	0.0	0.0	0.0	0.0	0.0	0.0
850	3050.1666666666665	0.0	0.0	0.0	0.0	0.0	0.0
860	2936.1666666666665	0.0	0.0	0.0	0.0	0.0	0.0
870	3060.8333333333335	0.0	0.0	0.0	0.0	0.0	0.0
880	2802.0	0.0	0.0	0.0	0.0	0.0	0.0
890	3072.6666666666665	0.0	0.0	0.0	0.0	0.0	0.0
900	3057.1666666666665	0.0	0.0	0.0	0.0	0.0	0.0
910	2585.0	0.0	0.0	0.0	0.0	0.0	0.0
920	3155.5	0.0	0.0	0.0	0.0	0.0	0.0
930	2982.3333333333335	0.0	0.0	0.0	0.0	0.0	0.0
940	2913.5	0.0	0.0	0.0	0.0	0.0	0.0
950	2920.5	0.0	0.0	0.0	0.0	0.0	0.0
960	2955.3333333333335	0.0	0.0	0.0	0.0	0.0	0.0
970	3015.6666666666665	0.0	0.0	0.0	0.0	0.0	0.0
980	3070.3333333333335	0.0	0.0	0.0	0.0	0.0	0.0
990	2813.3333333333335	0.0	0.0	0.0	0.0	0.0	0.0
1000	2919.5	0.0	0.0	0.0	0.0	0.0	0.0
