0	257.6666666666667	0.0	0.0	0.0	0.0	0.0	0.0
10	2087.3333333333335	15.0	261.0	28.0	10.0	23.0	5.0
20	1983.3333333333333	66.0	361.0	72.0	24.0	19.0	42.0
30	1910.1666666666667	95.0	483.0	76.0	70.0	41.0	25.0
40	2256.3333333333335	57.0	460.0	75.0	24.0	39.0	33.0
50	2203.5	41.0	548.0	47.0	33.0	35.0	8.0
60	2176.8333333333335	104.0	991.0	111.0	71.0	70.0	33.0
70	2089.3333333333335	96.0	671.0	92.0	50.0	44.0	46.0
80	2090.3333333333335	70.0	680.0	76.0	54.0	48.0	16.0
90	2265.1666666666665	93.0	712.0	69.0	59.0	30.0	34.0
100	2308.0	22.0	357.0	37.0	9.0	23.0	13.0
110	2379.3333333333335	192.0	512.0	185.0	78.0	67.0	114.0
120	2293.8333333333335	132.0	777.0	100.0	93.0	44.0	39.0
130	2368.6666666666665	17.0	10.0	17.0	0.0	0.0	17.0
140	2445.5	0.0	0.0	0.0	0.0	0.0	0.0
150	2298.0	0.0	0.0	0.0	0.0	0.0	0.0
160	2557.0	0.0	0.0	0.0	0.0	0.0	0.0
170	2310.8333333333335	0.0	0.0	0.0	0.0	0.0	0.0
180	2453.1666666666665	0.0	0.0	0.0	0.0	0.0	0.0
190	2427.6666666666665	0.0	0.0	0.0	0.0	0.0	0.0
200	2490.8333333333335	0.0	0.0	0.0	0.0	0.0	0.0
210	2524.0	0.0	0.0	0.0	0.0	0.0	0.0
220	2460.5	0.0	0.0	0.0	0.0	0.0	0.0
230	2382.5	0.0	0.0	0.0	0.0	0.0	0.0
240	2480.6666666666665	0.0	0.0	0.0	0.0	0.0	0.0
250	2411.6666666666665	0.0	0.0	0.0	0.0	0.0	0.0
260	2530.1666666666665	0.0	0.0	0.0	0.0	0.0	0.0
270	2184.3333333333335	0.0	0.0	0.0	0.0	0.0	0.0
280	2509.1666666666665	0.0	0.0	0.0	0.0	0.0	0.0
290	2484.3333333333335	0.0	0.0	0.0	0.0	0.0	0.0
300	2634.0	0.0	0.0	0.0	0.0	0.0	0.0
310	2629.1666666666665	0.0	0.0	0.0	0.0	0.0	0.0
320	2678.3333333333335	0.0	0.0	0.0	0.0	0.0	0.0
330	2729.6666666666665	0.0	0.0	0.0	0.0	0.0	0.0
340	2568.5	0.0	0.0	0.0	0.0	0.0	0.0
350	2704.1666666666665	0.0	0.0	0.0	0.0	0.0	0.0
360	2471.0	0.0	0.0	0.0	0.0	0.0	0.0
370	2719.6666666666665	0.0	0.0	0.0	0.0	0.0	0.0
380	2682.8333333333335	0.0	0.0	0.0	0.0	0.0	0.0
390	2697.3333333333335	0.0	0.0	0.0	0.0	0.0	0.0
400	2562.6666666666665	0.0	0.0	0.0	0.0	0.0	0.0
410	2678.0	0.0	0.0	0.0	0.0	0.0	0.0
420	2801.6666666666665	0.0	0.0	0.0	0.0	0.0	0.0
430	2604.5	0.0	0.0	0.0	0.0	0.0	0.0
440	2438.3333333333335	0.0	0.0	0.0	0.0	0.0	0.0
450	2588.0	0.0	0.0	0.0	0.0	0.0	0.0
460	2574.0	0.0	0.0	0.0	0.0	0.0	0.0
470	2508.6666666666665	0.0	0.0	0.0	0.0	0.0	0.0
480	2620.1666666666665	0.0	0.0	0.0	0.0	0.0	0.0
490	2830.5	0.0	0.0	0.0	0.0	0.0	0.0
500	2676.1666666666665	0.0	0.0	0.0	0.0	0.0	0.0
510	2427.3333333333335	0.0	0.0	0.0	0.0	0.0	0.0
520	2463.1666666666665	0.0	0.0	0.0	0.0	0.0	0.0
530	2928.1666666666665	0.0	0.0	0.0	0.0	0.0	0.0
540	2677.1666666666665	0.0	0.0	0.0	0.0	0.0	0.0
550	2683.6666666666665	0.0	0.0	0.0	0.0	0.0	0.0
560	2504.0	0.0	0.0	0.0	0.0	0.0	0.0
570	2887.6666666666665	0.0	0.0	0.0	0.0	0.0	0.0
580	2783.5	0.0	0.0	0.0	0.0	0.0	0.0
590	2805.5	0.0	0.0	0.0	0.0	0.0	0.0
600	3032.0	0.0	0.0	0.0	0.0	0.0	0.0
610	2729.0	0.0	0.0	0.0	0.0	0.0	0.0
620	2922.5	0.0	0.0	0.0	0.0	0.0	0.0
630	2970.5	0.0	0.0	0.0	0.0	0.0	0.0
640	2846.6666666666665	0.0	0.0	0.0	0.0	0.0	0.0
650	2981.6666666666665	0.0	0.0	0.0	0.0	0.0	0.0
660	3028.5	0.0	0.0	0.0	0.0	0.0	0.0
670	2802.1666666666665	0.0	0.0	0.0	0.0	0.0	0.0
680	2631.3333333333335	0.0	0.0	0.0	0.0	0.0	0.0
690	2819.0	0.0	0.0	0.0	0.0	0.0	0.0
700	3069.8333333333335	0.0	0.0	0.0	0.0	0.0	0.0
710	2850.1666666666665	0.0	0.0	0.0	0.0	0.0	0.0
720	3020.0	0.0	0.0	0.0	0.0	0.0	0.0
730	3097.3333333333335	0.0	0.0	0.0	0.0	0.0	0.0
740	3131.0	0.0	0.0	0.0	0.0	0.0	0.0
750	2932.3333333333335	0.0	0.0	0.0	0.0	0.0	0.0
760	3005.6666666666665	0.0	0.0	0.0	0.0	0.0	0.0
770	3103.1666666666665	0.0	0.0	0.0	0.0	0.0	0.0
780	2945.8333333333335	0.0	0.0	0.0	0.0	0.0	0.0
790	2881.3333333333335	0.0	0.0	0.0	0.0	0.0	0.0
800	2968.0	0.0	0.0	0.0	0.0	0.0	0.0
810	2701.3333333333335	0.0	0.0	0.0	0.0	0.0	0.0
820	3034.3333333333335	0.0	0.0	0.0	0.0	0.0	0.0
830	2773.8333333333335	0.0	0.0	0.0	0.0	0.0	0.0
840	3086.6666666666665	0.0	0.0	0.0	0.0	0.0	0.0
850	3009.6666666666665	0.0	0.0	0.0	0.0	0.0	0.0
860	3016.5	0.0	0.0	0.0	0.0	0.0	0.0
870	3173.1666666666665	0.0	0.0	0.0	0.0	0.0	0.0
880	3043.1666666666665	0.0	0.0	0.0	0.0	0.0	0.0
890	3050.1666666666665	0.0	0.0	0.0	0.0	0.0	0.0
900	2810.3333333333335	0.0	0.0	0.0	0.0	0.0	0.0
910	3154.3333333333335	0.0	0.0	0.0	0.0	0.0	0.0
920	3249.6666666666665	0.0	0.0	0.0	0.0	0.0	0.0
930	3205.5	0.0	0.0	0.0	0.0	0.0	0.0
940	3216.8333333333335	0.0	0.0	0.0	0.0	0.0	0.0
950	3263.0	0.0	0.0	0.0	0.0	0.0	0.0
960	3296.5	0.0	0.0	0.0	0.0	0.0	0.0
970	3333.3333333333335	0.0	0.0	0.0	0.0	0.0	0.0
980	3139.5	0.0	0.0	0.0	0.0	0.0	0.0
990	3509.0	0.0	0.0	0.0	0.0	0.0	0.0
1000	3149.8333333333335	0.0	0.0	0.0	0.0	0.0	0.0
