0	293.3333333333333	0.0	0.0
10	1691.6666666666667	506.0	12601.0
20	2252.3333333333335	494.0	12072.0
30	1990.3333333333333	0.0	11524.0
40	2053.6666666666665	0.0	5762.0
50	2262.6666666666665	0.0	9112.0
60	2182.3333333333335	0.0	9576.0
70	2238.1666666666665	0.0	6881.0
80	2435.0	0.0	9616.0
90	2536.8333333333335	0.0	9734.0
100	2248.6666666666665	0.0	9714.0
110	2217.0	0.0	8881.0
120	2577.8333333333335	0.0	9012.0
130	2387.1666666666665	0.0	9649.0
140	2378.5	0.0	6715.0
150	2013.3333333333333	0.0	6292.0
160	2439.0	0.0	12246.0
170	2465.3333333333335	0.0	9739.0
180	2580.8333333333335	0.0	6521.0
190	2662.5	0.0	8976.0
200	2415.3333333333335	0.0	11656.0
210	2670.1666666666665	0.0	13954.0
220	2314.5	0.0	9231.0
230	2521.6666666666665	0.0	7374.0
240	2617.0	0.0	5950.0
250	2844.8333333333335	0.0	9354.0
260	2326.0	0.0	8944.0
270	2547.1666666666665	0.0	10720.0
280	2603.6666666666665	0.0	12093.0
290	2442.3333333333335	0.0	8008.0
300	2860.3333333333335	0.0	9248.0
310	3221.5	0.0	7930.0
320	2659.5	0.0	12513.0
330	2978.8333333333335	0.0	11150.0
340	2821.5	0.0	8994.0
350	3346.0	0.0	9765.0
360	3416.5	0.0	11904.0
370	3029.1666666666665	0.0	8802.0
380	3553.0	0.0	7193.0
390	3406.3333333333335	0.0	8227.0
400	3039.8333333333335	0.0	13314.0
410	3533.8333333333335	0.0	9398.0
420	3213.5	0.0	9553.0
430	3034.1666666666665	0.0	11713.0
440	3729.1666666666665	0.0	8922.0
450	3237.6666666666665	0.0	8041.0
460	3402.3333333333335	0.0	10303.0
470	3513.1666666666665	0.0	8756.0
480	3294.5	0.0	10117.0
490	3721.0	0.0	11656.0
500	3348.0	0.0	13598.0
510	3548.0	0.0	9082.0
520	3275.5	0.0	13325.0
530	3225.6666666666665	0.0	9560.0
540	3422.8333333333335	0.0	5360.0
550	3868.0	0.0	13205.0
560	4090.6666666666665	0.0	10500.0
570	3836.3333333333335	0.0	13184.0
580	3834.8333333333335	0.0	8411.0
590	3288.0	0.0	8573.0
600	3874.8333333333335	0.0	12086.0
610	3871.0	0.0	8255.0
620	3678.3333333333335	0.0	10745.0
630	3534.5	0.0	11830.0
640	3915.5	0.0	9272.0
650	3736.6666666666665	0.0	9468.0
660	3899.8333333333335	0.0	9702.0
670	3907.3333333333335	0.0	12408.0
680	3882.6666666666665	0.0	9512.0
690	3750.5	0.0	12258.0
700	3798.5	0.0	10465.0
710	3981.0	0.0	11307.0
720	3943.6666666666665	0.0	10546.0
730	3587.8333333333335	0.0	10425.0
740	3782.8333333333335	0.0	9907.0
750	3769.8333333333335	0.0	12643.0
760	3320.5	0.0	10895.0
770	3656.0	0.0	12998.0
780	4250.833333333333	0.0	10008.0
790	3985.1666666666665	0.0	11557.0
800	3896.5	0.0	10667.0
810	4045.6666666666665	0.0	8653.0
820	3909.8333333333335	0.0	9913.0
830	3928.3333333333335	0.0	10009.0
840	4159.166666666667	0.0	8566.0
850	3658.0	0.0	8607.0
860	3858.1666666666665	0.0	11056.0
870	3828.0	0.0	9900.0
880	3862.5	0.0	11476.0
890	3909.1666666666665	0.0	13875.0
900	3773.5	0.0	10133.0
910	3338.6666666666665	0.0	8853.0
920	3724.1666666666665	0.0	11122.0
930	3635.1666666666665	0.0	11708.0
940	3797.5	0.0	11280.0
950	3545.3333333333335	0.0	9775.0
960	3668.3333333333335	0.0	10034.0
970	3796.8333333333335	0.0	8639.0
980	4051.1666666666665	0.0	14339.0
990	3725.8333333333335	0.0	7868.0
1000	3726.0	0.0	8504.0
