0	281.3333333333333	0.0	0.0
10	1896.8333333333333	8.0	7917.0
20	1977.8333333333333	5.0	9622.0
30	2111.5	10.0	7790.0
40	2014.3333333333333	18.0	9029.0
50	2153.1666666666665	7.0	8456.0
60	2016.3333333333333	43.0	9195.0
70	2071.8333333333335	25.0	9063.0
80	2182.5	22.0	10281.0
90	2111.1666666666665	14.0	11839.0
100	1881.6666666666667	45.0	9428.0
110	2186.1666666666665	5.0	7801.0
120	2105.3333333333335	19.0	10566.0
130	2285.0	16.0	11258.0
140	2239.5	12.0	8400.0
150	2321.0	41.0	12618.0
160	2464.5	9.0	9210.0
170	2380.8333333333335	1.0	10994.0
180	2214.6666666666665	15.0	10453.0
190	2353.8333333333335	14.0	9858.0
200	2431.1666666666665	8.0	6558.0
210	2388.0	27.0	13397.0
220	2539.1666666666665	30.0	7753.0
230	2459.0	13.0	10780.0
240	2411.8333333333335	16.0	9492.0
250	2489.8333333333335	12.0	7367.0
260	2687.1666666666665	17.0	11074.0
270	2481.5	29.0	10998.0
280	2608.0	26.0	10928.0
290	2710.6666666666665	47.0	13520.0
300	2362.0	10.0	9065.0
310	2928.0	9.0	9075.0
320	2504.6666666666665	11.0	11218.0
330	2518.1666666666665	14.0	6890.0
340	2429.1666666666665	22.0	12157.0
350	2688.1666666666665	10.0	10382.0
360	2611.8333333333335	21.0	7367.0
370	2684.5	5.0	8362.0
380	2817.1666666666665	23.0	11734.0
390	2671.1666666666665	20.0	10860.0
400	2810.3333333333335	15.0	9632.0
410	2772.0	27.0	9148.0
420	2602.3333333333335	14.0	12400.0
430	2630.1666666666665	6.0	7783.0
440	3027.8333333333335	13.0	11856.0
450	2682.3333333333335	10.0	9866.0
460	2695.1666666666665	14.0	8129.0
470	2999.3333333333335	20.0	9728.0
480	2631.6666666666665	17.0	12957.0
490	2764.1666666666665	18.0	9312.0
500	2904.3333333333335	12.0	13408.0
510	2459.8333333333335	7.0	9939.0
520	2878.8333333333335	9.0	8960.0
530	2816.6666666666665	24.0	12432.0
540	2888.8333333333335	11.0	13498.0
550	2951.0	12.0	9139.0
560	2603.3333333333335	8.0	10491.0
570	2936.6666666666665	22.0	12649.0
580	3168.8333333333335	21.0	10799.0
590	3058.6666666666665	5.0	9351.0
600	3030.3333333333335	5.0	9641.0
610	2681.5	11.0	10172.0
620	2717.1666666666665	0.0	12481.0
630	3035.8333333333335	0.0	9048.0
640	3064.5	0.0	8206.0
650	3113.1666666666665	0.0	13144.0
660	2771.5	0.0	8370.0
670	2858.0	0.0	9848.0
680	3048.3333333333335	0.0	8752.0
690	2825.5	0.0	9730.0
700	2762.6666666666665	0.0	8207.0
710	3207.5	0.0	11366.0
720	3178.3333333333335	0.0	13751.0
730	3055.6666666666665	0.0	8965.0
740	3033.1666666666665	0.0	8310.0
750	3016.0	0.0	7159.0
760	3297.8333333333335	0.0	9898.0
770	2848.1666666666665	0.0	10601.0
780	3184.6666666666665	0.0	9672.0
790	3236.3333333333335	0.0	14176.0
800	3249.8333333333335	0.0	9733.0
810	3077.0	0.0	8910.0
820	3158.1666666666665	0.0	10390.0
830	3104.5	0.0	7987.0
840	2765.3333333333335	0.0	11062.0
850	2968.8333333333335	0.0	7813.0
860	2845.6666666666665	0.0	8843.0
870	3194.5	0.0	12665.0
880	3331.3333333333335	0.0	11130.0
890	3075.1666666666665	0.0	12184.0
900	3594.5	0.0	12341.0
910	3145.8333333333335	0.0	9554.0
920	3380.3333333333335	0.0	11959.0
930	2878.8333333333335	0.0	8970.0
940	3204.5	0.0	12509.0
950	3128.6666666666665	0.0	10353.0
960	3187.1666666666665	0.0	6291.0
970	3020.3333333333335	0.0	11959.0
980	2986.0	0.0	8383.0
990	3436.6666666666665	0.0	11556.0
1000	3289.1666666666665	0.0	9190.0
