0	286.0	0.0	0.0
10	2054.6666666666665	14.0	7861.0
20	2189.5	13.0	5752.0
30	2111.5	12.0	8001.0
40	1993.0	31.0	11933.0
50	2184.1666666666665	24.0	7918.0
60	1965.6666666666667	15.0	9122.0
70	2094.1666666666665	17.0	12003.0
80	2183.1666666666665	16.0	10202.0
90	2108.0	8.0	9843.0
100	2122.3333333333335	17.0	8994.0
110	2190.1666666666665	9.0	7380.0
120	2341.8333333333335	30.0	10447.0
130	2086.0	9.0	8475.0
140	2217.6666666666665	15.0	7994.0
150	2288.1666666666665	17.0	10108.0
160	2246.8333333333335	30.0	12073.0
170	2230.5	12.0	10547.0
180	2444.6666666666665	10.0	7099.0
190	2347.1666666666665	5.0	7532.0
200	2214.3333333333335	35.0	12837.0
210	1927.5	31.0	11144.0
220	2491.0	8.0	7416.0
230	2432.3333333333335	7.0	9014.0
240	2514.3333333333335	12.0	8744.0
250	2321.8333333333335	4.0	7600.0
260	2336.8333333333335	11.0	8611.0
270	2419.5	21.0	10831.0
280	2524.5	10.0	10046.0
290	2473.6666666666665	8.0	6851.0
300	2608.1666666666665	11.0	10359.0
310	2539.0	11.0	12025.0
320	2493.6666666666665	15.0	9168.0
330	2699.6666666666665	26.0	11503.0
340	2716.1666666666665	22.0	9666.0
350	2751.8333333333335	14.0	9527.0
360	2675.8333333333335	22.0	14216.0
370	2619.6666666666665	8.0	6591.0
380	2483.8333333333335	10.0	8949.0
390	2734.8333333333335	27.0	13137.0
400	2785.0	16.0	8620.0
410	2935.3333333333335	13.0	14406.0
420	2924.3333333333335	20.0	9947.0
430	2639.5	20.0	8716.0
440	2793.1666666666665	19.0	10601.0
450	2874.1666666666665	6.0	7842.0
460	2991.0	14.0	13943.0
470	2567.6666666666665	19.0	10152.0
480	2383.6666666666665	21.0	11869.0
490	2455.1666666666665	9.0	8856.0
500	2750.3333333333335	22.0	10271.0
510	2880.3333333333335	21.0	11588.0
520	2648.3333333333335	16.0	8353.0
530	2995.3333333333335	11.0	13599.0
540	2662.0	12.0	8177.0
550	2619.6666666666665	5.0	9895.0
560	2830.8333333333335	20.0	12187.0
570	2833.3333333333335	10.0	10601.0
580	2861.8333333333335	10.0	11373.0
590	2945.8333333333335	6.0	10665.0
600	2891.1666666666665	9.0	9095.0
610	2628.0	14.0	10348.0
620	2829.5	11.0	11562.0
630	2950.1666666666665	12.0	10150.0
640	3111.0	14.0	7848.0
650	2991.6666666666665	3.0	7602.0
660	2844.8333333333335	7.0	8235.0
670	3150.5	17.0	9402.0
680	3129.3333333333335	6.0	12974.0
690	3006.6666666666665	0.0	9255.0
700	3210.6666666666665	0.0	9846.0
710	3288.5	0.0	9033.0
720	2951.5	0.0	11322.0
730	2955.8333333333335	0.0	9312.0
740	2951.1666666666665	0.0	10582.0
750	2965.3333333333335	0.0	9583.0
760	3036.5	0.0	9993.0
770	2946.8333333333335	0.0	7009.0
780	2699.0	0.0	11796.0
790	3124.1666666666665	0.0	12385.0
800	3171.3333333333335	0.0	11023.0
810	2899.1666666666665	0.0	11806.0
820	3085.0	0.0	10254.0
830	3128.8333333333335	0.0	9898.0
840	3251.6666666666665	0.0	10243.0
850	2969.1666666666665	0.0	9484.0
860	3026.3333333333335	0.0	7859.0
870	3124.1666666666665	0.0	7267.0
880	3277.1666666666665	0.0	11253.0
890	3278.6666666666665	0.0	12456.0
900	3235.1666666666665	0.0	13647.0
910	3023.8333333333335	0.0	10451.0
920	2988.1666666666665	0.0	13160.0
930	3281.6666666666665	0.0	9690.0
940	2984.5	0.0	10710.0
950	3645.6666666666665	0.0	7195.0
960	3115.0	0.0	7783.0
970	3409.5	0.0	5404.0
980	3201.1666666666665	0.0	12664.0
990	3237.1666666666665	0.0	10388.0
1000	3187.1666666666665	0.0	9373.0
