0	269.3333333333333	0.0	0.0
10	2141.5	12.0	6821.0
20	2208.6666666666665	22.0	10943.0
30	2104.0	23.0	9367.0
40	1870.0	35.0	8699.0
50	2198.5	9.0	10579.0
60	2096.5	14.0	7570.0
70	2080.1666666666665	7.0	8409.0
80	2051.5	18.0	8549.0
90	2134.8333333333335	17.0	10542.0
100	1936.0	23.0	8834.0
110	2239.5	11.0	11943.0
120	2358.0	15.0	11572.0
130	2395.6666666666665	17.0	7291.0
140	2269.6666666666665	26.0	11105.0
150	2263.1666666666665	17.0	9492.0
160	2394.0	6.0	9934.0
170	2565.0	29.0	10666.0
180	2391.8333333333335	11.0	9130.0
190	2366.8333333333335	13.0	8885.0
200	2391.6666666666665	17.0	12974.0
210	2186.3333333333335	6.0	5954.0
220	2124.3333333333335	18.0	12357.0
230	2595.1666666666665	19.0	8567.0
240	2377.0	26.0	9841.0
250	2574.6666666666665	17.0	7324.0
260	2629.3333333333335	39.0	12691.0
270	2430.1666666666665	21.0	10656.0
280	2318.3333333333335	22.0	9276.0
290	2512.1666666666665	5.0	9350.0
300	2610.1666666666665	27.0	13057.0
310	2777.3333333333335	18.0	12458.0
320	2607.8333333333335	18.0	7356.0
330	2634.3333333333335	9.0	10492.0
340	2646.1666666666665	10.0	9765.0
350	2778.0	16.0	8051.0
360	2441.3333333333335	11.0	11026.0
370	2429.1666666666665	23.0	10581.0
380	2736.8333333333335	29.0	10831.0
390	2507.3333333333335	16.0	8003.0
400	2526.0	39.0	8426.0
410	2413.0	19.0	8307.0
420	2654.3333333333335	31.0	11185.0
430	2998.0	18.0	11498.0
440	2643.3333333333335	8.0	9389.0
450	2845.0	17.0	10853.0
460	2882.8333333333335	16.0	8677.0
470	2668.1666666666665	16.0	12285.0
480	2809.1666666666665	14.0	10550.0
490	3056.3333333333335	13.0	12593.0
500	2742.3333333333335	6.0	9940.0
510	2533.8333333333335	31.0	11606.0
520	2814.1666666666665	12.0	11615.0
530	2617.5	17.0	10350.0
540	2990.1666666666665	14.0	11359.0
550	2798.3333333333335	5.0	6720.0
560	2857.8333333333335	8.0	10394.0
570	2754.0	12.0	10751.0
580	3026.0	6.0	11375.0
590	2981.1666666666665	6.0	9562.0
600	2705.1666666666665	0.0	10191.0
610	2902.5	0.0	7729.0
620	2990.5	0.0	10672.0
630	3020.3333333333335	0.0	10918.0
640	2761.8333333333335	0.0	13670.0
650	2789.6666666666665	0.0	9871.0
660	3098.0	0.0	12382.0
670	2792.0	0.0	10262.0
680	3034.3333333333335	0.0	10663.0
690	2974.0	0.0	10178.0
700	2786.8333333333335	0.0	11115.0
710	2881.8333333333335	0.0	9072.0
720	2919.0	0.0	10977.0
730	3402.3333333333335	0.0	11442.0
740	2900.5	0.0	10756.0
750	2893.3333333333335	0.0	12270.0
760	3187.8333333333335	0.0	11154.0
770	2959.1666666666665	0.0	11308.0
780	2754.8333333333335	0.0	9185.0
790	2834.3333333333335	0.0	10308.0
800	3177.0	0.0	11083.0
810	3164.0	0.0	8357.0
820	2875.3333333333335	0.0	9060.0
830	2831.1666666666665	0.0	8577.0
840	2963.5	0.0	6965.0
850	3068.8333333333335	0.0	11027.0
860	3198.1666666666665	0.0	9642.0
870	3126.3333333333335	0.0	11824.0
880	3601.6666666666665	0.0	12122.0
890	2907.8333333333335	0.0	11495.0
900	3400.3333333333335	0.0	8836.0
910	3279.5	0.0	12657.0
920	3295.6666666666665	0.0	13317.0
930	3429.6666666666665	0.0	10645.0
940	3096.6666666666665	0.0	7373.0
950	3007.5	0.0	7890.0
960	3264.5	0.0	12359.0
970	3151.5	0.0	12434.0
980	3274.0	0.0	11363.0
990	3029.1666666666665	0.0	9897.0
1000	3298.1666666666665	0.0	11262.0
