0	248.0	0.0
10	2112.1666666666665	1000.0
20	1964.1666666666667	0.0
30	2099.6666666666665	0.0
40	2133.0	0.0
50	2134.8333333333335	0.0
60	2247.6666666666665	0.0
70	2307.6666666666665	0.0
80	2165.3333333333335	0.0
90	2209.6666666666665	0.0
100	2513.6666666666665	0.0
110	2370.5	0.0
120	2541.5	0.0
130	2437.1666666666665	0.0
140	2337.5	0.0
150	2557.1666666666665	0.0
160	2822.0	0.0
170	2592.5	0.0
180	2533.1666666666665	0.0
190	2341.8333333333335	0.0
200	2220.0	0.0
210	2156.1666666666665	0.0
220	2295.8333333333335	0.0
230	2545.8333333333335	0.0
240	2531.5	0.0
250	3169.8333333333335	0.0
260	2501.8333333333335	0.0
270	2652.3333333333335	0.0
280	2560.1666666666665	0.0
290	2464.3333333333335	0.0
300	2976.5	0.0
310	2728.1666666666665	0.0
320	2772.5	0.0
330	3145.5	0.0
340	2632.6666666666665	0.0
350	3284.0	0.0
360	2800.0	0.0
370	2659.0	0.0
380	3478.1666666666665	0.0
390	3327.0	0.0
400	3137.8333333333335	0.0
410	3340.1666666666665	0.0
420	3512.8333333333335	0.0
430	3479.3333333333335	0.0
440	3386.3333333333335	0.0
450	3550.3333333333335	0.0
460	3093.0	0.0
470	3743.3333333333335	0.0
480	2996.5	0.0
490	3622.3333333333335	0.0
500	3294.6666666666665	0.0
510	3831.5	0.0
520	3297.0	0.0
530	2926.8333333333335	0.0
540	3550.1666666666665	0.0
550	3868.5	0.0
560	3236.1666666666665	0.0
570	3806.0	0.0
580	3304.3333333333335	0.0
590	3505.8333333333335	0.0
600	2870.8333333333335	0.0
610	3426.5	0.0
620	3207.1666666666665	0.0
630	3171.6666666666665	0.0
640	3615.3333333333335	0.0
650	3579.5	0.0
660	4021.3333333333335	0.0
670	3884.8333333333335	0.0
680	3746.8333333333335	0.0
690	3990.5	0.0
700	3950.0	0.0
710	3744.8333333333335	0.0
720	3399.3333333333335	0.0
730	3656.1666666666665	0.0
740	3620.3333333333335	0.0
750	3251.8333333333335	0.0
760	3930.0	0.0
770	3540.3333333333335	0.0
780	3521.6666666666665	0.0
790	3630.0	0.0
800	3707.0	0.0
810	3691.3333333333335	0.0
820	3407.0	0.0
830	3423.3333333333335	0.0
840	3632.5	0.0
850	3805.5	0.0
860	3725.1666666666665	0.0
870	3533.3333333333335	0.0
880	3902.3333333333335	0.0
890	3780.3333333333335	0.0
900	3766.6666666666665	0.0
910	3432.6666666666665	0.0
920	3671.6666666666665	0.0
930	3938.6666666666665	0.0
940	3583.5	0.0
950	3795.8333333333335	0.0
960	3357.3333333333335	0.0
970	3727.0	0.0
980	3862.8333333333335	0.0
990	3950.6666666666665	0.0
1000	3710.0	0.0
