0	234.66666666666666	0.0
10	1927.5	1000.0
20	2108.1666666666665	0.0
30	2140.3333333333335	0.0
40	2038.3333333333333	0.0
50	2043.8333333333333	0.0
60	2237.0	0.0
70	2270.0	0.0
80	2327.0	0.0
90	2467.1666666666665	0.0
100	2348.3333333333335	0.0
110	2372.6666666666665	0.0
120	2290.0	0.0
130	2307.0	0.0
140	2537.6666666666665	0.0
150	2513.0	0.0
160	2371.1666666666665	0.0
170	2355.1666666666665	0.0
180	2516.5	0.0
190	2358.1666666666665	0.0
200	2489.6666666666665	0.0
210	2631.8333333333335	0.0
220	2693.6666666666665	0.0
230	2878.3333333333335	0.0
240	2431.3333333333335	0.0
250	2507.3333333333335	0.0
260	2963.1666666666665	0.0
270	2596.5	0.0
280	2763.3333333333335	0.0
290	2970.8333333333335	0.0
300	3128.8333333333335	0.0
310	2686.8333333333335	0.0
320	2797.8333333333335	0.0
330	2969.1666666666665	0.0
340	3205.8333333333335	0.0
350	3226.1666666666665	0.0
360	2545.6666666666665	0.0
370	2809.3333333333335	0.0
380	2889.0	0.0
390	2912.0	0.0
400	2321.1666666666665	0.0
410	2712.8333333333335	0.0
420	3000.6666666666665	0.0
430	2544.0	0.0
440	2976.1666666666665	0.0
450	2875.5	0.0
460	2899.8333333333335	0.0
470	3448.5	0.0
480	2995.8333333333335	0.0
490	2895.6666666666665	0.0
500	3672.0	0.0
510	3362.5	0.0
520	3163.5	0.0
530	3378.5	0.0
540	3415.8333333333335	0.0
550	3475.1666666666665	0.0
560	3351.5	0.0
570	3194.1666666666665	0.0
580	3264.8333333333335	0.0
590	3186.8333333333335	0.0
600	3596.1666666666665	0.0
610	3223.0	0.0
620	3707.1666666666665	0.0
630	3731.5	0.0
640	3645.8333333333335	0.0
650	3830.3333333333335	0.0
660	3858.6666666666665	0.0
670	3642.3333333333335	0.0
680	3693.0	0.0
690	3841.1666666666665	0.0
700	3880.5	0.0
710	3843.5	0.0
720	3247.3333333333335	0.0
730	3317.8333333333335	0.0
740	3943.3333333333335	0.0
750	3704.6666666666665	0.0
760	3402.5	0.0
770	3747.1666666666665	0.0
780	3003.5	0.0
790	3806.1666666666665	0.0
800	3702.8333333333335	0.0
810	3677.3333333333335	0.0
820	3467.3333333333335	0.0
830	3564.5	0.0
840	3318.6666666666665	0.0
850	3461.0	0.0
860	3420.1666666666665	0.0
870	3841.1666666666665	0.0
880	3857.8333333333335	0.0
890	3694.3333333333335	0.0
900	3918.5	0.0
910	3527.6666666666665	0.0
920	3552.8333333333335	0.0
930	3816.8333333333335	0.0
940	3225.0	0.0
950	3903.8333333333335	0.0
960	3579.1666666666665	0.0
970	3566.6666666666665	0.0
980	2906.1666666666665	0.0
990	3943.0	0.0
1000	3666.8333333333335	0.0
