0	264.3333333333333	0.0
10	1829.1666666666667	1000.0
20	1813.1666666666667	0.0
30	2124.0	0.0
40	1999.1666666666667	0.0
50	2128.0	0.0
60	2205.6666666666665	0.0
70	2345.5	0.0
80	2275.1666666666665	0.0
90	2313.6666666666665	0.0
100	2360.5	0.0
110	2272.8333333333335	0.0
120	2632.8333333333335	0.0
130	2476.6666666666665	0.0
140	2301.8333333333335	0.0
150	2362.0	0.0
160	2095.8333333333335	0.0
170	2150.5	0.0
180	2314.3333333333335	0.0
190	2121.1666666666665	0.0
200	2657.3333333333335	0.0
210	2456.3333333333335	0.0
220	2777.0	0.0
230	2961.8333333333335	0.0
240	2474.1666666666665	0.0
250	2501.5	0.0
260	2715.1666666666665	0.0
270	2311.5	0.0
280	2841.1666666666665	0.0
290	2600.3333333333335	0.0
300	2816.1666666666665	0.0
310	2776.1666666666665	0.0
320	3060.3333333333335	0.0
330	2770.5	0.0
340	2891.0	0.0
350	2984.1666666666665	0.0
360	2629.6666666666665	0.0
370	2915.0	0.0
380	2473.0	0.0
390	3065.6666666666665	0.0
400	3106.0	0.0
410	3026.8333333333335	0.0
420	3126.3333333333335	0.0
430	3054.1666666666665	0.0
440	2879.1666666666665	0.0
450	3632.0	0.0
460	3499.8333333333335	0.0
470	3271.5	0.0
480	3275.6666666666665	0.0
490	3426.6666666666665	0.0
500	3465.8333333333335	0.0
510	3238.3333333333335	0.0
520	3754.1666666666665	0.0
530	3570.0	0.0
540	2791.3333333333335	0.0
550	3227.0	0.0
560	3414.5	0.0
570	3829.5	0.0
580	3906.0	0.0
590	3536.0	0.0
600	3239.6666666666665	0.0
610	3435.5	0.0
620	3321.3333333333335	0.0
630	3350.1666666666665	0.0
640	3088.6666666666665	0.0
650	3645.5	0.0
660	3570.3333333333335	0.0
670	3535.1666666666665	0.0
680	3492.6666666666665	0.0
690	3609.8333333333335	0.0
700	3398.8333333333335	0.0
710	4216.166666666667	0.0
720	3667.6666666666665	0.0
730	3552.6666666666665	0.0
740	3861.5	0.0
750	3561.0	0.0
760	3355.6666666666665	0.0
770	3692.6666666666665	0.0
780	3900.0	0.0
790	3885.6666666666665	0.0
800	3672.3333333333335	0.0
810	3967.6666666666665	0.0
820	3925.3333333333335	0.0
830	3815.8333333333335	0.0
840	4105.333333333333	0.0
850	3677.1666666666665	0.0
860	3910.8333333333335	0.0
870	3965.8333333333335	0.0
880	4008.8333333333335	0.0
890	3747.6666666666665	0.0
900	3726.8333333333335	0.0
910	3792.0	0.0
920	3995.5	0.0
930	3751.3333333333335	0.0
940	4062.0	0.0
950	3389.3333333333335	0.0
960	3427.5	0.0
970	3398.6666666666665	0.0
980	3754.1666666666665	0.0
990	3803.5	0.0
1000	3756.5	0.0
