0	258.3333333333333	0.0
10	1853.5	1000.0
20	1959.8333333333333	0.0
30	2126.8333333333335	0.0
40	1998.8333333333333	0.0
50	2072.0	0.0
60	2149.1666666666665	0.0
70	2071.0	0.0
80	2238.3333333333335	0.0
90	2301.5	0.0
100	2231.0	0.0
110	2223.1666666666665	0.0
120	2405.0	0.0
130	2342.5	0.0
140	2417.3333333333335	0.0
150	2122.0	0.0
160	2252.0	0.0
170	2789.0	0.0
180	2380.5	0.0
190	2407.6666666666665	0.0
200	2622.1666666666665	0.0
210	2272.1666666666665	0.0
220	2969.8333333333335	0.0
230	2927.3333333333335	0.0
240	1953.8333333333333	0.0
250	3037.0	0.0
260	3029.6666666666665	0.0
270	2720.3333333333335	0.0
280	2758.1666666666665	0.0
290	3204.5	0.0
300	2864.5	0.0
310	2679.8333333333335	0.0
320	2913.8333333333335	0.0
330	3150.1666666666665	0.0
340	2653.3333333333335	0.0
350	2459.6666666666665	0.0
360	2420.8333333333335	0.0
370	3239.5	0.0
380	2682.3333333333335	0.0
390	2919.1666666666665	0.0
400	2766.5	0.0
410	2640.1666666666665	0.0
420	3502.6666666666665	0.0
430	2971.5	0.0
440	2926.5	0.0
450	3530.5	0.0
460	3129.5	0.0
470	3712.3333333333335	0.0
480	2868.0	0.0
490	3113.5	0.0
500	3373.8333333333335	0.0
510	3154.3333333333335	0.0
520	3747.5	0.0
530	3352.5	0.0
540	2991.8333333333335	0.0
550	3583.8333333333335	0.0
560	3093.0	0.0
570	3471.1666666666665	0.0
580	3921.8333333333335	0.0
590	3708.6666666666665	0.0
600	3856.3333333333335	0.0
610	3767.1666666666665	0.0
620	3747.6666666666665	0.0
630	3726.5	0.0
640	3732.0	0.0
650	3968.3333333333335	0.0
660	3749.0	0.0
670	3845.5	0.0
680	3889.1666666666665	0.0
690	4019.1666666666665	0.0
700	3751.8333333333335	0.0
710	3634.1666666666665	0.0
720	4087.1666666666665	0.0
730	3858.1666666666665	0.0
740	3934.0	0.0
750	3739.8333333333335	0.0
760	3864.0	0.0
770	3650.5	0.0
780	4041.6666666666665	0.0
790	3741.8333333333335	0.0
800	3631.5	0.0
810	3747.5	0.0
820	3778.8333333333335	0.0
830	3550.8333333333335	0.0
840	3625.8333333333335	0.0
850	3978.8333333333335	0.0
860	3746.3333333333335	0.0
870	3598.8333333333335	0.0
880	3600.6666666666665	0.0
890	3744.1666666666665	0.0
900	3770.1666666666665	0.0
910	3706.1666666666665	0.0
920	3720.5	0.0
930	3617.0	0.0
940	3823.0	0.0
950	3716.3333333333335	0.0
960	3605.8333333333335	0.0
970	3742.6666666666665	0.0
980	3669.0	0.0
990	4164.833333333333	0.0
1000	3935.0	0.0
