0	267.3333333333333	0.0
10	2090.3333333333335	1000.0
20	2044.0	0.0
30	2063.5	0.0
40	2144.6666666666665	0.0
50	2150.8333333333335	0.0
60	2074.0	0.0
70	2053.0	0.0
80	2195.3333333333335	0.0
90	2244.8333333333335	0.0
100	2256.3333333333335	0.0
110	2416.0	0.0
120	2423.8333333333335	0.0
130	2584.6666666666665	0.0
140	2707.3333333333335	0.0
150	2461.3333333333335	0.0
160	2546.0	0.0
170	2789.3333333333335	0.0
180	2634.1666666666665	0.0
190	2639.1666666666665	0.0
200	2663.3333333333335	0.0
210	2375.3333333333335	0.0
220	2757.6666666666665	0.0
230	2700.3333333333335	0.0
240	2179.6666666666665	0.0
250	2839.1666666666665	0.0
260	3023.8333333333335	0.0
270	2294.3333333333335	0.0
280	2214.1666666666665	0.0
290	2749.1666666666665	0.0
300	2551.5	0.0
310	2854.8333333333335	0.0
320	2433.5	0.0
330	2653.8333333333335	0.0
340	2760.6666666666665	0.0
350	2706.5	0.0
360	2505.5	0.0
370	2921.8333333333335	0.0
380	2351.3333333333335	0.0
390	3123.8333333333335	0.0
400	2610.0	0.0
410	3040.3333333333335	0.0
420	2761.3333333333335	0.0
430	2668.6666666666665	0.0
440	2870.6666666666665	0.0
450	3039.0	0.0
460	2646.1666666666665	0.0
470	2946.8333333333335	0.0
480	2995.3333333333335	0.0
490	3092.5	0.0
500	3510.5	0.0
510	3348.8333333333335	0.0
520	3777.1666666666665	0.0
530	3847.6666666666665	0.0
540	3407.1666666666665	0.0
550	3743.5	0.0
560	3291.1666666666665	0.0
570	3362.6666666666665	0.0
580	3308.8333333333335	0.0
590	3131.8333333333335	0.0
600	3169.6666666666665	0.0
610	3229.1666666666665	0.0
620	3637.3333333333335	0.0
630	3433.1666666666665	0.0
640	3883.3333333333335	0.0
650	3409.8333333333335	0.0
660	3361.5	0.0
670	3394.6666666666665	0.0
680	3361.0	0.0
690	3712.3333333333335	0.0
700	3924.5	0.0
710	3762.3333333333335	0.0
720	3222.3333333333335	0.0
730	3078.8333333333335	0.0
740	3634.6666666666665	0.0
750	3476.3333333333335	0.0
760	3857.8333333333335	0.0
770	3687.5	0.0
780	3335.0	0.0
790	4249.5	0.0
800	3553.8333333333335	0.0
810	3300.3333333333335	0.0
820	3782.1666666666665	0.0
830	3578.8333333333335	0.0
840	3987.3333333333335	0.0
850	3725.1666666666665	0.0
860	3370.8333333333335	0.0
870	3848.8333333333335	0.0
880	3926.6666666666665	0.0
890	3534.0	0.0
900	3638.5	0.0
910	3287.5	0.0
920	3818.8333333333335	0.0
930	3919.1666666666665	0.0
940	2953.5	0.0
950	3355.1666666666665	0.0
960	3833.8333333333335	0.0
970	3567.5	0.0
980	4027.6666666666665	0.0
990	3733.0	0.0
1000	3559.0	0.0
