0	251.0	0.0
10	1863.3333333333333	1000.0
20	1966.5	0.0
30	2170.0	0.0
40	2142.0	0.0
50	2204.6666666666665	0.0
60	2077.8333333333335	0.0
70	2320.5	0.0
80	2330.1666666666665	0.0
90	2028.3333333333333	0.0
100	2416.8333333333335	0.0
110	2383.8333333333335	0.0
120	2518.8333333333335	0.0
130	2701.6666666666665	0.0
140	2472.1666666666665	0.0
150	2552.0	0.0
160	2820.0	0.0
170	2538.0	0.0
180	2516.5	0.0
190	2355.6666666666665	0.0
200	2296.8333333333335	0.0
210	2325.0	0.0
220	2549.8333333333335	0.0
230	2738.6666666666665	0.0
240	2525.8333333333335	0.0
250	2713.6666666666665	0.0
260	2581.6666666666665	0.0
270	2778.3333333333335	0.0
280	2839.1666666666665	0.0
290	2514.8333333333335	0.0
300	2805.1666666666665	0.0
310	2535.8333333333335	0.0
320	2883.5	0.0
330	2804.6666666666665	0.0
340	3065.8333333333335	0.0
350	3173.3333333333335	0.0
360	3153.3333333333335	0.0
370	2855.0	0.0
380	3169.8333333333335	0.0
390	3332.0	0.0
400	3056.6666666666665	0.0
410	3843.3333333333335	0.0
420	3096.3333333333335	0.0
430	3233.8333333333335	0.0
440	3589.3333333333335	0.0
450	3271.8333333333335	0.0
460	3434.1666666666665	0.0
470	3018.5	0.0
480	3041.8333333333335	0.0
490	3272.6666666666665	0.0
500	3724.5	0.0
510	3786.5	0.0
520	3052.8333333333335	0.0
530	3058.5	0.0
540	3912.5	0.0
550	3890.5	0.0
560	3508.3333333333335	0.0
570	3684.3333333333335	0.0
580	3779.6666666666665	0.0
590	3953.3333333333335	0.0
600	3508.0	0.0
610	3653.8333333333335	0.0
620	3271.5	0.0
630	3192.0	0.0
640	3345.8333333333335	0.0
650	3866.0	0.0
660	3859.1666666666665	0.0
670	3181.8333333333335	0.0
680	3672.3333333333335	0.0
690	3973.8333333333335	0.0
700	2985.6666666666665	0.0
710	3947.6666666666665	0.0
720	3668.1666666666665	0.0
730	3947.5	0.0
740	4097.166666666667	0.0
750	4101.333333333333	0.0
760	3548.5	0.0
770	3576.6666666666665	0.0
780	3858.0	0.0
790	3785.5	0.0
800	3751.8333333333335	0.0
810	3851.5	0.0
820	3794.6666666666665	0.0
830	3567.5	0.0
840	3775.5	0.0
850	3793.6666666666665	0.0
860	3852.1666666666665	0.0
870	3793.8333333333335	0.0
880	4062.3333333333335	0.0
890	3802.5	0.0
900	3294.0	0.0
910	3693.0	0.0
920	3698.6666666666665	0.0
930	3334.0	0.0
940	3466.1666666666665	0.0
950	3155.0	0.0
960	3813.8333333333335	0.0
970	3770.3333333333335	0.0
980	3787.5	0.0
990	3746.1666666666665	0.0
1000	3837.3333333333335	0.0
