0	256.0	0.0
10	1973.0	1000.0
20	1693.1666666666667	0.0
30	2014.1666666666667	0.0
40	2080.1666666666665	0.0
50	2157.6666666666665	0.0
60	2449.3333333333335	0.0
70	2385.0	0.0
80	2122.1666666666665	0.0
90	2481.3333333333335	0.0
100	2487.5	0.0
110	2369.0	0.0
120	2302.3333333333335	0.0
130	2368.3333333333335	0.0
140	2472.1666666666665	0.0
150	2237.3333333333335	0.0
160	2749.6666666666665	0.0
170	1873.3333333333333	0.0
180	2368.6666666666665	0.0
190	2116.6666666666665	0.0
200	2102.8333333333335	0.0
210	2213.5	0.0
220	2720.8333333333335	0.0
230	2476.5	0.0
240	3019.3333333333335	0.0
250	2300.5	0.0
260	2692.6666666666665	0.0
270	2915.1666666666665	0.0
280	2593.5	0.0
290	2472.1666666666665	0.0
300	2683.1666666666665	0.0
310	2772.1666666666665	0.0
320	2846.0	0.0
330	3235.0	0.0
340	2757.6666666666665	0.0
350	2523.8333333333335	0.0
360	3522.8333333333335	0.0
370	2668.5	0.0
380	2873.0	0.0
390	3081.3333333333335	0.0
400	2975.1666666666665	0.0
410	3087.0	0.0
420	3431.6666666666665	0.0
430	3044.3333333333335	0.0
440	3611.0	0.0
450	3635.3333333333335	0.0
460	3098.5	0.0
470	3307.0	0.0
480	3334.5	0.0
490	3677.0	0.0
500	3128.0	0.0
510	3226.1666666666665	0.0
520	3585.1666666666665	0.0
530	3385.6666666666665	0.0
540	2999.8333333333335	0.0
550	3362.6666666666665	0.0
560	3292.8333333333335	0.0
570	3174.5	0.0
580	3919.8333333333335	0.0
590	3765.6666666666665	0.0
600	3252.6666666666665	0.0
610	3282.0	0.0
620	3357.8333333333335	0.0
630	3355.1666666666665	0.0
640	3725.6666666666665	0.0
650	3412.8333333333335	0.0
660	3747.5	0.0
670	3621.3333333333335	0.0
680	3460.1666666666665	0.0
690	3939.8333333333335	0.0
700	3384.8333333333335	0.0
710	3536.6666666666665	0.0
720	3800.5	0.0
730	3559.5	0.0
740	3606.8333333333335	0.0
750	3791.8333333333335	0.0
760	3858.3333333333335	0.0
770	4095.8333333333335	0.0
780	3840.5	0.0
790	3766.3333333333335	0.0
800	3818.3333333333335	0.0
810	3773.8333333333335	0.0
820	3861.1666666666665	0.0
830	3783.6666666666665	0.0
840	3958.1666666666665	0.0
850	3771.6666666666665	0.0
860	3021.3333333333335	0.0
870	3559.0	0.0
880	3603.0	0.0
890	3670.8333333333335	0.0
900	3528.5	0.0
910	3531.1666666666665	0.0
920	4003.1666666666665	0.0
930	4001.1666666666665	0.0
940	3610.6666666666665	0.0
950	3561.3333333333335	0.0
960	3928.3333333333335	0.0
970	3724.0	0.0
980	3799.0	0.0
990	3026.0	0.0
1000	3769.6666666666665	0.0
