0	271.0	0.0
10	2119.6666666666665	1000.0
20	1943.6666666666667	0.0
30	2114.6666666666665	0.0
40	2056.0	0.0
50	2019.1666666666667	0.0
60	1984.5	0.0
70	2248.5	0.0
80	1990.6666666666667	0.0
90	1959.5	0.0
100	2261.1666666666665	0.0
110	2378.8333333333335	0.0
120	2501.3333333333335	0.0
130	2406.3333333333335	0.0
140	2588.5	0.0
150	2459.0	0.0
160	2206.6666666666665	0.0
170	2232.5	0.0
180	2765.8333333333335	0.0
190	2541.1666666666665	0.0
200	2289.3333333333335	0.0
210	2505.8333333333335	0.0
220	1948.8333333333333	0.0
230	2682.3333333333335	0.0
240	2505.5	0.0
250	2790.3333333333335	0.0
260	2834.6666666666665	0.0
270	2561.1666666666665	0.0
280	3037.3333333333335	0.0
290	2549.8333333333335	0.0
300	2474.1666666666665	0.0
310	3549.1666666666665	0.0
320	3285.3333333333335	0.0
330	3094.3333333333335	0.0
340	3187.3333333333335	0.0
350	3248.3333333333335	0.0
360	2896.0	0.0
370	3137.3333333333335	0.0
380	3060.1666666666665	0.0
390	2963.3333333333335	0.0
400	3172.5	0.0
410	3294.8333333333335	0.0
420	3552.8333333333335	0.0
430	3299.8333333333335	0.0
440	2468.1666666666665	0.0
450	3279.0	0.0
460	3150.8333333333335	0.0
470	3136.8333333333335	0.0
480	3189.5	0.0
490	3473.3333333333335	0.0
500	3571.3333333333335	0.0
510	3414.6666666666665	0.0
520	3645.1666666666665	0.0
530	3342.1666666666665	0.0
540	3523.3333333333335	0.0
550	3660.0	0.0
560	3458.6666666666665	0.0
570	3277.8333333333335	0.0
580	3452.3333333333335	0.0
590	3153.3333333333335	0.0
600	3908.0	0.0
610	3399.8333333333335	0.0
620	3069.5	0.0
630	3825.6666666666665	0.0
640	3799.1666666666665	0.0
650	3148.5	0.0
660	3634.3333333333335	0.0
670	3930.8333333333335	0.0
680	3506.0	0.0
690	3814.6666666666665	0.0
700	3955.5	0.0
710	3717.8333333333335	0.0
720	3445.0	0.0
730	3681.5	0.0
740	3695.3333333333335	0.0
750	3662.6666666666665	0.0
760	3983.1666666666665	0.0
770	3941.0	0.0
780	3429.0	0.0
790	3474.0	0.0
800	3790.6666666666665	0.0
810	3529.0	0.0
820	3862.8333333333335	0.0
830	3838.8333333333335	0.0
840	3654.1666666666665	0.0
850	3768.1666666666665	0.0
860	3711.8333333333335	0.0
870	3844.5	0.0
880	3369.6666666666665	0.0
890	3498.5	0.0
900	3497.1666666666665	0.0
910	3773.0	0.0
920	4045.5	0.0
930	3829.0	0.0
940	3426.3333333333335	0.0
950	3681.5	0.0
960	3906.1666666666665	0.0
970	3744.1666666666665	0.0
980	3848.3333333333335	0.0
990	3553.5	0.0
1000	3758.5	0.0
