0	250.0	0.0
10	1843.3333333333333	1000.0
20	2019.3333333333333	0.0
30	2034.8333333333333	0.0
40	1932.3333333333333	0.0
50	2002.6666666666667	0.0
60	1952.8333333333333	0.0
70	2201.8333333333335	0.0
80	1959.5	0.0
90	2245.5	0.0
100	2259.1666666666665	0.0
110	2178.1666666666665	0.0
120	2204.5	0.0
130	2386.6666666666665	0.0
140	2393.0	0.0
150	2532.6666666666665	0.0
160	2469.8333333333335	0.0
170	2515.5	0.0
180	2287.5	0.0
190	2282.8333333333335	0.0
200	2093.1666666666665	0.0
210	2251.0	0.0
220	2435.1666666666665	0.0
230	2346.5	0.0
240	2266.0	0.0
250	2249.1666666666665	0.0
260	2250.0	0.0
270	2485.6666666666665	0.0
280	2560.6666666666665	0.0
290	2133.5	0.0
300	2334.6666666666665	0.0
310	2213.1666666666665	0.0
320	2690.6666666666665	0.0
330	2491.8333333333335	0.0
340	2712.8333333333335	0.0
350	2421.6666666666665	0.0
360	2806.5	0.0
370	2405.5	0.0
380	2964.6666666666665	0.0
390	2271.3333333333335	0.0
400	2964.3333333333335	0.0
410	2659.1666666666665	0.0
420	2585.5	0.0
430	2315.3333333333335	0.0
440	2715.3333333333335	0.0
450	2944.5	0.0
460	3158.6666666666665	0.0
470	2304.8333333333335	0.0
480	3127.5	0.0
490	3006.8333333333335	0.0
500	2903.6666666666665	0.0
510	3320.6666666666665	0.0
520	3702.8333333333335	0.0
530	3479.8333333333335	0.0
540	3186.6666666666665	0.0
550	3533.0	0.0
560	3236.1666666666665	0.0
570	3476.0	0.0
580	2961.1666666666665	0.0
590	3101.8333333333335	0.0
600	3594.6666666666665	0.0
610	3276.0	0.0
620	3237.6666666666665	0.0
630	3242.8333333333335	0.0
640	3976.8333333333335	0.0
650	2994.0	0.0
660	3640.6666666666665	0.0
670	2997.6666666666665	0.0
680	3481.5	0.0
690	3652.0	0.0
700	3264.6666666666665	0.0
710	3540.1666666666665	0.0
720	3525.6666666666665	0.0
730	3784.0	0.0
740	3300.8333333333335	0.0
750	3314.6666666666665	0.0
760	3501.3333333333335	0.0
770	3617.6666666666665	0.0
780	3591.8333333333335	0.0
790	3523.3333333333335	0.0
800	3632.6666666666665	0.0
810	3750.5	0.0
820	3905.8333333333335	0.0
830	3553.3333333333335	0.0
840	3792.3333333333335	0.0
850	3420.3333333333335	0.0
860	3892.3333333333335	0.0
870	3531.3333333333335	0.0
880	3665.8333333333335	0.0
890	4059.8333333333335	0.0
900	3847.6666666666665	0.0
910	3854.1666666666665	0.0
920	3547.3333333333335	0.0
930	3844.1666666666665	0.0
940	3766.6666666666665	0.0
950	3723.5	0.0
960	3984.6666666666665	0.0
970	3666.6666666666665	0.0
980	3823.1666666666665	0.0
990	3746.3333333333335	0.0
1000	3536.8333333333335	0.0
