0	278.0	0.0
10	2274.1666666666665	1000.0
20	1894.1666666666667	0.0
30	2131.6666666666665	0.0
40	2122.6666666666665	0.0
50	1935.6666666666667	0.0
60	2160.5	0.0
70	2299.6666666666665	0.0
80	2297.3333333333335	0.0
90	1923.8333333333333	0.0
100	2299.5	0.0
110	2123.6666666666665	0.0
120	2371.8333333333335	0.0
130	2310.8333333333335	0.0
140	2368.8333333333335	0.0
150	2311.3333333333335	0.0
160	2138.3333333333335	0.0
170	2202.8333333333335	0.0
180	2406.6666666666665	0.0
190	2128.6666666666665	0.0
200	2391.5	0.0
210	2538.1666666666665	0.0
220	2658.1666666666665	0.0
230	2476.5	0.0
240	2616.0	0.0
250	2466.8333333333335	0.0
260	2272.3333333333335	0.0
270	2719.6666666666665	0.0
280	2642.8333333333335	0.0
290	3039.1666666666665	0.0
300	2643.8333333333335	0.0
310	2066.3333333333335	0.0
320	2786.1666666666665	0.0
330	2369.6666666666665	0.0
340	2376.6666666666665	0.0
350	2846.3333333333335	0.0
360	2935.5	0.0
370	3063.0	0.0
380	2833.3333333333335	0.0
390	2564.0	0.0
400	2648.1666666666665	0.0
410	2795.6666666666665	0.0
420	2818.1666666666665	0.0
430	2784.6666666666665	0.0
440	2884.8333333333335	0.0
450	3263.0	0.0
460	3731.3333333333335	0.0
470	3190.0	0.0
480	3001.6666666666665	0.0
490	3258.5	0.0
500	3206.8333333333335	0.0
510	3527.8333333333335	0.0
520	3555.8333333333335	0.0
530	3115.0	0.0
540	4256.666666666667	0.0
550	3342.6666666666665	0.0
560	2888.3333333333335	0.0
570	3538.8333333333335	0.0
580	3688.8333333333335	0.0
590	3782.5	0.0
600	3801.8333333333335	0.0
610	3832.3333333333335	0.0
620	3330.0	0.0
630	3593.5	0.0
640	3499.3333333333335	0.0
650	3716.5	0.0
660	3696.8333333333335	0.0
670	3047.3333333333335	0.0
680	3150.8333333333335	0.0
690	3737.5	0.0
700	3622.0	0.0
710	2847.5	0.0
720	3339.0	0.0
730	3228.5	0.0
740	3724.3333333333335	0.0
750	3636.6666666666665	0.0
760	3829.1666666666665	0.0
770	4030.8333333333335	0.0
780	3773.5	0.0
790	3755.3333333333335	0.0
800	3913.1666666666665	0.0
810	3720.8333333333335	0.0
820	3612.1666666666665	0.0
830	3399.8333333333335	0.0
840	3770.6666666666665	0.0
850	3634.1666666666665	0.0
860	3545.1666666666665	0.0
870	3964.1666666666665	0.0
880	3876.0	0.0
890	3715.6666666666665	0.0
900	3748.8333333333335	0.0
910	3943.8333333333335	0.0
920	3848.0	0.0
930	3882.3333333333335	0.0
940	3655.6666666666665	0.0
950	3996.8333333333335	0.0
960	3714.5	0.0
970	3849.0	0.0
980	4143.0	0.0
990	3824.6666666666665	0.0
1000	3724.3333333333335	0.0
