0	261.6666666666667	0.0
10	1806.5	1000.0
20	1943.6666666666667	0.0
30	2147.1666666666665	0.0
40	2232.0	0.0
50	2250.0	0.0
60	2159.1666666666665	0.0
70	2154.3333333333335	0.0
80	2329.8333333333335	0.0
90	2301.5	0.0
100	2170.6666666666665	0.0
110	2314.3333333333335	0.0
120	2493.5	0.0
130	2496.1666666666665	0.0
140	2585.3333333333335	0.0
150	2397.0	0.0
160	2470.3333333333335	0.0
170	2449.3333333333335	0.0
180	2516.3333333333335	0.0
190	2690.3333333333335	0.0
200	2491.8333333333335	0.0
210	2568.3333333333335	0.0
220	2083.8333333333335	0.0
230	2312.1666666666665	0.0
240	2652.3333333333335	0.0
250	2427.8333333333335	0.0
260	2830.0	0.0
270	2389.5	0.0
280	2897.6666666666665	0.0
290	2696.0	0.0
300	2705.3333333333335	0.0
310	2779.6666666666665	0.0
320	3147.1666666666665	0.0
330	2605.5	0.0
340	2682.3333333333335	0.0
350	3023.6666666666665	0.0
360	3066.1666666666665	0.0
370	3206.8333333333335	0.0
380	2754.6666666666665	0.0
390	3171.5	0.0
400	2389.1666666666665	0.0
410	3194.6666666666665	0.0
420	3072.0	0.0
430	3261.6666666666665	0.0
440	3497.6666666666665	0.0
450	3396.5	0.0
460	3083.6666666666665	0.0
470	2899.8333333333335	0.0
480	2933.8333333333335	0.0
490	3141.5	0.0
500	3511.3333333333335	0.0
510	2964.0	0.0
520	2935.0	0.0
530	3483.3333333333335	0.0
540	3409.1666666666665	0.0
550	3740.3333333333335	0.0
560	3419.1666666666665	0.0
570	3309.1666666666665	0.0
580	3006.3333333333335	0.0
590	3518.8333333333335	0.0
600	3526.5	0.0
610	3541.3333333333335	0.0
620	3367.6666666666665	0.0
630	3698.8333333333335	0.0
640	3547.5	0.0
650	3606.0	0.0
660	3605.6666666666665	0.0
670	3656.6666666666665	0.0
680	3775.3333333333335	0.0
690	3547.8333333333335	0.0
700	3615.5	0.0
710	3488.0	0.0
720	3835.3333333333335	0.0
730	3963.3333333333335	0.0
740	3587.3333333333335	0.0
750	4021.0	0.0
760	3299.3333333333335	0.0
770	3571.8333333333335	0.0
780	3514.3333333333335	0.0
790	3718.3333333333335	0.0
800	3919.1666666666665	0.0
810	3702.8333333333335	0.0
820	3741.6666666666665	0.0
830	3891.3333333333335	0.0
840	3662.1666666666665	0.0
850	3686.8333333333335	0.0
860	3721.0	0.0
870	3947.1666666666665	0.0
880	3740.5	0.0
890	4044.1666666666665	0.0
900	4040.6666666666665	0.0
910	3660.1666666666665	0.0
920	3743.0	0.0
930	3789.0	0.0
940	3991.8333333333335	0.0
950	3464.3333333333335	0.0
960	3671.3333333333335	0.0
970	3646.1666666666665	0.0
980	3572.1666666666665	0.0
990	3949.0	0.0
1000	3567.8333333333335	0.0
