0	278.0	0.0
10	70.0	0.0
20	70.0	0.0
30	70.0	0.0
40	70.0	0.0
50	70.0	0.0
60	70.0	0.0
70	70.0	0.0
80	70.33333333333333	0.0
90	78.33333333333333	0.0
100	93.66666666666667	0.0
110	308.3333333333333	0.0
120	376.3333333333333	0.0
130	168.66666666666666	1.0
140	80.0	0.0
150	193.0	0.0
160	134.33333333333334	1.0
170	188.0	0.0
180	102.66666666666667	1.0
190	381.3333333333333	0.0
200	432.3333333333333	0.0
210	590.6666666666666	0.0
220	570.0	0.0
230	351.6666666666667	1.0
240	372.3333333333333	0.0
250	329.3333333333333	0.0
260	426.3333333333333	1.0
270	398.6666666666667	1.0
280	801.6666666666666	0.0
290	683.0	2.0
300	982.1666666666666	0.0
310	1825.6666666666667	1.0
320	2525.1666666666665	0.0
330	2362.6666666666665	0.0
340	2650.8333333333335	2.0
350	2393.1666666666665	4.0
360	2290.6666666666665	2.0
370	2271.0	0.0
380	1967.8333333333333	5.0
390	2447.6666666666665	4.0
400	2411.1666666666665	2.0
410	2398.8333333333335	1.0
420	2397.8333333333335	0.0
430	2492.1666666666665	2.0
440	2559.6666666666665	0.0
450	2288.3333333333335	1.0
460	2635.6666666666665	0.0
470	2288.0	3.0
480	1164.6666666666667	3.0
490	1757.5	0.0
500	1912.0	3.0
510	2137.0	1.0
520	2015.8333333333333	7.0
530	2070.8333333333335	0.0
540	2094.5	4.0
550	2236.3333333333335	1.0
560	1698.6666666666667	2.0
570	2132.0	2.0
580	1784.3333333333333	4.0
590	1759.6666666666667	1.0
600	2297.6666666666665	1.0
610	2429.3333333333335	2.0
620	1860.0	0.0
630	2070.3333333333335	2.0
640	1876.6666666666667	12.0
650	1959.6666666666667	2.0
660	2074.3333333333335	2.0
670	1625.0	7.0
680	1729.3333333333333	7.0
690	2262.8333333333335	2.0
700	2369.3333333333335	2.0
710	2134.3333333333335	3.0
720	1639.3333333333333	4.0
730	1776.6666666666667	0.0
740	2026.6666666666667	0.0
750	2440.0	0.0
760	2535.6666666666665	2.0
770	2351.8333333333335	0.0
780	2555.0	1.0
790	2337.3333333333335	3.0
800	2442.8333333333335	4.0
810	2345.3333333333335	1.0
820	2256.6666666666665	3.0
830	2315.8333333333335	3.0
840	2239.3333333333335	1.0
850	1645.0	0.0
860	2499.3333333333335	1.0
870	2534.6666666666665	0.0
880	2382.6666666666665	4.0
890	2544.0	1.0
900	2346.0	4.0
910	2298.3333333333335	1.0
920	2504.6666666666665	3.0
930	2404.6666666666665	1.0
940	2621.3333333333335	2.0
950	2396.3333333333335	0.0
960	2611.6666666666665	3.0
970	2310.0	5.0
980	2455.3333333333335	0.0
990	1965.6666666666667	4.0
1000	2096.5	0.0
