0	245.0	0.0
10	70.0	0.0
20	70.0	0.0
30	70.0	0.0
40	70.0	0.0
50	70.0	0.0
60	70.0	0.0
70	70.0	0.0
80	70.66666666666667	0.0
90	77.0	0.0
100	74.33333333333333	0.0
110	102.66666666666667	0.0
120	139.0	0.0
130	374.3333333333333	0.0
140	269.6666666666667	0.0
150	340.6666666666667	0.0
160	336.3333333333333	0.0
170	257.3333333333333	0.0
180	172.66666666666666	0.0
190	472.3333333333333	0.0
200	354.3333333333333	0.0
210	333.0	0.0
220	314.6666666666667	2.0
230	278.3333333333333	2.0
240	331.3333333333333	3.0
250	342.0	1.0
260	288.6666666666667	7.0
270	556.3333333333334	1.0
280	614.3333333333334	6.0
290	965.6666666666666	0.0
300	377.6666666666667	5.0
310	1354.1666666666667	0.0
320	1306.6666666666667	1.0
330	2511.3333333333335	1.0
340	2021.3333333333333	0.0
350	1294.5	0.0
360	2499.0	0.0
370	1909.5	0.0
380	2044.6666666666667	2.0
390	1878.6666666666667	1.0
400	2384.6666666666665	1.0
410	2431.0	1.0
420	2308.3333333333335	1.0
430	2279.1666666666665	3.0
440	2367.0	1.0
450	2777.1666666666665	1.0
460	2554.3333333333335	4.0
470	2301.8333333333335	0.0
480	2655.5	4.0
490	2397.0	1.0
500	2516.0	0.0
510	2465.8333333333335	1.0
520	2402.3333333333335	1.0
530	2440.1666666666665	0.0
540	2336.3333333333335	0.0
550	1600.3333333333333	4.0
560	1862.5	4.0
570	1826.3333333333333	2.0
580	1918.3333333333333	0.0
590	1903.5	3.0
600	1825.6666666666667	0.0
610	1848.6666666666667	1.0
620	1838.6666666666667	3.0
630	1689.6666666666667	0.0
640	2125.1666666666665	7.0
650	2401.6666666666665	1.0
660	2291.6666666666665	3.0
670	2411.6666666666665	3.0
680	2499.0	3.0
690	1964.6666666666667	2.0
700	1757.0	3.0
710	1833.0	2.0
720	1633.5	4.0
730	2353.8333333333335	2.0
740	2203.0	0.0
750	1751.3333333333333	2.0
760	1885.3333333333333	2.0
770	1994.5	6.0
780	2387.5	1.0
790	2265.5	1.0
800	1848.0	0.0
810	1893.1666666666667	7.0
820	1716.0	1.0
830	2082.8333333333335	1.0
840	2261.8333333333335	2.0
850	1843.3333333333333	1.0
860	1889.3333333333333	1.0
870	1934.3333333333333	5.0
880	2091.8333333333335	6.0
890	1870.6666666666667	8.0
900	1897.6666666666667	2.0
910	1781.6666666666667	1.0
920	1856.3333333333333	3.0
930	2379.8333333333335	2.0
940	1565.0	2.0
950	2307.3333333333335	1.0
960	2504.3333333333335	3.0
970	2174.0	1.0
980	2162.6666666666665	0.0
990	2466.6666666666665	1.0
1000	2338.8333333333335	0.0
