0	243.66666666666666	0.0
10	81.66666666666667	1000.0
20	70.0	0.0
30	70.0	0.0
40	71.0	0.0
50	207.0	0.0
60	1135.3333333333333	0.0
70	930.6666666666666	0.0
80	1654.6666666666667	0.0
90	998.6666666666666	0.0
100	1971.1666666666667	0.0
110	2194.0	0.0
120	2222.6666666666665	0.0
130	2055.8333333333335	0.0
140	2106.6666666666665	0.0
150	2208.0	0.0
160	2390.6666666666665	0.0
170	2172.6666666666665	0.0
180	2385.0	0.0
190	2474.8333333333335	0.0
200	2376.1666666666665	0.0
210	2371.0	0.0
220	2417.3333333333335	0.0
230	2326.1666666666665	0.0
240	2615.6666666666665	0.0
250	2440.0	0.0
260	2356.5	0.0
270	2445.6666666666665	0.0
280	2513.6666666666665	0.0
290	2337.5	0.0
300	2244.6666666666665	0.0
310	2528.0	0.0
320	2560.3333333333335	0.0
330	2516.5	0.0
340	1868.3333333333333	0.0
350	1950.1666666666667	0.0
360	1650.8333333333333	0.0
370	1171.0	0.0
380	1600.6666666666667	0.0
390	944.8333333333334	0.0
400	2023.5	0.0
410	2330.5	0.0
420	1886.3333333333333	0.0
430	1730.3333333333333	0.0
440	1810.0	0.0
450	2076.0	0.0
460	1665.3333333333333	0.0
470	2070.3333333333335	0.0
480	2143.1666666666665	0.0
490	2014.0	0.0
500	1859.5	0.0
510	1838.1666666666667	0.0
520	2012.0	0.0
530	2416.3333333333335	0.0
540	1675.3333333333333	0.0
550	2238.0	0.0
560	2240.1666666666665	0.0
570	2159.5	0.0
580	2023.0	0.0
590	1692.1666666666667	0.0
600	2425.6666666666665	0.0
610	2370.3333333333335	0.0
620	2377.1666666666665	0.0
630	2174.0	0.0
640	2455.3333333333335	0.0
650	2463.8333333333335	0.0
660	1984.0	0.0
670	2159.3333333333335	0.0
680	2432.8333333333335	0.0
690	2650.0	0.0
700	2392.5	0.0
710	2280.6666666666665	0.0
720	2325.3333333333335	0.0
730	2677.0	0.0
740	2435.0	0.0
750	2318.3333333333335	0.0
760	2400.3333333333335	0.0
770	2584.1666666666665	0.0
780	2504.6666666666665	0.0
790	2583.1666666666665	0.0
800	2512.1666666666665	0.0
810	2357.6666666666665	0.0
820	2503.6666666666665	0.0
830	2537.3333333333335	0.0
840	2553.3333333333335	0.0
850	2479.5	0.0
860	2369.6666666666665	0.0
870	2191.3333333333335	0.0
880	2390.6666666666665	0.0
890	1717.6666666666667	0.0
900	1693.6666666666667	0.0
910	2388.3333333333335	0.0
920	1624.3333333333333	0.0
930	1737.0	0.0
940	1681.6666666666667	0.0
950	1886.0	0.0
960	1673.1666666666667	0.0
970	1856.6666666666667	0.0
980	2087.6666666666665	0.0
990	2348.0	0.0
1000	2382.5	0.0
