0	261.6666666666667	0.0
10	71.33333333333333	1000.0
20	70.0	0.0
30	70.0	0.0
40	116.66666666666667	0.0
50	364.6666666666667	0.0
60	304.0	0.0
70	2173.6666666666665	0.0
80	1541.6666666666667	0.0
90	1630.6666666666667	0.0
100	1812.6666666666667	0.0
110	2037.0	0.0
120	2235.0	0.0
130	2285.5	0.0
140	2535.6666666666665	0.0
150	2239.8333333333335	0.0
160	2051.3333333333335	0.0
170	2177.0	0.0
180	2243.3333333333335	0.0
190	2432.8333333333335	0.0
200	2314.1666666666665	0.0
210	2293.0	0.0
220	2151.3333333333335	0.0
230	2354.3333333333335	0.0
240	2320.0	0.0
250	2280.0	0.0
260	2561.3333333333335	0.0
270	2271.6666666666665	0.0
280	2464.8333333333335	0.0
290	2336.3333333333335	0.0
300	2426.5	0.0
310	2424.3333333333335	0.0
320	2508.1666666666665	0.0
330	1716.0	0.0
340	1824.3333333333333	0.0
350	2159.0	0.0
360	1845.0	0.0
370	1880.6666666666667	0.0
380	1892.0	0.0
390	2201.3333333333335	0.0
400	1853.0	0.0
410	1270.3333333333333	0.0
420	2410.3333333333335	0.0
430	2152.8333333333335	0.0
440	1587.6666666666667	0.0
450	1813.6666666666667	0.0
460	1326.0	0.0
470	1531.5	0.0
480	1874.8333333333333	0.0
490	1355.6666666666667	0.0
500	1528.6666666666667	0.0
510	1366.8333333333333	0.0
520	1433.3333333333333	0.0
530	1021.0	0.0
540	1160.3333333333333	0.0
550	1543.6666666666667	0.0
560	1489.3333333333333	0.0
570	1692.0	0.0
580	1926.0	0.0
590	1846.6666666666667	0.0
600	1896.0	0.0
610	2297.0	0.0
620	2427.0	0.0
630	2139.3333333333335	0.0
640	2132.0	0.0
650	2583.0	0.0
660	2433.8333333333335	0.0
670	2613.6666666666665	0.0
680	1720.0	0.0
690	2263.1666666666665	0.0
700	2525.6666666666665	0.0
710	2332.3333333333335	0.0
720	2333.5	0.0
730	2341.0	0.0
740	2447.8333333333335	0.0
750	2482.0	0.0
760	1878.0	0.0
770	1940.8333333333333	0.0
780	2472.3333333333335	0.0
790	1996.0	0.0
800	2495.6666666666665	0.0
810	1576.6666666666667	0.0
820	1912.6666666666667	0.0
830	2106.3333333333335	0.0
840	2296.0	0.0
850	2461.8333333333335	0.0
860	2450.6666666666665	0.0
870	2086.0	0.0
880	2267.6666666666665	0.0
890	1906.6666666666667	0.0
900	1987.1666666666667	0.0
910	2143.5	0.0
920	2269.3333333333335	0.0
930	2283.3333333333335	0.0
940	2399.3333333333335	0.0
950	2367.6666666666665	0.0
960	2414.0	0.0
970	2567.8333333333335	0.0
980	2782.8333333333335	0.0
990	2517.0	0.0
1000	2308.6666666666665	0.0
