0	289.0	0.0	0.0
10	2085.5	481.0	9024.0
20	1937.3333333333333	498.0	13221.0
30	2112.3333333333335	21.0	9142.0
40	2303.6666666666665	0.0	6020.0
50	2248.8333333333335	0.0	7602.0
60	2567.1666666666665	0.0	8883.0
70	2525.6666666666665	0.0	8069.0
80	2588.0	0.0	7772.0
90	2123.6666666666665	0.0	10113.0
100	2552.6666666666665	0.0	7955.0
110	2438.6666666666665	0.0	5762.0
120	2342.8333333333335	0.0	8370.0
130	2776.5	0.0	9138.0
140	2270.5	0.0	6359.0
150	2660.1666666666665	0.0	8118.0
160	2864.1666666666665	0.0	11863.0
170	2584.8333333333335	0.0	9544.0
180	2430.5	0.0	7126.0
190	2668.6666666666665	0.0	9330.0
200	2915.3333333333335	0.0	6155.0
210	2708.5	0.0	8307.0
220	2708.5	0.0	8345.0
230	2584.5	0.0	10849.0
240	3256.1666666666665	0.0	7287.0
250	2952.1666666666665	0.0	11494.0
260	2789.6666666666665	0.0	7232.0
270	3016.5	0.0	9227.0
280	3042.5	0.0	9924.0
290	2953.8333333333335	0.0	10856.0
300	3103.0	0.0	9226.0
310	3124.8333333333335	0.0	10822.0
320	3165.3333333333335	0.0	8185.0
330	3331.8333333333335	0.0	10017.0
340	3155.8333333333335	0.0	10750.0
350	3237.5	0.0	11282.0
360	3324.1666666666665	0.0	9113.0
370	3464.8333333333335	0.0	11228.0
380	3170.5	0.0	13459.0
390	3985.8333333333335	0.0	10931.0
400	3542.5	0.0	8909.0
410	3190.1666666666665	0.0	9141.0
420	3462.5	0.0	11172.0
430	3307.1666666666665	0.0	11182.0
440	3149.0	0.0	9626.0
450	3193.1666666666665	0.0	12360.0
460	3219.6666666666665	0.0	9386.0
470	2958.0	0.0	12697.0
480	3696.3333333333335	0.0	15242.0
490	3669.0	0.0	12000.0
500	3918.6666666666665	0.0	12403.0
510	3779.0	0.0	10912.0
520	4119.666666666667	0.0	10418.0
530	3930.1666666666665	0.0	10192.0
540	3352.6666666666665	0.0	7919.0
550	3575.3333333333335	0.0	9761.0
560	3458.3333333333335	0.0	11291.0
570	3486.5	0.0	13239.0
580	3751.6666666666665	0.0	11236.0
590	3745.5	0.0	11378.0
600	3997.6666666666665	0.0	8368.0
610	3774.5	0.0	10419.0
620	3685.0	0.0	12149.0
630	3869.5	0.0	9715.0
640	3640.0	0.0	9501.0
650	3587.5	0.0	11516.0
660	3754.1666666666665	0.0	10822.0
670	3201.0	0.0	9707.0
680	3487.5	0.0	12059.0
690	3795.5	0.0	9387.0
700	3852.0	0.0	11574.0
710	3846.3333333333335	0.0	10054.0
720	3434.3333333333335	0.0	9390.0
730	4064.5	0.0	10836.0
740	3787.3333333333335	0.0	8899.0
750	3753.5	0.0	12759.0
760	3538.6666666666665	0.0	11668.0
770	3810.6666666666665	0.0	7750.0
780	3675.1666666666665	0.0	11266.0
790	3771.8333333333335	0.0	10831.0
800	3705.5	0.0	10113.0
810	3796.1666666666665	0.0	9828.0
820	3878.6666666666665	0.0	11823.0
830	3985.0	0.0	11127.0
840	3750.6666666666665	0.0	13422.0
850	4004.6666666666665	0.0	10065.0
860	3663.8333333333335	0.0	10793.0
870	3490.0	0.0	8443.0
880	3895.8333333333335	0.0	13986.0
890	3814.3333333333335	0.0	9675.0
900	3594.8333333333335	0.0	10179.0
910	3639.6666666666665	0.0	11089.0
920	4137.5	0.0	9331.0
930	4143.666666666667	0.0	9844.0
940	3866.1666666666665	0.0	8939.0
950	3499.0	0.0	9457.0
960	3529.6666666666665	0.0	11388.0
970	3779.1666666666665	0.0	10619.0
980	4169.5	0.0	9103.0
990	4026.6666666666665	0.0	11711.0
1000	3725.1666666666665	0.0	11181.0
