0	268.0	0.0	0.0
10	1850.6666666666667	393.0	9584.0
20	1974.0	417.0	11663.0
30	2226.0	190.0	10230.0
40	1804.5	0.0	12983.0
50	2476.1666666666665	0.0	7119.0
60	2139.1666666666665	0.0	10236.0
70	2390.8333333333335	0.0	9630.0
80	2778.3333333333335	0.0	7532.0
90	2528.1666666666665	0.0	7847.0
100	2346.8333333333335	0.0	11678.0
110	2895.0	0.0	7448.0
120	2492.5	0.0	7272.0
130	2238.1666666666665	0.0	6053.0
140	2611.0	0.0	8209.0
150	2272.1666666666665	0.0	9223.0
160	2442.3333333333335	0.0	9222.0
170	2865.5	0.0	6562.0
180	2606.5	0.0	13348.0
190	2518.6666666666665	0.0	7058.0
200	2407.0	0.0	9388.0
210	2778.6666666666665	0.0	11537.0
220	2745.1666666666665	0.0	6279.0
230	2913.3333333333335	0.0	9904.0
240	2698.0	0.0	8174.0
250	3049.0	0.0	7821.0
260	3210.8333333333335	0.0	12551.0
270	2606.3333333333335	0.0	9790.0
280	2882.3333333333335	0.0	12261.0
290	3427.8333333333335	0.0	11048.0
300	3361.6666666666665	0.0	11290.0
310	3185.3333333333335	0.0	8828.0
320	2997.6666666666665	0.0	10101.0
330	3127.5	0.0	9245.0
340	3586.5	0.0	8435.0
350	3387.6666666666665	0.0	6566.0
360	3623.1666666666665	0.0	9075.0
370	3767.6666666666665	0.0	6643.0
380	3400.8333333333335	0.0	10964.0
390	3547.3333333333335	0.0	13692.0
400	3236.0	0.0	12340.0
410	2766.6666666666665	0.0	6549.0
420	3350.1666666666665	0.0	10523.0
430	3234.6666666666665	0.0	13036.0
440	4105.833333333333	0.0	9730.0
450	3050.1666666666665	0.0	12009.0
460	3576.5	0.0	10622.0
470	3313.5	0.0	11304.0
480	3682.1666666666665	0.0	12598.0
490	4092.5	0.0	8548.0
500	3933.3333333333335	0.0	9824.0
510	3597.6666666666665	0.0	9652.0
520	3744.1666666666665	0.0	13681.0
530	3588.8333333333335	0.0	10723.0
540	3503.0	0.0	11268.0
550	3834.3333333333335	0.0	6899.0
560	3456.5	0.0	7234.0
570	3640.0	0.0	9159.0
580	3716.3333333333335	0.0	7933.0
590	3870.6666666666665	0.0	12084.0
600	3664.3333333333335	0.0	11477.0
610	3479.1666666666665	0.0	11971.0
620	3613.1666666666665	0.0	10999.0
630	3709.5	0.0	12450.0
640	3805.6666666666665	0.0	11465.0
650	3625.1666666666665	0.0	7925.0
660	3555.0	0.0	7466.0
670	3918.5	0.0	11891.0
680	3745.3333333333335	0.0	10127.0
690	3842.5	0.0	7594.0
700	3413.3333333333335	0.0	9235.0
710	3355.5	0.0	9282.0
720	3945.5	0.0	11242.0
730	3854.1666666666665	0.0	13053.0
740	3795.1666666666665	0.0	9951.0
750	3693.1666666666665	0.0	9458.0
760	3918.8333333333335	0.0	8924.0
770	3739.6666666666665	0.0	10609.0
780	3733.0	0.0	7213.0
790	3861.0	0.0	8237.0
800	3896.6666666666665	0.0	9043.0
810	3786.0	0.0	11586.0
820	3489.6666666666665	0.0	11774.0
830	3822.6666666666665	0.0	13020.0
840	3887.8333333333335	0.0	10318.0
850	3975.1666666666665	0.0	11906.0
860	3373.6666666666665	0.0	9469.0
870	3989.6666666666665	0.0	10838.0
880	3647.3333333333335	0.0	10621.0
890	3756.5	0.0	12361.0
900	3806.5	0.0	6893.0
910	3378.0	0.0	10700.0
920	3814.0	0.0	8807.0
930	3516.5	0.0	9128.0
940	3966.1666666666665	0.0	11713.0
950	3686.6666666666665	0.0	10665.0
960	3688.3333333333335	0.0	10986.0
970	3545.8333333333335	0.0	7822.0
980	3745.6666666666665	0.0	12596.0
990	3487.3333333333335	0.0	9054.0
1000	3610.8333333333335	0.0	10827.0
