0	280.3333333333333	0.0
10	103.0	1000.0
20	101.0	0.0
30	142.66666666666666	0.0
40	227.66666666666666	0.0
50	196.0	0.0
60	355.6666666666667	0.0
70	2144.6666666666665	0.0
80	1943.3333333333333	0.0
90	2194.6666666666665	0.0
100	2287.3333333333335	0.0
110	2345.8333333333335	0.0
120	2349.6666666666665	0.0
130	2281.6666666666665	0.0
140	2406.3333333333335	0.0
150	2113.0	0.0
160	2279.1666666666665	0.0
170	2299.8333333333335	0.0
180	2308.3333333333335	0.0
190	2515.8333333333335	0.0
200	2251.6666666666665	0.0
210	2428.1666666666665	0.0
220	2299.0	0.0
230	2137.0	0.0
240	2344.6666666666665	0.0
250	2233.1666666666665	0.0
260	2301.0	0.0
270	2420.0	0.0
280	2266.0	0.0
290	2272.0	0.0
300	2361.6666666666665	0.0
310	2338.6666666666665	0.0
320	2518.6666666666665	0.0
330	2431.3333333333335	0.0
340	1301.8333333333333	0.0
350	1841.0	0.0
360	1891.0	0.0
370	1752.3333333333333	0.0
380	1899.1666666666667	0.0
390	2214.0	0.0
400	2521.6666666666665	0.0
410	1580.0	0.0
420	2115.3333333333335	0.0
430	1875.6666666666667	0.0
440	2495.0	0.0
450	1729.8333333333333	0.0
460	2077.8333333333335	0.0
470	2053.0	0.0
480	2006.3333333333333	0.0
490	2010.3333333333333	0.0
500	1863.6666666666667	0.0
510	1872.0	0.0
520	1826.0	0.0
530	1319.0	0.0
540	2042.5	0.0
550	1572.6666666666667	0.0
560	1625.0	0.0
570	1518.3333333333333	0.0
580	1757.0	0.0
590	2390.0	0.0
600	2404.6666666666665	0.0
610	2202.1666666666665	0.0
620	2474.8333333333335	0.0
630	2274.0	0.0
640	2481.6666666666665	0.0
650	2181.6666666666665	0.0
660	2273.3333333333335	0.0
670	2436.6666666666665	0.0
680	2359.0	0.0
690	1711.6666666666667	0.0
700	2423.0	0.0
710	2502.3333333333335	0.0
720	2292.6666666666665	0.0
730	2446.3333333333335	0.0
740	2662.6666666666665	0.0
750	2456.8333333333335	0.0
760	1682.3333333333333	0.0
770	2614.3333333333335	0.0
780	2665.6666666666665	0.0
790	2401.3333333333335	0.0
800	2630.6666666666665	0.0
810	2535.8333333333335	0.0
820	2424.0	0.0
830	2360.3333333333335	0.0
840	2373.1666666666665	0.0
850	2351.6666666666665	0.0
860	2407.1666666666665	0.0
870	2535.1666666666665	0.0
880	2737.3333333333335	0.0
890	2488.5	0.0
900	2188.6666666666665	0.0
910	2534.5	0.0
920	2450.0	0.0
930	2611.0	0.0
940	2209.5	0.0
950	2652.1666666666665	0.0
960	2334.0	0.0
970	2427.1666666666665	0.0
980	2081.6666666666665	0.0
990	1729.5	0.0
1000	1741.5	0.0
