0	293.3333333333333	0.0
10	1515.6666666666667	1000.0
20	1446.3333333333333	0.0
30	510.0	0.0
40	2050.3333333333335	0.0
50	2021.6666666666667	0.0
60	2271.5	0.0
70	2101.6666666666665	0.0
80	2331.3333333333335	0.0
90	2314.0	0.0
100	2368.3333333333335	0.0
110	2225.6666666666665	0.0
120	1923.6666666666667	0.0
130	1966.6666666666667	0.0
140	2340.6666666666665	0.0
150	2211.3333333333335	0.0
160	2362.3333333333335	0.0
170	2025.6666666666667	0.0
180	2161.8333333333335	0.0
190	1749.1666666666667	0.0
200	2256.5	0.0
210	2375.0	0.0
220	1646.3333333333333	0.0
230	1926.0	0.0
240	1894.0	0.0
250	1492.0	0.0
260	1760.6666666666667	0.0
270	1858.6666666666667	0.0
280	1953.0	0.0
290	2010.8333333333333	0.0
300	1979.0	0.0
310	2103.5	0.0
320	1860.0	0.0
330	1842.3333333333333	0.0
340	1893.0	0.0
350	1974.5	0.0
360	2172.6666666666665	0.0
370	1258.6666666666667	0.0
380	1817.6666666666667	0.0
390	1898.0	0.0
400	2019.8333333333333	0.0
410	1601.5	0.0
420	1893.6666666666667	0.0
430	1863.6666666666667	0.0
440	2402.6666666666665	0.0
450	2195.0	0.0
460	2226.6666666666665	0.0
470	2300.6666666666665	0.0
480	2167.3333333333335	0.0
490	2193.6666666666665	0.0
500	2312.1666666666665	0.0
510	2599.6666666666665	0.0
520	2383.5	0.0
530	2459.5	0.0
540	2401.3333333333335	0.0
550	2409.5	0.0
560	2566.3333333333335	0.0
570	2577.0	0.0
580	2695.0	0.0
590	1776.6666666666667	0.0
600	2028.0	0.0
610	1938.6666666666667	0.0
620	2339.0	0.0
630	2183.6666666666665	0.0
640	2639.6666666666665	0.0
650	2270.0	0.0
660	1935.3333333333333	0.0
670	1887.0	0.0
680	2084.6666666666665	0.0
690	2325.3333333333335	0.0
700	2366.5	0.0
710	1882.3333333333333	0.0
720	2727.1666666666665	0.0
730	2553.3333333333335	0.0
740	2453.1666666666665	0.0
750	2302.8333333333335	0.0
760	2401.6666666666665	0.0
770	2337.6666666666665	0.0
780	2209.3333333333335	0.0
790	1925.8333333333333	0.0
800	2392.5	0.0
810	2038.6666666666667	0.0
820	2499.5	0.0
830	2246.6666666666665	0.0
840	2375.5	0.0
850	2471.6666666666665	0.0
860	2693.5	0.0
870	2635.5	0.0
880	2506.0	0.0
890	2389.3333333333335	0.0
900	2348.0	0.0
910	2090.6666666666665	0.0
920	2508.0	0.0
930	1810.5	0.0
940	2667.8333333333335	0.0
950	2564.3333333333335	0.0
960	2660.0	0.0
970	2475.0	0.0
980	2465.3333333333335	0.0
990	1860.5	0.0
1000	1936.6666666666667	0.0
