0	263.6666666666667	0.0
10	100.66666666666667	1000.0
20	101.0	0.0
30	78.0	0.0
40	70.0	0.0
50	624.6666666666666	0.0
60	2034.6666666666667	0.0
70	158.0	0.0
80	353.3333333333333	0.0
90	497.3333333333333	0.0
100	2176.6666666666665	0.0
110	2081.3333333333335	0.0
120	1979.3333333333333	0.0
130	1918.0	0.0
140	1922.3333333333333	0.0
150	2340.6666666666665	0.0
160	2212.6666666666665	0.0
170	2487.8333333333335	0.0
180	2367.0	0.0
190	2532.5	0.0
200	2365.5	0.0
210	2244.3333333333335	0.0
220	2322.6666666666665	0.0
230	2443.8333333333335	0.0
240	2339.6666666666665	0.0
250	2520.0	0.0
260	2245.6666666666665	0.0
270	2286.0	0.0
280	2523.3333333333335	0.0
290	2367.6666666666665	0.0
300	2370.5	0.0
310	1650.0	0.0
320	2752.3333333333335	0.0
330	2551.8333333333335	0.0
340	2274.6666666666665	0.0
350	2429.6666666666665	0.0
360	2441.6666666666665	0.0
370	2591.5	0.0
380	2231.3333333333335	0.0
390	2303.8333333333335	0.0
400	2467.6666666666665	0.0
410	2515.0	0.0
420	2507.0	0.0
430	2465.1666666666665	0.0
440	2400.6666666666665	0.0
450	2239.0	0.0
460	1861.0	0.0
470	1738.8333333333333	0.0
480	1718.6666666666667	0.0
490	1891.6666666666667	0.0
500	1945.1666666666667	0.0
510	1554.0	0.0
520	2086.5	0.0
530	1982.0	0.0
540	1916.3333333333333	0.0
550	2165.5	0.0
560	2351.3333333333335	0.0
570	1964.1666666666667	0.0
580	2355.1666666666665	0.0
590	2077.0	0.0
600	2231.6666666666665	0.0
610	1986.0	0.0
620	1686.3333333333333	0.0
630	2521.6666666666665	0.0
640	2564.3333333333335	0.0
650	2563.3333333333335	0.0
660	2541.1666666666665	0.0
670	2574.0	0.0
680	2446.1666666666665	0.0
690	2333.0	0.0
700	2404.6666666666665	0.0
710	2501.3333333333335	0.0
720	2606.0	0.0
730	2311.1666666666665	0.0
740	1918.5	0.0
750	1844.0	0.0
760	2379.0	0.0
770	2007.0	0.0
780	1733.1666666666667	0.0
790	2464.8333333333335	0.0
800	1825.5	0.0
810	1665.3333333333333	0.0
820	1906.1666666666667	0.0
830	1832.0	0.0
840	1941.5	0.0
850	2310.8333333333335	0.0
860	2353.0	0.0
870	1903.0	0.0
880	2527.5	0.0
890	2441.0	0.0
900	2659.0	0.0
910	2319.5	0.0
920	2497.8333333333335	0.0
930	2328.6666666666665	0.0
940	2494.0	0.0
950	2731.1666666666665	0.0
960	2453.3333333333335	0.0
970	2429.5	0.0
980	2478.6666666666665	0.0
990	2437.1666666666665	0.0
1000	2381.3333333333335	0.0
