0	246.66666666666666	0.0
10	70.66666666666667	1000.0
20	70.0	0.0
30	70.0	0.0
40	70.0	0.0
50	70.33333333333333	0.0
60	74.0	0.0
70	102.0	0.0
80	461.6666666666667	0.0
90	71.33333333333333	0.0
100	719.3333333333334	0.0
110	1475.6666666666667	0.0
120	1875.0	0.0
130	2143.0	0.0
140	2047.3333333333333	0.0
150	2383.8333333333335	0.0
160	2400.3333333333335	0.0
170	2363.8333333333335	0.0
180	2440.0	0.0
190	2272.1666666666665	0.0
200	2609.8333333333335	0.0
210	2332.3333333333335	0.0
220	2343.0	0.0
230	2390.1666666666665	0.0
240	2368.0	0.0
250	2548.0	0.0
260	1864.0	0.0
270	2361.8333333333335	0.0
280	1967.8333333333333	0.0
290	1440.3333333333333	0.0
300	1916.6666666666667	0.0
310	2051.1666666666665	0.0
320	1554.6666666666667	0.0
330	1908.0	0.0
340	2027.8333333333333	0.0
350	2028.0	0.0
360	1751.5	0.0
370	2195.1666666666665	0.0
380	1840.1666666666667	0.0
390	1466.0	0.0
400	2063.3333333333335	0.0
410	1888.3333333333333	0.0
420	1816.3333333333333	0.0
430	2037.5	0.0
440	1846.1666666666667	0.0
450	2145.0	0.0
460	2474.6666666666665	0.0
470	2386.6666666666665	0.0
480	2422.5	0.0
490	2410.3333333333335	0.0
500	2535.3333333333335	0.0
510	2551.6666666666665	0.0
520	2490.0	0.0
530	2489.3333333333335	0.0
540	2625.6666666666665	0.0
550	2418.6666666666665	0.0
560	2547.5	0.0
570	2387.3333333333335	0.0
580	1795.0	0.0
590	1860.6666666666667	0.0
600	2438.6666666666665	0.0
610	2142.8333333333335	0.0
620	1783.5	0.0
630	1969.8333333333333	0.0
640	1812.5	0.0
650	1916.3333333333333	0.0
660	1635.6666666666667	0.0
670	2376.0	0.0
680	2336.8333333333335	0.0
690	2420.3333333333335	0.0
700	2615.3333333333335	0.0
710	2447.8333333333335	0.0
720	2499.8333333333335	0.0
730	2592.5	0.0
740	2608.1666666666665	0.0
750	1804.6666666666667	0.0
760	2649.6666666666665	0.0
770	1952.8333333333333	0.0
780	2373.3333333333335	0.0
790	2573.5	0.0
800	2455.5	0.0
810	2520.5	0.0
820	2721.6666666666665	0.0
830	2381.3333333333335	0.0
840	2290.1666666666665	0.0
850	2633.8333333333335	0.0
860	2041.1666666666667	0.0
870	1825.5	0.0
880	1849.8333333333333	0.0
890	2098.3333333333335	0.0
900	2165.0	0.0
910	2222.6666666666665	0.0
920	2364.1666666666665	0.0
930	2456.8333333333335	0.0
940	2346.1666666666665	0.0
950	2214.3333333333335	0.0
960	1786.0	0.0
970	2323.6666666666665	0.0
980	2003.3333333333333	0.0
990	1809.3333333333333	0.0
1000	1801.6666666666667	0.0
