0	277.3333333333333	0.0
10	70.0	1000.0
20	70.0	0.0
30	70.0	0.0
40	70.0	0.0
50	70.66666666666667	0.0
60	88.0	0.0
70	168.0	0.0
80	749.3333333333334	0.0
90	540.0	0.0
100	841.3333333333334	0.0
110	1240.3333333333333	0.0
120	1970.0	0.0
130	2015.3333333333333	0.0
140	2297.3333333333335	0.0
150	2295.6666666666665	0.0
160	2454.0	0.0
170	2262.3333333333335	0.0
180	2289.0	0.0
190	2616.1666666666665	0.0
200	2235.0	0.0
210	2000.6666666666667	0.0
220	2332.6666666666665	0.0
230	2180.0	0.0
240	2448.8333333333335	0.0
250	2253.0	0.0
260	2057.0	0.0
270	2022.3333333333333	0.0
280	2280.0	0.0
290	2414.6666666666665	0.0
300	2524.6666666666665	0.0
310	2156.6666666666665	0.0
320	1455.6666666666667	0.0
330	1494.6666666666667	0.0
340	2403.6666666666665	0.0
350	1283.6666666666667	0.0
360	2087.0	0.0
370	1914.5	0.0
380	1938.0	0.0
390	2110.0	0.0
400	2059.3333333333335	0.0
410	1938.6666666666667	0.0
420	1927.3333333333333	0.0
430	1843.0	0.0
440	2326.6666666666665	0.0
450	1956.6666666666667	0.0
460	2028.3333333333333	0.0
470	1992.0	0.0
480	1847.0	0.0
490	2190.8333333333335	0.0
500	1725.6666666666667	0.0
510	1528.8333333333333	0.0
520	2170.6666666666665	0.0
530	2403.3333333333335	0.0
540	2294.0	0.0
550	2501.8333333333335	0.0
560	2091.3333333333335	0.0
570	2398.3333333333335	0.0
580	2566.0	0.0
590	2543.3333333333335	0.0
600	2365.1666666666665	0.0
610	2250.6666666666665	0.0
620	2392.0	0.0
630	2301.6666666666665	0.0
640	2109.1666666666665	0.0
650	1840.6666666666667	0.0
660	1928.3333333333333	0.0
670	2525.5	0.0
680	2400.0	0.0
690	2416.3333333333335	0.0
700	2466.1666666666665	0.0
710	2345.1666666666665	0.0
720	2520.5	0.0
730	2485.0	0.0
740	2485.3333333333335	0.0
750	2304.3333333333335	0.0
760	2375.1666666666665	0.0
770	2260.0	0.0
780	2407.3333333333335	0.0
790	2350.3333333333335	0.0
800	2244.3333333333335	0.0
810	2428.8333333333335	0.0
820	2259.6666666666665	0.0
830	2420.0	0.0
840	2419.5	0.0
850	2470.3333333333335	0.0
860	2280.8333333333335	0.0
870	2467.3333333333335	0.0
880	2435.6666666666665	0.0
890	2232.0	0.0
900	1957.1666666666667	0.0
910	1933.3333333333333	0.0
920	2042.1666666666667	0.0
930	1912.8333333333333	0.0
940	2546.3333333333335	0.0
950	1740.3333333333333	0.0
960	1616.0	0.0
970	1935.6666666666667	0.0
980	2648.1666666666665	0.0
990	2045.6666666666667	0.0
1000	1931.1666666666667	0.0
