0	242.0	0.0
10	70.0	1000.0
20	70.0	0.0
30	70.0	0.0
40	70.66666666666667	0.0
50	85.33333333333333	0.0
60	79.66666666666667	0.0
70	72.0	0.0
80	676.0	0.0
90	94.0	0.0
100	1007.6666666666666	0.0
110	1724.6666666666667	0.0
120	1884.0	0.0
130	1428.0	0.0
140	2087.8333333333335	0.0
150	2193.8333333333335	0.0
160	2387.0	0.0
170	2274.6666666666665	0.0
180	2274.6666666666665	0.0
190	2137.0	0.0
200	2306.6666666666665	0.0
210	1937.1666666666667	0.0
220	2238.5	0.0
230	2501.3333333333335	0.0
240	2503.0	0.0
250	2409.6666666666665	0.0
260	2692.3333333333335	0.0
270	2325.3333333333335	0.0
280	2663.0	0.0
290	2296.0	0.0
300	2471.6666666666665	0.0
310	2147.0	0.0
320	2441.3333333333335	0.0
330	2368.5	0.0
340	2432.3333333333335	0.0
350	2491.6666666666665	0.0
360	2460.0	0.0
370	2460.6666666666665	0.0
380	2458.6666666666665	0.0
390	2422.0	0.0
400	2282.6666666666665	0.0
410	2366.0	0.0
420	1649.5	0.0
430	2016.1666666666667	0.0
440	1986.3333333333333	0.0
450	2139.8333333333335	0.0
460	2360.3333333333335	0.0
470	2032.5	0.0
480	1940.5	0.0
490	2070.0	0.0
500	1894.0	0.0
510	1809.6666666666667	0.0
520	2212.0	0.0
530	1813.0	0.0
540	1876.1666666666667	0.0
550	1951.8333333333333	0.0
560	1635.1666666666667	0.0
570	2291.5	0.0
580	1968.0	0.0
590	1968.8333333333333	0.0
600	1763.3333333333333	0.0
610	1993.5	0.0
620	1829.6666666666667	0.0
630	1978.0	0.0
640	2504.3333333333335	0.0
650	1630.0	0.0
660	2534.8333333333335	0.0
670	1784.6666666666667	0.0
680	2318.6666666666665	0.0
690	2409.8333333333335	0.0
700	2442.5	0.0
710	2629.6666666666665	0.0
720	2140.0	0.0
730	2419.3333333333335	0.0
740	1793.0	0.0
750	1979.8333333333333	0.0
760	2095.1666666666665	0.0
770	1954.3333333333333	0.0
780	1984.6666666666667	0.0
790	1696.0	0.0
800	1855.1666666666667	0.0
810	1857.3333333333333	0.0
820	1831.6666666666667	0.0
830	2175.3333333333335	0.0
840	2392.6666666666665	0.0
850	2475.8333333333335	0.0
860	2435.0	0.0
870	2358.6666666666665	0.0
880	2403.0	0.0
890	2430.3333333333335	0.0
900	2352.0	0.0
910	2665.0	0.0
920	2484.3333333333335	0.0
930	1837.1666666666667	0.0
940	1718.3333333333333	0.0
950	2157.0	0.0
960	1554.6666666666667	0.0
970	1897.1666666666667	0.0
980	2182.1666666666665	0.0
990	2448.6666666666665	0.0
1000	2479.0	0.0
