0	264.3333333333333	0.0	0.0
10	1983.1666666666667	14.0	7244.0
20	1875.8333333333333	24.0	10292.0
30	2170.5	46.0	10409.0
40	2276.5	37.0	9539.0
50	2207.6666666666665	31.0	9110.0
60	2276.6666666666665	18.0	9547.0
70	2240.6666666666665	39.0	9356.0
80	2450.3333333333335	18.0	5674.0
90	2351.1666666666665	24.0	8506.0
100	2359.5	42.0	7049.0
110	2486.6666666666665	34.0	8870.0
120	2525.1666666666665	38.0	8794.0
130	2426.5	14.0	9775.0
140	2395.8333333333335	16.0	8781.0
150	2418.5	29.0	9517.0
160	2406.8333333333335	44.0	8524.0
170	2057.6666666666665	19.0	9776.0
180	2586.3333333333335	13.0	12195.0
190	2385.5	20.0	11164.0
200	2573.1666666666665	28.0	10520.0
210	2287.0	10.0	10021.0
220	2646.3333333333335	25.0	10156.0
230	2406.6666666666665	6.0	6791.0
240	2324.3333333333335	40.0	10969.0
250	2417.3333333333335	7.0	9158.0
260	2332.8333333333335	16.0	11537.0
270	2541.0	5.0	6900.0
280	2473.1666666666665	15.0	9919.0
290	2875.1666666666665	10.0	9862.0
300	2935.1666666666665	16.0	10087.0
310	2532.1666666666665	8.0	7009.0
320	3436.8333333333335	13.0	12914.0
330	3424.8333333333335	19.0	12279.0
340	3434.1666666666665	6.0	9795.0
350	3576.6666666666665	10.0	10231.0
360	3492.8333333333335	9.0	9070.0
370	2861.5	3.0	9536.0
380	3081.6666666666665	4.0	10662.0
390	3342.5	11.0	11682.0
400	3491.5	10.0	10202.0
410	3368.0	18.0	11940.0
420	3470.5	10.0	8984.0
430	3530.3333333333335	6.0	9335.0
440	3477.8333333333335	4.0	10887.0
450	3276.6666666666665	9.0	10722.0
460	3346.1666666666665	5.0	10514.0
470	3665.6666666666665	8.0	12831.0
480	3810.3333333333335	4.0	10670.0
490	3619.3333333333335	12.0	8604.0
500	3890.8333333333335	8.0	11456.0
510	3471.3333333333335	12.0	9935.0
520	3434.0	16.0	11582.0
530	3999.6666666666665	13.0	11860.0
540	3927.6666666666665	11.0	9198.0
550	3659.0	18.0	12145.0
560	3571.1666666666665	9.0	10862.0
570	3614.3333333333335	9.0	11302.0
580	3590.1666666666665	4.0	9567.0
590	3451.5	10.0	12417.0
600	3697.8333333333335	7.0	10941.0
610	3775.0	13.0	11789.0
620	3354.3333333333335	3.0	8811.0
630	3066.3333333333335	0.0	10969.0
640	3302.0	0.0	8278.0
650	3445.5	0.0	11025.0
660	4106.5	0.0	12689.0
670	3429.6666666666665	0.0	10633.0
680	4024.6666666666665	0.0	14077.0
690	3637.3333333333335	0.0	10566.0
700	3914.5	0.0	11792.0
710	3802.0	0.0	12713.0
720	3747.1666666666665	0.0	9848.0
730	3494.6666666666665	0.0	10218.0
740	4224.333333333333	0.0	7729.0
750	3279.6666666666665	0.0	9602.0
760	4039.8333333333335	0.0	11007.0
770	3739.8333333333335	0.0	9341.0
780	3567.5	0.0	8446.0
790	3949.6666666666665	0.0	11489.0
800	4034.3333333333335	0.0	11148.0
810	3611.5	0.0	8284.0
820	3477.5	0.0	8349.0
830	3843.1666666666665	0.0	8764.0
840	3676.6666666666665	0.0	13154.0
850	3830.0	0.0	13159.0
860	3941.8333333333335	0.0	8905.0
870	3761.0	0.0	8848.0
880	4034.5	0.0	11256.0
890	3837.1666666666665	0.0	10987.0
900	3958.1666666666665	0.0	10706.0
910	3911.6666666666665	0.0	10803.0
920	3554.1666666666665	0.0	10314.0
930	3771.3333333333335	0.0	8533.0
940	3995.5	0.0	9149.0
950	3781.8333333333335	0.0	10403.0
960	3483.8333333333335	0.0	11466.0
970	3810.3333333333335	0.0	8177.0
980	3921.1666666666665	0.0	8593.0
990	3674.0	0.0	13486.0
1000	3826.1666666666665	0.0	11583.0
