0	262.0	0.0	0.0
10	2081.0	33.0	7375.0
20	2177.6666666666665	59.0	10142.0
30	2108.5	31.0	9027.0
40	2245.3333333333335	42.0	8793.0
50	2308.0	38.0	8430.0
60	2297.0	23.0	7504.0
70	2218.8333333333335	21.0	9762.0
80	2370.5	25.0	8222.0
90	2505.6666666666665	21.0	7891.0
100	2417.8333333333335	26.0	7607.0
110	2281.6666666666665	10.0	6789.0
120	2530.8333333333335	27.0	10586.0
130	2518.1666666666665	20.0	7927.0
140	2564.8333333333335	9.0	8008.0
150	2736.0	15.0	11253.0
160	2407.5	8.0	6532.0
170	2748.1666666666665	16.0	7820.0
180	2621.6666666666665	25.0	10893.0
190	2841.6666666666665	10.0	5381.0
200	2624.6666666666665	39.0	8792.0
210	2718.6666666666665	20.0	9348.0
220	2755.6666666666665	16.0	9517.0
230	2769.5	11.0	11870.0
240	2860.1666666666665	16.0	9688.0
250	2881.1666666666665	27.0	12234.0
260	2257.8333333333335	8.0	6833.0
270	2820.0	24.0	10353.0
280	2365.8333333333335	15.0	11090.0
290	2436.1666666666665	7.0	10144.0
300	2671.3333333333335	15.0	12480.0
310	2895.5	7.0	8422.0
320	2896.1666666666665	10.0	8521.0
330	2641.0	15.0	9020.0
340	3228.0	1.0	8713.0
350	2935.6666666666665	11.0	8093.0
360	3171.1666666666665	12.0	11467.0
370	3110.8333333333335	5.0	11608.0
380	3143.5	2.0	8108.0
390	3312.3333333333335	2.0	10310.0
400	3080.0	9.0	8120.0
410	3494.8333333333335	13.0	9328.0
420	3512.6666666666665	10.0	9201.0
430	3470.3333333333335	4.0	7401.0
440	3300.3333333333335	9.0	12789.0
450	3340.3333333333335	3.0	8250.0
460	3733.3333333333335	12.0	11458.0
470	3258.8333333333335	7.0	9005.0
480	3707.6666666666665	8.0	8665.0
490	3650.3333333333335	11.0	10026.0
500	3624.1666666666665	9.0	10873.0
510	3550.0	11.0	10414.0
520	3102.8333333333335	11.0	10569.0
530	3480.1666666666665	5.0	11642.0
540	3811.6666666666665	7.0	11068.0
550	3760.1666666666665	3.0	7579.0
560	3320.8333333333335	6.0	11700.0
570	3503.5	7.0	11186.0
580	3445.5	11.0	8181.0
590	3113.0	12.0	12833.0
600	3748.5	12.0	12418.0
610	3336.8333333333335	6.0	12436.0
620	3866.0	10.0	11380.0
630	3195.0	8.0	11769.0
640	3991.0	12.0	12279.0
650	3943.0	9.0	10786.0
660	3342.0	6.0	8548.0
670	3442.1666666666665	13.0	12025.0
680	3859.0	10.0	10021.0
690	3907.6666666666665	14.0	11451.0
700	3653.3333333333335	8.0	7596.0
710	3757.3333333333335	2.0	10510.0
720	3302.1666666666665	0.0	10580.0
730	3904.3333333333335	0.0	9088.0
740	4000.8333333333335	0.0	11581.0
750	3760.0	0.0	13196.0
760	3804.0	0.0	11994.0
770	3710.0	0.0	10758.0
780	3815.8333333333335	0.0	9370.0
790	3802.5	0.0	8798.0
800	3594.6666666666665	0.0	10989.0
810	3898.3333333333335	0.0	9351.0
820	3821.6666666666665	0.0	10280.0
830	3954.8333333333335	0.0	8797.0
840	3840.6666666666665	0.0	11196.0
850	3769.6666666666665	0.0	11921.0
860	3842.0	0.0	13803.0
870	3524.6666666666665	0.0	10132.0
880	3803.5	0.0	9597.0
890	3681.1666666666665	0.0	8871.0
900	4114.833333333333	0.0	11335.0
910	3571.5	0.0	11150.0
920	3735.6666666666665	0.0	11057.0
930	3637.3333333333335	0.0	10288.0
940	4037.3333333333335	0.0	9749.0
950	3907.8333333333335	0.0	12194.0
960	3806.0	0.0	9798.0
970	3577.3333333333335	0.0	12116.0
980	3816.0	0.0	9421.0
990	3804.0	0.0	12364.0
1000	3333.1666666666665	0.0	10589.0
