0	230.0	0.0	0.0
10	2142.3333333333335	18.0	6720.0
20	2107.5	7.0	6267.0
30	1987.6666666666667	15.0	7541.0
40	1925.8333333333333	36.0	9330.0
50	2152.8333333333335	13.0	10137.0
60	2322.5	8.0	5800.0
70	2147.5	15.0	7684.0
80	2038.3333333333333	17.0	9688.0
90	2214.0	36.0	9641.0
100	2550.1666666666665	7.0	12509.0
110	2160.6666666666665	17.0	7658.0
120	2283.0	22.0	8767.0
130	2191.1666666666665	28.0	9468.0
140	2494.3333333333335	25.0	14194.0
150	2688.0	13.0	9373.0
160	2842.8333333333335	24.0	10937.0
170	2380.8333333333335	13.0	7680.0
180	2574.8333333333335	51.0	7675.0
190	2282.1666666666665	18.0	10658.0
200	2605.0	3.0	6915.0
210	2617.6666666666665	1.0	4306.0
220	2400.0	9.0	8695.0
230	2665.6666666666665	12.0	8036.0
240	2698.3333333333335	6.0	8339.0
250	3051.0	10.0	10676.0
260	2399.1666666666665	21.0	10643.0
270	2766.5	12.0	9544.0
280	2499.6666666666665	12.0	10403.0
290	2761.0	4.0	4945.0
300	2624.5	17.0	14125.0
310	3330.5	3.0	6554.0
320	2311.3333333333335	3.0	9111.0
330	2712.0	13.0	11078.0
340	3456.1666666666665	2.0	5939.0
350	2951.1666666666665	12.0	9948.0
360	3348.6666666666665	9.0	9304.0
370	3356.6666666666665	9.0	11270.0
380	3049.3333333333335	8.0	11064.0
390	3218.3333333333335	10.0	8274.0
400	3200.8333333333335	7.0	11264.0
410	2814.3333333333335	9.0	7299.0
420	2725.1666666666665	14.0	12519.0
430	3278.8333333333335	11.0	10455.0
440	3053.0	5.0	10706.0
450	3375.1666666666665	8.0	14004.0
460	3308.3333333333335	7.0	8030.0
470	3580.0	12.0	10474.0
480	3378.0	8.0	7782.0
490	3448.3333333333335	4.0	6363.0
500	3362.1666666666665	6.0	9224.0
510	3323.3333333333335	8.0	13649.0
520	3500.3333333333335	5.0	10809.0
530	3298.3333333333335	10.0	10457.0
540	2966.8333333333335	10.0	8979.0
550	3657.6666666666665	8.0	13495.0
560	3120.8333333333335	4.0	9272.0
570	3789.6666666666665	5.0	11511.0
580	3710.8333333333335	5.0	7927.0
590	3606.0	6.0	9411.0
600	3263.8333333333335	12.0	11193.0
610	3427.8333333333335	3.0	9004.0
620	3762.5	6.0	11120.0
630	3626.8333333333335	11.0	8350.0
640	3836.5	6.0	14312.0
650	4109.166666666667	9.0	10892.0
660	3561.0	7.0	11772.0
670	3546.8333333333335	9.0	9169.0
680	3353.5	10.0	13632.0
690	4161.0	11.0	11318.0
700	3299.3333333333335	7.0	7881.0
710	3453.5	11.0	11092.0
720	3209.6666666666665	10.0	8867.0
730	3349.6666666666665	11.0	10742.0
740	3873.3333333333335	12.0	10055.0
750	3572.3333333333335	7.0	11004.0
760	3634.0	7.0	8851.0
770	3695.6666666666665	9.0	11879.0
780	3680.1666666666665	10.0	8302.0
790	4018.0	8.0	14043.0
800	3823.6666666666665	8.0	12495.0
810	3999.5	5.0	10598.0
820	3724.0	10.0	9054.0
830	3617.5	9.0	8923.0
840	3589.5	11.0	9957.0
850	3611.5	11.0	11005.0
860	4068.3333333333335	6.0	10391.0
870	3481.8333333333335	10.0	9803.0
880	4069.5	5.0	7733.0
890	3580.8333333333335	15.0	12565.0
900	3910.0	7.0	9691.0
910	3547.6666666666665	11.0	10414.0
920	3648.1666666666665	5.0	10356.0
930	3816.8333333333335	0.0	11231.0
940	3918.0	0.0	10623.0
950	4076.5	0.0	11758.0
960	3800.6666666666665	0.0	11797.0
970	3824.1666666666665	0.0	9032.0
980	3290.1666666666665	0.0	10181.0
990	3681.8333333333335	0.0	8941.0
1000	3861.6666666666665	0.0	8048.0
