0	263.3333333333333	0.0
10	2031.0	1000.0
20	2058.3333333333335	0.0
30	1999.3333333333333	0.0
40	2269.3333333333335	0.0
50	2204.1666666666665	0.0
60	2089.1666666666665	0.0
70	2250.0	0.0
80	2373.0	0.0
90	2135.0	0.0
100	2483.6666666666665	0.0
110	2517.6666666666665	0.0
120	2272.0	0.0
130	2494.8333333333335	0.0
140	2727.5	0.0
150	2550.6666666666665	0.0
160	2345.3333333333335	0.0
170	2513.3333333333335	0.0
180	2522.6666666666665	0.0
190	2695.1666666666665	0.0
200	2655.6666666666665	0.0
210	2833.0	0.0
220	2774.3333333333335	0.0
230	2736.0	0.0
240	2347.5	0.0
250	2330.3333333333335	0.0
260	2784.0	0.0
270	2729.8333333333335	0.0
280	2758.0	0.0
290	2816.0	0.0
300	2640.8333333333335	0.0
310	2337.3333333333335	0.0
320	3011.6666666666665	0.0
330	2775.8333333333335	0.0
340	2810.5	0.0
350	2424.6666666666665	0.0
360	2824.5	0.0
370	3060.3333333333335	0.0
380	2899.8333333333335	0.0
390	2959.0	0.0
400	2915.8333333333335	0.0
410	3252.3333333333335	0.0
420	3181.5	0.0
430	3689.0	0.0
440	3634.1666666666665	0.0
450	3007.1666666666665	0.0
460	3119.0	0.0
470	3410.5	0.0
480	3536.8333333333335	0.0
490	3549.8333333333335	0.0
500	3615.3333333333335	0.0
510	3269.5	0.0
520	3401.3333333333335	0.0
530	3750.0	0.0
540	3730.3333333333335	0.0
550	3854.5	0.0
560	3215.8333333333335	0.0
570	3953.8333333333335	0.0
580	3684.3333333333335	0.0
590	3755.8333333333335	0.0
600	3353.8333333333335	0.0
610	3433.6666666666665	0.0
620	4001.5	0.0
630	3264.0	0.0
640	3524.8333333333335	0.0
650	3460.5	0.0
660	3690.0	0.0
670	3941.3333333333335	0.0
680	3874.3333333333335	0.0
690	3581.0	0.0
700	3971.5	0.0
710	3941.8333333333335	0.0
720	3712.8333333333335	0.0
730	3745.3333333333335	0.0
740	3908.6666666666665	0.0
750	3899.5	0.0
760	3381.8333333333335	0.0
770	4000.1666666666665	0.0
780	3549.8333333333335	0.0
790	3743.5	0.0
800	3742.8333333333335	0.0
810	3930.0	0.0
820	3651.3333333333335	0.0
830	3348.1666666666665	0.0
840	3823.8333333333335	0.0
850	3520.3333333333335	0.0
860	3626.8333333333335	0.0
870	3998.6666666666665	0.0
880	3770.3333333333335	0.0
890	3655.8333333333335	0.0
900	3899.5	0.0
910	3633.0	0.0
920	3728.5	0.0
930	3579.8333333333335	0.0
940	3848.3333333333335	0.0
950	3478.5	0.0
960	3547.1666666666665	0.0
970	3861.5	0.0
980	3787.0	0.0
990	3831.6666666666665	0.0
1000	3504.6666666666665	0.0
