0	287.3333333333333	0.0
10	2018.6666666666667	1000.0
20	2170.1666666666665	0.0
30	1980.0	0.0
40	2043.6666666666667	0.0
50	1997.8333333333333	0.0
60	2302.6666666666665	0.0
70	2141.8333333333335	0.0
80	2294.8333333333335	0.0
90	2186.0	0.0
100	2407.5	0.0
110	2250.1666666666665	0.0
120	2359.6666666666665	0.0
130	2447.0	0.0
140	2490.3333333333335	0.0
150	2313.3333333333335	0.0
160	2364.5	0.0
170	2349.0	0.0
180	2620.0	0.0
190	2843.6666666666665	0.0
200	2538.3333333333335	0.0
210	2905.0	0.0
220	1973.3333333333333	0.0
230	2816.8333333333335	0.0
240	2611.3333333333335	0.0
250	2491.0	0.0
260	2191.0	0.0
270	2259.8333333333335	0.0
280	2507.5	0.0
290	2691.6666666666665	0.0
300	2763.8333333333335	0.0
310	2971.8333333333335	0.0
320	2664.8333333333335	0.0
330	2656.6666666666665	0.0
340	2415.8333333333335	0.0
350	2923.5	0.0
360	2897.6666666666665	0.0
370	3008.6666666666665	0.0
380	2769.8333333333335	0.0
390	2934.0	0.0
400	2870.3333333333335	0.0
410	3084.1666666666665	0.0
420	3204.8333333333335	0.0
430	3053.0	0.0
440	3173.5	0.0
450	2887.0	0.0
460	2935.8333333333335	0.0
470	3010.5	0.0
480	3035.8333333333335	0.0
490	2893.6666666666665	0.0
500	3553.6666666666665	0.0
510	3589.3333333333335	0.0
520	3193.1666666666665	0.0
530	3113.8333333333335	0.0
540	2932.5	0.0
550	3437.1666666666665	0.0
560	2922.1666666666665	0.0
570	2986.0	0.0
580	3346.1666666666665	0.0
590	3812.1666666666665	0.0
600	3447.5	0.0
610	3797.8333333333335	0.0
620	3542.5	0.0
630	3527.8333333333335	0.0
640	3531.8333333333335	0.0
650	3669.5	0.0
660	3769.1666666666665	0.0
670	3714.3333333333335	0.0
680	3246.5	0.0
690	3421.0	0.0
700	3755.3333333333335	0.0
710	3940.6666666666665	0.0
720	3936.6666666666665	0.0
730	3847.5	0.0
740	3438.5	0.0
750	3701.0	0.0
760	3849.6666666666665	0.0
770	3932.0	0.0
780	3598.3333333333335	0.0
790	3870.3333333333335	0.0
800	3242.5	0.0
810	3664.3333333333335	0.0
820	3673.6666666666665	0.0
830	4045.1666666666665	0.0
840	3916.3333333333335	0.0
850	3715.5	0.0
860	3904.5	0.0
870	3703.6666666666665	0.0
880	3836.6666666666665	0.0
890	3764.6666666666665	0.0
900	3486.8333333333335	0.0
910	3889.3333333333335	0.0
920	3663.5	0.0
930	3603.1666666666665	0.0
940	3276.8333333333335	0.0
950	3776.3333333333335	0.0
960	3791.5	0.0
970	3703.3333333333335	0.0
980	3364.1666666666665	0.0
990	4081.3333333333335	0.0
1000	3934.3333333333335	0.0
