0	230.0	0.0
10	1985.3333333333333	1000.0
20	2092.5	0.0
30	2061.3333333333335	0.0
40	1997.6666666666667	0.0
50	2071.8333333333335	0.0
60	2398.8333333333335	0.0
70	2391.0	0.0
80	2415.6666666666665	0.0
90	2386.3333333333335	0.0
100	2427.5	0.0
110	2463.1666666666665	0.0
120	2376.6666666666665	0.0
130	2814.3333333333335	0.0
140	2776.1666666666665	0.0
150	2426.0	0.0
160	2581.1666666666665	0.0
170	2819.0	0.0
180	2638.6666666666665	0.0
190	2727.8333333333335	0.0
200	2581.0	0.0
210	2731.5	0.0
220	2688.5	0.0
230	2923.0	0.0
240	2327.3333333333335	0.0
250	2534.3333333333335	0.0
260	2144.6666666666665	0.0
270	2764.1666666666665	0.0
280	2747.0	0.0
290	2230.1666666666665	0.0
300	2671.6666666666665	0.0
310	2263.6666666666665	0.0
320	2756.1666666666665	0.0
330	2627.1666666666665	0.0
340	2572.8333333333335	0.0
350	2986.1666666666665	0.0
360	2695.8333333333335	0.0
370	2777.3333333333335	0.0
380	2694.8333333333335	0.0
390	2837.0	0.0
400	3110.5	0.0
410	2720.0	0.0
420	2915.8333333333335	0.0
430	2815.6666666666665	0.0
440	2900.1666666666665	0.0
450	2756.8333333333335	0.0
460	2587.5	0.0
470	3084.8333333333335	0.0
480	2889.3333333333335	0.0
490	3216.8333333333335	0.0
500	2919.0	0.0
510	3340.6666666666665	0.0
520	2746.0	0.0
530	3120.8333333333335	0.0
540	3258.6666666666665	0.0
550	3365.0	0.0
560	3411.5	0.0
570	3218.0	0.0
580	3491.3333333333335	0.0
590	3099.3333333333335	0.0
600	2891.8333333333335	0.0
610	3235.6666666666665	0.0
620	3683.1666666666665	0.0
630	3540.5	0.0
640	3423.3333333333335	0.0
650	3677.5	0.0
660	3352.1666666666665	0.0
670	3216.8333333333335	0.0
680	3394.5	0.0
690	3068.5	0.0
700	3572.6666666666665	0.0
710	3756.6666666666665	0.0
720	3423.1666666666665	0.0
730	3374.8333333333335	0.0
740	3640.5	0.0
750	4046.1666666666665	0.0
760	3275.1666666666665	0.0
770	3534.5	0.0
780	3444.0	0.0
790	3063.8333333333335	0.0
800	3679.1666666666665	0.0
810	3772.6666666666665	0.0
820	4150.833333333333	0.0
830	3585.5	0.0
840	3708.1666666666665	0.0
850	3727.8333333333335	0.0
860	4003.1666666666665	0.0
870	4018.3333333333335	0.0
880	3939.0	0.0
890	3909.5	0.0
900	3991.8333333333335	0.0
910	3563.0	0.0
920	4227.5	0.0
930	3767.1666666666665	0.0
940	3738.3333333333335	0.0
950	3812.6666666666665	0.0
960	3778.3333333333335	0.0
970	3541.1666666666665	0.0
980	3812.1666666666665	0.0
990	3792.8333333333335	0.0
1000	3840.5	0.0
