0	293.3333333333333	0.0	0.0	0.0	0.0	0.0	0.0
10	127.33333333333333	760.0	1327.0	380.0	527.0	125.0	233.0
20	126.0	240.0	368.0	105.0	166.0	18.0	74.0
30	116.66666666666667	0.0	0.0	0.0	0.0	0.0	0.0
40	100.0	0.0	0.0	0.0	0.0	0.0	0.0
50	102.33333333333333	0.0	0.0	0.0	0.0	0.0	0.0
60	101.0	0.0	0.0	0.0	0.0	0.0	0.0
70	101.66666666666667	0.0	0.0	0.0	0.0	0.0	0.0
80	100.0	0.0	0.0	0.0	0.0	0.0	0.0
90	137.0	0.0	0.0	0.0	0.0	0.0	0.0
100	109.33333333333333	0.0	0.0	0.0	0.0	0.0	0.0
110	132.0	0.0	0.0	0.0	0.0	0.0	0.0
120	130.0	0.0	0.0	0.0	0.0	0.0	0.0
130	133.0	0.0	0.0	0.0	0.0	0.0	0.0
140	132.0	0.0	0.0	0.0	0.0	0.0	0.0
150	134.33333333333334	0.0	0.0	0.0	0.0	0.0	0.0
160	130.0	0.0	0.0	0.0	0.0	0.0	0.0
170	130.0	0.0	0.0	0.0	0.0	0.0	0.0
180	156.66666666666666	0.0	0.0	0.0	0.0	0.0	0.0
190	130.0	0.0	0.0	0.0	0.0	0.0	0.0
200	404.3333333333333	0.0	0.0	0.0	0.0	0.0	0.0
210	602.6666666666666	0.0	0.0	0.0	0.0	0.0	0.0
220	534.3333333333334	0.0	0.0	0.0	0.0	0.0	0.0
230	540.3333333333334	0.0	0.0	0.0	0.0	0.0	0.0
240	492.0	0.0	0.0	0.0	0.0	0.0	0.0
250	633.3333333333334	0.0	0.0	0.0	0.0	0.0	0.0
260	613.3333333333334	0.0	0.0	0.0	0.0	0.0	0.0
270	573.6666666666666	0.0	0.0	0.0	0.0	0.0	0.0
280	1108.0	0.0	0.0	0.0	0.0	0.0	0.0
290	1118.0	0.0	0.0	0.0	0.0	0.0	0.0
300	1017.3333333333334	0.0	0.0	0.0	0.0	0.0	0.0
310	1792.3333333333333	0.0	0.0	0.0	0.0	0.0	0.0
320	1656.3333333333333	0.0	0.0	0.0	0.0	0.0	0.0
330	1559.0	0.0	0.0	0.0	0.0	0.0	0.0
340	1932.6666666666667	0.0	0.0	0.0	0.0	0.0	0.0
350	2004.3333333333333	0.0	0.0	0.0	0.0	0.0	0.0
360	1973.1666666666667	0.0	0.0	0.0	0.0	0.0	0.0
370	2142.6666666666665	0.0	0.0	0.0	0.0	0.0	0.0
380	1633.0	0.0	0.0	0.0	0.0	0.0	0.0
390	2244.6666666666665	0.0	0.0	0.0	0.0	0.0	0.0
400	2158.6666666666665	0.0	0.0	0.0	0.0	0.0	0.0
410	2203.1666666666665	0.0	0.0	0.0	0.0	0.0	0.0
420	2221.3333333333335	0.0	0.0	0.0	0.0	0.0	0.0
430	2114.6666666666665	0.0	0.0	0.0	0.0	0.0	0.0
440	1927.6666666666667	0.0	0.0	0.0	0.0	0.0	0.0
450	2541.6666666666665	0.0	0.0	0.0	0.0	0.0	0.0
460	2484.8333333333335	0.0	0.0	0.0	0.0	0.0	0.0
470	2425.5	0.0	0.0	0.0	0.0	0.0	0.0
480	2459.8333333333335	0.0	0.0	0.0	0.0	0.0	0.0
490	2380.8333333333335	0.0	0.0	0.0	0.0	0.0	0.0
500	2300.3333333333335	0.0	0.0	0.0	0.0	0.0	0.0
510	2484.8333333333335	0.0	0.0	0.0	0.0	0.0	0.0
520	2496.0	0.0	0.0	0.0	0.0	0.0	0.0
530	2546.0	0.0	0.0	0.0	0.0	0.0	0.0
540	2305.3333333333335	0.0	0.0	0.0	0.0	0.0	0.0
550	2384.0	0.0	0.0	0.0	0.0	0.0	0.0
560	2749.8333333333335	0.0	0.0	0.0	0.0	0.0	0.0
570	2684.3333333333335	0.0	0.0	0.0	0.0	0.0	0.0
580	2577.6666666666665	0.0	0.0	0.0	0.0	0.0	0.0
590	2605.3333333333335	0.0	0.0	0.0	0.0	0.0	0.0
600	2618.1666666666665	0.0	0.0	0.0	0.0	0.0	0.0
610	2656.0	0.0	0.0	0.0	0.0	0.0	0.0
620	2684.8333333333335	0.0	0.0	0.0	0.0	0.0	0.0
630	2535.8333333333335	0.0	0.0	0.0	0.0	0.0	0.0
640	2592.8333333333335	0.0	0.0	0.0	0.0	0.0	0.0
650	2681.1666666666665	0.0	0.0	0.0	0.0	0.0	0.0
660	2407.0	0.0	0.0	0.0	0.0	0.0	0.0
670	2601.1666666666665	0.0	0.0	0.0	0.0	0.0	0.0
680	2597.6666666666665	0.0	0.0	0.0	0.0	0.0	0.0
690	2603.6666666666665	0.0	0.0	0.0	0.0	0.0	0.0
700	2364.6666666666665	0.0	0.0	0.0	0.0	0.0	0.0
710	2568.6666666666665	0.0	0.0	0.0	0.0	0.0	0.0
720	2521.0	0.0	0.0	0.0	0.0	0.0	0.0
730	2589.0	0.0	0.0	0.0	0.0	0.0	0.0
740	2006.3333333333333	0.0	0.0	0.0	0.0	0.0	0.0
750	2603.5	0.0	0.0	0.0	0.0	0.0	0.0
760	2749.0	0.0	0.0	0.0	0.0	0.0	0.0
770	2733.1666666666665	0.0	0.0	0.0	0.0	0.0	0.0
780	2415.3333333333335	0.0	0.0	0.0	0.0	0.0	0.0
790	2529.3333333333335	0.0	0.0	0.0	0.0	0.0	0.0
800	2442.1666666666665	0.0	0.0	0.0	0.0	0.0	0.0
810	2070.6666666666665	0.0	0.0	0.0	0.0	0.0	0.0
820	2096.1666666666665	0.0	0.0	0.0	0.0	0.0	0.0
830	2587.8333333333335	0.0	0.0	0.0	0.0	0.0	0.0
840	2045.0	0.0	0.0	0.0	0.0	0.0	0.0
850	2106.3333333333335	0.0	0.0	0.0	0.0	0.0	0.0
860	2402.5	0.0	0.0	0.0	0.0	0.0	0.0
870	2459.6666666666665	0.0	0.0	0.0	0.0	0.0	0.0
880	2935.3333333333335	0.0	0.0	0.0	0.0	0.0	0.0
890	2854.8333333333335	0.0	0.0	0.0	0.0	0.0	0.0
900	2603.3333333333335	0.0	0.0	0.0	0.0	0.0	0.0
910	2075.5	0.0	0.0	0.0	0.0	0.0	0.0
920	2829.5	0.0	0.0	0.0	0.0	0.0	0.0
930	2736.0	0.0	0.0	0.0	0.0	0.0	0.0
940	2532.0	0.0	0.0	0.0	0.0	0.0	0.0
950	2776.8333333333335	0.0	0.0	0.0	0.0	0.0	0.0
960	2503.3333333333335	0.0	0.0	0.0	0.0	0.0	0.0
970	2678.6666666666665	0.0	0.0	0.0	0.0	0.0	0.0
980	2796.8333333333335	0.0	0.0	0.0	0.0	0.0	0.0
990	2773.6666666666665	0.0	0.0	0.0	0.0	0.0	0.0
1000	2669.3333333333335	0.0	0.0	0.0	0.0	0.0	0.0
