0	289.0	0.0	0.0	0.0	0.0	0.0	0.0
10	70.0	617.0	1320.0	317.0	427.0	120.0	190.0
20	70.0	383.0	956.0	221.0	298.0	130.0	85.0
30	70.0	0.0	0.0	0.0	0.0	0.0	0.0
40	70.0	0.0	0.0	0.0	0.0	0.0	0.0
50	70.0	0.0	0.0	0.0	0.0	0.0	0.0
60	70.0	0.0	0.0	0.0	0.0	0.0	0.0
70	70.0	0.0	0.0	0.0	0.0	0.0	0.0
80	70.0	0.0	0.0	0.0	0.0	0.0	0.0
90	70.0	0.0	0.0	0.0	0.0	0.0	0.0
100	70.0	0.0	0.0	0.0	0.0	0.0	0.0
110	70.0	0.0	0.0	0.0	0.0	0.0	0.0
120	70.66666666666667	0.0	0.0	0.0	0.0	0.0	0.0
130	71.66666666666667	0.0	0.0	0.0	0.0	0.0	0.0
140	75.0	0.0	0.0	0.0	0.0	0.0	0.0
150	71.0	0.0	0.0	0.0	0.0	0.0	0.0
160	83.66666666666667	0.0	0.0	0.0	0.0	0.0	0.0
170	223.0	0.0	0.0	0.0	0.0	0.0	0.0
180	187.66666666666666	0.0	0.0	0.0	0.0	0.0	0.0
190	752.3333333333334	0.0	0.0	0.0	0.0	0.0	0.0
200	498.3333333333333	0.0	0.0	0.0	0.0	0.0	0.0
210	458.3333333333333	0.0	0.0	0.0	0.0	0.0	0.0
220	138.66666666666666	0.0	0.0	0.0	0.0	0.0	0.0
230	880.6666666666666	0.0	0.0	0.0	0.0	0.0	0.0
240	1057.0	0.0	0.0	0.0	0.0	0.0	0.0
250	1115.0	0.0	0.0	0.0	0.0	0.0	0.0
260	823.0	0.0	0.0	0.0	0.0	0.0	0.0
270	1190.6666666666667	0.0	0.0	0.0	0.0	0.0	0.0
280	1173.3333333333333	0.0	0.0	0.0	0.0	0.0	0.0
290	1321.3333333333333	0.0	0.0	0.0	0.0	0.0	0.0
300	1269.0	0.0	0.0	0.0	0.0	0.0	0.0
310	2030.0	0.0	0.0	0.0	0.0	0.0	0.0
320	2324.3333333333335	0.0	0.0	0.0	0.0	0.0	0.0
330	2202.6666666666665	0.0	0.0	0.0	0.0	0.0	0.0
340	1745.3333333333333	0.0	0.0	0.0	0.0	0.0	0.0
350	1718.6666666666667	0.0	0.0	0.0	0.0	0.0	0.0
360	2260.0	0.0	0.0	0.0	0.0	0.0	0.0
370	2053.6666666666665	0.0	0.0	0.0	0.0	0.0	0.0
380	2111.6666666666665	0.0	0.0	0.0	0.0	0.0	0.0
390	2320.0	0.0	0.0	0.0	0.0	0.0	0.0
400	2492.6666666666665	0.0	0.0	0.0	0.0	0.0	0.0
410	2294.6666666666665	0.0	0.0	0.0	0.0	0.0	0.0
420	2510.0	0.0	0.0	0.0	0.0	0.0	0.0
430	2326.6666666666665	0.0	0.0	0.0	0.0	0.0	0.0
440	1884.6666666666667	0.0	0.0	0.0	0.0	0.0	0.0
450	2158.3333333333335	0.0	0.0	0.0	0.0	0.0	0.0
460	2448.0	0.0	0.0	0.0	0.0	0.0	0.0
470	2316.0	0.0	0.0	0.0	0.0	0.0	0.0
480	2352.8333333333335	0.0	0.0	0.0	0.0	0.0	0.0
490	2267.8333333333335	0.0	0.0	0.0	0.0	0.0	0.0
500	2518.3333333333335	0.0	0.0	0.0	0.0	0.0	0.0
510	2649.6666666666665	0.0	0.0	0.0	0.0	0.0	0.0
520	2210.0	0.0	0.0	0.0	0.0	0.0	0.0
530	2222.0	0.0	0.0	0.0	0.0	0.0	0.0
540	2020.6666666666667	0.0	0.0	0.0	0.0	0.0	0.0
550	2612.6666666666665	0.0	0.0	0.0	0.0	0.0	0.0
560	2252.3333333333335	0.0	0.0	0.0	0.0	0.0	0.0
570	2355.6666666666665	0.0	0.0	0.0	0.0	0.0	0.0
580	2760.1666666666665	0.0	0.0	0.0	0.0	0.0	0.0
590	2494.0	0.0	0.0	0.0	0.0	0.0	0.0
600	2762.8333333333335	0.0	0.0	0.0	0.0	0.0	0.0
610	2666.0	0.0	0.0	0.0	0.0	0.0	0.0
620	2727.6666666666665	0.0	0.0	0.0	0.0	0.0	0.0
630	2197.8333333333335	0.0	0.0	0.0	0.0	0.0	0.0
640	2260.5	0.0	0.0	0.0	0.0	0.0	0.0
650	2222.8333333333335	0.0	0.0	0.0	0.0	0.0	0.0
660	2767.5	0.0	0.0	0.0	0.0	0.0	0.0
670	2539.0	0.0	0.0	0.0	0.0	0.0	0.0
680	2895.3333333333335	0.0	0.0	0.0	0.0	0.0	0.0
690	2761.8333333333335	0.0	0.0	0.0	0.0	0.0	0.0
700	1965.3333333333333	0.0	0.0	0.0	0.0	0.0	0.0
710	2806.3333333333335	0.0	0.0	0.0	0.0	0.0	0.0
720	2534.3333333333335	0.0	0.0	0.0	0.0	0.0	0.0
730	2731.6666666666665	0.0	0.0	0.0	0.0	0.0	0.0
740	2634.1666666666665	0.0	0.0	0.0	0.0	0.0	0.0
750	2819.3333333333335	0.0	0.0	0.0	0.0	0.0	0.0
760	2647.3333333333335	0.0	0.0	0.0	0.0	0.0	0.0
770	2720.0	0.0	0.0	0.0	0.0	0.0	0.0
780	2382.3333333333335	0.0	0.0	0.0	0.0	0.0	0.0
790	2657.8333333333335	0.0	0.0	0.0	0.0	0.0	0.0
800	2670.3333333333335	0.0	0.0	0.0	0.0	0.0	0.0
810	2528.8333333333335	0.0	0.0	0.0	0.0	0.0	0.0
820	2729.3333333333335	0.0	0.0	0.0	0.0	0.0	0.0
830	2739.8333333333335	0.0	0.0	0.0	0.0	0.0	0.0
840	2502.0	0.0	0.0	0.0	0.0	0.0	0.0
850	2582.6666666666665	0.0	0.0	0.0	0.0	0.0	0.0
860	2573.8333333333335	0.0	0.0	0.0	0.0	0.0	0.0
870	2396.3333333333335	0.0	0.0	0.0	0.0	0.0	0.0
880	2566.0	0.0	0.0	0.0	0.0	0.0	0.0
890	2574.8333333333335	0.0	0.0	0.0	0.0	0.0	0.0
900	2518.1666666666665	0.0	0.0	0.0	0.0	0.0	0.0
910	2675.3333333333335	0.0	0.0	0.0	0.0	0.0	0.0
920	2598.6666666666665	0.0	0.0	0.0	0.0	0.0	0.0
930	2508.8333333333335	0.0	0.0	0.0	0.0	0.0	0.0
940	2565.6666666666665	0.0	0.0	0.0	0.0	0.0	0.0
950	2457.3333333333335	0.0	0.0	0.0	0.0	0.0	0.0
960	2291.3333333333335	0.0	0.0	0.0	0.0	0.0	0.0
970	2526.3333333333335	0.0	0.0	0.0	0.0	0.0	0.0
980	2650.0	0.0	0.0	0.0	0.0	0.0	0.0
990	2424.8333333333335	0.0	0.0	0.0	0.0	0.0	0.0
1000	2628.3333333333335	0.0	0.0	0.0	0.0	0.0	0.0
