0	298.6666666666667	0.0	0.0	0.0	0.0	0.0	0.0
10	112.33333333333333	324.0	715.0	150.0	261.0	76.0	63.0
20	98.0	447.0	993.0	183.0	353.0	85.0	94.0
30	96.66666666666667	229.0	515.0	56.0	207.0	32.0	22.0
40	99.66666666666667	0.0	0.0	0.0	0.0	0.0	0.0
50	96.66666666666667	0.0	0.0	0.0	0.0	0.0	0.0
60	92.66666666666667	0.0	0.0	0.0	0.0	0.0	0.0
70	81.66666666666667	0.0	0.0	0.0	0.0	0.0	0.0
80	82.33333333333333	0.0	0.0	0.0	0.0	0.0	0.0
90	71.33333333333333	0.0	0.0	0.0	0.0	0.0	0.0
100	70.0	0.0	0.0	0.0	0.0	0.0	0.0
110	70.0	0.0	0.0	0.0	0.0	0.0	0.0
120	70.0	0.0	0.0	0.0	0.0	0.0	0.0
130	70.0	0.0	0.0	0.0	0.0	0.0	0.0
140	70.0	0.0	0.0	0.0	0.0	0.0	0.0
150	70.0	0.0	0.0	0.0	0.0	0.0	0.0
160	70.0	0.0	0.0	0.0	0.0	0.0	0.0
170	70.0	0.0	0.0	0.0	0.0	0.0	0.0
180	102.33333333333333	0.0	0.0	0.0	0.0	0.0	0.0
190	70.66666666666667	0.0	0.0	0.0	0.0	0.0	0.0
200	71.33333333333333	0.0	0.0	0.0	0.0	0.0	0.0
210	73.66666666666667	0.0	0.0	0.0	0.0	0.0	0.0
220	86.33333333333333	0.0	0.0	0.0	0.0	0.0	0.0
230	145.0	0.0	0.0	0.0	0.0	0.0	0.0
240	105.66666666666667	0.0	0.0	0.0	0.0	0.0	0.0
250	309.6666666666667	0.0	0.0	0.0	0.0	0.0	0.0
260	465.3333333333333	0.0	0.0	0.0	0.0	0.0	0.0
270	323.3333333333333	0.0	0.0	0.0	0.0	0.0	0.0
280	266.3333333333333	0.0	0.0	0.0	0.0	0.0	0.0
290	278.0	0.0	0.0	0.0	0.0	0.0	0.0
300	162.66666666666666	0.0	0.0	0.0	0.0	0.0	0.0
310	189.33333333333334	0.0	0.0	0.0	0.0	0.0	0.0
320	146.66666666666666	0.0	0.0	0.0	0.0	0.0	0.0
330	483.3333333333333	0.0	0.0	0.0	0.0	0.0	0.0
340	677.6666666666666	0.0	0.0	0.0	0.0	0.0	0.0
350	402.3333333333333	0.0	0.0	0.0	0.0	0.0	0.0
360	786.6666666666666	0.0	0.0	0.0	0.0	0.0	0.0
370	707.6666666666666	0.0	0.0	0.0	0.0	0.0	0.0
380	700.0	0.0	0.0	0.0	0.0	0.0	0.0
390	1305.3333333333333	0.0	0.0	0.0	0.0	0.0	0.0
400	1596.3333333333333	0.0	0.0	0.0	0.0	0.0	0.0
410	1751.3333333333333	0.0	0.0	0.0	0.0	0.0	0.0
420	1575.3333333333333	0.0	0.0	0.0	0.0	0.0	0.0
430	1834.3333333333333	0.0	0.0	0.0	0.0	0.0	0.0
440	2015.0	0.0	0.0	0.0	0.0	0.0	0.0
450	1865.0	0.0	0.0	0.0	0.0	0.0	0.0
460	1733.6666666666667	0.0	0.0	0.0	0.0	0.0	0.0
470	2369.3333333333335	0.0	0.0	0.0	0.0	0.0	0.0
480	2122.6666666666665	0.0	0.0	0.0	0.0	0.0	0.0
490	2078.0	0.0	0.0	0.0	0.0	0.0	0.0
500	1984.0	0.0	0.0	0.0	0.0	0.0	0.0
510	1960.6666666666667	0.0	0.0	0.0	0.0	0.0	0.0
520	2019.6666666666667	0.0	0.0	0.0	0.0	0.0	0.0
530	2147.1666666666665	0.0	0.0	0.0	0.0	0.0	0.0
540	2233.8333333333335	0.0	0.0	0.0	0.0	0.0	0.0
550	2110.3333333333335	0.0	0.0	0.0	0.0	0.0	0.0
560	2395.1666666666665	0.0	0.0	0.0	0.0	0.0	0.0
570	2388.0	0.0	0.0	0.0	0.0	0.0	0.0
580	2437.5	0.0	0.0	0.0	0.0	0.0	0.0
590	2175.0	0.0	0.0	0.0	0.0	0.0	0.0
600	2227.0	0.0	0.0	0.0	0.0	0.0	0.0
610	2481.0	0.0	0.0	0.0	0.0	0.0	0.0
620	2353.6666666666665	0.0	0.0	0.0	0.0	0.0	0.0
630	2274.0	0.0	0.0	0.0	0.0	0.0	0.0
640	2663.0	0.0	0.0	0.0	0.0	0.0	0.0
650	2258.8333333333335	0.0	0.0	0.0	0.0	0.0	0.0
660	2689.5	0.0	0.0	0.0	0.0	0.0	0.0
670	2421.8333333333335	0.0	0.0	0.0	0.0	0.0	0.0
680	2526.6666666666665	0.0	0.0	0.0	0.0	0.0	0.0
690	2193.8333333333335	0.0	0.0	0.0	0.0	0.0	0.0
700	2858.6666666666665	0.0	0.0	0.0	0.0	0.0	0.0
710	2353.6666666666665	0.0	0.0	0.0	0.0	0.0	0.0
720	2752.6666666666665	0.0	0.0	0.0	0.0	0.0	0.0
730	2650.0	0.0	0.0	0.0	0.0	0.0	0.0
740	2472.5	0.0	0.0	0.0	0.0	0.0	0.0
750	2586.0	0.0	0.0	0.0	0.0	0.0	0.0
760	2495.6666666666665	0.0	0.0	0.0	0.0	0.0	0.0
770	2714.0	0.0	0.0	0.0	0.0	0.0	0.0
780	2836.6666666666665	0.0	0.0	0.0	0.0	0.0	0.0
790	2606.8333333333335	0.0	0.0	0.0	0.0	0.0	0.0
800	2768.5	0.0	0.0	0.0	0.0	0.0	0.0
810	2801.8333333333335	0.0	0.0	0.0	0.0	0.0	0.0
820	2941.1666666666665	0.0	0.0	0.0	0.0	0.0	0.0
830	2622.0	0.0	0.0	0.0	0.0	0.0	0.0
840	2567.1666666666665	0.0	0.0	0.0	0.0	0.0	0.0
850	2631.0	0.0	0.0	0.0	0.0	0.0	0.0
860	2738.3333333333335	0.0	0.0	0.0	0.0	0.0	0.0
870	2375.0	0.0	0.0	0.0	0.0	0.0	0.0
880	2680.3333333333335	0.0	0.0	0.0	0.0	0.0	0.0
890	2591.3333333333335	0.0	0.0	0.0	0.0	0.0	0.0
900	2767.1666666666665	0.0	0.0	0.0	0.0	0.0	0.0
910	2387.0	0.0	0.0	0.0	0.0	0.0	0.0
920	2648.0	0.0	0.0	0.0	0.0	0.0	0.0
930	2549.3333333333335	0.0	0.0	0.0	0.0	0.0	0.0
940	2554.6666666666665	0.0	0.0	0.0	0.0	0.0	0.0
950	2445.3333333333335	0.0	0.0	0.0	0.0	0.0	0.0
960	2535.0	0.0	0.0	0.0	0.0	0.0	0.0
970	2533.5	0.0	0.0	0.0	0.0	0.0	0.0
980	2507.6666666666665	0.0	0.0	0.0	0.0	0.0	0.0
990	2446.8333333333335	0.0	0.0	0.0	0.0	0.0	0.0
1000	2484.0	0.0	0.0	0.0	0.0	0.0	0.0
