0	243.33333333333334	0.0	0.0	0.0	0.0	0.0	0.0
10	70.0	533.0	1123.0	296.0	371.0	129.0	162.0
20	70.0	467.0	807.0	242.0	316.0	87.0	151.0
30	70.0	0.0	0.0	0.0	0.0	0.0	0.0
40	70.0	0.0	0.0	0.0	0.0	0.0	0.0
50	70.0	0.0	0.0	0.0	0.0	0.0	0.0
60	70.0	0.0	0.0	0.0	0.0	0.0	0.0
70	70.0	0.0	0.0	0.0	0.0	0.0	0.0
80	70.0	0.0	0.0	0.0	0.0	0.0	0.0
90	70.0	0.0	0.0	0.0	0.0	0.0	0.0
100	70.0	0.0	0.0	0.0	0.0	0.0	0.0
110	70.0	0.0	0.0	0.0	0.0	0.0	0.0
120	70.0	0.0	0.0	0.0	0.0	0.0	0.0
130	71.0	0.0	0.0	0.0	0.0	0.0	0.0
140	72.33333333333333	0.0	0.0	0.0	0.0	0.0	0.0
150	70.66666666666667	0.0	0.0	0.0	0.0	0.0	0.0
160	101.33333333333333	0.0	0.0	0.0	0.0	0.0	0.0
170	70.33333333333333	0.0	0.0	0.0	0.0	0.0	0.0
180	72.0	0.0	0.0	0.0	0.0	0.0	0.0
190	119.0	0.0	0.0	0.0	0.0	0.0	0.0
200	788.6666666666666	0.0	0.0	0.0	0.0	0.0	0.0
210	811.3333333333334	0.0	0.0	0.0	0.0	0.0	0.0
220	402.0	0.0	0.0	0.0	0.0	0.0	0.0
230	1003.3333333333334	0.0	0.0	0.0	0.0	0.0	0.0
240	698.6666666666666	0.0	0.0	0.0	0.0	0.0	0.0
250	600.6666666666666	0.0	0.0	0.0	0.0	0.0	0.0
260	1033.6666666666667	0.0	0.0	0.0	0.0	0.0	0.0
270	997.0	0.0	0.0	0.0	0.0	0.0	0.0
280	976.0	0.0	0.0	0.0	0.0	0.0	0.0
290	1299.3333333333333	0.0	0.0	0.0	0.0	0.0	0.0
300	1744.6666666666667	0.0	0.0	0.0	0.0	0.0	0.0
310	1237.6666666666667	0.0	0.0	0.0	0.0	0.0	0.0
320	1664.3333333333333	0.0	0.0	0.0	0.0	0.0	0.0
330	1915.6666666666667	0.0	0.0	0.0	0.0	0.0	0.0
340	1796.3333333333333	0.0	0.0	0.0	0.0	0.0	0.0
350	1845.6666666666667	0.0	0.0	0.0	0.0	0.0	0.0
360	1667.3333333333333	0.0	0.0	0.0	0.0	0.0	0.0
370	1974.3333333333333	0.0	0.0	0.0	0.0	0.0	0.0
380	2269.5	0.0	0.0	0.0	0.0	0.0	0.0
390	2084.3333333333335	0.0	0.0	0.0	0.0	0.0	0.0
400	1885.3333333333333	0.0	0.0	0.0	0.0	0.0	0.0
410	2448.3333333333335	0.0	0.0	0.0	0.0	0.0	0.0
420	2152.6666666666665	0.0	0.0	0.0	0.0	0.0	0.0
430	2299.1666666666665	0.0	0.0	0.0	0.0	0.0	0.0
440	2315.3333333333335	0.0	0.0	0.0	0.0	0.0	0.0
450	2690.5	0.0	0.0	0.0	0.0	0.0	0.0
460	2478.0	0.0	0.0	0.0	0.0	0.0	0.0
470	2520.6666666666665	0.0	0.0	0.0	0.0	0.0	0.0
480	2483.5	0.0	0.0	0.0	0.0	0.0	0.0
490	2548.0	0.0	0.0	0.0	0.0	0.0	0.0
500	2581.3333333333335	0.0	0.0	0.0	0.0	0.0	0.0
510	2483.0	0.0	0.0	0.0	0.0	0.0	0.0
520	2339.6666666666665	0.0	0.0	0.0	0.0	0.0	0.0
530	2474.3333333333335	0.0	0.0	0.0	0.0	0.0	0.0
540	2686.3333333333335	0.0	0.0	0.0	0.0	0.0	0.0
550	2338.3333333333335	0.0	0.0	0.0	0.0	0.0	0.0
560	2628.6666666666665	0.0	0.0	0.0	0.0	0.0	0.0
570	2525.6666666666665	0.0	0.0	0.0	0.0	0.0	0.0
580	2313.0	0.0	0.0	0.0	0.0	0.0	0.0
590	2511.3333333333335	0.0	0.0	0.0	0.0	0.0	0.0
600	2708.3333333333335	0.0	0.0	0.0	0.0	0.0	0.0
610	2579.8333333333335	0.0	0.0	0.0	0.0	0.0	0.0
620	2868.6666666666665	0.0	0.0	0.0	0.0	0.0	0.0
630	2594.0	0.0	0.0	0.0	0.0	0.0	0.0
640	2556.5	0.0	0.0	0.0	0.0	0.0	0.0
650	2299.6666666666665	0.0	0.0	0.0	0.0	0.0	0.0
660	2714.5	0.0	0.0	0.0	0.0	0.0	0.0
670	2348.0	0.0	0.0	0.0	0.0	0.0	0.0
680	2545.0	0.0	0.0	0.0	0.0	0.0	0.0
690	2524.5	0.0	0.0	0.0	0.0	0.0	0.0
700	2616.5	0.0	0.0	0.0	0.0	0.0	0.0
710	2421.3333333333335	0.0	0.0	0.0	0.0	0.0	0.0
720	2386.6666666666665	0.0	0.0	0.0	0.0	0.0	0.0
730	2416.8333333333335	0.0	0.0	0.0	0.0	0.0	0.0
740	2468.0	0.0	0.0	0.0	0.0	0.0	0.0
750	2542.6666666666665	0.0	0.0	0.0	0.0	0.0	0.0
760	2669.8333333333335	0.0	0.0	0.0	0.0	0.0	0.0
770	2394.6666666666665	0.0	0.0	0.0	0.0	0.0	0.0
780	2612.5	0.0	0.0	0.0	0.0	0.0	0.0
790	2477.5	0.0	0.0	0.0	0.0	0.0	0.0
800	2270.6666666666665	0.0	0.0	0.0	0.0	0.0	0.0
810	2368.1666666666665	0.0	0.0	0.0	0.0	0.0	0.0
820	2613.6666666666665	0.0	0.0	0.0	0.0	0.0	0.0
830	2478.6666666666665	0.0	0.0	0.0	0.0	0.0	0.0
840	2441.3333333333335	0.0	0.0	0.0	0.0	0.0	0.0
850	2577.3333333333335	0.0	0.0	0.0	0.0	0.0	0.0
860	2614.3333333333335	0.0	0.0	0.0	0.0	0.0	0.0
870	2635.0	0.0	0.0	0.0	0.0	0.0	0.0
880	2680.3333333333335	0.0	0.0	0.0	0.0	0.0	0.0
890	2405.0	0.0	0.0	0.0	0.0	0.0	0.0
900	2655.0	0.0	0.0	0.0	0.0	0.0	0.0
910	2563.0	0.0	0.0	0.0	0.0	0.0	0.0
920	2615.3333333333335	0.0	0.0	0.0	0.0	0.0	0.0
930	2568.6666666666665	0.0	0.0	0.0	0.0	0.0	0.0
940	2605.3333333333335	0.0	0.0	0.0	0.0	0.0	0.0
950	2564.8333333333335	0.0	0.0	0.0	0.0	0.0	0.0
960	2663.6666666666665	0.0	0.0	0.0	0.0	0.0	0.0
970	2451.3333333333335	0.0	0.0	0.0	0.0	0.0	0.0
980	2615.8333333333335	0.0	0.0	0.0	0.0	0.0	0.0
990	2537.0	0.0	0.0	0.0	0.0	0.0	0.0
1000	2661.0	0.0	0.0	0.0	0.0	0.0	0.0
