0	237.33333333333334	0.0
10	2031.0	1000.0
20	1984.1666666666667	0.0
30	2293.1666666666665	0.0
40	2056.6666666666665	0.0
50	1939.1666666666667	0.0
60	2442.5	0.0
70	2614.5	0.0
80	2368.3333333333335	0.0
90	2501.1666666666665	0.0
100	2437.1666666666665	0.0
110	2525.5	0.0
120	2582.8333333333335	0.0
130	2472.6666666666665	0.0
140	2454.5	0.0
150	2573.5	0.0
160	2708.3333333333335	0.0
170	2380.0	0.0
180	2650.1666666666665	0.0
190	2437.5	0.0
200	1911.0	0.0
210	2627.0	0.0
220	2257.6666666666665	0.0
230	2711.8333333333335	0.0
240	2966.6666666666665	0.0
250	2226.8333333333335	0.0
260	2540.6666666666665	0.0
270	2880.3333333333335	0.0
280	2597.1666666666665	0.0
290	2661.8333333333335	0.0
300	2734.3333333333335	0.0
310	3100.0	0.0
320	3286.8333333333335	0.0
330	2577.0	0.0
340	2777.8333333333335	0.0
350	2916.8333333333335	0.0
360	3127.0	0.0
370	2811.5	0.0
380	3503.5	0.0
390	3364.3333333333335	0.0
400	3134.5	0.0
410	3278.3333333333335	0.0
420	3521.6666666666665	0.0
430	3069.3333333333335	0.0
440	3191.5	0.0
450	3646.8333333333335	0.0
460	2868.0	0.0
470	3437.5	0.0
480	3463.0	0.0
490	3765.1666666666665	0.0
500	3512.0	0.0
510	3214.5	0.0
520	3893.3333333333335	0.0
530	3446.6666666666665	0.0
540	3757.6666666666665	0.0
550	3576.8333333333335	0.0
560	3874.8333333333335	0.0
570	3966.0	0.0
580	3096.5	0.0
590	3824.6666666666665	0.0
600	3938.5	0.0
610	4030.6666666666665	0.0
620	3709.0	0.0
630	3700.1666666666665	0.0
640	3782.3333333333335	0.0
650	3968.8333333333335	0.0
660	3803.1666666666665	0.0
670	3816.0	0.0
680	3928.5	0.0
690	3943.5	0.0
700	3562.3333333333335	0.0
710	3894.3333333333335	0.0
720	3623.8333333333335	0.0
730	3830.3333333333335	0.0
740	3678.5	0.0
750	4132.0	0.0
760	3899.1666666666665	0.0
770	3838.8333333333335	0.0
780	3719.5	0.0
790	3635.8333333333335	0.0
800	3917.5	0.0
810	3590.5	0.0
820	3617.1666666666665	0.0
830	3598.8333333333335	0.0
840	4080.3333333333335	0.0
850	3859.0	0.0
860	3481.6666666666665	0.0
870	3634.6666666666665	0.0
880	3964.8333333333335	0.0
890	3795.0	0.0
900	4057.0	0.0
910	3848.1666666666665	0.0
920	3772.6666666666665	0.0
930	3552.5	0.0
940	3771.5	0.0
950	3290.6666666666665	0.0
960	3670.5	0.0
970	3850.6666666666665	0.0
980	3819.8333333333335	0.0
990	3939.0	0.0
1000	3643.0	0.0
