0	255.33333333333334	0.0	0.0	0.0	0.0	0.0	0.0
10	70.0	1000.0	841.0	732.0	521.0	236.0	479.0
20	70.0	0.0	0.0	0.0	0.0	0.0	0.0
30	70.0	0.0	0.0	0.0	0.0	0.0	0.0
40	70.0	0.0	0.0	0.0	0.0	0.0	0.0
50	70.0	0.0	0.0	0.0	0.0	0.0	0.0
60	70.0	0.0	0.0	0.0	0.0	0.0	0.0
70	70.0	0.0	0.0	0.0	0.0	0.0	0.0
80	70.0	0.0	0.0	0.0	0.0	0.0	0.0
90	70.0	0.0	0.0	0.0	0.0	0.0	0.0
100	70.0	0.0	0.0	0.0	0.0	0.0	0.0
110	70.0	0.0	0.0	0.0	0.0	0.0	0.0
120	70.0	0.0	0.0	0.0	0.0	0.0	0.0
130	70.0	0.0	0.0	0.0	0.0	0.0	0.0
140	70.0	0.0	0.0	0.0	0.0	0.0	0.0
150	70.0	0.0	0.0	0.0	0.0	0.0	0.0
160	70.0	0.0	0.0	0.0	0.0	0.0	0.0
170	70.0	0.0	0.0	0.0	0.0	0.0	0.0
180	70.0	0.0	0.0	0.0	0.0	0.0	0.0
190	70.0	0.0	0.0	0.0	0.0	0.0	0.0
200	71.66666666666667	0.0	0.0	0.0	0.0	0.0	0.0
210	70.66666666666667	0.0	0.0	0.0	0.0	0.0	0.0
220	137.66666666666666	0.0	0.0	0.0	0.0	0.0	0.0
230	129.0	0.0	0.0	0.0	0.0	0.0	0.0
240	154.66666666666666	0.0	0.0	0.0	0.0	0.0	0.0
250	119.33333333333333	0.0	0.0	0.0	0.0	0.0	0.0
260	116.0	0.0	0.0	0.0	0.0	0.0	0.0
270	152.66666666666666	0.0	0.0	0.0	0.0	0.0	0.0
280	158.33333333333334	0.0	0.0	0.0	0.0	0.0	0.0
290	157.33333333333334	0.0	0.0	0.0	0.0	0.0	0.0
300	268.6666666666667	0.0	0.0	0.0	0.0	0.0	0.0
310	217.66666666666666	0.0	0.0	0.0	0.0	0.0	0.0
320	186.33333333333334	0.0	0.0	0.0	0.0	0.0	0.0
330	252.33333333333334	0.0	0.0	0.0	0.0	0.0	0.0
340	215.66666666666666	0.0	0.0	0.0	0.0	0.0	0.0
350	269.0	0.0	0.0	0.0	0.0	0.0	0.0
360	203.0	0.0	0.0	0.0	0.0	0.0	0.0
370	322.6666666666667	0.0	0.0	0.0	0.0	0.0	0.0
380	236.66666666666666	0.0	0.0	0.0	0.0	0.0	0.0
390	299.3333333333333	0.0	0.0	0.0	0.0	0.0	0.0
400	214.66666666666666	0.0	0.0	0.0	0.0	0.0	0.0
410	683.0	0.0	0.0	0.0	0.0	0.0	0.0
420	757.0	0.0	0.0	0.0	0.0	0.0	0.0
430	710.0	0.0	0.0	0.0	0.0	0.0	0.0
440	910.3333333333334	0.0	0.0	0.0	0.0	0.0	0.0
450	780.3333333333334	0.0	0.0	0.0	0.0	0.0	0.0
460	1186.0	0.0	0.0	0.0	0.0	0.0	0.0
470	1087.3333333333333	0.0	0.0	0.0	0.0	0.0	0.0
480	1733.6666666666667	0.0	0.0	0.0	0.0	0.0	0.0
490	1780.3333333333333	0.0	0.0	0.0	0.0	0.0	0.0
500	1647.3333333333333	0.0	0.0	0.0	0.0	0.0	0.0
510	2387.3333333333335	0.0	0.0	0.0	0.0	0.0	0.0
520	1772.0	0.0	0.0	0.0	0.0	0.0	0.0
530	2141.0	0.0	0.0	0.0	0.0	0.0	0.0
540	2178.3333333333335	0.0	0.0	0.0	0.0	0.0	0.0
550	2333.3333333333335	0.0	0.0	0.0	0.0	0.0	0.0
560	2134.0	0.0	0.0	0.0	0.0	0.0	0.0
570	2180.1666666666665	0.0	0.0	0.0	0.0	0.0	0.0
580	2171.3333333333335	0.0	0.0	0.0	0.0	0.0	0.0
590	2259.3333333333335	0.0	0.0	0.0	0.0	0.0	0.0
600	2531.3333333333335	0.0	0.0	0.0	0.0	0.0	0.0
610	2311.6666666666665	0.0	0.0	0.0	0.0	0.0	0.0
620	2280.6666666666665	0.0	0.0	0.0	0.0	0.0	0.0
630	2319.6666666666665	0.0	0.0	0.0	0.0	0.0	0.0
640	2614.3333333333335	0.0	0.0	0.0	0.0	0.0	0.0
650	2224.3333333333335	0.0	0.0	0.0	0.0	0.0	0.0
660	2636.0	0.0	0.0	0.0	0.0	0.0	0.0
670	2547.5	0.0	0.0	0.0	0.0	0.0	0.0
680	2560.3333333333335	0.0	0.0	0.0	0.0	0.0	0.0
690	2657.8333333333335	0.0	0.0	0.0	0.0	0.0	0.0
700	2797.6666666666665	0.0	0.0	0.0	0.0	0.0	0.0
710	2688.0	0.0	0.0	0.0	0.0	0.0	0.0
720	2665.3333333333335	0.0	0.0	0.0	0.0	0.0	0.0
730	2641.5	0.0	0.0	0.0	0.0	0.0	0.0
740	2691.0	0.0	0.0	0.0	0.0	0.0	0.0
750	2421.0	0.0	0.0	0.0	0.0	0.0	0.0
760	2521.8333333333335	0.0	0.0	0.0	0.0	0.0	0.0
770	2748.6666666666665	0.0	0.0	0.0	0.0	0.0	0.0
780	2582.1666666666665	0.0	0.0	0.0	0.0	0.0	0.0
790	2698.5	0.0	0.0	0.0	0.0	0.0	0.0
800	2657.5	0.0	0.0	0.0	0.0	0.0	0.0
810	2766.3333333333335	0.0	0.0	0.0	0.0	0.0	0.0
820	2649.6666666666665	0.0	0.0	0.0	0.0	0.0	0.0
830	2820.5	0.0	0.0	0.0	0.0	0.0	0.0
840	2660.3333333333335	0.0	0.0	0.0	0.0	0.0	0.0
850	2540.8333333333335	0.0	0.0	0.0	0.0	0.0	0.0
860	2648.6666666666665	0.0	0.0	0.0	0.0	0.0	0.0
870	2636.6666666666665	0.0	0.0	0.0	0.0	0.0	0.0
880	2393.0	0.0	0.0	0.0	0.0	0.0	0.0
890	2231.3333333333335	0.0	0.0	0.0	0.0	0.0	0.0
900	2706.0	0.0	0.0	0.0	0.0	0.0	0.0
910	2426.1666666666665	0.0	0.0	0.0	0.0	0.0	0.0
920	2358.0	0.0	0.0	0.0	0.0	0.0	0.0
930	2348.6666666666665	0.0	0.0	0.0	0.0	0.0	0.0
940	2594.6666666666665	0.0	0.0	0.0	0.0	0.0	0.0
950	2371.3333333333335	0.0	0.0	0.0	0.0	0.0	0.0
960	2612.8333333333335	0.0	0.0	0.0	0.0	0.0	0.0
970	2563.0	0.0	0.0	0.0	0.0	0.0	0.0
980	2638.3333333333335	0.0	0.0	0.0	0.0	0.0	0.0
990	2548.3333333333335	0.0	0.0	0.0	0.0	0.0	0.0
1000	2499.0	0.0	0.0	0.0	0.0	0.0	0.0
