0	233.0	0.0	0.0	0.0	0.0	0.0	0.0
10	70.0	1000.0	1210.0	777.0	593.0	351.0	407.0
20	70.0	0.0	0.0	0.0	0.0	0.0	0.0
30	70.0	0.0	0.0	0.0	0.0	0.0	0.0
40	70.0	0.0	0.0	0.0	0.0	0.0	0.0
50	70.0	0.0	0.0	0.0	0.0	0.0	0.0
60	70.0	0.0	0.0	0.0	0.0	0.0	0.0
70	70.0	0.0	0.0	0.0	0.0	0.0	0.0
80	70.0	0.0	0.0	0.0	0.0	0.0	0.0
90	70.0	0.0	0.0	0.0	0.0	0.0	0.0
100	70.0	0.0	0.0	0.0	0.0	0.0	0.0
110	70.0	0.0	0.0	0.0	0.0	0.0	0.0
120	70.0	0.0	0.0	0.0	0.0	0.0	0.0
130	70.0	0.0	0.0	0.0	0.0	0.0	0.0
140	70.0	0.0	0.0	0.0	0.0	0.0	0.0
150	70.0	0.0	0.0	0.0	0.0	0.0	0.0
160	70.0	0.0	0.0	0.0	0.0	0.0	0.0
170	70.66666666666667	0.0	0.0	0.0	0.0	0.0	0.0
180	71.0	0.0	0.0	0.0	0.0	0.0	0.0
190	71.0	0.0	0.0	0.0	0.0	0.0	0.0
200	73.0	0.0	0.0	0.0	0.0	0.0	0.0
210	85.0	0.0	0.0	0.0	0.0	0.0	0.0
220	116.33333333333333	0.0	0.0	0.0	0.0	0.0	0.0
230	155.0	0.0	0.0	0.0	0.0	0.0	0.0
240	166.66666666666666	0.0	0.0	0.0	0.0	0.0	0.0
250	328.0	0.0	0.0	0.0	0.0	0.0	0.0
260	388.3333333333333	0.0	0.0	0.0	0.0	0.0	0.0
270	132.0	0.0	0.0	0.0	0.0	0.0	0.0
280	232.66666666666666	0.0	0.0	0.0	0.0	0.0	0.0
290	137.66666666666666	0.0	0.0	0.0	0.0	0.0	0.0
300	303.3333333333333	0.0	0.0	0.0	0.0	0.0	0.0
310	146.33333333333334	0.0	0.0	0.0	0.0	0.0	0.0
320	383.0	0.0	0.0	0.0	0.0	0.0	0.0
330	292.3333333333333	0.0	0.0	0.0	0.0	0.0	0.0
340	481.6666666666667	0.0	0.0	0.0	0.0	0.0	0.0
350	764.6666666666666	0.0	0.0	0.0	0.0	0.0	0.0
360	609.6666666666666	0.0	0.0	0.0	0.0	0.0	0.0
370	778.0	0.0	0.0	0.0	0.0	0.0	0.0
380	796.6666666666666	0.0	0.0	0.0	0.0	0.0	0.0
390	984.6666666666666	0.0	0.0	0.0	0.0	0.0	0.0
400	1005.0	0.0	0.0	0.0	0.0	0.0	0.0
410	1601.1666666666667	0.0	0.0	0.0	0.0	0.0	0.0
420	2258.0	0.0	0.0	0.0	0.0	0.0	0.0
430	1832.3333333333333	0.0	0.0	0.0	0.0	0.0	0.0
440	2243.6666666666665	0.0	0.0	0.0	0.0	0.0	0.0
450	1543.3333333333333	0.0	0.0	0.0	0.0	0.0	0.0
460	1928.6666666666667	0.0	0.0	0.0	0.0	0.0	0.0
470	1960.3333333333333	0.0	0.0	0.0	0.0	0.0	0.0
480	2135.3333333333335	0.0	0.0	0.0	0.0	0.0	0.0
490	2255.5	0.0	0.0	0.0	0.0	0.0	0.0
500	2311.0	0.0	0.0	0.0	0.0	0.0	0.0
510	1930.6666666666667	0.0	0.0	0.0	0.0	0.0	0.0
520	1788.3333333333333	0.0	0.0	0.0	0.0	0.0	0.0
530	2235.0	0.0	0.0	0.0	0.0	0.0	0.0
540	2319.0	0.0	0.0	0.0	0.0	0.0	0.0
550	2234.3333333333335	0.0	0.0	0.0	0.0	0.0	0.0
560	2226.0	0.0	0.0	0.0	0.0	0.0	0.0
570	2308.3333333333335	0.0	0.0	0.0	0.0	0.0	0.0
580	2221.0	0.0	0.0	0.0	0.0	0.0	0.0
590	2254.0	0.0	0.0	0.0	0.0	0.0	0.0
600	2325.0	0.0	0.0	0.0	0.0	0.0	0.0
610	2353.0	0.0	0.0	0.0	0.0	0.0	0.0
620	2647.3333333333335	0.0	0.0	0.0	0.0	0.0	0.0
630	2529.6666666666665	0.0	0.0	0.0	0.0	0.0	0.0
640	2717.3333333333335	0.0	0.0	0.0	0.0	0.0	0.0
650	2700.6666666666665	0.0	0.0	0.0	0.0	0.0	0.0
660	2722.0	0.0	0.0	0.0	0.0	0.0	0.0
670	2478.0	0.0	0.0	0.0	0.0	0.0	0.0
680	2396.0	0.0	0.0	0.0	0.0	0.0	0.0
690	2602.0	0.0	0.0	0.0	0.0	0.0	0.0
700	2553.8333333333335	0.0	0.0	0.0	0.0	0.0	0.0
710	2418.0	0.0	0.0	0.0	0.0	0.0	0.0
720	2345.1666666666665	0.0	0.0	0.0	0.0	0.0	0.0
730	2476.1666666666665	0.0	0.0	0.0	0.0	0.0	0.0
740	2344.3333333333335	0.0	0.0	0.0	0.0	0.0	0.0
750	2769.0	0.0	0.0	0.0	0.0	0.0	0.0
760	2459.0	0.0	0.0	0.0	0.0	0.0	0.0
770	2629.5	0.0	0.0	0.0	0.0	0.0	0.0
780	2677.0	0.0	0.0	0.0	0.0	0.0	0.0
790	2766.1666666666665	0.0	0.0	0.0	0.0	0.0	0.0
800	2709.6666666666665	0.0	0.0	0.0	0.0	0.0	0.0
810	2703.8333333333335	0.0	0.0	0.0	0.0	0.0	0.0
820	2594.6666666666665	0.0	0.0	0.0	0.0	0.0	0.0
830	2478.6666666666665	0.0	0.0	0.0	0.0	0.0	0.0
840	2546.6666666666665	0.0	0.0	0.0	0.0	0.0	0.0
850	2782.0	0.0	0.0	0.0	0.0	0.0	0.0
860	2502.1666666666665	0.0	0.0	0.0	0.0	0.0	0.0
870	2802.0	0.0	0.0	0.0	0.0	0.0	0.0
880	2466.3333333333335	0.0	0.0	0.0	0.0	0.0	0.0
890	2295.5	0.0	0.0	0.0	0.0	0.0	0.0
900	2528.0	0.0	0.0	0.0	0.0	0.0	0.0
910	2479.1666666666665	0.0	0.0	0.0	0.0	0.0	0.0
920	2595.0	0.0	0.0	0.0	0.0	0.0	0.0
930	2619.3333333333335	0.0	0.0	0.0	0.0	0.0	0.0
940	2534.6666666666665	0.0	0.0	0.0	0.0	0.0	0.0
950	2048.3333333333335	0.0	0.0	0.0	0.0	0.0	0.0
960	1800.3333333333333	0.0	0.0	0.0	0.0	0.0	0.0
970	2281.3333333333335	0.0	0.0	0.0	0.0	0.0	0.0
980	2600.3333333333335	0.0	0.0	0.0	0.0	0.0	0.0
990	2515.6666666666665	0.0	0.0	0.0	0.0	0.0	0.0
1000	2497.6666666666665	0.0	0.0	0.0	0.0	0.0	0.0
