0	282.3333333333333	0.0	0.0	0.0	0.0	0.0	0.0
10	70.0	1000.0	871.0	749.0	692.0	423.0	308.0
20	70.0	0.0	0.0	0.0	0.0	0.0	0.0
30	70.0	0.0	0.0	0.0	0.0	0.0	0.0
40	70.0	0.0	0.0	0.0	0.0	0.0	0.0
50	70.0	0.0	0.0	0.0	0.0	0.0	0.0
60	70.0	0.0	0.0	0.0	0.0	0.0	0.0
70	70.0	0.0	0.0	0.0	0.0	0.0	0.0
80	70.0	0.0	0.0	0.0	0.0	0.0	0.0
90	70.0	0.0	0.0	0.0	0.0	0.0	0.0
100	70.0	0.0	0.0	0.0	0.0	0.0	0.0
110	70.0	0.0	0.0	0.0	0.0	0.0	0.0
120	70.0	0.0	0.0	0.0	0.0	0.0	0.0
130	70.0	0.0	0.0	0.0	0.0	0.0	0.0
140	70.0	0.0	0.0	0.0	0.0	0.0	0.0
150	70.0	0.0	0.0	0.0	0.0	0.0	0.0
160	70.0	0.0	0.0	0.0	0.0	0.0	0.0
170	70.0	0.0	0.0	0.0	0.0	0.0	0.0
180	70.66666666666667	0.0	0.0	0.0	0.0	0.0	0.0
190	71.0	0.0	0.0	0.0	0.0	0.0	0.0
200	70.66666666666667	0.0	0.0	0.0	0.0	0.0	0.0
210	71.0	0.0	0.0	0.0	0.0	0.0	0.0
220	70.33333333333333	0.0	0.0	0.0	0.0	0.0	0.0
230	70.33333333333333	0.0	0.0	0.0	0.0	0.0	0.0
240	78.66666666666667	0.0	0.0	0.0	0.0	0.0	0.0
250	158.66666666666666	0.0	0.0	0.0	0.0	0.0	0.0
260	168.33333333333334	0.0	0.0	0.0	0.0	0.0	0.0
270	386.6666666666667	0.0	0.0	0.0	0.0	0.0	0.0
280	357.3333333333333	0.0	0.0	0.0	0.0	0.0	0.0
290	311.3333333333333	0.0	0.0	0.0	0.0	0.0	0.0
300	156.0	0.0	0.0	0.0	0.0	0.0	0.0
310	170.0	0.0	0.0	0.0	0.0	0.0	0.0
320	146.0	0.0	0.0	0.0	0.0	0.0	0.0
330	130.0	0.0	0.0	0.0	0.0	0.0	0.0
340	146.0	0.0	0.0	0.0	0.0	0.0	0.0
350	131.0	0.0	0.0	0.0	0.0	0.0	0.0
360	168.66666666666666	0.0	0.0	0.0	0.0	0.0	0.0
370	212.33333333333334	0.0	0.0	0.0	0.0	0.0	0.0
380	372.3333333333333	0.0	0.0	0.0	0.0	0.0	0.0
390	547.0	0.0	0.0	0.0	0.0	0.0	0.0
400	1083.6666666666667	0.0	0.0	0.0	0.0	0.0	0.0
410	1104.3333333333333	0.0	0.0	0.0	0.0	0.0	0.0
420	1016.0	0.0	0.0	0.0	0.0	0.0	0.0
430	1123.3333333333333	0.0	0.0	0.0	0.0	0.0	0.0
440	1062.0	0.0	0.0	0.0	0.0	0.0	0.0
450	1711.0	0.0	0.0	0.0	0.0	0.0	0.0
460	1620.3333333333333	0.0	0.0	0.0	0.0	0.0	0.0
470	1692.0	0.0	0.0	0.0	0.0	0.0	0.0
480	1563.0	0.0	0.0	0.0	0.0	0.0	0.0
490	1578.0	0.0	0.0	0.0	0.0	0.0	0.0
500	2016.3333333333333	0.0	0.0	0.0	0.0	0.0	0.0
510	2164.0	0.0	0.0	0.0	0.0	0.0	0.0
520	2023.3333333333333	0.0	0.0	0.0	0.0	0.0	0.0
530	1969.6666666666667	0.0	0.0	0.0	0.0	0.0	0.0
540	2079.6666666666665	0.0	0.0	0.0	0.0	0.0	0.0
550	2148.0	0.0	0.0	0.0	0.0	0.0	0.0
560	2347.0	0.0	0.0	0.0	0.0	0.0	0.0
570	2311.6666666666665	0.0	0.0	0.0	0.0	0.0	0.0
580	2147.6666666666665	0.0	0.0	0.0	0.0	0.0	0.0
590	2367.6666666666665	0.0	0.0	0.0	0.0	0.0	0.0
600	2448.6666666666665	0.0	0.0	0.0	0.0	0.0	0.0
610	2525.6666666666665	0.0	0.0	0.0	0.0	0.0	0.0
620	2315.6666666666665	0.0	0.0	0.0	0.0	0.0	0.0
630	2654.8333333333335	0.0	0.0	0.0	0.0	0.0	0.0
640	2398.3333333333335	0.0	0.0	0.0	0.0	0.0	0.0
650	2394.0	0.0	0.0	0.0	0.0	0.0	0.0
660	2191.6666666666665	0.0	0.0	0.0	0.0	0.0	0.0
670	2640.8333333333335	0.0	0.0	0.0	0.0	0.0	0.0
680	2589.3333333333335	0.0	0.0	0.0	0.0	0.0	0.0
690	2063.0	0.0	0.0	0.0	0.0	0.0	0.0
700	2176.6666666666665	0.0	0.0	0.0	0.0	0.0	0.0
710	2413.5	0.0	0.0	0.0	0.0	0.0	0.0
720	2427.3333333333335	0.0	0.0	0.0	0.0	0.0	0.0
730	2648.0	0.0	0.0	0.0	0.0	0.0	0.0
740	2520.6666666666665	0.0	0.0	0.0	0.0	0.0	0.0
750	2406.1666666666665	0.0	0.0	0.0	0.0	0.0	0.0
760	2374.3333333333335	0.0	0.0	0.0	0.0	0.0	0.0
770	2653.5	0.0	0.0	0.0	0.0	0.0	0.0
780	2754.0	0.0	0.0	0.0	0.0	0.0	0.0
790	2688.0	0.0	0.0	0.0	0.0	0.0	0.0
800	2472.6666666666665	0.0	0.0	0.0	0.0	0.0	0.0
810	2656.6666666666665	0.0	0.0	0.0	0.0	0.0	0.0
820	2660.3333333333335	0.0	0.0	0.0	0.0	0.0	0.0
830	2723.3333333333335	0.0	0.0	0.0	0.0	0.0	0.0
840	2468.3333333333335	0.0	0.0	0.0	0.0	0.0	0.0
850	2575.3333333333335	0.0	0.0	0.0	0.0	0.0	0.0
860	2687.8333333333335	0.0	0.0	0.0	0.0	0.0	0.0
870	2750.6666666666665	0.0	0.0	0.0	0.0	0.0	0.0
880	2688.6666666666665	0.0	0.0	0.0	0.0	0.0	0.0
890	2747.6666666666665	0.0	0.0	0.0	0.0	0.0	0.0
900	2872.5	0.0	0.0	0.0	0.0	0.0	0.0
910	2660.3333333333335	0.0	0.0	0.0	0.0	0.0	0.0
920	2649.3333333333335	0.0	0.0	0.0	0.0	0.0	0.0
930	2473.0	0.0	0.0	0.0	0.0	0.0	0.0
940	2334.1666666666665	0.0	0.0	0.0	0.0	0.0	0.0
950	2880.8333333333335	0.0	0.0	0.0	0.0	0.0	0.0
960	2532.6666666666665	0.0	0.0	0.0	0.0	0.0	0.0
970	2538.0	0.0	0.0	0.0	0.0	0.0	0.0
980	2451.0	0.0	0.0	0.0	0.0	0.0	0.0
990	2365.3333333333335	0.0	0.0	0.0	0.0	0.0	0.0
1000	2760.0	0.0	0.0	0.0	0.0	0.0	0.0
