0	256.77777777777766	0.0
10	1964.2111111111117	1000.0
20	2041.6333333333337	0.0
30	2062.038888888888	0.0
40	2093.605555555556	0.0
50	2127.816666666667	0.0
60	2171.383333333333	0.0
70	2184.1166666666672	0.0
80	2260.388888888889	0.0
90	2274.916666666667	0.0
100	2317.5166666666673	0.0
110	2366.8055555555557	0.0
120	2362.9388888888884	0.0
130	2416.9666666666667	0.0
140	2457.211111111111	0.0
150	2553.038888888889	0.0
160	2467.022222222222	0.0
170	2528.3	0.0
180	2520.35	0.0
190	2603.2166666666662	0.0
200	2550.333333333334	0.0
210	2545.9444444444443	0.0
220	2463.6222222222223	0.0
230	2495.4333333333334	0.0
240	2492.0111111111114	0.0
250	2453.994444444445	0.0
260	2485.394444444444	0.0
270	2486.6722222222224	0.0
280	2569.9055555555556	0.0
290	2518.2944444444447	0.0
300	2592.722222222223	0.0
310	2588.8888888888882	0.0
320	2683.6722222222224	0.0
330	2652.127777777778	0.0
340	2776.4222222222215	0.0
350	2760.0722222222225	0.0
360	2910.005555555556	0.0
370	2939.6388888888887	0.0
380	2929.4500000000003	0.0
390	2892.405555555556	0.0
400	3038.733333333333	0.0
410	3149.9	0.0
420	3097.355555555556	0.0
430	3183.316666666667	0.0
440	3149.2499999999995	0.0
450	3185.3944444444437	0.0
460	3227.7000000000003	0.0
470	3267.577777777778	0.0
480	3284.8277777777776	0.0
490	3377.1388888888896	0.0
500	3310.744444444445	0.0
510	3338.266666666666	0.0
520	3387.255555555555	0.0
530	3343.1944444444453	0.0
540	3375.7222222222217	0.0
550	3342.638888888889	0.0
560	3453.2333333333327	0.0
570	3458.033333333333	0.0
580	3464.1222222222223	0.0
590	3382.7388888888895	0.0
600	3565.4666666666662	0.0
610	3489.9722222222213	0.0
620	3474.7111111111108	0.0
630	3552.1222222222223	0.0
640	3588.355555555555	0.0
650	3569.127777777778	0.0
660	3594.811111111111	0.0
670	3611.0500000000006	0.0
680	3607.616666666667	0.0
690	3666.1999999999994	0.0
700	3639.633333333333	0.0
710	3719.1833333333334	0.0
720	3745.5111111111114	0.0
730	3657.505555555555	0.0
740	3720.905555555555	0.0
750	3759.1166666666654	0.0
760	3620.95	0.0
770	3736.072222222223	0.0
780	3757.6055555555554	0.0
790	3696.111111111112	0.0
800	3722.4888888888886	0.0
810	3749.5444444444447	0.0
820	3725.688888888888	0.0
830	3702.2	0.0
840	3761.0888888888894	0.0
850	3728.377777777777	0.0
860	3735.4111111111106	0.0
870	3703.344444444446	0.0
880	3678.972222222222	0.0
890	3738.6888888888893	0.0
900	3709.7166666666667	0.0
910	3750.733333333333	0.0
920	3743.5055555555564	0.0
930	3707.5	0.0
940	3787.0833333333335	0.0
950	3785.0500000000006	0.0
960	3779.6444444444446	0.0
970	3787.6555555555547	0.0
980	3909.505555555556	0.0
990	3797.5222222222224	0.0
1000	3792.7944444444443	0.0
