0	250.33333333333334	0.0
10	1696.8333333333333	1000.0
20	1956.0	0.0
30	2095.8333333333335	0.0
40	2076.1666666666665	0.0
50	2112.3333333333335	0.0
60	2040.1666666666667	0.0
70	2269.0	0.0
80	2201.1666666666665	0.0
90	2386.1666666666665	0.0
100	2467.1666666666665	0.0
110	2336.1666666666665	0.0
120	2306.1666666666665	0.0
130	2501.3333333333335	0.0
140	2399.8333333333335	0.0
150	2402.6666666666665	0.0
160	2597.6666666666665	0.0
170	2662.0	0.0
180	2383.3333333333335	0.0
190	2719.6666666666665	0.0
200	2733.5	0.0
210	2722.5	0.0
220	2350.6666666666665	0.0
230	2751.8333333333335	0.0
240	2821.6666666666665	0.0
250	2890.8333333333335	0.0
260	2870.5	0.0
270	2355.3333333333335	0.0
280	2502.6666666666665	0.0
290	3040.0	0.0
300	2694.3333333333335	0.0
310	2395.5	0.0
320	2645.5	0.0
330	2603.6666666666665	0.0
340	2650.0	0.0
350	2673.8333333333335	0.0
360	2786.3333333333335	0.0
370	2881.1666666666665	0.0
380	2961.1666666666665	0.0
390	3208.6666666666665	0.0
400	2500.8333333333335	0.0
410	2521.5	0.0
420	2815.3333333333335	0.0
430	3188.5	0.0
440	2570.6666666666665	0.0
450	2702.5	0.0
460	2876.8333333333335	0.0
470	3070.6666666666665	0.0
480	3204.8333333333335	0.0
490	3262.0	0.0
500	3963.5	0.0
510	3152.6666666666665	0.0
520	3685.1666666666665	0.0
530	3494.6666666666665	0.0
540	3591.6666666666665	0.0
550	3210.5	0.0
560	3539.5	0.0
570	3520.8333333333335	0.0
580	3352.8333333333335	0.0
590	3239.5	0.0
600	3494.0	0.0
610	3153.3333333333335	0.0
620	3215.6666666666665	0.0
630	3848.5	0.0
640	3643.6666666666665	0.0
650	3549.6666666666665	0.0
660	2801.1666666666665	0.0
670	3819.3333333333335	0.0
680	3498.3333333333335	0.0
690	3491.0	0.0
700	3508.6666666666665	0.0
710	4123.333333333333	0.0
720	3438.8333333333335	0.0
730	3638.6666666666665	0.0
740	3527.5	0.0
750	3795.0	0.0
760	3349.1666666666665	0.0
770	4078.1666666666665	0.0
780	3441.1666666666665	0.0
790	3728.3333333333335	0.0
800	3740.0	0.0
810	3853.5	0.0
820	3677.6666666666665	0.0
830	3253.1666666666665	0.0
840	3768.3333333333335	0.0
850	3612.1666666666665	0.0
860	3917.8333333333335	0.0
870	4003.3333333333335	0.0
880	3456.5	0.0
890	3479.3333333333335	0.0
900	3978.1666666666665	0.0
910	3942.8333333333335	0.0
920	3447.0	0.0
930	3562.5	0.0
940	3544.8333333333335	0.0
950	3627.3333333333335	0.0
960	3782.5	0.0
970	3956.5	0.0
980	3813.8333333333335	0.0
990	3546.6666666666665	0.0
1000	3652.1666666666665	0.0
