0	287.0	0.0
10	2017.3333333333333	1000.0
20	2026.0	0.0
30	1875.6666666666667	0.0
40	2201.3333333333335	0.0
50	2008.8333333333333	0.0
60	2119.8333333333335	0.0
70	2120.0	0.0
80	2182.1666666666665	0.0
90	2275.8333333333335	0.0
100	2217.8333333333335	0.0
110	2489.0	0.0
120	2200.1666666666665	0.0
130	2390.5	0.0
140	2102.0	0.0
150	2394.5	0.0
160	2240.1666666666665	0.0
170	2500.5	0.0
180	2287.3333333333335	0.0
190	2482.3333333333335	0.0
200	2363.8333333333335	0.0
210	2269.5	0.0
220	2634.6666666666665	0.0
230	2503.3333333333335	0.0
240	2462.1666666666665	0.0
250	2544.1666666666665	0.0
260	2633.8333333333335	0.0
270	2686.0	0.0
280	2508.6666666666665	0.0
290	2718.1666666666665	0.0
300	2728.1666666666665	0.0
310	2885.3333333333335	0.0
320	2922.8333333333335	0.0
330	2486.3333333333335	0.0
340	2307.1666666666665	0.0
350	2471.5	0.0
360	2906.3333333333335	0.0
370	2272.5	0.0
380	2514.8333333333335	0.0
390	2626.8333333333335	0.0
400	3060.8333333333335	0.0
410	2881.8333333333335	0.0
420	2762.5	0.0
430	3140.1666666666665	0.0
440	3129.1666666666665	0.0
450	3584.5	0.0
460	2665.5	0.0
470	3246.5	0.0
480	3313.8333333333335	0.0
490	3378.8333333333335	0.0
500	3342.1666666666665	0.0
510	3514.5	0.0
520	2968.0	0.0
530	2971.8333333333335	0.0
540	3065.1666666666665	0.0
550	3216.8333333333335	0.0
560	3408.0	0.0
570	3399.6666666666665	0.0
580	3188.6666666666665	0.0
590	3291.5	0.0
600	3309.1666666666665	0.0
610	3187.0	0.0
620	3467.6666666666665	0.0
630	3854.1666666666665	0.0
640	3625.3333333333335	0.0
650	3694.1666666666665	0.0
660	3091.0	0.0
670	3666.3333333333335	0.0
680	2800.8333333333335	0.0
690	3509.5	0.0
700	3818.3333333333335	0.0
710	3814.1666666666665	0.0
720	3751.0	0.0
730	3844.1666666666665	0.0
740	3560.5	0.0
750	3582.3333333333335	0.0
760	3874.5	0.0
770	3246.0	0.0
780	3872.1666666666665	0.0
790	3607.8333333333335	0.0
800	4089.3333333333335	0.0
810	3825.8333333333335	0.0
820	3855.1666666666665	0.0
830	3617.0	0.0
840	3787.3333333333335	0.0
850	3813.1666666666665	0.0
860	3705.5	0.0
870	3594.6666666666665	0.0
880	3596.5	0.0
890	3582.5	0.0
900	3774.1666666666665	0.0
910	3959.6666666666665	0.0
920	3857.3333333333335	0.0
930	3840.3333333333335	0.0
940	3684.3333333333335	0.0
950	3603.1666666666665	0.0
960	3844.5	0.0
970	3812.6666666666665	0.0
980	3934.5	0.0
990	3699.5	0.0
1000	3691.6666666666665	0.0
