0	282.3333333333333	0.0
10	1992.0	1000.0
20	2151.3333333333335	0.0
30	2105.1666666666665	0.0
40	2023.1666666666667	0.0
50	1988.1666666666667	0.0
60	2133.0	0.0
70	2121.8333333333335	0.0
80	2384.1666666666665	0.0
90	2194.0	0.0
100	2406.6666666666665	0.0
110	2286.5	0.0
120	2548.8333333333335	0.0
130	2373.6666666666665	0.0
140	2603.0	0.0
150	2412.1666666666665	0.0
160	2422.8333333333335	0.0
170	2507.8333333333335	0.0
180	2377.1666666666665	0.0
190	2668.6666666666665	0.0
200	2724.5	0.0
210	2698.3333333333335	0.0
220	2463.1666666666665	0.0
230	2002.5	0.0
240	2064.1666666666665	0.0
250	2084.1666666666665	0.0
260	2043.3333333333333	0.0
270	2621.0	0.0
280	2315.1666666666665	0.0
290	2428.8333333333335	0.0
300	2489.1666666666665	0.0
310	2655.6666666666665	0.0
320	2550.0	0.0
330	2797.6666666666665	0.0
340	2718.5	0.0
350	2793.3333333333335	0.0
360	2480.5	0.0
370	2925.3333333333335	0.0
380	3205.8333333333335	0.0
390	3051.8333333333335	0.0
400	2829.0	0.0
410	3576.8333333333335	0.0
420	3268.8333333333335	0.0
430	2919.5	0.0
440	3288.6666666666665	0.0
450	3207.3333333333335	0.0
460	3175.8333333333335	0.0
470	2856.8333333333335	0.0
480	3147.0	0.0
490	3434.0	0.0
500	3027.0	0.0
510	3367.3333333333335	0.0
520	3282.6666666666665	0.0
530	3275.3333333333335	0.0
540	3322.5	0.0
550	3133.6666666666665	0.0
560	3553.5	0.0
570	3489.0	0.0
580	3328.1666666666665	0.0
590	3395.5	0.0
600	3779.3333333333335	0.0
610	3460.6666666666665	0.0
620	3248.1666666666665	0.0
630	3101.5	0.0
640	2970.0	0.0
650	3629.6666666666665	0.0
660	3610.5	0.0
670	3455.5	0.0
680	3583.0	0.0
690	3738.1666666666665	0.0
700	3496.3333333333335	0.0
710	3812.1666666666665	0.0
720	3980.0	0.0
730	3808.3333333333335	0.0
740	3900.5	0.0
750	3914.5	0.0
760	3670.5	0.0
770	3922.5	0.0
780	3852.1666666666665	0.0
790	3796.6666666666665	0.0
800	3839.5	0.0
810	3625.3333333333335	0.0
820	3895.6666666666665	0.0
830	3748.1666666666665	0.0
840	3806.0	0.0
850	3834.0	0.0
860	3907.6666666666665	0.0
870	3730.0	0.0
880	3990.5	0.0
890	3598.8333333333335	0.0
900	3894.5	0.0
910	3823.8333333333335	0.0
920	4031.5	0.0
930	3783.8333333333335	0.0
940	3742.3333333333335	0.0
950	3944.5	0.0
960	4249.666666666667	0.0
970	3463.8333333333335	0.0
980	4054.0	0.0
990	3773.1666666666665	0.0
1000	3837.8333333333335	0.0
