0	256.74444444444447	0.0
10	101.32222222222222	1000.0
20	81.93333333333334	0.0
30	77.95555555555555	0.0
40	76.14444444444443	0.0
50	75.92222222222223	0.0
60	74.9	0.0
70	74.43333333333334	0.0
80	74.12222222222222	0.0
90	74.18888888888888	0.0
100	73.95555555555555	0.0
110	91.87777777777778	0.0
120	103.01111111111109	0.0
130	104.62222222222222	0.0
140	110.41111111111108	0.0
150	104.67777777777776	0.0
160	114.25555555555556	0.0
170	145.5333333333333	0.0
180	154.66666666666666	0.0
190	186.68888888888887	0.0
200	188.59999999999997	0.0
210	190.0	0.0
220	220.96666666666667	0.0
230	252.30000000000007	0.0
240	313.4666666666666	0.0
250	341.87222222222226	0.0
260	383.13333333333327	0.0
270	409.44444444444446	0.0
280	460.61111111111114	0.0
290	444.2555555555556	0.0
300	444.28333333333336	0.0
310	488.14444444444445	0.0
320	535.2666666666667	0.0
330	597.9777777777778	0.0
340	666.2166666666668	0.0
350	720.5944444444445	0.0
360	799.7333333333331	0.0
370	867.2333333333333	0.0
380	955.5777777777778	0.0
390	1073.5666666666666	0.0
400	1172.2888888888888	0.0
410	1264.627777777778	0.0
420	1318.9333333333338	0.0
430	1348.1555555555558	0.0
440	1494.0000000000002	0.0
450	1501.5722222222223	0.0
460	1632.711111111111	0.0
470	1682.2000000000003	0.0
480	1732.9833333333333	0.0
490	1785.477777777778	0.0
500	1856.3888888888894	0.0
510	1908.2277777777779	0.0
520	1995.9888888888886	0.0
530	2058.072222222222	0.0
540	2014.3611111111115	0.0
550	2115.883333333333	0.0
560	2076.4	0.0
570	2144.7277777777776	0.0
580	2168.2500000000005	0.0
590	2226.3	0.0
600	2231.8666666666672	0.0
610	2267.6	0.0
620	2233.6833333333334	0.0
630	2329.283333333333	0.0
640	2381.2833333333333	0.0
650	2346.244444444445	0.0
660	2400.4222222222224	0.0
670	2376.838888888889	0.0
680	2424.9333333333334	0.0
690	2437.488888888889	0.0
700	2433.2222222222217	0.0
710	2436.8777777777777	0.0
720	2448.683333333334	0.0
730	2440.416666666666	0.0
740	2518.516666666667	0.0
750	2552.3944444444446	0.0
760	2516.7388888888886	0.0
770	2460.7166666666662	0.0
780	2485.0555555555557	0.0
790	2478.5388888888897	0.0
800	2456.0	0.0
810	2557.327777777778	0.0
820	2514.8000000000006	0.0
830	2465.5	0.0
840	2508.988888888889	0.0
850	2505.4999999999995	0.0
860	2467.3388888888885	0.0
870	2492.166666666667	0.0
880	2574.916666666666	0.0
890	2573.711111111111	0.0
900	2486.927777777778	0.0
910	2464.988888888889	0.0
920	2456.244444444444	0.0
930	2510.8333333333335	0.0
940	2450.633333333333	0.0
950	2387.383333333333	0.0
960	2405.1777777777775	0.0
970	2304.85	0.0
980	2310.35	0.0
990	2287.716666666667	0.0
1000	2308.561111111111	0.0
