0	238.33333333333334	0.0
10	70.0	1000.0
20	70.0	0.0
30	70.0	0.0
40	70.0	0.0
50	70.0	0.0
60	70.0	0.0
70	70.0	0.0
80	70.0	0.0
90	70.0	0.0
100	70.0	0.0
110	70.0	0.0
120	70.0	0.0
130	70.0	0.0
140	70.0	0.0
150	70.0	0.0
160	70.0	0.0
170	71.0	0.0
180	70.33333333333333	0.0
190	73.0	0.0
200	77.33333333333333	0.0
210	89.0	0.0
220	87.33333333333333	0.0
230	404.6666666666667	0.0
240	491.0	0.0
250	344.0	0.0
260	174.66666666666666	0.0
270	171.33333333333334	0.0
280	170.33333333333334	0.0
290	154.66666666666666	0.0
300	130.0	0.0
310	261.0	0.0
320	643.6666666666666	0.0
330	617.6666666666666	0.0
340	589.6666666666666	0.0
350	904.0	0.0
360	940.0	0.0
370	1030.0	0.0
380	1069.6666666666667	0.0
390	1262.0	0.0
400	1342.3333333333333	0.0
410	1324.3333333333333	0.0
420	2015.3333333333333	0.0
430	1946.6666666666667	0.0
440	2362.3333333333335	0.0
450	1862.3333333333333	0.0
460	2091.3333333333335	0.0
470	2049.6666666666665	0.0
480	2166.0	0.0
490	2339.3333333333335	0.0
500	2135.8333333333335	0.0
510	2017.0	0.0
520	2505.0	0.0
530	2485.6666666666665	0.0
540	2443.1666666666665	0.0
550	2340.3333333333335	0.0
560	2321.5	0.0
570	2172.3333333333335	0.0
580	2416.0	0.0
590	2126.1666666666665	0.0
600	2512.0	0.0
610	2441.1666666666665	0.0
620	2363.0	0.0
630	2436.1666666666665	0.0
640	2607.3333333333335	0.0
650	2523.8333333333335	0.0
660	2472.6666666666665	0.0
670	2482.1666666666665	0.0
680	2589.3333333333335	0.0
690	2547.8333333333335	0.0
700	2742.0	0.0
710	2704.5	0.0
720	2511.1666666666665	0.0
730	2511.3333333333335	0.0
740	2638.6666666666665	0.0
750	2457.6666666666665	0.0
760	2515.0	0.0
770	2645.0	0.0
780	2597.6666666666665	0.0
790	2491.1666666666665	0.0
800	2640.8333333333335	0.0
810	2555.1666666666665	0.0
820	2399.3333333333335	0.0
830	2408.3333333333335	0.0
840	2398.3333333333335	0.0
850	2473.0	0.0
860	2530.5	0.0
870	2656.1666666666665	0.0
880	2564.3333333333335	0.0
890	2380.0	0.0
900	2652.0	0.0
910	2600.1666666666665	0.0
920	1995.3333333333333	0.0
930	2239.1666666666665	0.0
940	1685.6666666666667	0.0
950	2026.5	0.0
960	2720.6666666666665	0.0
970	2194.0	0.0
980	1743.0	0.0
990	2619.3333333333335	0.0
1000	2490.8333333333335	0.0
