0	259.3333333333333	0.0
10	70.0	1000.0
20	70.0	0.0
30	70.0	0.0
40	70.0	0.0
50	70.0	0.0
60	70.0	0.0
70	70.0	0.0
80	70.0	0.0
90	70.0	0.0
100	70.0	0.0
110	70.0	0.0
120	70.0	0.0
130	70.0	0.0
140	70.33333333333333	0.0
150	70.0	0.0
160	70.0	0.0
170	70.66666666666667	0.0
180	71.0	0.0
190	70.66666666666667	0.0
200	71.66666666666667	0.0
210	70.0	0.0
220	71.0	0.0
230	97.0	0.0
240	161.33333333333334	0.0
250	406.0	0.0
260	104.0	0.0
270	293.0	0.0
280	305.0	0.0
290	178.33333333333334	0.0
300	264.6666666666667	0.0
310	155.0	0.0
320	165.0	0.0
330	263.6666666666667	0.0
340	162.0	0.0
350	193.33333333333334	0.0
360	154.0	0.0
370	241.33333333333334	0.0
380	146.0	0.0
390	372.0	0.0
400	364.6666666666667	0.0
410	382.0	0.0
420	336.6666666666667	0.0
430	279.0	0.0
440	234.0	0.0
450	351.6666666666667	0.0
460	590.3333333333334	0.0
470	299.6666666666667	0.0
480	484.3333333333333	0.0
490	415.0	0.0
500	479.0	0.0
510	553.3333333333334	0.0
520	810.0	0.0
530	827.1666666666666	0.0
540	783.3333333333334	0.0
550	677.0	0.0
560	651.6666666666666	0.0
570	864.0	0.0
580	868.6666666666666	0.0
590	889.5	0.0
600	998.1666666666666	0.0
610	1332.8333333333333	0.0
620	1710.6666666666667	0.0
630	2045.0	0.0
640	2123.0	0.0
650	2159.1666666666665	0.0
660	1402.3333333333333	0.0
670	970.0	0.0
680	1397.0	0.0
690	1994.5	0.0
700	1946.3333333333333	0.0
710	1593.1666666666667	0.0
720	1446.8333333333333	0.0
730	1979.5	0.0
740	2323.1666666666665	0.0
750	2506.3333333333335	0.0
760	2576.8333333333335	0.0
770	2421.1666666666665	0.0
780	2271.3333333333335	0.0
790	2285.0	0.0
800	2369.0	0.0
810	2824.1666666666665	0.0
820	2557.0	0.0
830	2614.8333333333335	0.0
840	2558.1666666666665	0.0
850	2718.8333333333335	0.0
860	2506.8333333333335	0.0
870	2466.3333333333335	0.0
880	2659.5	0.0
890	2368.3333333333335	0.0
900	2665.8333333333335	0.0
910	2340.6666666666665	0.0
920	2638.6666666666665	0.0
930	2432.8333333333335	0.0
940	2823.6666666666665	0.0
950	1937.8333333333333	0.0
960	2758.5	0.0
970	2653.0	0.0
980	2519.5	0.0
990	2568.6666666666665	0.0
1000	2838.0	0.0
