0	242.66666666666666	0.0
10	2016.0	62.0
20	2008.5	112.0
30	1928.3333333333333	108.0
40	2125.5	97.0
50	2434.3333333333335	19.0
60	2548.1666666666665	86.0
70	2113.6666666666665	79.0
80	2831.0	95.0
90	2863.8333333333335	52.0
100	2170.0	60.0
110	2841.5	26.0
120	2827.8333333333335	32.0
130	2365.8333333333335	13.0
140	3049.3333333333335	20.0
150	2671.8333333333335	15.0
160	2579.1666666666665	54.0
170	2871.0	21.0
180	2868.6666666666665	31.0
190	3253.8333333333335	18.0
200	3044.1666666666665	0.0
210	3045.8333333333335	0.0
220	3023.1666666666665	0.0
230	3708.3333333333335	0.0
240	3184.0	0.0
250	3283.5	0.0
260	3595.5	0.0
270	3808.0	0.0
280	3246.8333333333335	0.0
290	3371.5	0.0
300	3819.6666666666665	0.0
310	3869.1666666666665	0.0
320	3571.1666666666665	0.0
330	3903.3333333333335	0.0
340	3174.8333333333335	0.0
350	3764.0	0.0
360	3797.1666666666665	0.0
370	3682.3333333333335	0.0
380	3643.1666666666665	0.0
390	3644.5	0.0
400	3190.6666666666665	0.0
410	3789.6666666666665	0.0
420	3595.0	0.0
430	3403.0	0.0
440	3935.5	0.0
450	3945.3333333333335	0.0
460	4030.3333333333335	0.0
470	4067.8333333333335	0.0
480	3667.6666666666665	0.0
490	3544.3333333333335	0.0
500	4088.3333333333335	0.0
510	3778.0	0.0
520	3875.3333333333335	0.0
530	3852.6666666666665	0.0
540	3723.8333333333335	0.0
550	3753.6666666666665	0.0
560	3495.3333333333335	0.0
570	3622.5	0.0
580	4001.3333333333335	0.0
590	3628.1666666666665	0.0
600	3699.6666666666665	0.0
610	3851.1666666666665	0.0
620	3565.1666666666665	0.0
630	3715.5	0.0
640	3803.5	0.0
650	4104.333333333333	0.0
660	3543.1666666666665	0.0
670	3761.3333333333335	0.0
680	3765.6666666666665	0.0
690	3699.6666666666665	0.0
700	3777.5	0.0
710	3626.6666666666665	0.0
720	3354.8333333333335	0.0
730	3997.8333333333335	0.0
740	4024.6666666666665	0.0
750	3762.5	0.0
760	3507.5	0.0
770	3631.5	0.0
780	3635.0	0.0
790	3651.3333333333335	0.0
800	3746.1666666666665	0.0
810	3909.1666666666665	0.0
820	3739.8333333333335	0.0
830	3893.6666666666665	0.0
840	4034.3333333333335	0.0
850	3827.0	0.0
860	3572.1666666666665	0.0
870	3677.1666666666665	0.0
880	3804.6666666666665	0.0
890	3706.0	0.0
900	3647.3333333333335	0.0
910	3699.1666666666665	0.0
920	3929.6666666666665	0.0
930	4010.3333333333335	0.0
940	3610.5	0.0
950	3816.1666666666665	0.0
960	3824.6666666666665	0.0
970	3796.0	0.0
980	3703.8333333333335	0.0
990	3659.0	0.0
1000	3722.6666666666665	0.0
