0	248.66666666666666	0.0
10	2035.5	63.0
20	1972.1666666666667	150.0
30	2149.3333333333335	13.0
40	1997.0	26.0
50	2049.6666666666665	102.0
60	2201.6666666666665	94.0
70	2404.3333333333335	37.0
80	2400.3333333333335	83.0
90	2705.3333333333335	87.0
100	3021.0	65.0
110	2462.1666666666665	37.0
120	2522.5	43.0
130	2908.1666666666665	43.0
140	2478.1666666666665	33.0
150	2874.8333333333335	31.0
160	2544.3333333333335	25.0
170	3254.0	36.0
180	2664.6666666666665	6.0
190	3506.3333333333335	24.0
200	3232.0	2.0
210	3442.5	0.0
220	3044.0	0.0
230	3184.3333333333335	0.0
240	3166.1666666666665	0.0
250	3559.5	0.0
260	3556.5	0.0
270	3258.8333333333335	0.0
280	3403.6666666666665	0.0
290	3230.3333333333335	0.0
300	3818.5	0.0
310	3583.6666666666665	0.0
320	3551.0	0.0
330	3389.1666666666665	0.0
340	3607.6666666666665	0.0
350	3623.5	0.0
360	3417.1666666666665	0.0
370	3670.3333333333335	0.0
380	3559.6666666666665	0.0
390	3816.1666666666665	0.0
400	3508.0	0.0
410	3686.3333333333335	0.0
420	3892.6666666666665	0.0
430	4159.0	0.0
440	3562.8333333333335	0.0
450	3688.8333333333335	0.0
460	3451.1666666666665	0.0
470	3442.1666666666665	0.0
480	3627.5	0.0
490	3914.0	0.0
500	3700.5	0.0
510	3932.6666666666665	0.0
520	3787.0	0.0
530	3420.1666666666665	0.0
540	3372.5	0.0
550	3859.3333333333335	0.0
560	3753.8333333333335	0.0
570	3519.0	0.0
580	3794.3333333333335	0.0
590	3797.8333333333335	0.0
600	3616.0	0.0
610	3645.1666666666665	0.0
620	3978.8333333333335	0.0
630	3630.5	0.0
640	4063.6666666666665	0.0
650	3937.3333333333335	0.0
660	3509.3333333333335	0.0
670	3649.8333333333335	0.0
680	3883.3333333333335	0.0
690	3892.3333333333335	0.0
700	3614.0	0.0
710	3892.6666666666665	0.0
720	3924.5	0.0
730	3925.6666666666665	0.0
740	3652.3333333333335	0.0
750	3805.8333333333335	0.0
760	3371.0	0.0
770	3727.1666666666665	0.0
780	3492.6666666666665	0.0
790	3501.5	0.0
800	3777.0	0.0
810	3999.3333333333335	0.0
820	3969.8333333333335	0.0
830	3845.6666666666665	0.0
840	3825.3333333333335	0.0
850	3839.0	0.0
860	3740.5	0.0
870	3742.6666666666665	0.0
880	3525.6666666666665	0.0
890	3814.0	0.0
900	4081.6666666666665	0.0
910	3950.5	0.0
920	4074.6666666666665	0.0
930	3854.5	0.0
940	3671.3333333333335	0.0
950	3331.1666666666665	0.0
960	3709.3333333333335	0.0
970	3854.6666666666665	0.0
980	3770.3333333333335	0.0
990	3756.6666666666665	0.0
1000	3735.6666666666665	0.0
