0	270.3333333333333	0.0
10	1969.8333333333333	51.0
20	2130.1666666666665	67.0
30	2111.1666666666665	114.0
40	1979.1666666666667	57.0
50	2048.3333333333335	157.0
60	2066.8333333333335	129.0
70	2243.5	85.0
80	2206.3333333333335	87.0
90	2285.8333333333335	172.0
100	2380.3333333333335	81.0
110	2161.6666666666665	0.0
120	2377.6666666666665	0.0
130	2252.6666666666665	0.0
140	2324.3333333333335	0.0
150	2321.1666666666665	0.0
160	2267.8333333333335	0.0
170	2320.8333333333335	0.0
180	2466.0	0.0
190	2571.3333333333335	0.0
200	2419.3333333333335	0.0
210	2611.8333333333335	0.0
220	2545.8333333333335	0.0
230	2453.1666666666665	0.0
240	2352.1666666666665	0.0
250	2101.8333333333335	0.0
260	2253.6666666666665	0.0
270	2700.5	0.0
280	2559.1666666666665	0.0
290	2331.3333333333335	0.0
300	2471.8333333333335	0.0
310	2497.3333333333335	0.0
320	2555.5	0.0
330	2528.0	0.0
340	2532.3333333333335	0.0
350	2676.0	0.0
360	2688.6666666666665	0.0
370	2859.5	0.0
380	2492.3333333333335	0.0
390	2711.8333333333335	0.0
400	2748.1666666666665	0.0
410	2750.8333333333335	0.0
420	2765.8333333333335	0.0
430	2744.3333333333335	0.0
440	2599.8333333333335	0.0
450	2438.8333333333335	0.0
460	2692.8333333333335	0.0
470	2593.6666666666665	0.0
480	2730.5	0.0
490	2947.3333333333335	0.0
500	2639.1666666666665	0.0
510	2801.6666666666665	0.0
520	2704.1666666666665	0.0
530	2805.5	0.0
540	2774.3333333333335	0.0
550	2827.5	0.0
560	2947.1666666666665	0.0
570	2894.6666666666665	0.0
580	2881.0	0.0
590	2897.5	0.0
600	3012.1666666666665	0.0
610	3096.1666666666665	0.0
620	2847.1666666666665	0.0
630	2736.3333333333335	0.0
640	2770.0	0.0
650	3034.5	0.0
660	2953.0	0.0
670	2941.1666666666665	0.0
680	3050.6666666666665	0.0
690	2687.3333333333335	0.0
700	2982.3333333333335	0.0
710	3181.8333333333335	0.0
720	2990.3333333333335	0.0
730	3031.0	0.0
740	2574.5	0.0
750	2967.5	0.0
760	3113.8333333333335	0.0
770	2971.1666666666665	0.0
780	2984.5	0.0
790	2914.8333333333335	0.0
800	2950.6666666666665	0.0
810	2869.3333333333335	0.0
820	3150.5	0.0
830	3091.0	0.0
840	2877.6666666666665	0.0
850	3458.5	0.0
860	3313.8333333333335	0.0
870	2763.3333333333335	0.0
880	3103.3333333333335	0.0
890	3122.0	0.0
900	3103.0	0.0
910	3030.0	0.0
920	3110.1666666666665	0.0
930	2854.5	0.0
940	3098.8333333333335	0.0
950	3033.5	0.0
960	2973.1666666666665	0.0
970	3076.6666666666665	0.0
980	3064.0	0.0
990	3076.6666666666665	0.0
1000	3134.1666666666665	0.0
