0	286.6666666666667	0.0
10	1997.1666666666667	107.0
20	1911.3333333333333	72.0
30	1921.3333333333333	106.0
40	2142.6666666666665	79.0
50	2068.5	122.0
60	2116.1666666666665	180.0
70	2169.3333333333335	64.0
80	2099.0	57.0
90	1985.5	62.0
100	1985.3333333333333	111.0
110	2118.0	40.0
120	2112.3333333333335	0.0
130	2113.6666666666665	0.0
140	2160.0	0.0
150	2329.1666666666665	0.0
160	2365.3333333333335	0.0
170	2352.0	0.0
180	2437.5	0.0
190	2338.1666666666665	0.0
200	2386.6666666666665	0.0
210	2415.8333333333335	0.0
220	2273.5	0.0
230	2474.0	0.0
240	2378.3333333333335	0.0
250	2482.3333333333335	0.0
260	2610.5	0.0
270	2432.0	0.0
280	2594.5	0.0
290	2486.3333333333335	0.0
300	2617.5	0.0
310	2451.3333333333335	0.0
320	2595.3333333333335	0.0
330	2784.5	0.0
340	2589.3333333333335	0.0
350	2650.8333333333335	0.0
360	2898.6666666666665	0.0
370	2836.1666666666665	0.0
380	2853.3333333333335	0.0
390	2614.3333333333335	0.0
400	2783.3333333333335	0.0
410	2876.3333333333335	0.0
420	2442.5	0.0
430	2686.3333333333335	0.0
440	2772.3333333333335	0.0
450	2697.6666666666665	0.0
460	2754.6666666666665	0.0
470	2938.1666666666665	0.0
480	2909.0	0.0
490	2725.6666666666665	0.0
500	2744.6666666666665	0.0
510	3021.3333333333335	0.0
520	2819.1666666666665	0.0
530	2857.6666666666665	0.0
540	2808.1666666666665	0.0
550	2791.8333333333335	0.0
560	2916.6666666666665	0.0
570	2884.6666666666665	0.0
580	2918.5	0.0
590	2960.3333333333335	0.0
600	2863.6666666666665	0.0
610	2675.8333333333335	0.0
620	2778.8333333333335	0.0
630	3074.1666666666665	0.0
640	2988.8333333333335	0.0
650	2741.8333333333335	0.0
660	2634.3333333333335	0.0
670	2869.1666666666665	0.0
680	2822.8333333333335	0.0
690	2783.8333333333335	0.0
700	2943.6666666666665	0.0
710	2753.6666666666665	0.0
720	2697.1666666666665	0.0
730	3060.6666666666665	0.0
740	3006.3333333333335	0.0
750	2961.6666666666665	0.0
760	2949.0	0.0
770	2914.3333333333335	0.0
780	2975.6666666666665	0.0
790	2859.0	0.0
800	2975.8333333333335	0.0
810	2909.0	0.0
820	2791.0	0.0
830	2974.3333333333335	0.0
840	3091.1666666666665	0.0
850	3072.6666666666665	0.0
860	2982.1666666666665	0.0
870	2804.0	0.0
880	3138.8333333333335	0.0
890	2799.6666666666665	0.0
900	2699.8333333333335	0.0
910	3126.5	0.0
920	2981.1666666666665	0.0
930	3129.6666666666665	0.0
940	3158.0	0.0
950	3088.0	0.0
960	2997.0	0.0
970	2971.5	0.0
980	3112.3333333333335	0.0
990	3123.0	0.0
1000	3022.0	0.0
