0	249.33333333333334	0.0
10	2013.3333333333333	120.0
20	1951.8333333333333	141.0
30	2099.6666666666665	64.0
40	2065.0	49.0
50	2131.3333333333335	58.0
60	2072.0	100.0
70	2132.1666666666665	115.0
80	2074.6666666666665	45.0
90	2112.3333333333335	85.0
100	2279.0	65.0
110	1982.3333333333333	158.0
120	2392.1666666666665	0.0
130	2418.8333333333335	0.0
140	2425.8333333333335	0.0
150	2222.1666666666665	0.0
160	2395.0	0.0
170	2341.0	0.0
180	2476.0	0.0
190	2347.1666666666665	0.0
200	2344.0	0.0
210	2312.0	0.0
220	2369.5	0.0
230	2484.0	0.0
240	2397.0	0.0
250	2266.3333333333335	0.0
260	2330.6666666666665	0.0
270	2361.6666666666665	0.0
280	2369.5	0.0
290	2659.6666666666665	0.0
300	2620.0	0.0
310	2618.5	0.0
320	2476.1666666666665	0.0
330	2711.0	0.0
340	2456.6666666666665	0.0
350	2540.3333333333335	0.0
360	2504.6666666666665	0.0
370	2645.3333333333335	0.0
380	2672.5	0.0
390	2666.5	0.0
400	2845.6666666666665	0.0
410	2416.8333333333335	0.0
420	2832.3333333333335	0.0
430	2925.3333333333335	0.0
440	2763.1666666666665	0.0
450	2774.1666666666665	0.0
460	2972.3333333333335	0.0
470	2956.5	0.0
480	2515.6666666666665	0.0
490	2699.0	0.0
500	2800.0	0.0
510	2939.8333333333335	0.0
520	2566.0	0.0
530	2669.3333333333335	0.0
540	2809.0	0.0
550	2972.5	0.0
560	2689.6666666666665	0.0
570	2962.8333333333335	0.0
580	2921.1666666666665	0.0
590	2585.1666666666665	0.0
600	2774.0	0.0
610	2700.8333333333335	0.0
620	3057.0	0.0
630	2640.8333333333335	0.0
640	2891.3333333333335	0.0
650	2944.5	0.0
660	3033.1666666666665	0.0
670	2971.5	0.0
680	2752.6666666666665	0.0
690	2854.3333333333335	0.0
700	2668.8333333333335	0.0
710	3041.5	0.0
720	2687.3333333333335	0.0
730	2911.6666666666665	0.0
740	2992.0	0.0
750	2881.6666666666665	0.0
760	3147.0	0.0
770	2660.3333333333335	0.0
780	2776.0	0.0
790	2549.0	0.0
800	2818.3333333333335	0.0
810	3094.0	0.0
820	2738.5	0.0
830	3068.1666666666665	0.0
840	2940.3333333333335	0.0
850	3174.6666666666665	0.0
860	2813.3333333333335	0.0
870	2852.0	0.0
880	3010.6666666666665	0.0
890	3174.6666666666665	0.0
900	3000.8333333333335	0.0
910	2880.1666666666665	0.0
920	2851.8333333333335	0.0
930	2803.5	0.0
940	2997.3333333333335	0.0
950	2865.0	0.0
960	3262.0	0.0
970	3373.5	0.0
980	3264.5	0.0
990	2831.3333333333335	0.0
1000	3180.5	0.0
