0	255.33333333333334	0.0
10	1885.8333333333333	1000.0
20	1942.5	0.0
30	2161.1666666666665	0.0
40	2188.8333333333335	0.0
50	2026.6666666666667	0.0
60	2072.5	0.0
70	2044.8333333333333	0.0
80	2151.8333333333335	0.0
90	1961.8333333333333	0.0
100	2293.8333333333335	0.0
110	2084.6666666666665	0.0
120	2153.5	0.0
130	2227.3333333333335	0.0
140	2360.5	0.0
150	2271.1666666666665	0.0
160	2324.1666666666665	0.0
170	2522.3333333333335	0.0
180	2262.3333333333335	0.0
190	2357.3333333333335	0.0
200	2237.3333333333335	0.0
210	2051.8333333333335	0.0
220	2394.0	0.0
230	2248.5	0.0
240	2365.5	0.0
250	2287.8333333333335	0.0
260	2321.8333333333335	0.0
270	2572.1666666666665	0.0
280	2385.5	0.0
290	2370.8333333333335	0.0
300	2329.5	0.0
310	2406.8333333333335	0.0
320	2288.8333333333335	0.0
330	2509.3333333333335	0.0
340	1984.6666666666667	0.0
350	2637.8333333333335	0.0
360	2505.8333333333335	0.0
370	2401.0	0.0
380	2707.5	0.0
390	2679.1666666666665	0.0
400	2903.0	0.0
410	2756.1666666666665	0.0
420	2608.8333333333335	0.0
430	2738.5	0.0
440	2654.0	0.0
450	2836.5	0.0
460	2631.6666666666665	0.0
470	2536.0	0.0
480	2669.3333333333335	0.0
490	2695.3333333333335	0.0
500	2797.1666666666665	0.0
510	2623.8333333333335	0.0
520	2751.8333333333335	0.0
530	2583.6666666666665	0.0
540	2706.8333333333335	0.0
550	2795.6666666666665	0.0
560	2571.3333333333335	0.0
570	2655.1666666666665	0.0
580	2641.5	0.0
590	2601.0	0.0
600	2743.0	0.0
610	2532.6666666666665	0.0
620	2766.1666666666665	0.0
630	2761.6666666666665	0.0
640	2551.6666666666665	0.0
650	2704.3333333333335	0.0
660	2732.1666666666665	0.0
670	2897.3333333333335	0.0
680	2367.0	0.0
690	2757.3333333333335	0.0
700	2567.3333333333335	0.0
710	2930.0	0.0
720	2878.1666666666665	0.0
730	2606.0	0.0
740	2774.1666666666665	0.0
750	2926.8333333333335	0.0
760	2863.0	0.0
770	3021.0	0.0
780	2714.8333333333335	0.0
790	2747.3333333333335	0.0
800	2790.0	0.0
810	2969.3333333333335	0.0
820	2822.0	0.0
830	2812.1666666666665	0.0
840	3103.3333333333335	0.0
850	2757.3333333333335	0.0
860	2935.5	0.0
870	2923.1666666666665	0.0
880	2677.5	0.0
890	2605.8333333333335	0.0
900	2972.0	0.0
910	2865.0	0.0
920	2838.5	0.0
930	3074.3333333333335	0.0
940	2635.3333333333335	0.0
950	3042.1666666666665	0.0
960	2865.3333333333335	0.0
970	2962.6666666666665	0.0
980	3149.8333333333335	0.0
990	2852.1666666666665	0.0
1000	3035.1666666666665	0.0
