0	287.3333333333333	0.0
10	1995.5	1000.0
20	2063.1666666666665	0.0
30	2046.0	0.0
40	2082.8333333333335	0.0
50	2272.0	0.0
60	1879.0	0.0
70	2095.5	0.0
80	2069.8333333333335	0.0
90	2102.8333333333335	0.0
100	2010.6666666666667	0.0
110	2002.6666666666667	0.0
120	2211.3333333333335	0.0
130	2172.3333333333335	0.0
140	1820.0	0.0
150	2049.8333333333335	0.0
160	2169.6666666666665	0.0
170	2347.3333333333335	0.0
180	2298.1666666666665	0.0
190	2091.0	0.0
200	2385.0	0.0
210	2379.1666666666665	0.0
220	2470.0	0.0
230	2402.1666666666665	0.0
240	2415.1666666666665	0.0
250	2226.6666666666665	0.0
260	2437.6666666666665	0.0
270	2397.3333333333335	0.0
280	2770.5	0.0
290	2531.8333333333335	0.0
300	2577.8333333333335	0.0
310	2575.6666666666665	0.0
320	2345.8333333333335	0.0
330	2633.0	0.0
340	2765.3333333333335	0.0
350	2642.8333333333335	0.0
360	2872.8333333333335	0.0
370	2437.6666666666665	0.0
380	2571.6666666666665	0.0
390	2569.5	0.0
400	2669.5	0.0
410	2591.6666666666665	0.0
420	2352.3333333333335	0.0
430	2536.0	0.0
440	2614.6666666666665	0.0
450	2804.0	0.0
460	2852.6666666666665	0.0
470	2542.0	0.0
480	2653.3333333333335	0.0
490	2560.0	0.0
500	2812.1666666666665	0.0
510	2463.8333333333335	0.0
520	2707.6666666666665	0.0
530	2710.0	0.0
540	2821.8333333333335	0.0
550	2789.8333333333335	0.0
560	2773.5	0.0
570	2399.1666666666665	0.0
580	2694.0	0.0
590	2672.5	0.0
600	2885.3333333333335	0.0
610	2554.0	0.0
620	2889.6666666666665	0.0
630	2653.5	0.0
640	3086.3333333333335	0.0
650	2937.3333333333335	0.0
660	2906.3333333333335	0.0
670	2592.6666666666665	0.0
680	2844.6666666666665	0.0
690	2528.6666666666665	0.0
700	2558.5	0.0
710	2440.5	0.0
720	2999.6666666666665	0.0
730	2640.3333333333335	0.0
740	2746.5	0.0
750	2963.0	0.0
760	2729.6666666666665	0.0
770	2715.0	0.0
780	2518.1666666666665	0.0
790	2761.0	0.0
800	2464.3333333333335	0.0
810	2720.0	0.0
820	2692.0	0.0
830	2584.8333333333335	0.0
840	2898.3333333333335	0.0
850	2699.1666666666665	0.0
860	2735.6666666666665	0.0
870	2655.3333333333335	0.0
880	2678.0	0.0
890	2796.6666666666665	0.0
900	2752.8333333333335	0.0
910	2792.5	0.0
920	2767.6666666666665	0.0
930	2763.0	0.0
940	2876.5	0.0
950	2844.5	0.0
960	2662.0	0.0
970	3087.5	0.0
980	2924.5	0.0
990	2536.0	0.0
1000	2779.5	0.0
