0	243.33333333333334	0.0
10	2196.8333333333335	1000.0
20	2136.3333333333335	0.0
30	2087.3333333333335	0.0
40	2133.5	0.0
50	1889.5	0.0
60	2042.0	0.0
70	2113.8333333333335	0.0
80	2083.3333333333335	0.0
90	2066.0	0.0
100	2157.0	0.0
110	2233.8333333333335	0.0
120	1969.8333333333333	0.0
130	2002.3333333333333	0.0
140	2165.3333333333335	0.0
150	2180.3333333333335	0.0
160	2001.1666666666667	0.0
170	2074.3333333333335	0.0
180	2030.1666666666667	0.0
190	2154.6666666666665	0.0
200	2195.8333333333335	0.0
210	2117.6666666666665	0.0
220	2152.0	0.0
230	2169.8333333333335	0.0
240	2210.3333333333335	0.0
250	2131.1666666666665	0.0
260	2294.8333333333335	0.0
270	2150.8333333333335	0.0
280	2398.3333333333335	0.0
290	2502.1666666666665	0.0
300	2207.6666666666665	0.0
310	2419.5	0.0
320	2537.5	0.0
330	2342.8333333333335	0.0
340	2306.0	0.0
350	2438.6666666666665	0.0
360	2327.5	0.0
370	2562.0	0.0
380	2495.6666666666665	0.0
390	2518.0	0.0
400	2308.1666666666665	0.0
410	2682.1666666666665	0.0
420	2458.3333333333335	0.0
430	2408.3333333333335	0.0
440	2550.5	0.0
450	2542.3333333333335	0.0
460	2512.3333333333335	0.0
470	2589.6666666666665	0.0
480	2582.3333333333335	0.0
490	2402.8333333333335	0.0
500	2494.5	0.0
510	2819.5	0.0
520	2829.8333333333335	0.0
530	2902.8333333333335	0.0
540	2555.3333333333335	0.0
550	2633.3333333333335	0.0
560	2842.8333333333335	0.0
570	2892.3333333333335	0.0
580	2657.5	0.0
590	2567.5	0.0
600	2649.0	0.0
610	2460.5	0.0
620	2539.1666666666665	0.0
630	2686.5	0.0
640	2845.3333333333335	0.0
650	2721.0	0.0
660	2644.5	0.0
670	2626.0	0.0
680	2571.3333333333335	0.0
690	2536.1666666666665	0.0
700	2506.8333333333335	0.0
710	2428.5	0.0
720	2472.8333333333335	0.0
730	2485.6666666666665	0.0
740	2750.5	0.0
750	2576.3333333333335	0.0
760	2726.1666666666665	0.0
770	2829.8333333333335	0.0
780	2452.1666666666665	0.0
790	2721.3333333333335	0.0
800	2629.6666666666665	0.0
810	2499.6666666666665	0.0
820	2680.1666666666665	0.0
830	2964.6666666666665	0.0
840	2904.5	0.0
850	2956.6666666666665	0.0
860	2716.6666666666665	0.0
870	2604.8333333333335	0.0
880	2636.0	0.0
890	2806.0	0.0
900	2939.1666666666665	0.0
910	2792.6666666666665	0.0
920	2920.6666666666665	0.0
930	2913.6666666666665	0.0
940	2700.0	0.0
950	2767.8333333333335	0.0
960	2366.0	0.0
970	2877.0	0.0
980	2779.8333333333335	0.0
990	2524.1666666666665	0.0
1000	2584.0	0.0
