0	271.6666666666667	0.0
10	1835.8333333333333	1000.0
20	2139.3333333333335	0.0
30	1996.8333333333333	0.0
40	2012.3333333333333	0.0
50	2107.3333333333335	0.0
60	2080.6666666666665	0.0
70	2058.0	0.0
80	2040.3333333333333	0.0
90	1888.5	0.0
100	2024.5	0.0
110	2166.3333333333335	0.0
120	2134.5	0.0
130	2050.1666666666665	0.0
140	2356.6666666666665	0.0
150	2226.0	0.0
160	2261.6666666666665	0.0
170	2301.1666666666665	0.0
180	2240.8333333333335	0.0
190	2240.5	0.0
200	2162.5	0.0
210	2207.6666666666665	0.0
220	2547.1666666666665	0.0
230	2227.8333333333335	0.0
240	2436.8333333333335	0.0
250	2268.5	0.0
260	2125.5	0.0
270	2290.8333333333335	0.0
280	2371.1666666666665	0.0
290	2278.8333333333335	0.0
300	2360.3333333333335	0.0
310	2516.6666666666665	0.0
320	2443.6666666666665	0.0
330	2431.8333333333335	0.0
340	2488.8333333333335	0.0
350	2429.6666666666665	0.0
360	2333.3333333333335	0.0
370	2422.5	0.0
380	2607.1666666666665	0.0
390	2593.0	0.0
400	2749.5	0.0
410	2815.6666666666665	0.0
420	2670.6666666666665	0.0
430	2475.8333333333335	0.0
440	2645.0	0.0
450	2682.6666666666665	0.0
460	2724.8333333333335	0.0
470	2733.1666666666665	0.0
480	2859.6666666666665	0.0
490	2782.0	0.0
500	2641.6666666666665	0.0
510	2805.1666666666665	0.0
520	2630.3333333333335	0.0
530	2820.5	0.0
540	2331.1666666666665	0.0
550	2694.8333333333335	0.0
560	2723.1666666666665	0.0
570	2972.1666666666665	0.0
580	2618.8333333333335	0.0
590	2755.5	0.0
600	2852.8333333333335	0.0
610	2721.1666666666665	0.0
620	2835.0	0.0
630	2727.8333333333335	0.0
640	2710.8333333333335	0.0
650	2942.3333333333335	0.0
660	2800.6666666666665	0.0
670	2580.5	0.0
680	2757.8333333333335	0.0
690	2410.5	0.0
700	2850.3333333333335	0.0
710	2839.6666666666665	0.0
720	2876.0	0.0
730	2358.0	0.0
740	2927.3333333333335	0.0
750	2683.5	0.0
760	2545.3333333333335	0.0
770	2851.3333333333335	0.0
780	2802.3333333333335	0.0
790	2963.0	0.0
800	2967.0	0.0
810	3027.6666666666665	0.0
820	2750.6666666666665	0.0
830	2752.0	0.0
840	2804.6666666666665	0.0
850	2717.1666666666665	0.0
860	2722.6666666666665	0.0
870	2653.8333333333335	0.0
880	2929.1666666666665	0.0
890	2908.0	0.0
900	2662.8333333333335	0.0
910	3023.5	0.0
920	2954.6666666666665	0.0
930	2848.1666666666665	0.0
940	2932.3333333333335	0.0
950	2893.0	0.0
960	2822.6666666666665	0.0
970	3168.3333333333335	0.0
980	2879.1666666666665	0.0
990	2829.6666666666665	0.0
1000	2891.3333333333335	0.0
