0	266.6666666666667	0.0
10	1924.0	1000.0
20	2130.6666666666665	0.0
30	2097.0	0.0
40	2016.8333333333333	0.0
50	2140.3333333333335	0.0
60	1902.3333333333333	0.0
70	2281.3333333333335	0.0
80	2156.8333333333335	0.0
90	2048.5	0.0
100	2033.6666666666667	0.0
110	2092.5	0.0
120	2095.0	0.0
130	2065.3333333333335	0.0
140	2086.6666666666665	0.0
150	2329.3333333333335	0.0
160	2367.1666666666665	0.0
170	2418.5	0.0
180	2118.3333333333335	0.0
190	2397.5	0.0
200	2375.0	0.0
210	2448.5	0.0
220	2121.6666666666665	0.0
230	2216.6666666666665	0.0
240	2313.3333333333335	0.0
250	2419.0	0.0
260	2304.3333333333335	0.0
270	2282.1666666666665	0.0
280	2507.1666666666665	0.0
290	2491.1666666666665	0.0
300	2355.1666666666665	0.0
310	2162.5	0.0
320	2450.6666666666665	0.0
330	2360.8333333333335	0.0
340	2455.5	0.0
350	2417.0	0.0
360	2487.5	0.0
370	2537.5	0.0
380	2523.0	0.0
390	2534.8333333333335	0.0
400	2478.0	0.0
410	2659.3333333333335	0.0
420	2450.5	0.0
430	2590.3333333333335	0.0
440	2603.3333333333335	0.0
450	2793.8333333333335	0.0
460	2713.1666666666665	0.0
470	2709.8333333333335	0.0
480	2733.1666666666665	0.0
490	2363.6666666666665	0.0
500	2642.8333333333335	0.0
510	2609.0	0.0
520	2297.5	0.0
530	2524.5	0.0
540	2732.5	0.0
550	2400.5	0.0
560	2363.8333333333335	0.0
570	2681.3333333333335	0.0
580	2770.8333333333335	0.0
590	2767.1666666666665	0.0
600	2807.3333333333335	0.0
610	2826.3333333333335	0.0
620	2721.6666666666665	0.0
630	2991.5	0.0
640	2724.0	0.0
650	2668.6666666666665	0.0
660	2591.6666666666665	0.0
670	2411.0	0.0
680	2673.0	0.0
690	2479.1666666666665	0.0
700	2753.6666666666665	0.0
710	2463.5	0.0
720	2991.5	0.0
730	2536.6666666666665	0.0
740	2853.3333333333335	0.0
750	2744.5	0.0
760	2647.6666666666665	0.0
770	2820.0	0.0
780	2680.1666666666665	0.0
790	2662.5	0.0
800	2729.8333333333335	0.0
810	3000.6666666666665	0.0
820	2906.3333333333335	0.0
830	2743.6666666666665	0.0
840	2570.1666666666665	0.0
850	2696.6666666666665	0.0
860	2733.6666666666665	0.0
870	2965.1666666666665	0.0
880	2774.8333333333335	0.0
890	3134.0	0.0
900	3199.3333333333335	0.0
910	2938.0	0.0
920	3183.3333333333335	0.0
930	2821.8333333333335	0.0
940	3190.1666666666665	0.0
950	3102.1666666666665	0.0
960	2890.6666666666665	0.0
970	2983.8333333333335	0.0
980	3033.5	0.0
990	3006.8333333333335	0.0
1000	3073.5	0.0
