0	261.3333333333333	0.0
10	1880.8333333333333	1000.0
20	1897.3333333333333	0.0
30	2057.1666666666665	0.0
40	1961.3333333333333	0.0
50	2159.0	0.0
60	1961.6666666666667	0.0
70	2160.0	0.0
80	1939.3333333333333	0.0
90	2085.0	0.0
100	2035.0	0.0
110	2215.3333333333335	0.0
120	2155.8333333333335	0.0
130	2072.8333333333335	0.0
140	2320.6666666666665	0.0
150	2233.8333333333335	0.0
160	2243.8333333333335	0.0
170	2292.3333333333335	0.0
180	2241.3333333333335	0.0
190	2292.3333333333335	0.0
200	2375.0	0.0
210	2143.0	0.0
220	2369.8333333333335	0.0
230	2374.8333333333335	0.0
240	2294.3333333333335	0.0
250	2258.6666666666665	0.0
260	2392.0	0.0
270	2258.5	0.0
280	2298.5	0.0
290	2434.5	0.0
300	2385.8333333333335	0.0
310	2515.6666666666665	0.0
320	2371.0	0.0
330	2358.3333333333335	0.0
340	2140.5	0.0
350	2400.6666666666665	0.0
360	2355.1666666666665	0.0
370	2496.0	0.0
380	2336.1666666666665	0.0
390	2590.8333333333335	0.0
400	2308.5	0.0
410	2562.1666666666665	0.0
420	2525.3333333333335	0.0
430	2495.8333333333335	0.0
440	2427.5	0.0
450	2467.6666666666665	0.0
460	2556.3333333333335	0.0
470	2622.5	0.0
480	2416.6666666666665	0.0
490	2393.0	0.0
500	2624.5	0.0
510	2486.0	0.0
520	2580.8333333333335	0.0
530	2498.3333333333335	0.0
540	2443.5	0.0
550	2446.1666666666665	0.0
560	2739.1666666666665	0.0
570	2692.6666666666665	0.0
580	2464.5	0.0
590	2410.0	0.0
600	2519.0	0.0
610	2431.5	0.0
620	2528.5	0.0
630	2676.0	0.0
640	2689.8333333333335	0.0
650	2609.0	0.0
660	2458.8333333333335	0.0
670	2814.3333333333335	0.0
680	2476.0	0.0
690	2764.1666666666665	0.0
700	2698.1666666666665	0.0
710	2886.3333333333335	0.0
720	2632.6666666666665	0.0
730	2918.8333333333335	0.0
740	2551.8333333333335	0.0
750	2630.8333333333335	0.0
760	2893.3333333333335	0.0
770	2755.0	0.0
780	2854.1666666666665	0.0
790	2561.8333333333335	0.0
800	2475.6666666666665	0.0
810	2840.8333333333335	0.0
820	2846.8333333333335	0.0
830	2964.5	0.0
840	3083.3333333333335	0.0
850	2606.8333333333335	0.0
860	2863.3333333333335	0.0
870	2640.3333333333335	0.0
880	2684.6666666666665	0.0
890	2675.0	0.0
900	2653.5	0.0
910	2714.8333333333335	0.0
920	3233.3333333333335	0.0
930	2675.1666666666665	0.0
940	2946.6666666666665	0.0
950	2565.6666666666665	0.0
960	3023.3333333333335	0.0
970	2979.3333333333335	0.0
980	3266.3333333333335	0.0
990	3148.6666666666665	0.0
1000	2830.6666666666665	0.0
