0	224.66666666666666	0.0
10	1902.3333333333333	1000.0
20	2217.5	0.0
30	1991.0	0.0
40	1978.1666666666667	0.0
50	2117.8333333333335	0.0
60	2108.3333333333335	0.0
70	2123.0	0.0
80	2138.1666666666665	0.0
90	1997.6666666666667	0.0
100	2086.0	0.0
110	2150.3333333333335	0.0
120	2114.6666666666665	0.0
130	2030.5	0.0
140	2137.8333333333335	0.0
150	2238.6666666666665	0.0
160	2195.0	0.0
170	2162.1666666666665	0.0
180	2175.6666666666665	0.0
190	2226.5	0.0
200	2294.0	0.0
210	2333.8333333333335	0.0
220	2345.6666666666665	0.0
230	2276.3333333333335	0.0
240	2311.1666666666665	0.0
250	2458.0	0.0
260	2462.5	0.0
270	2305.1666666666665	0.0
280	2349.5	0.0
290	2499.6666666666665	0.0
300	2457.6666666666665	0.0
310	2411.6666666666665	0.0
320	2218.3333333333335	0.0
330	2383.1666666666665	0.0
340	2579.1666666666665	0.0
350	2316.6666666666665	0.0
360	2466.8333333333335	0.0
370	2272.5	0.0
380	2472.8333333333335	0.0
390	2487.0	0.0
400	2436.0	0.0
410	2741.8333333333335	0.0
420	2536.8333333333335	0.0
430	2610.1666666666665	0.0
440	2479.1666666666665	0.0
450	2416.5	0.0
460	2705.3333333333335	0.0
470	2560.8333333333335	0.0
480	2437.5	0.0
490	2616.6666666666665	0.0
500	2642.6666666666665	0.0
510	2634.0	0.0
520	2596.0	0.0
530	2751.3333333333335	0.0
540	2469.0	0.0
550	2633.0	0.0
560	2743.5	0.0
570	2552.0	0.0
580	2614.8333333333335	0.0
590	2730.5	0.0
600	2490.3333333333335	0.0
610	2633.1666666666665	0.0
620	2500.6666666666665	0.0
630	2565.1666666666665	0.0
640	2611.6666666666665	0.0
650	2886.1666666666665	0.0
660	2761.0	0.0
670	2641.8333333333335	0.0
680	2847.3333333333335	0.0
690	2665.8333333333335	0.0
700	2478.5	0.0
710	2568.6666666666665	0.0
720	2743.1666666666665	0.0
730	2458.0	0.0
740	2737.3333333333335	0.0
750	2825.1666666666665	0.0
760	2501.0	0.0
770	2867.3333333333335	0.0
780	2729.6666666666665	0.0
790	2795.6666666666665	0.0
800	2806.0	0.0
810	2643.1666666666665	0.0
820	2759.1666666666665	0.0
830	2966.6666666666665	0.0
840	2764.3333333333335	0.0
850	2945.5	0.0
860	2904.1666666666665	0.0
870	2773.3333333333335	0.0
880	2656.5	0.0
890	2932.0	0.0
900	2650.0	0.0
910	2591.1666666666665	0.0
920	2851.8333333333335	0.0
930	2870.5	0.0
940	2793.5	0.0
950	2786.6666666666665	0.0
960	2613.3333333333335	0.0
970	3149.6666666666665	0.0
980	3013.3333333333335	0.0
990	3023.5	0.0
1000	2988.0	0.0
