0	248.66666666666666	0.0
10	2058.8333333333335	1000.0
20	1836.6666666666667	0.0
30	2168.6666666666665	0.0
40	2041.6666666666667	0.0
50	2185.8333333333335	0.0
60	2017.0	0.0
70	2119.6666666666665	0.0
80	2023.0	0.0
90	2002.0	0.0
100	2199.8333333333335	0.0
110	2046.1666666666667	0.0
120	2152.5	0.0
130	1980.0	0.0
140	2244.6666666666665	0.0
150	2254.1666666666665	0.0
160	2259.1666666666665	0.0
170	2253.0	0.0
180	2215.3333333333335	0.0
190	2248.1666666666665	0.0
200	2267.0	0.0
210	2223.8333333333335	0.0
220	2086.8333333333335	0.0
230	2321.5	0.0
240	2312.6666666666665	0.0
250	2517.6666666666665	0.0
260	2351.1666666666665	0.0
270	2392.8333333333335	0.0
280	2261.6666666666665	0.0
290	2393.1666666666665	0.0
300	2681.0	0.0
310	2451.5	0.0
320	2621.5	0.0
330	2287.6666666666665	0.0
340	2397.5	0.0
350	2764.6666666666665	0.0
360	2443.1666666666665	0.0
370	2792.8333333333335	0.0
380	2658.8333333333335	0.0
390	2727.0	0.0
400	2584.8333333333335	0.0
410	2587.8333333333335	0.0
420	2742.3333333333335	0.0
430	2622.0	0.0
440	2393.0	0.0
450	2723.5	0.0
460	2600.1666666666665	0.0
470	2782.0	0.0
480	2749.0	0.0
490	2995.0	0.0
500	2638.8333333333335	0.0
510	2820.8333333333335	0.0
520	2722.8333333333335	0.0
530	2376.5	0.0
540	2701.5	0.0
550	2886.6666666666665	0.0
560	2724.0	0.0
570	2530.8333333333335	0.0
580	2672.1666666666665	0.0
590	2576.1666666666665	0.0
600	2707.3333333333335	0.0
610	2661.3333333333335	0.0
620	2844.6666666666665	0.0
630	2827.8333333333335	0.0
640	2908.5	0.0
650	2885.1666666666665	0.0
660	3020.6666666666665	0.0
670	2804.1666666666665	0.0
680	3067.8333333333335	0.0
690	3038.0	0.0
700	2843.6666666666665	0.0
710	2919.5	0.0
720	2772.5	0.0
730	2782.8333333333335	0.0
740	2994.6666666666665	0.0
750	2619.6666666666665	0.0
760	2940.0	0.0
770	2907.1666666666665	0.0
780	2916.6666666666665	0.0
790	2918.6666666666665	0.0
800	2867.6666666666665	0.0
810	2991.8333333333335	0.0
820	2874.5	0.0
830	3058.0	0.0
840	2816.1666666666665	0.0
850	3042.6666666666665	0.0
860	3135.1666666666665	0.0
870	2978.3333333333335	0.0
880	3074.6666666666665	0.0
890	2625.3333333333335	0.0
900	3307.8333333333335	0.0
910	2740.5	0.0
920	2922.8333333333335	0.0
930	2937.1666666666665	0.0
940	2913.0	0.0
950	3381.0	0.0
960	3078.8333333333335	0.0
970	3099.5	0.0
980	3165.1666666666665	0.0
990	3257.1666666666665	0.0
1000	3082.6666666666665	0.0
