0	249.33333333333334	0.0
10	1859.3333333333333	1000.0
20	1996.6666666666667	0.0
30	2099.0	0.0
40	2300.3333333333335	0.0
50	2120.0	0.0
60	1965.0	0.0
70	2060.1666666666665	0.0
80	2133.0	0.0
90	1941.3333333333333	0.0
100	2275.3333333333335	0.0
110	2307.1666666666665	0.0
120	2078.1666666666665	0.0
130	2293.5	0.0
140	2227.5	0.0
150	2272.6666666666665	0.0
160	2074.3333333333335	0.0
170	2231.1666666666665	0.0
180	2317.3333333333335	0.0
190	2197.1666666666665	0.0
200	2263.1666666666665	0.0
210	2316.8333333333335	0.0
220	2282.6666666666665	0.0
230	2523.6666666666665	0.0
240	2683.3333333333335	0.0
250	2385.3333333333335	0.0
260	2435.3333333333335	0.0
270	2259.0	0.0
280	2379.0	0.0
290	2573.0	0.0
300	2497.8333333333335	0.0
310	2424.1666666666665	0.0
320	2419.5	0.0
330	2574.5	0.0
340	2534.5	0.0
350	2805.6666666666665	0.0
360	2467.0	0.0
370	2399.5	0.0
380	2670.3333333333335	0.0
390	2532.8333333333335	0.0
400	2672.3333333333335	0.0
410	2580.3333333333335	0.0
420	2427.3333333333335	0.0
430	2790.5	0.0
440	2273.6666666666665	0.0
450	2793.3333333333335	0.0
460	2541.1666666666665	0.0
470	2398.3333333333335	0.0
480	2626.5	0.0
490	2628.6666666666665	0.0
500	2499.5	0.0
510	2232.1666666666665	0.0
520	2609.5	0.0
530	2832.5	0.0
540	2470.6666666666665	0.0
550	2584.6666666666665	0.0
560	2744.8333333333335	0.0
570	2459.0	0.0
580	2839.6666666666665	0.0
590	2539.3333333333335	0.0
600	2850.0	0.0
610	2823.8333333333335	0.0
620	2595.8333333333335	0.0
630	2848.6666666666665	0.0
640	2772.3333333333335	0.0
650	2671.6666666666665	0.0
660	2679.6666666666665	0.0
670	2977.0	0.0
680	2559.0	0.0
690	2529.8333333333335	0.0
700	2822.8333333333335	0.0
710	2787.0	0.0
720	2861.3333333333335	0.0
730	2299.5	0.0
740	2747.1666666666665	0.0
750	2818.3333333333335	0.0
760	2670.0	0.0
770	2695.8333333333335	0.0
780	2385.8333333333335	0.0
790	2476.0	0.0
800	2662.5	0.0
810	2429.8333333333335	0.0
820	2446.8333333333335	0.0
830	2681.5	0.0
840	2932.0	0.0
850	2667.8333333333335	0.0
860	2820.6666666666665	0.0
870	2444.3333333333335	0.0
880	2732.0	0.0
890	2653.3333333333335	0.0
900	3044.5	0.0
910	2752.8333333333335	0.0
920	2867.3333333333335	0.0
930	2958.1666666666665	0.0
940	2772.3333333333335	0.0
950	2915.5	0.0
960	2784.8333333333335	0.0
970	2785.1666666666665	0.0
980	2720.5	0.0
990	2796.5	0.0
1000	2549.6666666666665	0.0
