0	262.0	0.0
10	70.0	0.0
20	70.0	0.0
30	70.0	0.0
40	70.0	0.0
50	70.0	1.0
60	70.0	0.0
70	70.0	0.0
80	71.0	0.0
90	70.66666666666667	0.0
100	75.66666666666667	0.0
110	165.0	0.0
120	241.66666666666666	0.0
130	105.0	32.0
140	74.0	22.0
150	140.0	2.0
160	157.66666666666666	3.0
170	353.6666666666667	2.0
180	815.6666666666666	3.0
190	967.0	17.0
200	906.0	43.0
210	1995.6666666666667	16.0
220	1910.3333333333333	28.0
230	1896.6666666666667	15.0
240	2401.1666666666665	24.0
250	2510.5	23.0
260	2078.0	93.0
270	2416.0	23.0
280	2208.0	17.0
290	2238.6666666666665	12.0
300	2395.0	24.0
310	2357.6666666666665	18.0
320	2303.0	14.0
330	2467.6666666666665	17.0
340	2285.3333333333335	15.0
350	2240.6666666666665	23.0
360	1820.3333333333333	26.0
370	2408.5	36.0
380	2074.0	19.0
390	1958.1666666666667	28.0
400	2022.6666666666667	26.0
410	2089.0	36.0
420	2175.3333333333335	29.0
430	1847.1666666666667	16.0
440	2227.6666666666665	21.0
450	2298.0	38.0
460	1962.8333333333333	5.0
470	1937.8333333333333	19.0
480	1637.5	46.0
490	1660.0	7.0
500	1980.5	22.0
510	1889.6666666666667	27.0
520	1591.3333333333333	28.0
530	2526.1666666666665	27.0
540	1985.5	13.0
550	1956.0	13.0
560	1883.6666666666667	7.0
570	2244.3333333333335	24.0
580	1961.1666666666667	0.0
590	1571.6666666666667	0.0
600	2512.3333333333335	0.0
610	2446.3333333333335	0.0
620	1634.0	0.0
630	2116.8333333333335	0.0
640	1860.3333333333333	0.0
650	1949.5	0.0
660	1503.8333333333333	0.0
670	2295.6666666666665	0.0
680	2152.0	0.0
690	1834.3333333333333	0.0
700	2479.8333333333335	0.0
710	1831.6666666666667	0.0
720	1587.0	0.0
730	2044.8333333333333	0.0
740	2498.6666666666665	0.0
750	2790.0	0.0
760	2271.6666666666665	0.0
770	1803.3333333333333	0.0
780	2435.3333333333335	0.0
790	2011.6666666666667	0.0
800	1893.3333333333333	0.0
810	2086.3333333333335	0.0
820	1997.3333333333333	0.0
830	2406.0	0.0
840	2518.0	0.0
850	2386.6666666666665	0.0
860	2516.6666666666665	0.0
870	2382.3333333333335	0.0
880	1958.1666666666667	0.0
890	2258.6666666666665	0.0
900	2071.6666666666665	0.0
910	1881.5	0.0
920	2249.5	0.0
930	2316.6666666666665	0.0
940	1917.1666666666667	0.0
950	2790.1666666666665	0.0
960	2319.8333333333335	0.0
970	2265.0	0.0
980	2037.3333333333333	0.0
990	1771.1666666666667	0.0
1000	1997.3333333333333	0.0
