0	251.66666666666666	0.0
10	70.0	0.0
20	70.0	0.0
30	70.0	0.0
40	70.0	0.0
50	70.0	0.0
60	70.0	0.0
70	70.0	0.0
80	70.0	0.0
90	75.66666666666667	0.0
100	89.66666666666667	0.0
110	74.66666666666667	8.0
120	366.0	0.0
130	343.3333333333333	16.0
140	191.33333333333334	15.0
150	432.6666666666667	6.0
160	1402.0	1.0
170	1701.0	36.0
180	1967.0	23.0
190	1863.6666666666667	48.0
200	2248.3333333333335	7.0
210	2064.3333333333335	38.0
220	2182.0	21.0
230	2455.6666666666665	37.0
240	2675.1666666666665	20.0
250	2378.6666666666665	45.0
260	2627.5	15.0
270	2276.0	20.0
280	1786.3333333333333	4.0
290	2237.3333333333335	32.0
300	2249.3333333333335	36.0
310	2099.6666666666665	11.0
320	2551.0	28.0
330	2042.5	27.0
340	2304.3333333333335	5.0
350	2265.8333333333335	9.0
360	2408.6666666666665	78.0
370	2357.3333333333335	30.0
380	2315.3333333333335	41.0
390	2561.6666666666665	47.0
400	2538.5	25.0
410	2544.3333333333335	19.0
420	2446.5	31.0
430	1686.6666666666667	15.0
440	1819.8333333333333	21.0
450	1405.6666666666667	26.0
460	1849.3333333333333	30.0
470	1802.6666666666667	13.0
480	2060.5	20.0
490	2166.6666666666665	27.0
500	2030.5	12.0
510	1734.3333333333333	29.0
520	1724.5	27.0
530	1808.5	1.0
540	1886.3333333333333	0.0
550	2240.5	0.0
560	2478.6666666666665	0.0
570	2498.3333333333335	0.0
580	2544.5	0.0
590	2288.6666666666665	0.0
600	2406.1666666666665	0.0
610	2115.3333333333335	0.0
620	1757.3333333333333	0.0
630	1864.8333333333333	0.0
640	2560.0	0.0
650	2527.0	0.0
660	2518.3333333333335	0.0
670	2105.0	0.0
680	2456.0	0.0
690	2516.0	0.0
700	1652.5	0.0
710	2440.0	0.0
720	2019.1666666666667	0.0
730	2214.0	0.0
740	2149.0	0.0
750	2138.3333333333335	0.0
760	2239.6666666666665	0.0
770	2013.1666666666667	0.0
780	2170.0	0.0
790	1790.6666666666667	0.0
800	2324.8333333333335	0.0
810	1894.6666666666667	0.0
820	2068.8333333333335	0.0
830	2111.0	0.0
840	1664.6666666666667	0.0
850	2067.8333333333335	0.0
860	2363.3333333333335	0.0
870	2118.0	0.0
880	1902.8333333333333	0.0
890	2305.8333333333335	0.0
900	2661.6666666666665	0.0
910	2468.0	0.0
920	2535.3333333333335	0.0
930	2284.6666666666665	0.0
940	2511.3333333333335	0.0
950	2221.6666666666665	0.0
960	2437.3333333333335	0.0
970	2449.0	0.0
980	2498.3333333333335	0.0
990	2633.1666666666665	0.0
1000	2498.0	0.0
