0	231.33333333333334	0.0
10	70.0	0.0
20	70.0	0.0
30	70.0	0.0
40	70.0	1.0
50	70.0	0.0
60	70.0	0.0
70	70.0	0.0
80	71.0	0.0
90	77.66666666666667	0.0
100	82.66666666666667	0.0
110	338.6666666666667	0.0
120	300.3333333333333	0.0
130	126.0	0.0
140	270.3333333333333	0.0
150	278.0	31.0
160	70.66666666666667	20.0
170	421.3333333333333	0.0
180	338.0	4.0
190	1118.0	16.0
200	1179.3333333333333	5.0
210	822.0	3.0
220	1131.6666666666667	2.0
230	2093.0	10.0
240	2071.3333333333335	5.0
250	2357.3333333333335	35.0
260	2196.1666666666665	15.0
270	2091.6666666666665	46.0
280	2450.3333333333335	63.0
290	2168.3333333333335	58.0
300	2738.6666666666665	33.0
310	2512.0	19.0
320	2100.3333333333335	23.0
330	2298.6666666666665	10.0
340	2387.8333333333335	40.0
350	1929.0	14.0
360	2294.3333333333335	20.0
370	2466.8333333333335	27.0
380	2188.6666666666665	35.0
390	2645.6666666666665	42.0
400	2057.3333333333335	28.0
410	2600.6666666666665	16.0
420	2276.6666666666665	25.0
430	2675.3333333333335	12.0
440	2537.1666666666665	19.0
450	2458.3333333333335	15.0
460	2436.0	31.0
470	2048.6666666666665	23.0
480	1998.0	31.0
490	2433.3333333333335	21.0
500	1594.0	5.0
510	1670.6666666666667	30.0
520	2057.3333333333335	37.0
530	2279.0	13.0
540	2342.3333333333335	20.0
550	2283.1666666666665	28.0
560	1905.1666666666667	26.0
570	1809.6666666666667	21.0
580	1763.3333333333333	3.0
590	1554.5	6.0
600	2186.3333333333335	8.0
610	2504.6666666666665	5.0
620	2287.0	0.0
630	2347.5	0.0
640	2311.0	0.0
650	2263.3333333333335	0.0
660	2333.1666666666665	0.0
670	2453.0	0.0
680	2432.5	0.0
690	2261.0	0.0
700	2348.5	0.0
710	2143.3333333333335	0.0
720	2574.6666666666665	0.0
730	2090.5	0.0
740	1753.3333333333333	0.0
750	2000.8333333333333	0.0
760	1983.0	0.0
770	2406.5	0.0
780	1998.3333333333333	0.0
790	1873.5	0.0
800	2655.3333333333335	0.0
810	2692.6666666666665	0.0
820	2526.6666666666665	0.0
830	2261.3333333333335	0.0
840	2633.1666666666665	0.0
850	2307.3333333333335	0.0
860	2443.5	0.0
870	2421.1666666666665	0.0
880	2467.6666666666665	0.0
890	2174.1666666666665	0.0
900	2483.1666666666665	0.0
910	2478.6666666666665	0.0
920	1775.6666666666667	0.0
930	1779.5	0.0
940	2173.6666666666665	0.0
950	1845.0	0.0
960	1578.0	0.0
970	2376.6666666666665	0.0
980	2380.3333333333335	0.0
990	2272.6666666666665	0.0
1000	2431.3333333333335	0.0
