0	224.0	0.0
10	70.0	0.0
20	70.0	0.0
30	70.0	1.0
40	70.0	0.0
50	70.0	0.0
60	70.0	0.0
70	70.0	0.0
80	70.66666666666667	0.0
90	73.33333333333333	0.0
100	120.33333333333333	0.0
110	292.0	0.0
120	105.66666666666667	39.0
130	166.66666666666666	5.0
140	175.66666666666666	11.0
150	788.6666666666666	0.0
160	165.33333333333334	4.0
170	206.66666666666666	9.0
180	654.6666666666666	5.0
190	1694.0	12.0
200	2151.3333333333335	17.0
210	2032.8333333333333	40.0
220	2185.0	52.0
230	2369.0	12.0
240	2314.8333333333335	16.0
250	2357.3333333333335	49.0
260	2275.5	28.0
270	1818.3333333333333	33.0
280	2237.0	28.0
290	2284.0	27.0
300	2135.3333333333335	56.0
310	2468.3333333333335	58.0
320	2164.0	38.0
330	2498.0	35.0
340	2457.6666666666665	22.0
350	2301.6666666666665	53.0
360	2205.0	22.0
370	1599.0	28.0
380	1520.1666666666667	12.0
390	1503.6666666666667	31.0
400	1242.0	13.0
410	1879.0	1.0
420	1389.0	6.0
430	2100.1666666666665	20.0
440	2329.6666666666665	12.0
450	2655.1666666666665	15.0
460	2393.0	13.0
470	2208.1666666666665	16.0
480	2489.5	20.0
490	2387.6666666666665	21.0
500	1662.0	24.0
510	1856.6666666666667	12.0
520	2762.0	21.0
530	2023.1666666666667	33.0
540	2157.3333333333335	19.0
550	1828.1666666666667	11.0
560	1897.0	0.0
570	1977.5	0.0
580	1787.6666666666667	0.0
590	1891.3333333333333	0.0
600	1889.1666666666667	0.0
610	2037.3333333333333	0.0
620	2083.8333333333335	0.0
630	2125.3333333333335	0.0
640	2406.0	0.0
650	2335.6666666666665	0.0
660	2074.3333333333335	0.0
670	2461.1666666666665	0.0
680	2088.8333333333335	0.0
690	2415.0	0.0
700	1815.5	0.0
710	2152.3333333333335	0.0
720	1991.3333333333333	0.0
730	1686.6666666666667	0.0
740	2133.1666666666665	0.0
750	2259.1666666666665	0.0
760	2463.1666666666665	0.0
770	2194.3333333333335	0.0
780	2277.6666666666665	0.0
790	2377.1666666666665	0.0
800	2502.0	0.0
810	2599.0	0.0
820	2326.3333333333335	0.0
830	2494.1666666666665	0.0
840	2614.3333333333335	0.0
850	2249.3333333333335	0.0
860	2527.1666666666665	0.0
870	2539.3333333333335	0.0
880	2298.6666666666665	0.0
890	2646.0	0.0
900	2481.1666666666665	0.0
910	2756.3333333333335	0.0
920	2647.0	0.0
930	2556.0	0.0
940	1972.6666666666667	0.0
950	2359.3333333333335	0.0
960	2435.6666666666665	0.0
970	2098.1666666666665	0.0
980	1677.6666666666667	0.0
990	2242.6666666666665	0.0
1000	2417.0	0.0
