0	255.33333333333334	0.0	0.0
10	1871.0	540.0	7747.0
20	1717.5	460.0	11920.0
30	1988.5	0.0	7848.0
40	1884.8333333333333	0.0	10567.0
50	2010.6666666666667	0.0	7842.0
60	2061.8333333333335	0.0	7275.0
70	2022.5	0.0	11758.0
80	2246.8333333333335	0.0	9268.0
90	2198.8333333333335	0.0	9146.0
100	2256.5	0.0	7601.0
110	2182.6666666666665	0.0	8489.0
120	2297.0	0.0	8139.0
130	2365.1666666666665	0.0	10636.0
140	2227.3333333333335	0.0	10723.0
150	2366.0	0.0	6572.0
160	2111.3333333333335	0.0	9113.0
170	2381.6666666666665	0.0	10530.0
180	2197.5	0.0	11128.0
190	2278.5	0.0	9437.0
200	2359.6666666666665	0.0	6616.0
210	2166.3333333333335	0.0	10826.0
220	2437.8333333333335	0.0	8005.0
230	2369.0	0.0	8587.0
240	2420.1666666666665	0.0	9790.0
250	2523.8333333333335	0.0	6257.0
260	2415.6666666666665	0.0	7923.0
270	2473.5	0.0	8277.0
280	2205.3333333333335	0.0	9492.0
290	2392.1666666666665	0.0	7384.0
300	2493.8333333333335	0.0	10229.0
310	2768.3333333333335	0.0	6384.0
320	2584.8333333333335	0.0	8426.0
330	2718.8333333333335	0.0	12243.0
340	2520.5	0.0	9980.0
350	2718.8333333333335	0.0	7289.0
360	2825.5	0.0	10506.0
370	2825.5	0.0	7793.0
380	2561.6666666666665	0.0	10115.0
390	2512.0	0.0	6048.0
400	2548.1666666666665	0.0	8702.0
410	2821.0	0.0	6427.0
420	2474.5	0.0	10038.0
430	2520.3333333333335	0.0	8393.0
440	2519.5	0.0	8225.0
450	2800.1666666666665	0.0	9291.0
460	2748.8333333333335	0.0	7900.0
470	2611.3333333333335	0.0	8122.0
480	2577.5	0.0	5656.0
490	2496.1666666666665	0.0	7507.0
500	2752.3333333333335	0.0	8724.0
510	2761.5	0.0	8069.0
520	2630.8333333333335	0.0	8896.0
530	2558.3333333333335	0.0	8183.0
540	2821.6666666666665	0.0	8566.0
550	2877.6666666666665	0.0	9113.0
560	2716.8333333333335	0.0	8651.0
570	2783.6666666666665	0.0	8043.0
580	2805.5	0.0	11295.0
590	2890.5	0.0	9917.0
600	2480.6666666666665	0.0	12165.0
610	2997.5	0.0	10054.0
620	2925.3333333333335	0.0	10070.0
630	2715.5	0.0	7607.0
640	2811.5	0.0	12302.0
650	2801.0	0.0	11519.0
660	2814.6666666666665	0.0	10183.0
670	2945.0	0.0	10337.0
680	2882.0	0.0	10594.0
690	2809.8333333333335	0.0	9208.0
700	2737.6666666666665	0.0	9745.0
710	2671.6666666666665	0.0	10209.0
720	2928.1666666666665	0.0	7972.0
730	2880.5	0.0	12416.0
740	2518.5	0.0	10392.0
750	2875.1666666666665	0.0	8961.0
760	3049.0	0.0	10546.0
770	2677.6666666666665	0.0	8113.0
780	2893.8333333333335	0.0	8430.0
790	2817.6666666666665	0.0	12294.0
800	3035.5	0.0	8096.0
810	3176.6666666666665	0.0	10227.0
820	3120.0	0.0	10597.0
830	3090.8333333333335	0.0	12097.0
840	3067.1666666666665	0.0	7517.0
850	3116.0	0.0	9449.0
860	2896.3333333333335	0.0	7330.0
870	2710.0	0.0	10332.0
880	3059.5	0.0	8930.0
890	2924.6666666666665	0.0	9680.0
900	2971.6666666666665	0.0	9722.0
910	2900.1666666666665	0.0	10454.0
920	2844.0	0.0	10169.0
930	3088.3333333333335	0.0	11596.0
940	3195.5	0.0	9638.0
950	3127.3333333333335	0.0	9507.0
960	2834.6666666666665	0.0	8513.0
970	3239.5	0.0	9042.0
980	2851.6666666666665	0.0	12764.0
990	3100.0	0.0	6683.0
1000	3302.6666666666665	0.0	12231.0
