0	286.6666666666667	0.0	0.0
10	2099.0	867.0	10554.0
20	1824.1666666666667	133.0	5837.0
30	1918.1666666666667	0.0	6956.0
40	2031.1666666666667	0.0	7856.0
50	2098.5	0.0	7962.0
60	2106.1666666666665	0.0	6465.0
70	2145.8333333333335	0.0	6571.0
80	1978.1666666666667	0.0	7383.0
90	2035.5	0.0	8336.0
100	2180.8333333333335	0.0	5474.0
110	2102.6666666666665	0.0	10459.0
120	1924.0	0.0	5901.0
130	2082.3333333333335	0.0	11274.0
140	2255.0	0.0	6819.0
150	2278.6666666666665	0.0	7153.0
160	2381.3333333333335	0.0	11491.0
170	2220.1666666666665	0.0	7672.0
180	2306.1666666666665	0.0	7742.0
190	2284.3333333333335	0.0	9726.0
200	2014.3333333333333	0.0	5764.0
210	2236.6666666666665	0.0	6341.0
220	2205.3333333333335	0.0	8839.0
230	2184.8333333333335	0.0	10349.0
240	2450.1666666666665	0.0	8260.0
250	2460.3333333333335	0.0	10180.0
260	2424.0	0.0	10116.0
270	2387.5	0.0	7229.0
280	2582.6666666666665	0.0	10099.0
290	2289.3333333333335	0.0	9736.0
300	2233.6666666666665	0.0	7628.0
310	2369.8333333333335	0.0	5525.0
320	2658.0	0.0	10096.0
330	2412.6666666666665	0.0	8834.0
340	2519.1666666666665	0.0	8697.0
350	2398.8333333333335	0.0	8247.0
360	2353.1666666666665	0.0	11161.0
370	2432.0	0.0	7484.0
380	2700.3333333333335	0.0	9450.0
390	2744.6666666666665	0.0	9641.0
400	2784.6666666666665	0.0	9820.0
410	2573.1666666666665	0.0	8924.0
420	2426.6666666666665	0.0	8704.0
430	2645.5	0.0	7637.0
440	2620.0	0.0	13277.0
450	2651.0	0.0	10829.0
460	2284.6666666666665	0.0	5631.0
470	2355.5	0.0	7540.0
480	2519.8333333333335	0.0	6797.0
490	2549.6666666666665	0.0	11103.0
500	2563.5	0.0	6647.0
510	2553.8333333333335	0.0	6329.0
520	2557.8333333333335	0.0	11588.0
530	2893.5	0.0	7224.0
540	2659.8333333333335	0.0	9245.0
550	2926.1666666666665	0.0	9783.0
560	2601.8333333333335	0.0	9280.0
570	2654.6666666666665	0.0	8290.0
580	2586.1666666666665	0.0	8059.0
590	2676.5	0.0	9198.0
600	2649.0	0.0	7320.0
610	2466.0	0.0	7704.0
620	2452.0	0.0	8603.0
630	2678.5	0.0	8180.0
640	2834.5	0.0	8068.0
650	2635.8333333333335	0.0	10328.0
660	2780.1666666666665	0.0	6019.0
670	2570.0	0.0	5727.0
680	2833.5	0.0	13099.0
690	2806.6666666666665	0.0	8376.0
700	2671.1666666666665	0.0	12858.0
710	2743.0	0.0	10855.0
720	3052.0	0.0	8514.0
730	2942.0	0.0	8050.0
740	2881.8333333333335	0.0	12129.0
750	2827.6666666666665	0.0	9879.0
760	2948.0	0.0	12262.0
770	2856.1666666666665	0.0	6524.0
780	2858.3333333333335	0.0	9598.0
790	2751.6666666666665	0.0	9491.0
800	2749.0	0.0	8842.0
810	2911.6666666666665	0.0	9933.0
820	2956.8333333333335	0.0	8755.0
830	3025.0	0.0	8735.0
840	2961.0	0.0	8622.0
850	2695.8333333333335	0.0	10118.0
860	3183.0	0.0	11887.0
870	2648.0	0.0	8508.0
880	2984.0	0.0	8457.0
890	2924.0	0.0	11748.0
900	2769.5	0.0	11549.0
910	2704.5	0.0	7572.0
920	3136.1666666666665	0.0	6773.0
930	2925.5	0.0	12223.0
940	2848.5	0.0	9201.0
950	2847.8333333333335	0.0	9162.0
960	2989.1666666666665	0.0	7428.0
970	2823.6666666666665	0.0	8155.0
980	2972.3333333333335	0.0	10563.0
990	3058.1666666666665	0.0	9250.0
1000	3120.0	0.0	7226.0
