0	216.66666666666666	0.0	0.0
10	1776.5	730.0	10929.0
20	1793.1666666666667	270.0	9466.0
30	1874.1666666666667	0.0	8866.0
40	2080.5	0.0	8414.0
50	1930.0	0.0	8067.0
60	2062.6666666666665	0.0	6032.0
70	2274.1666666666665	0.0	10289.0
80	2195.0	0.0	9920.0
90	2242.6666666666665	0.0	6532.0
100	1916.0	0.0	5898.0
110	2027.6666666666667	0.0	9872.0
120	2152.8333333333335	0.0	8034.0
130	2039.3333333333333	0.0	8437.0
140	2170.5	0.0	9514.0
150	2191.3333333333335	0.0	10888.0
160	2249.5	0.0	10555.0
170	2276.3333333333335	0.0	7966.0
180	2431.1666666666665	0.0	7105.0
190	2394.5	0.0	12783.0
200	2308.1666666666665	0.0	9505.0
210	2365.8333333333335	0.0	10106.0
220	2350.3333333333335	0.0	7304.0
230	2276.3333333333335	0.0	7549.0
240	2405.1666666666665	0.0	7921.0
250	2439.0	0.0	7599.0
260	2599.0	0.0	6519.0
270	2555.3333333333335	0.0	8163.0
280	2656.8333333333335	0.0	6421.0
290	2270.1666666666665	0.0	9561.0
300	2570.1666666666665	0.0	8726.0
310	2498.5	0.0	7885.0
320	2612.1666666666665	0.0	9768.0
330	2465.8333333333335	0.0	8697.0
340	2456.6666666666665	0.0	9518.0
350	2746.0	0.0	8722.0
360	2653.0	0.0	7108.0
370	2550.5	0.0	8500.0
380	2672.0	0.0	7789.0
390	2583.5	0.0	8124.0
400	2602.0	0.0	6048.0
410	2860.1666666666665	0.0	12763.0
420	2903.1666666666665	0.0	7851.0
430	2689.6666666666665	0.0	5918.0
440	2480.3333333333335	0.0	7688.0
450	2376.5	0.0	9961.0
460	2701.5	0.0	8337.0
470	2499.8333333333335	0.0	8252.0
480	2460.6666666666665	0.0	8610.0
490	2499.5	0.0	8047.0
500	2981.5	0.0	11986.0
510	2612.3333333333335	0.0	6876.0
520	2680.6666666666665	0.0	8321.0
530	2626.6666666666665	0.0	6178.0
540	2477.6666666666665	0.0	9148.0
550	2598.6666666666665	0.0	6843.0
560	2584.1666666666665	0.0	5827.0
570	2772.8333333333335	0.0	6514.0
580	2529.0	0.0	8747.0
590	2449.0	0.0	12393.0
600	2611.6666666666665	0.0	9148.0
610	2687.8333333333335	0.0	7390.0
620	2722.5	0.0	10618.0
630	2829.5	0.0	11880.0
640	2541.0	0.0	9722.0
650	2356.8333333333335	0.0	10360.0
660	2440.8333333333335	0.0	7562.0
670	2864.0	0.0	10591.0
680	2930.8333333333335	0.0	10992.0
690	2771.5	0.0	7069.0
700	2747.0	0.0	10048.0
710	2706.1666666666665	0.0	6280.0
720	3173.5	0.0	7581.0
730	2648.0	0.0	5814.0
740	2849.5	0.0	9796.0
750	2859.8333333333335	0.0	9713.0
760	2910.8333333333335	0.0	9614.0
770	2777.1666666666665	0.0	8420.0
780	2652.3333333333335	0.0	8287.0
790	2830.0	0.0	9773.0
800	3050.3333333333335	0.0	7297.0
810	2516.0	0.0	7448.0
820	2740.8333333333335	0.0	7576.0
830	2492.1666666666665	0.0	8873.0
840	3005.8333333333335	0.0	14315.0
850	2644.3333333333335	0.0	7371.0
860	2771.3333333333335	0.0	8734.0
870	2921.0	0.0	7881.0
880	2783.3333333333335	0.0	6846.0
890	2676.0	0.0	6766.0
900	2829.8333333333335	0.0	6666.0
910	2780.1666666666665	0.0	7542.0
920	2919.1666666666665	0.0	9877.0
930	2918.1666666666665	0.0	7598.0
940	2823.1666666666665	0.0	10071.0
950	2991.0	0.0	9254.0
960	2694.3333333333335	0.0	8323.0
970	2918.6666666666665	0.0	9465.0
980	2784.1666666666665	0.0	11402.0
990	3063.1666666666665	0.0	11408.0
1000	2865.5	0.0	10939.0
