0	262.04444444444437	0.0	0.0	0.0	0.0	0.0	0.0
10	70.72222222222221	59.36666666666667	94.96666666666667	45.9	33.766666666666666	17.166666666666668	25.6
20	73.17777777777776	129.06666666666666	136.06666666666666	80.13333333333334	80.2	23.1	48.86666666666667
30	75.03333333333333	128.46666666666667	144.53333333333333	80.46666666666667	78.23333333333333	23.366666666666667	50.233333333333334
40	75.0111111111111	102.86666666666666	123.83333333333333	55.833333333333336	69.23333333333333	16.9	33.63333333333333
50	74.92222222222222	88.06666666666666	97.66666666666667	55.2	54.06666666666667	15.9	34.0
60	74.5888888888889	64.4	70.66666666666667	45.266666666666666	35.43333333333333	12.9	28.966666666666665
70	73.3888888888889	69.36666666666666	70.7	43.03333333333333	44.7	13.033333333333333	24.666666666666668
80	71.95555555555555	56.9	64.8	37.56666666666667	34.833333333333336	11.433333333333334	22.066666666666666
90	71.93333333333334	35.733333333333334	48.5	29.8	19.9	10.733333333333333	15.833333333333334
100	73.36666666666666	34.86666666666667	50.833333333333336	32.46666666666667	15.533333333333333	10.966666666666667	19.333333333333332
110	85.86666666666666	14.666666666666666	38.46666666666667	20.833333333333332	4.833333333333333	9.566666666666666	9.833333333333334
120	89.3	14.933333333333334	37.53333333333333	19.566666666666666	5.033333333333333	7.966666666666667	9.9
130	98.34444444444445	21.6	39.233333333333334	23.5	8.1	8.866666666666667	13.5
140	92.56666666666666	24.7	44.63333333333333	23.6	11.233333333333333	9.1	13.466666666666667
150	97.38888888888889	27.2	42.233333333333334	25.8	10.766666666666667	8.566666666666666	16.433333333333334
160	106.6888888888889	22.1	40.766666666666666	23.833333333333332	9.133333333333333	9.766666666666667	12.966666666666667
170	147.9222222222222	19.6	35.53333333333333	19.7	8.4	7.966666666666667	11.2
180	175.43333333333337	9.066666666666666	24.1	14.0	1.3	5.9	7.766666666666667
190	178.59999999999997	18.3	26.3	18.966666666666665	5.466666666666667	5.266666666666667	12.833333333333334
200	187.8	9.633333333333333	20.233333333333334	11.0	3.566666666666667	4.466666666666667	6.066666666666666
210	228.88888888888889	5.2	12.766666666666667	6.0	2.1666666666666665	2.7666666666666666	3.033333333333333
220	245.02222222222233	9.866666666666667	15.733333333333333	9.233333333333333	4.1	3.1	5.766666666666667
230	302.8777777777778	5.733333333333333	18.166666666666668	7.766666666666667	2.2333333333333334	3.966666666666667	3.5
240	315.68888888888887	16.666666666666668	28.633333333333333	16.566666666666666	5.966666666666667	5.0	10.7
250	317.9944444444444	5.0	14.633333333333333	6.0	1.4666666666666666	2.1666666666666665	3.533333333333333
260	303.6	2.6	17.4	4.9	0.9	3.066666666666667	1.7
270	294.2666666666667	4.033333333333333	3.7333333333333334	3.8666666666666667	1.3	1.0	2.7333333333333334
280	335.2333333333334	0.0	0.0	0.0	0.0	0.0	0.0
290	329.7	0.0	0.0	0.0	0.0	0.0	0.0
300	362.05000000000007	0.0	0.0	0.0	0.0	0.0	0.0
310	414.5333333333335	0.0	0.0	0.0	0.0	0.0	0.0
320	465.2499999999999	0.0	0.0	0.0	0.0	0.0	0.0
330	503.22777777777793	0.0	0.0	0.0	0.0	0.0	0.0
340	533.5444444444444	0.0	0.0	0.0	0.0	0.0	0.0
350	636.377777777778	0.0	0.0	0.0	0.0	0.0	0.0
360	694.1	0.0	0.0	0.0	0.0	0.0	0.0
370	781.9388888888892	0.0	0.0	0.0	0.0	0.0	0.0
380	870.1111111111114	0.0	0.0	0.0	0.0	0.0	0.0
390	955.7333333333333	0.0	0.0	0.0	0.0	0.0	0.0
400	1127.5055555555555	0.0	0.0	0.0	0.0	0.0	0.0
410	1234.1055555555556	0.0	0.0	0.0	0.0	0.0	0.0
420	1269.8166666666668	0.0	0.0	0.0	0.0	0.0	0.0
430	1389.0166666666667	0.0	0.0	0.0	0.0	0.0	0.0
440	1481.85	0.0	0.0	0.0	0.0	0.0	0.0
450	1664.2222222222224	0.0	0.0	0.0	0.0	0.0	0.0
460	1751.4555555555557	0.0	0.0	0.0	0.0	0.0	0.0
470	1791.8833333333328	0.0	0.0	0.0	0.0	0.0	0.0
480	1831.95	0.0	0.0	0.0	0.0	0.0	0.0
490	1938.2555555555552	0.0	0.0	0.0	0.0	0.0	0.0
500	1941.511111111111	0.0	0.0	0.0	0.0	0.0	0.0
510	1989.4611111111114	0.0	0.0	0.0	0.0	0.0	0.0
520	2079.6055555555554	0.0	0.0	0.0	0.0	0.0	0.0
530	2075.611111111111	0.0	0.0	0.0	0.0	0.0	0.0
540	2169.7111111111108	0.0	0.0	0.0	0.0	0.0	0.0
550	2167.427777777778	0.0	0.0	0.0	0.0	0.0	0.0
560	2235.45	0.0	0.0	0.0	0.0	0.0	0.0
570	2256.7722222222224	0.0	0.0	0.0	0.0	0.0	0.0
580	2255.2166666666667	0.0	0.0	0.0	0.0	0.0	0.0
590	2295.3777777777777	0.0	0.0	0.0	0.0	0.0	0.0
600	2364.944444444445	0.0	0.0	0.0	0.0	0.0	0.0
610	2354.4000000000005	0.0	0.0	0.0	0.0	0.0	0.0
620	2386.45	0.0	0.0	0.0	0.0	0.0	0.0
630	2392.5611111111107	0.0	0.0	0.0	0.0	0.0	0.0
640	2393.216666666667	0.0	0.0	0.0	0.0	0.0	0.0
650	2459.244444444444	0.0	0.0	0.0	0.0	0.0	0.0
660	2456.7277777777776	0.0	0.0	0.0	0.0	0.0	0.0
670	2465.6111111111113	0.0	0.0	0.0	0.0	0.0	0.0
680	2415.4166666666656	0.0	0.0	0.0	0.0	0.0	0.0
690	2518.2222222222213	0.0	0.0	0.0	0.0	0.0	0.0
700	2509.2499999999995	0.0	0.0	0.0	0.0	0.0	0.0
710	2531.805555555555	0.0	0.0	0.0	0.0	0.0	0.0
720	2473.444444444444	0.0	0.0	0.0	0.0	0.0	0.0
730	2546.172222222223	0.0	0.0	0.0	0.0	0.0	0.0
740	2532.538888888889	0.0	0.0	0.0	0.0	0.0	0.0
750	2578.45	0.0	0.0	0.0	0.0	0.0	0.0
760	2595.661111111111	0.0	0.0	0.0	0.0	0.0	0.0
770	2546.4777777777776	0.0	0.0	0.0	0.0	0.0	0.0
780	2542.6277777777777	0.0	0.0	0.0	0.0	0.0	0.0
790	2549.788888888889	0.0	0.0	0.0	0.0	0.0	0.0
800	2544.8666666666672	0.0	0.0	0.0	0.0	0.0	0.0
810	2544.8111111111116	0.0	0.0	0.0	0.0	0.0	0.0
820	2547.716666666667	0.0	0.0	0.0	0.0	0.0	0.0
830	2566.1000000000004	0.0	0.0	0.0	0.0	0.0	0.0
840	2579.6555555555556	0.0	0.0	0.0	0.0	0.0	0.0
850	2529.738888888889	0.0	0.0	0.0	0.0	0.0	0.0
860	2509.883333333333	0.0	0.0	0.0	0.0	0.0	0.0
870	2510.6722222222224	0.0	0.0	0.0	0.0	0.0	0.0
880	2543.538888888889	0.0	0.0	0.0	0.0	0.0	0.0
890	2575.005555555556	0.0	0.0	0.0	0.0	0.0	0.0
900	2472.049999999999	0.0	0.0	0.0	0.0	0.0	0.0
910	2558.0833333333335	0.0	0.0	0.0	0.0	0.0	0.0
920	2514.633333333333	0.0	0.0	0.0	0.0	0.0	0.0
930	2511.722222222223	0.0	0.0	0.0	0.0	0.0	0.0
940	2513.866666666667	0.0	0.0	0.0	0.0	0.0	0.0
950	2511.011111111111	0.0	0.0	0.0	0.0	0.0	0.0
960	2528.3666666666672	0.0	0.0	0.0	0.0	0.0	0.0
970	2502.1277777777777	0.0	0.0	0.0	0.0	0.0	0.0
980	2459.5888888888885	0.0	0.0	0.0	0.0	0.0	0.0
990	2380.9277777777775	0.0	0.0	0.0	0.0	0.0	0.0
1000	2360.977777777778	0.0	0.0	0.0	0.0	0.0	0.0
