0	286.6666666666667	0.0	0.0	0.0	0.0	0.0	0.0
10	70.0	39.0	101.0	31.0	27.0	16.0	12.0
20	70.0	76.0	163.0	52.0	69.0	45.0	7.0
30	70.0	72.0	96.0	59.0	31.0	17.0	41.0
40	70.0	407.0	329.0	196.0	277.0	33.0	130.0
50	70.0	309.0	228.0	137.0	247.0	43.0	62.0
60	70.0	97.0	82.0	31.0	85.0	15.0	12.0
70	70.0	0.0	0.0	0.0	0.0	0.0	0.0
80	70.0	0.0	0.0	0.0	0.0	0.0	0.0
90	70.0	0.0	0.0	0.0	0.0	0.0	0.0
100	70.0	0.0	0.0	0.0	0.0	0.0	0.0
110	70.0	0.0	0.0	0.0	0.0	0.0	0.0
120	70.0	0.0	0.0	0.0	0.0	0.0	0.0
130	70.0	0.0	0.0	0.0	0.0	0.0	0.0
140	70.0	0.0	0.0	0.0	0.0	0.0	0.0
150	70.0	0.0	0.0	0.0	0.0	0.0	0.0
160	71.33333333333333	0.0	0.0	0.0	0.0	0.0	0.0
170	71.0	0.0	0.0	0.0	0.0	0.0	0.0
180	79.33333333333333	0.0	0.0	0.0	0.0	0.0	0.0
190	176.0	0.0	0.0	0.0	0.0	0.0	0.0
200	490.3333333333333	0.0	0.0	0.0	0.0	0.0	0.0
210	379.6666666666667	0.0	0.0	0.0	0.0	0.0	0.0
220	129.0	0.0	0.0	0.0	0.0	0.0	0.0
230	189.33333333333334	0.0	0.0	0.0	0.0	0.0	0.0
240	180.0	0.0	0.0	0.0	0.0	0.0	0.0
250	139.0	0.0	0.0	0.0	0.0	0.0	0.0
260	146.33333333333334	0.0	0.0	0.0	0.0	0.0	0.0
270	139.0	0.0	0.0	0.0	0.0	0.0	0.0
280	180.33333333333334	0.0	0.0	0.0	0.0	0.0	0.0
290	160.0	0.0	0.0	0.0	0.0	0.0	0.0
300	138.0	0.0	0.0	0.0	0.0	0.0	0.0
310	498.6666666666667	0.0	0.0	0.0	0.0	0.0	0.0
320	639.3333333333334	0.0	0.0	0.0	0.0	0.0	0.0
330	772.3333333333334	0.0	0.0	0.0	0.0	0.0	0.0
340	722.0	0.0	0.0	0.0	0.0	0.0	0.0
350	650.0	0.0	0.0	0.0	0.0	0.0	0.0
360	649.0	0.0	0.0	0.0	0.0	0.0	0.0
370	1106.3333333333333	0.0	0.0	0.0	0.0	0.0	0.0
380	1310.0	0.0	0.0	0.0	0.0	0.0	0.0
390	1503.0	0.0	0.0	0.0	0.0	0.0	0.0
400	1521.3333333333333	0.0	0.0	0.0	0.0	0.0	0.0
410	1733.3333333333333	0.0	0.0	0.0	0.0	0.0	0.0
420	1491.6666666666667	0.0	0.0	0.0	0.0	0.0	0.0
430	1320.6666666666667	0.0	0.0	0.0	0.0	0.0	0.0
440	1494.6666666666667	0.0	0.0	0.0	0.0	0.0	0.0
450	1547.3333333333333	0.0	0.0	0.0	0.0	0.0	0.0
460	2002.0	0.0	0.0	0.0	0.0	0.0	0.0
470	2331.0	0.0	0.0	0.0	0.0	0.0	0.0
480	2113.3333333333335	0.0	0.0	0.0	0.0	0.0	0.0
490	2102.0	0.0	0.0	0.0	0.0	0.0	0.0
500	1906.6666666666667	0.0	0.0	0.0	0.0	0.0	0.0
510	2209.6666666666665	0.0	0.0	0.0	0.0	0.0	0.0
520	2347.6666666666665	0.0	0.0	0.0	0.0	0.0	0.0
530	2217.3333333333335	0.0	0.0	0.0	0.0	0.0	0.0
540	2246.1666666666665	0.0	0.0	0.0	0.0	0.0	0.0
550	2282.3333333333335	0.0	0.0	0.0	0.0	0.0	0.0
560	2457.3333333333335	0.0	0.0	0.0	0.0	0.0	0.0
570	2264.6666666666665	0.0	0.0	0.0	0.0	0.0	0.0
580	2493.6666666666665	0.0	0.0	0.0	0.0	0.0	0.0
590	2332.1666666666665	0.0	0.0	0.0	0.0	0.0	0.0
600	2613.8333333333335	0.0	0.0	0.0	0.0	0.0	0.0
610	2344.0	0.0	0.0	0.0	0.0	0.0	0.0
620	2777.3333333333335	0.0	0.0	0.0	0.0	0.0	0.0
630	2418.0	0.0	0.0	0.0	0.0	0.0	0.0
640	2615.6666666666665	0.0	0.0	0.0	0.0	0.0	0.0
650	2554.8333333333335	0.0	0.0	0.0	0.0	0.0	0.0
660	2333.5	0.0	0.0	0.0	0.0	0.0	0.0
670	2439.6666666666665	0.0	0.0	0.0	0.0	0.0	0.0
680	2475.0	0.0	0.0	0.0	0.0	0.0	0.0
690	2448.3333333333335	0.0	0.0	0.0	0.0	0.0	0.0
700	2549.6666666666665	0.0	0.0	0.0	0.0	0.0	0.0
710	2689.8333333333335	0.0	0.0	0.0	0.0	0.0	0.0
720	2742.3333333333335	0.0	0.0	0.0	0.0	0.0	0.0
730	2609.6666666666665	0.0	0.0	0.0	0.0	0.0	0.0
740	2401.5	0.0	0.0	0.0	0.0	0.0	0.0
750	2382.5	0.0	0.0	0.0	0.0	0.0	0.0
760	2576.1666666666665	0.0	0.0	0.0	0.0	0.0	0.0
770	2547.5	0.0	0.0	0.0	0.0	0.0	0.0
780	2251.0	0.0	0.0	0.0	0.0	0.0	0.0
790	2451.0	0.0	0.0	0.0	0.0	0.0	0.0
800	2711.6666666666665	0.0	0.0	0.0	0.0	0.0	0.0
810	2612.3333333333335	0.0	0.0	0.0	0.0	0.0	0.0
820	2737.6666666666665	0.0	0.0	0.0	0.0	0.0	0.0
830	2450.3333333333335	0.0	0.0	0.0	0.0	0.0	0.0
840	2647.1666666666665	0.0	0.0	0.0	0.0	0.0	0.0
850	2537.6666666666665	0.0	0.0	0.0	0.0	0.0	0.0
860	2668.3333333333335	0.0	0.0	0.0	0.0	0.0	0.0
870	2585.6666666666665	0.0	0.0	0.0	0.0	0.0	0.0
880	2599.6666666666665	0.0	0.0	0.0	0.0	0.0	0.0
890	2778.1666666666665	0.0	0.0	0.0	0.0	0.0	0.0
900	2635.8333333333335	0.0	0.0	0.0	0.0	0.0	0.0
910	2464.6666666666665	0.0	0.0	0.0	0.0	0.0	0.0
920	2565.5	0.0	0.0	0.0	0.0	0.0	0.0
930	2687.3333333333335	0.0	0.0	0.0	0.0	0.0	0.0
940	2673.6666666666665	0.0	0.0	0.0	0.0	0.0	0.0
950	2706.3333333333335	0.0	0.0	0.0	0.0	0.0	0.0
960	2500.5	0.0	0.0	0.0	0.0	0.0	0.0
970	2614.0	0.0	0.0	0.0	0.0	0.0	0.0
980	2556.3333333333335	0.0	0.0	0.0	0.0	0.0	0.0
990	2562.0	0.0	0.0	0.0	0.0	0.0	0.0
1000	3013.5	0.0	0.0	0.0	0.0	0.0	0.0
