0	256.0	0.0	0.0	0.0	0.0	0.0	0.0
10	70.0	144.0	132.0	78.0	103.0	24.0	41.0
20	70.0	275.0	237.0	90.0	244.0	39.0	31.0
30	70.0	329.0	257.0	119.0	285.0	39.0	44.0
40	70.0	252.0	197.0	77.0	202.0	13.0	50.0
50	70.0	0.0	0.0	0.0	0.0	0.0	0.0
60	70.0	0.0	0.0	0.0	0.0	0.0	0.0
70	70.0	0.0	0.0	0.0	0.0	0.0	0.0
80	70.0	0.0	0.0	0.0	0.0	0.0	0.0
90	70.0	0.0	0.0	0.0	0.0	0.0	0.0
100	70.0	0.0	0.0	0.0	0.0	0.0	0.0
110	70.0	0.0	0.0	0.0	0.0	0.0	0.0
120	70.0	0.0	0.0	0.0	0.0	0.0	0.0
130	70.0	0.0	0.0	0.0	0.0	0.0	0.0
140	70.66666666666667	0.0	0.0	0.0	0.0	0.0	0.0
150	77.66666666666667	0.0	0.0	0.0	0.0	0.0	0.0
160	71.33333333333333	0.0	0.0	0.0	0.0	0.0	0.0
170	73.0	0.0	0.0	0.0	0.0	0.0	0.0
180	175.66666666666666	0.0	0.0	0.0	0.0	0.0	0.0
190	399.0	0.0	0.0	0.0	0.0	0.0	0.0
200	222.33333333333334	0.0	0.0	0.0	0.0	0.0	0.0
210	156.0	0.0	0.0	0.0	0.0	0.0	0.0
220	162.33333333333334	0.0	0.0	0.0	0.0	0.0	0.0
230	162.0	0.0	0.0	0.0	0.0	0.0	0.0
240	163.66666666666666	0.0	0.0	0.0	0.0	0.0	0.0
250	173.33333333333334	0.0	0.0	0.0	0.0	0.0	0.0
260	541.3333333333334	0.0	0.0	0.0	0.0	0.0	0.0
270	284.6666666666667	0.0	0.0	0.0	0.0	0.0	0.0
280	435.3333333333333	0.0	0.0	0.0	0.0	0.0	0.0
290	748.3333333333334	0.0	0.0	0.0	0.0	0.0	0.0
300	759.0	0.0	0.0	0.0	0.0	0.0	0.0
310	1040.3333333333333	0.0	0.0	0.0	0.0	0.0	0.0
320	789.3333333333334	0.0	0.0	0.0	0.0	0.0	0.0
330	1591.6666666666667	0.0	0.0	0.0	0.0	0.0	0.0
340	1310.3333333333333	0.0	0.0	0.0	0.0	0.0	0.0
350	1581.0	0.0	0.0	0.0	0.0	0.0	0.0
360	1402.3333333333333	0.0	0.0	0.0	0.0	0.0	0.0
370	1413.0	0.0	0.0	0.0	0.0	0.0	0.0
380	1823.6666666666667	0.0	0.0	0.0	0.0	0.0	0.0
390	1479.3333333333333	0.0	0.0	0.0	0.0	0.0	0.0
400	1510.0	0.0	0.0	0.0	0.0	0.0	0.0
410	1828.0	0.0	0.0	0.0	0.0	0.0	0.0
420	1503.0	0.0	0.0	0.0	0.0	0.0	0.0
430	1660.3333333333333	0.0	0.0	0.0	0.0	0.0	0.0
440	1673.6666666666667	0.0	0.0	0.0	0.0	0.0	0.0
450	2196.6666666666665	0.0	0.0	0.0	0.0	0.0	0.0
460	2025.6666666666667	0.0	0.0	0.0	0.0	0.0	0.0
470	1939.6666666666667	0.0	0.0	0.0	0.0	0.0	0.0
480	1839.3333333333333	0.0	0.0	0.0	0.0	0.0	0.0
490	2471.6666666666665	0.0	0.0	0.0	0.0	0.0	0.0
500	2148.3333333333335	0.0	0.0	0.0	0.0	0.0	0.0
510	2184.0	0.0	0.0	0.0	0.0	0.0	0.0
520	1992.3333333333333	0.0	0.0	0.0	0.0	0.0	0.0
530	2406.3333333333335	0.0	0.0	0.0	0.0	0.0	0.0
540	2163.8333333333335	0.0	0.0	0.0	0.0	0.0	0.0
550	2119.5	0.0	0.0	0.0	0.0	0.0	0.0
560	2130.3333333333335	0.0	0.0	0.0	0.0	0.0	0.0
570	2120.6666666666665	0.0	0.0	0.0	0.0	0.0	0.0
580	2205.0	0.0	0.0	0.0	0.0	0.0	0.0
590	2162.1666666666665	0.0	0.0	0.0	0.0	0.0	0.0
600	2088.3333333333335	0.0	0.0	0.0	0.0	0.0	0.0
610	2471.5	0.0	0.0	0.0	0.0	0.0	0.0
620	2241.0	0.0	0.0	0.0	0.0	0.0	0.0
630	2441.0	0.0	0.0	0.0	0.0	0.0	0.0
640	2416.3333333333335	0.0	0.0	0.0	0.0	0.0	0.0
650	2382.8333333333335	0.0	0.0	0.0	0.0	0.0	0.0
660	2501.0	0.0	0.0	0.0	0.0	0.0	0.0
670	2719.1666666666665	0.0	0.0	0.0	0.0	0.0	0.0
680	2450.0	0.0	0.0	0.0	0.0	0.0	0.0
690	2761.6666666666665	0.0	0.0	0.0	0.0	0.0	0.0
700	2434.0	0.0	0.0	0.0	0.0	0.0	0.0
710	2501.0	0.0	0.0	0.0	0.0	0.0	0.0
720	2734.5	0.0	0.0	0.0	0.0	0.0	0.0
730	2746.1666666666665	0.0	0.0	0.0	0.0	0.0	0.0
740	2588.6666666666665	0.0	0.0	0.0	0.0	0.0	0.0
750	2608.6666666666665	0.0	0.0	0.0	0.0	0.0	0.0
760	2636.1666666666665	0.0	0.0	0.0	0.0	0.0	0.0
770	2299.3333333333335	0.0	0.0	0.0	0.0	0.0	0.0
780	2190.0	0.0	0.0	0.0	0.0	0.0	0.0
790	2353.1666666666665	0.0	0.0	0.0	0.0	0.0	0.0
800	2611.1666666666665	0.0	0.0	0.0	0.0	0.0	0.0
810	2735.3333333333335	0.0	0.0	0.0	0.0	0.0	0.0
820	2609.8333333333335	0.0	0.0	0.0	0.0	0.0	0.0
830	2643.8333333333335	0.0	0.0	0.0	0.0	0.0	0.0
840	2841.1666666666665	0.0	0.0	0.0	0.0	0.0	0.0
850	2723.1666666666665	0.0	0.0	0.0	0.0	0.0	0.0
860	2151.6666666666665	0.0	0.0	0.0	0.0	0.0	0.0
870	2885.1666666666665	0.0	0.0	0.0	0.0	0.0	0.0
880	2774.6666666666665	0.0	0.0	0.0	0.0	0.0	0.0
890	2930.1666666666665	0.0	0.0	0.0	0.0	0.0	0.0
900	1872.6666666666667	0.0	0.0	0.0	0.0	0.0	0.0
910	2732.6666666666665	0.0	0.0	0.0	0.0	0.0	0.0
920	2748.6666666666665	0.0	0.0	0.0	0.0	0.0	0.0
930	2661.3333333333335	0.0	0.0	0.0	0.0	0.0	0.0
940	2692.6666666666665	0.0	0.0	0.0	0.0	0.0	0.0
950	2393.6666666666665	0.0	0.0	0.0	0.0	0.0	0.0
960	2644.3333333333335	0.0	0.0	0.0	0.0	0.0	0.0
970	2659.3333333333335	0.0	0.0	0.0	0.0	0.0	0.0
980	2667.0	0.0	0.0	0.0	0.0	0.0	0.0
990	2708.0	0.0	0.0	0.0	0.0	0.0	0.0
1000	2464.6666666666665	0.0	0.0	0.0	0.0	0.0	0.0
