0	247.33333333333334	0.0
10	2173.8333333333335	0.0
20	1946.8333333333333	0.0
30	1963.3333333333333	0.0
40	2113.8333333333335	0.0
50	2052.0	5.0
60	2173.5	1.0
70	2144.8333333333335	0.0
80	2157.5	0.0
90	2335.3333333333335	0.0
100	2401.0	2.0
110	2116.0	0.0
120	2514.5	0.0
130	2486.6666666666665	1.0
140	2249.6666666666665	0.0
150	2541.6666666666665	0.0
160	2452.5	3.0
170	2645.5	2.0
180	2359.8333333333335	6.0
190	2482.1666666666665	1.0
200	2563.8333333333335	1.0
210	2369.0	2.0
220	2597.0	1.0
230	2219.1666666666665	4.0
240	2472.5	8.0
250	1981.1666666666667	6.0
260	2368.3333333333335	5.0
270	2463.1666666666665	3.0
280	2731.3333333333335	1.0
290	2724.5	1.0
300	2756.0	2.0
310	2664.5	0.0
320	2779.8333333333335	0.0
330	2792.8333333333335	0.0
340	2836.1666666666665	4.0
350	2775.1666666666665	1.0
360	2933.6666666666665	1.0
370	3141.0	1.0
380	3009.0	11.0
390	3475.5	1.0
400	3433.6666666666665	4.0
410	3390.0	3.0
420	3709.6666666666665	2.0
430	3010.3333333333335	7.0
440	2958.0	2.0
450	3564.6666666666665	0.0
460	3489.3333333333335	0.0
470	3495.1666666666665	2.0
480	2737.1666666666665	1.0
490	3275.5	0.0
500	3884.8333333333335	1.0
510	3598.8333333333335	2.0
520	3451.1666666666665	0.0
530	3398.3333333333335	6.0
540	3148.1666666666665	3.0
550	3571.5	4.0
560	3844.0	0.0
570	2876.8333333333335	1.0
580	3237.6666666666665	2.0
590	3040.8333333333335	5.0
600	3301.8333333333335	3.0
610	3102.6666666666665	2.0
620	3651.6666666666665	4.0
630	3171.3333333333335	2.0
640	3509.5	0.0
650	3486.3333333333335	1.0
660	3522.0	4.0
670	3034.1666666666665	1.0
680	3493.6666666666665	4.0
690	3770.1666666666665	3.0
700	3830.8333333333335	0.0
710	3427.5	7.0
720	3807.5	2.0
730	3599.6666666666665	6.0
740	3909.1666666666665	5.0
750	3618.8333333333335	2.0
760	3796.5	2.0
770	3886.0	3.0
780	3263.3333333333335	1.0
790	3743.3333333333335	1.0
800	3761.5	0.0
810	3648.6666666666665	4.0
820	3851.8333333333335	2.0
830	4007.5	2.0
840	3658.1666666666665	2.0
850	3728.8333333333335	2.0
860	3464.8333333333335	1.0
870	3922.8333333333335	1.0
880	3819.3333333333335	2.0
890	3913.1666666666665	1.0
900	3957.0	4.0
910	3669.0	0.0
920	3952.5	4.0
930	3896.6666666666665	3.0
940	3778.1666666666665	0.0
950	4117.166666666667	0.0
960	3940.0	0.0
970	3537.1666666666665	0.0
980	3521.8333333333335	2.0
990	3667.8333333333335	1.0
1000	3705.5	4.0
