0	274.0	0.0
10	1844.1666666666667	1.0
20	2057.3333333333335	1.0
30	2020.5	2.0
40	2133.0	1.0
50	1838.6666666666667	0.0
60	2250.5	3.0
70	2106.8333333333335	4.0
80	2441.8333333333335	0.0
90	2425.5	7.0
100	2477.0	3.0
110	2609.3333333333335	2.0
120	2658.6666666666665	0.0
130	2334.3333333333335	1.0
140	2826.1666666666665	0.0
150	2597.0	1.0
160	2743.1666666666665	2.0
170	2719.3333333333335	3.0
180	2925.3333333333335	3.0
190	2865.1666666666665	0.0
200	2816.3333333333335	1.0
210	2614.3333333333335	1.0
220	2643.0	3.0
230	2972.6666666666665	8.0
240	2273.1666666666665	2.0
250	2769.6666666666665	0.0
260	2613.6666666666665	2.0
270	2451.8333333333335	3.0
280	2892.1666666666665	2.0
290	2855.5	1.0
300	2605.1666666666665	2.0
310	3019.8333333333335	2.0
320	2957.5	3.0
330	3221.0	2.0
340	2924.6666666666665	2.0
350	3111.8333333333335	3.0
360	3351.8333333333335	3.0
370	3550.0	3.0
380	2949.5	1.0
390	3153.3333333333335	0.0
400	2686.6666666666665	5.0
410	3250.1666666666665	2.0
420	3603.3333333333335	7.0
430	3641.6666666666665	2.0
440	3865.6666666666665	1.0
450	3524.8333333333335	3.0
460	4073.1666666666665	2.0
470	3882.6666666666665	4.0
480	3594.6666666666665	2.0
490	3565.5	2.0
500	3771.0	2.0
510	3396.0	1.0
520	3912.0	5.0
530	3531.1666666666665	4.0
540	3462.5	2.0
550	3376.0	6.0
560	3352.6666666666665	1.0
570	3323.3333333333335	5.0
580	3656.5	0.0
590	3763.5	2.0
600	3617.1666666666665	0.0
610	3493.3333333333335	2.0
620	3573.6666666666665	2.0
630	3379.1666666666665	1.0
640	3568.5	0.0
650	4069.8333333333335	8.0
660	3885.8333333333335	9.0
670	3674.8333333333335	2.0
680	3791.5	3.0
690	3914.3333333333335	1.0
700	3636.6666666666665	3.0
710	4108.333333333333	1.0
720	3808.6666666666665	3.0
730	3900.0	2.0
740	3586.3333333333335	0.0
750	3750.8333333333335	2.0
760	3898.1666666666665	1.0
770	3753.0	2.0
780	3784.5	4.0
790	3962.5	3.0
800	3635.6666666666665	2.0
810	3489.3333333333335	2.0
820	3871.8333333333335	4.0
830	3767.5	7.0
840	3805.8333333333335	5.0
850	3605.0	1.0
860	3533.0	3.0
870	3468.0	7.0
880	3859.0	0.0
890	3762.8333333333335	6.0
900	3620.0	4.0
910	3950.8333333333335	1.0
920	3977.8333333333335	2.0
930	3657.1666666666665	1.0
940	4002.5	0.0
950	3837.3333333333335	1.0
960	3458.6666666666665	2.0
970	3478.8333333333335	2.0
980	3808.3333333333335	2.0
990	3792.6666666666665	1.0
1000	3595.3333333333335	5.0
