0	261.3333333333333	0.0
10	1876.0	1000.0
20	2122.3333333333335	0.0
30	2113.0	0.0
40	2026.6666666666667	0.0
50	2007.3333333333333	0.0
60	1949.3333333333333	0.0
70	1904.1666666666667	0.0
80	2026.5	0.0
90	2139.8333333333335	0.0
100	2138.0	0.0
110	2189.1666666666665	0.0
120	2133.5	0.0
130	2228.6666666666665	0.0
140	2329.5	0.0
150	2337.6666666666665	0.0
160	2065.1666666666665	0.0
170	2151.8333333333335	0.0
180	2150.1666666666665	0.0
190	2096.3333333333335	0.0
200	2423.5	0.0
210	2322.5	0.0
220	2439.5	0.0
230	2347.0	0.0
240	2321.0	0.0
250	2410.1666666666665	0.0
260	2652.5	0.0
270	2339.0	0.0
280	2282.8333333333335	0.0
290	2468.0	0.0
300	2376.8333333333335	0.0
310	2519.8333333333335	0.0
320	2463.3333333333335	0.0
330	2359.0	0.0
340	2363.8333333333335	0.0
350	2504.8333333333335	0.0
360	2360.0	0.0
370	2670.8333333333335	0.0
380	2578.5	0.0
390	2773.3333333333335	0.0
400	2513.0	0.0
410	2510.0	0.0
420	2525.6666666666665	0.0
430	2373.1666666666665	0.0
440	2667.8333333333335	0.0
450	2603.0	0.0
460	2290.8333333333335	0.0
470	2669.8333333333335	0.0
480	2788.1666666666665	0.0
490	2456.0	0.0
500	2701.0	0.0
510	2699.3333333333335	0.0
520	2759.8333333333335	0.0
530	2756.8333333333335	0.0
540	2503.8333333333335	0.0
550	2601.8333333333335	0.0
560	2349.0	0.0
570	2688.8333333333335	0.0
580	2686.8333333333335	0.0
590	2689.1666666666665	0.0
600	2979.8333333333335	0.0
610	2852.0	0.0
620	2699.0	0.0
630	2904.6666666666665	0.0
640	2642.3333333333335	0.0
650	2631.8333333333335	0.0
660	2913.8333333333335	0.0
670	2715.8333333333335	0.0
680	2727.8333333333335	0.0
690	2860.3333333333335	0.0
700	2729.6666666666665	0.0
710	2803.3333333333335	0.0
720	2806.5	0.0
730	2809.0	0.0
740	2622.3333333333335	0.0
750	2688.1666666666665	0.0
760	2928.0	0.0
770	2982.5	0.0
780	2822.3333333333335	0.0
790	2829.3333333333335	0.0
800	2802.5	0.0
810	2973.6666666666665	0.0
820	2807.3333333333335	0.0
830	3102.0	0.0
840	3130.6666666666665	0.0
850	3021.5	0.0
860	2890.1666666666665	0.0
870	2834.1666666666665	0.0
880	2781.3333333333335	0.0
890	3106.8333333333335	0.0
900	3306.1666666666665	0.0
910	2835.8333333333335	0.0
920	2943.1666666666665	0.0
930	3068.3333333333335	0.0
940	2842.5	0.0
950	2911.3333333333335	0.0
960	2990.6666666666665	0.0
970	2919.6666666666665	0.0
980	3095.3333333333335	0.0
990	3036.8333333333335	0.0
1000	3103.0	0.0
