0	246.0	0.0
10	1659.8333333333333	1000.0
20	2068.3333333333335	0.0
30	1938.1666666666667	0.0
40	2107.6666666666665	0.0
50	2162.3333333333335	0.0
60	2000.8333333333333	0.0
70	1955.6666666666667	0.0
80	1978.8333333333333	0.0
90	2244.6666666666665	0.0
100	2238.3333333333335	0.0
110	2035.6666666666667	0.0
120	2212.5	0.0
130	2085.6666666666665	0.0
140	2192.6666666666665	0.0
150	2205.0	0.0
160	2179.8333333333335	0.0
170	2389.8333333333335	0.0
180	2302.0	0.0
190	2355.1666666666665	0.0
200	2520.0	0.0
210	2197.6666666666665	0.0
220	2191.3333333333335	0.0
230	2435.1666666666665	0.0
240	2461.1666666666665	0.0
250	2346.5	0.0
260	2341.8333333333335	0.0
270	2707.0	0.0
280	2304.8333333333335	0.0
290	2770.0	0.0
300	2605.0	0.0
310	2584.1666666666665	0.0
320	2616.5	0.0
330	2517.6666666666665	0.0
340	2608.1666666666665	0.0
350	2785.8333333333335	0.0
360	2546.3333333333335	0.0
370	2510.3333333333335	0.0
380	2365.6666666666665	0.0
390	2557.1666666666665	0.0
400	2296.5	0.0
410	2188.3333333333335	0.0
420	2596.0	0.0
430	2775.5	0.0
440	2604.1666666666665	0.0
450	2635.5	0.0
460	2685.3333333333335	0.0
470	2776.0	0.0
480	2418.6666666666665	0.0
490	2678.1666666666665	0.0
500	2702.1666666666665	0.0
510	2342.3333333333335	0.0
520	2725.0	0.0
530	2639.6666666666665	0.0
540	2712.6666666666665	0.0
550	2895.3333333333335	0.0
560	2771.8333333333335	0.0
570	3077.3333333333335	0.0
580	2664.0	0.0
590	2810.6666666666665	0.0
600	2527.1666666666665	0.0
610	2539.8333333333335	0.0
620	2759.0	0.0
630	2637.8333333333335	0.0
640	2648.3333333333335	0.0
650	2820.0	0.0
660	2866.3333333333335	0.0
670	2761.1666666666665	0.0
680	2480.3333333333335	0.0
690	2646.8333333333335	0.0
700	2889.3333333333335	0.0
710	2458.5	0.0
720	2784.3333333333335	0.0
730	2879.3333333333335	0.0
740	2589.6666666666665	0.0
750	2507.3333333333335	0.0
760	3070.5	0.0
770	2813.5	0.0
780	2599.3333333333335	0.0
790	2821.6666666666665	0.0
800	2548.3333333333335	0.0
810	2593.5	0.0
820	2940.6666666666665	0.0
830	2867.5	0.0
840	2737.6666666666665	0.0
850	2677.3333333333335	0.0
860	2911.0	0.0
870	2724.6666666666665	0.0
880	2919.8333333333335	0.0
890	2693.3333333333335	0.0
900	2927.5	0.0
910	3106.6666666666665	0.0
920	2979.1666666666665	0.0
930	2771.0	0.0
940	3187.5	0.0
950	2848.1666666666665	0.0
960	2670.0	0.0
970	2985.1666666666665	0.0
980	2873.6666666666665	0.0
990	2977.8333333333335	0.0
1000	3009.5	0.0
