0	280.6666666666667	0.0
10	2014.1666666666667	1000.0
20	1955.3333333333333	0.0
30	2064.0	0.0
40	1971.8333333333333	0.0
50	2115.6666666666665	0.0
60	2055.6666666666665	0.0
70	2222.8333333333335	0.0
80	1990.0	0.0
90	2205.5	0.0
100	2043.0	0.0
110	2081.0	0.0
120	2014.3333333333333	0.0
130	2266.8333333333335	0.0
140	2136.8333333333335	0.0
150	2330.6666666666665	0.0
160	2223.5	0.0
170	2356.8333333333335	0.0
180	2307.1666666666665	0.0
190	2124.5	0.0
200	2231.6666666666665	0.0
210	2421.1666666666665	0.0
220	2353.1666666666665	0.0
230	2345.6666666666665	0.0
240	2310.5	0.0
250	2392.5	0.0
260	2305.3333333333335	0.0
270	2432.0	0.0
280	2489.8333333333335	0.0
290	2311.5	0.0
300	2477.5	0.0
310	2328.0	0.0
320	2626.0	0.0
330	2509.5	0.0
340	2522.6666666666665	0.0
350	2615.3333333333335	0.0
360	2421.1666666666665	0.0
370	2578.0	0.0
380	2646.0	0.0
390	2479.3333333333335	0.0
400	2821.1666666666665	0.0
410	2748.8333333333335	0.0
420	2704.3333333333335	0.0
430	2734.1666666666665	0.0
440	2568.3333333333335	0.0
450	2746.0	0.0
460	2697.6666666666665	0.0
470	2629.5	0.0
480	2503.3333333333335	0.0
490	2668.5	0.0
500	2508.3333333333335	0.0
510	2554.5	0.0
520	2751.0	0.0
530	2876.6666666666665	0.0
540	2510.1666666666665	0.0
550	2595.3333333333335	0.0
560	2654.0	0.0
570	2836.5	0.0
580	2777.3333333333335	0.0
590	2832.1666666666665	0.0
600	2740.3333333333335	0.0
610	2694.1666666666665	0.0
620	2272.3333333333335	0.0
630	2543.1666666666665	0.0
640	2602.1666666666665	0.0
650	2808.3333333333335	0.0
660	2660.6666666666665	0.0
670	2756.0	0.0
680	2549.0	0.0
690	2822.0	0.0
700	2523.8333333333335	0.0
710	2867.3333333333335	0.0
720	2889.8333333333335	0.0
730	2837.3333333333335	0.0
740	2816.8333333333335	0.0
750	2989.8333333333335	0.0
760	2879.0	0.0
770	2865.8333333333335	0.0
780	2893.3333333333335	0.0
790	2944.3333333333335	0.0
800	3094.0	0.0
810	3013.5	0.0
820	2987.1666666666665	0.0
830	2995.0	0.0
840	2951.1666666666665	0.0
850	3093.8333333333335	0.0
860	2889.6666666666665	0.0
870	3250.1666666666665	0.0
880	3296.0	0.0
890	2926.3333333333335	0.0
900	3055.0	0.0
910	3110.0	0.0
920	2817.5	0.0
930	2831.6666666666665	0.0
940	3082.3333333333335	0.0
950	3107.5	0.0
960	3124.6666666666665	0.0
970	2923.6666666666665	0.0
980	3145.8333333333335	0.0
990	3014.0	0.0
1000	3304.0	0.0
