0	266.0	0.0
10	1971.0	25.0
20	2131.0	19.0
30	2151.3333333333335	17.0
40	1725.8333333333333	47.0
50	2037.8333333333333	38.0
60	2195.5	17.0
70	2114.8333333333335	63.0
80	2093.8333333333335	34.0
90	1926.3333333333333	8.0
100	2186.1666666666665	25.0
110	2318.0	16.0
120	2395.6666666666665	13.0
130	2323.5	26.0
140	2467.3333333333335	16.0
150	2247.6666666666665	5.0
160	2412.0	46.0
170	2352.6666666666665	41.0
180	2322.1666666666665	14.0
190	2510.1666666666665	51.0
200	2584.3333333333335	7.0
210	2492.8333333333335	64.0
220	2669.8333333333335	42.0
230	2631.1666666666665	18.0
240	2663.0	18.0
250	2537.6666666666665	9.0
260	2656.0	9.0
270	2723.3333333333335	72.0
280	2446.0	59.0
290	2443.5	9.0
300	2641.6666666666665	24.0
310	2551.5	37.0
320	2686.0	24.0
330	2636.8333333333335	29.0
340	2641.8333333333335	11.0
350	2594.6666666666665	38.0
360	2752.5	9.0
370	2630.3333333333335	0.0
380	2655.5	0.0
390	2536.1666666666665	0.0
400	2707.0	0.0
410	2831.0	0.0
420	2801.3333333333335	0.0
430	2816.0	0.0
440	2738.6666666666665	0.0
450	2927.0	0.0
460	2639.8333333333335	0.0
470	2452.1666666666665	0.0
480	2700.8333333333335	0.0
490	2865.1666666666665	0.0
500	2862.3333333333335	0.0
510	2885.1666666666665	0.0
520	3038.5	0.0
530	2955.8333333333335	0.0
540	2775.6666666666665	0.0
550	2889.1666666666665	0.0
560	2736.1666666666665	0.0
570	2708.1666666666665	0.0
580	2526.0	0.0
590	2926.5	0.0
600	2789.0	0.0
610	3157.3333333333335	0.0
620	3049.6666666666665	0.0
630	2947.1666666666665	0.0
640	2939.6666666666665	0.0
650	2927.5	0.0
660	2896.3333333333335	0.0
670	2819.0	0.0
680	2677.0	0.0
690	2871.8333333333335	0.0
700	3081.8333333333335	0.0
710	2983.6666666666665	0.0
720	2920.0	0.0
730	3106.5	0.0
740	2995.6666666666665	0.0
750	2752.1666666666665	0.0
760	2905.3333333333335	0.0
770	2918.3333333333335	0.0
780	3130.8333333333335	0.0
790	3206.0	0.0
800	3050.6666666666665	0.0
810	3150.3333333333335	0.0
820	2916.0	0.0
830	3092.3333333333335	0.0
840	3051.8333333333335	0.0
850	3225.8333333333335	0.0
860	3349.6666666666665	0.0
870	3156.6666666666665	0.0
880	2986.0	0.0
890	3072.0	0.0
900	3342.3333333333335	0.0
910	3039.3333333333335	0.0
920	2963.3333333333335	0.0
930	3303.1666666666665	0.0
940	3080.8333333333335	0.0
950	2854.1666666666665	0.0
960	3191.3333333333335	0.0
970	3123.8333333333335	0.0
980	3248.1666666666665	0.0
990	3219.6666666666665	0.0
1000	2909.0	0.0
