0	274.0	0.0
10	1994.0	1000.0
20	1939.8333333333333	0.0
30	2243.5	0.0
40	2042.3333333333333	0.0
50	2119.5	0.0
60	2224.6666666666665	0.0
70	2149.6666666666665	0.0
80	2096.0	0.0
90	2017.3333333333333	0.0
100	2191.3333333333335	0.0
110	2169.1666666666665	0.0
120	2137.3333333333335	0.0
130	2204.0	0.0
140	1938.8333333333333	0.0
150	2146.8333333333335	0.0
160	2090.1666666666665	0.0
170	2200.3333333333335	0.0
180	2292.6666666666665	0.0
190	2403.1666666666665	0.0
200	2206.5	0.0
210	2603.8333333333335	0.0
220	2406.3333333333335	0.0
230	2386.5	0.0
240	2346.6666666666665	0.0
250	2329.0	0.0
260	2401.0	0.0
270	2596.0	0.0
280	2450.3333333333335	0.0
290	2758.6666666666665	0.0
300	2629.1666666666665	0.0
310	2569.8333333333335	0.0
320	2414.3333333333335	0.0
330	2518.6666666666665	0.0
340	2516.8333333333335	0.0
350	2660.8333333333335	0.0
360	2490.0	0.0
370	2188.5	0.0
380	2361.3333333333335	0.0
390	2731.0	0.0
400	2591.1666666666665	0.0
410	2466.8333333333335	0.0
420	2761.5	0.0
430	2584.8333333333335	0.0
440	2735.8333333333335	0.0
450	2568.0	0.0
460	2561.0	0.0
470	2692.8333333333335	0.0
480	2425.5	0.0
490	2621.5	0.0
500	2530.6666666666665	0.0
510	2475.8333333333335	0.0
520	2750.3333333333335	0.0
530	2677.6666666666665	0.0
540	2753.6666666666665	0.0
550	2751.1666666666665	0.0
560	2862.5	0.0
570	2591.1666666666665	0.0
580	2348.1666666666665	0.0
590	2507.0	0.0
600	2892.3333333333335	0.0
610	2567.8333333333335	0.0
620	2859.5	0.0
630	2704.6666666666665	0.0
640	2771.3333333333335	0.0
650	2681.8333333333335	0.0
660	2814.5	0.0
670	2741.1666666666665	0.0
680	2597.0	0.0
690	2707.0	0.0
700	2362.1666666666665	0.0
710	2709.0	0.0
720	2717.5	0.0
730	2934.5	0.0
740	2588.1666666666665	0.0
750	2677.6666666666665	0.0
760	2890.3333333333335	0.0
770	2488.6666666666665	0.0
780	2676.6666666666665	0.0
790	2804.8333333333335	0.0
800	2873.6666666666665	0.0
810	2783.1666666666665	0.0
820	2863.3333333333335	0.0
830	2661.1666666666665	0.0
840	2709.1666666666665	0.0
850	2755.1666666666665	0.0
860	2806.0	0.0
870	2847.5	0.0
880	2846.1666666666665	0.0
890	2898.0	0.0
900	2801.8333333333335	0.0
910	3007.3333333333335	0.0
920	2958.1666666666665	0.0
930	2826.3333333333335	0.0
940	3173.6666666666665	0.0
950	2761.6666666666665	0.0
960	2864.3333333333335	0.0
970	2833.0	0.0
980	3065.5	0.0
990	2785.8333333333335	0.0
1000	3126.3333333333335	0.0
