0	251.66666666666666	0.0
10	1984.0	1000.0
20	2014.0	0.0
30	1941.6666666666667	0.0
40	1792.3333333333333	0.0
50	2140.5	0.0
60	2306.0	0.0
70	2177.8333333333335	0.0
80	1831.5	0.0
90	2306.8333333333335	0.0
100	2062.5	0.0
110	2152.1666666666665	0.0
120	1900.6666666666667	0.0
130	2165.6666666666665	0.0
140	2134.1666666666665	0.0
150	2236.6666666666665	0.0
160	2231.6666666666665	0.0
170	2241.5	0.0
180	2385.1666666666665	0.0
190	2283.1666666666665	0.0
200	2192.6666666666665	0.0
210	2238.0	0.0
220	2168.5	0.0
230	2168.0	0.0
240	2149.3333333333335	0.0
250	2358.1666666666665	0.0
260	2146.6666666666665	0.0
270	2350.6666666666665	0.0
280	2363.3333333333335	0.0
290	2490.1666666666665	0.0
300	2448.3333333333335	0.0
310	2368.8333333333335	0.0
320	2111.0	0.0
330	2399.1666666666665	0.0
340	2404.3333333333335	0.0
350	2260.5	0.0
360	2484.6666666666665	0.0
370	2515.0	0.0
380	2477.3333333333335	0.0
390	2237.6666666666665	0.0
400	2519.1666666666665	0.0
410	2678.8333333333335	0.0
420	2849.3333333333335	0.0
430	2523.6666666666665	0.0
440	2552.3333333333335	0.0
450	2559.1666666666665	0.0
460	2586.8333333333335	0.0
470	2753.0	0.0
480	2704.1666666666665	0.0
490	2670.8333333333335	0.0
500	2611.0	0.0
510	2532.3333333333335	0.0
520	2502.6666666666665	0.0
530	2749.0	0.0
540	2908.0	0.0
550	2505.5	0.0
560	2576.1666666666665	0.0
570	2781.1666666666665	0.0
580	2767.6666666666665	0.0
590	2556.1666666666665	0.0
600	2389.5	0.0
610	2769.6666666666665	0.0
620	2516.3333333333335	0.0
630	2831.0	0.0
640	2624.0	0.0
650	2700.0	0.0
660	2589.5	0.0
670	2557.6666666666665	0.0
680	2829.8333333333335	0.0
690	2775.0	0.0
700	2319.5	0.0
710	2518.6666666666665	0.0
720	2792.1666666666665	0.0
730	2853.1666666666665	0.0
740	2630.5	0.0
750	2651.8333333333335	0.0
760	2602.0	0.0
770	2880.5	0.0
780	2645.5	0.0
790	2911.1666666666665	0.0
800	2845.8333333333335	0.0
810	2719.6666666666665	0.0
820	2703.0	0.0
830	2959.3333333333335	0.0
840	2508.5	0.0
850	2903.8333333333335	0.0
860	2595.1666666666665	0.0
870	2850.3333333333335	0.0
880	2648.8333333333335	0.0
890	2646.0	0.0
900	2779.1666666666665	0.0
910	3045.8333333333335	0.0
920	2790.5	0.0
930	2829.8333333333335	0.0
940	2967.3333333333335	0.0
950	2839.8333333333335	0.0
960	3050.3333333333335	0.0
970	3114.6666666666665	0.0
980	3017.1666666666665	0.0
990	2674.6666666666665	0.0
1000	2891.6666666666665	0.0
