0	268.0	0.0
10	1869.6666666666667	1000.0
20	2121.6666666666665	0.0
30	2166.3333333333335	0.0
40	1993.3333333333333	0.0
50	2203.3333333333335	0.0
60	2160.6666666666665	0.0
70	2248.0	0.0
80	2053.5	0.0
90	2130.0	0.0
100	2178.0	0.0
110	2387.5	0.0
120	2201.8333333333335	0.0
130	2106.3333333333335	0.0
140	2314.1666666666665	0.0
150	2132.8333333333335	0.0
160	2244.8333333333335	0.0
170	2187.8333333333335	0.0
180	2214.0	0.0
190	2152.5	0.0
200	2121.0	0.0
210	2169.8333333333335	0.0
220	2437.8333333333335	0.0
230	2230.3333333333335	0.0
240	2483.6666666666665	0.0
250	2395.5	0.0
260	2390.1666666666665	0.0
270	2384.6666666666665	0.0
280	2487.1666666666665	0.0
290	2537.8333333333335	0.0
300	2355.6666666666665	0.0
310	2500.1666666666665	0.0
320	2329.3333333333335	0.0
330	2362.3333333333335	0.0
340	2737.1666666666665	0.0
350	2468.1666666666665	0.0
360	2466.0	0.0
370	2506.0	0.0
380	2731.0	0.0
390	2885.1666666666665	0.0
400	2589.1666666666665	0.0
410	2573.3333333333335	0.0
420	2583.3333333333335	0.0
430	2482.6666666666665	0.0
440	2629.3333333333335	0.0
450	2811.3333333333335	0.0
460	2656.6666666666665	0.0
470	2772.0	0.0
480	2785.5	0.0
490	2640.8333333333335	0.0
500	2813.0	0.0
510	2609.6666666666665	0.0
520	2868.5	0.0
530	2561.6666666666665	0.0
540	2537.3333333333335	0.0
550	2317.6666666666665	0.0
560	2403.6666666666665	0.0
570	2663.0	0.0
580	2620.0	0.0
590	2530.3333333333335	0.0
600	2657.6666666666665	0.0
610	2997.1666666666665	0.0
620	2780.8333333333335	0.0
630	2580.3333333333335	0.0
640	2646.6666666666665	0.0
650	2737.1666666666665	0.0
660	3027.3333333333335	0.0
670	2655.5	0.0
680	2915.0	0.0
690	2675.6666666666665	0.0
700	3007.5	0.0
710	3100.3333333333335	0.0
720	2985.3333333333335	0.0
730	3121.0	0.0
740	2939.1666666666665	0.0
750	2833.1666666666665	0.0
760	2441.6666666666665	0.0
770	2909.8333333333335	0.0
780	2544.8333333333335	0.0
790	2763.1666666666665	0.0
800	2920.0	0.0
810	2960.5	0.0
820	2868.0	0.0
830	2471.3333333333335	0.0
840	2986.0	0.0
850	2768.8333333333335	0.0
860	2712.3333333333335	0.0
870	2866.0	0.0
880	2953.8333333333335	0.0
890	2856.5	0.0
900	2742.3333333333335	0.0
910	2723.6666666666665	0.0
920	2884.8333333333335	0.0
930	2751.6666666666665	0.0
940	3005.3333333333335	0.0
950	3165.6666666666665	0.0
960	3097.8333333333335	0.0
970	3055.6666666666665	0.0
980	3112.0	0.0
990	3131.5	0.0
1000	2905.6666666666665	0.0
