0	260.7444444444444	0.0
10	1898.5555555555554	273.8333333333333
20	1938.0944444444444	278.06666666666666
30	1966.0833333333335	237.66666666666666
40	2024.3333333333333	147.86666666666667
50	2057.8055555555557	53.53333333333333
60	2090.583333333333	4.8
70	2098.561111111111	4.233333333333333
80	2139.1222222222223	0.0
90	2156.161111111111	0.0
100	2130.8111111111116	0.0
110	2180.083333333333	0.0
120	2225.7611111111114	0.0
130	2242.9888888888886	0.0
140	2259.616666666667	0.0
150	2238.0666666666666	0.0
160	2280.927777777778	0.0
170	2323.355555555556	0.0
180	2260.2222222222217	0.0
190	2286.3444444444444	0.0
200	2362.3666666666672	0.0
210	2340.505555555555	0.0
220	2366.9777777777776	0.0
230	2387.583333333334	0.0
240	2448.411111111111	0.0
250	2435.022222222222	0.0
260	2424.2	0.0
270	2430.4555555555553	0.0
280	2466.9111111111115	0.0
290	2475.4222222222215	0.0
300	2513.261111111111	0.0
310	2506.916666666666	0.0
320	2500.144444444445	0.0
330	2490.6277777777777	0.0
340	2523.027777777778	0.0
350	2536.994444444445	0.0
360	2526.4333333333334	0.0
370	2561.277777777777	0.0
380	2590.1388888888882	0.0
390	2601.988888888889	0.0
400	2594.994444444445	0.0
410	2587.2055555555553	0.0
420	2626.0222222222224	0.0
430	2615.0555555555557	0.0
440	2581.8166666666666	0.0
450	2669.2722222222224	0.0
460	2655.055555555555	0.0
470	2651.5833333333335	0.0
480	2648.4277777777784	0.0
490	2682.044444444444	0.0
500	2661.1222222222223	0.0
510	2688.855555555556	0.0
520	2685.305555555555	0.0
530	2677.477777777778	0.0
540	2660.8000000000006	0.0
550	2752.516666666666	0.0
560	2687.0222222222214	0.0
570	2796.0833333333335	0.0
580	2726.255555555556	0.0
590	2717.0666666666666	0.0
600	2710.1277777777777	0.0
610	2792.611111111111	0.0
620	2738.7055555555557	0.0
630	2765.0388888888892	0.0
640	2843.5888888888894	0.0
650	2749.122222222222	0.0
660	2803.35	0.0
670	2835.3166666666666	0.0
680	2805.044444444444	0.0
690	2833.927777777778	0.0
700	2865.4555555555553	0.0
710	2817.5222222222224	0.0
720	2813.433333333334	0.0
730	2848.0722222222225	0.0
740	2881.7166666666667	0.0
750	2899.038888888889	0.0
760	2864.805555555556	0.0
770	2897.8444444444444	0.0
780	2857.95	0.0
790	2871.427777777777	0.0
800	2873.8888888888882	0.0
810	2915.5166666666673	0.0
820	2887.655555555555	0.0
830	2920.7611111111105	0.0
840	2912.094444444445	0.0
850	2898.877777777778	0.0
860	2918.1833333333334	0.0
870	2881.799999999999	0.0
880	2996.6722222222215	0.0
890	2916.022222222222	0.0
900	2959.849999999999	0.0
910	2962.894444444444	0.0
920	2963.483333333334	0.0
930	2971.3499999999995	0.0
940	3022.983333333333	0.0
950	2991.361111111111	0.0
960	2939.3833333333337	0.0
970	2993.73888888889	0.0
980	3057.1611111111115	0.0
990	3023.8166666666666	0.0
1000	3016.505555555555	0.0
