0	236.0	0.0
10	1899.5	292.0
20	1520.3333333333333	372.0
30	1991.1666666666667	336.0
40	2192.1666666666665	0.0
50	1877.0	0.0
60	2113.0	0.0
70	2002.6666666666667	0.0
80	2037.6666666666667	0.0
90	2129.3333333333335	0.0
100	1988.1666666666667	0.0
110	2250.0	0.0
120	2241.6666666666665	0.0
130	2206.8333333333335	0.0
140	2264.3333333333335	0.0
150	2196.3333333333335	0.0
160	2215.3333333333335	0.0
170	2503.1666666666665	0.0
180	2379.3333333333335	0.0
190	2312.8333333333335	0.0
200	2454.5	0.0
210	2169.0	0.0
220	2515.1666666666665	0.0
230	2415.5	0.0
240	2506.3333333333335	0.0
250	2198.5	0.0
260	2586.6666666666665	0.0
270	2431.1666666666665	0.0
280	2383.3333333333335	0.0
290	2727.5	0.0
300	2487.3333333333335	0.0
310	2423.1666666666665	0.0
320	2388.1666666666665	0.0
330	2489.1666666666665	0.0
340	2504.5	0.0
350	2496.1666666666665	0.0
360	2503.5	0.0
370	2263.1666666666665	0.0
380	2345.8333333333335	0.0
390	2734.1666666666665	0.0
400	2645.0	0.0
410	2535.0	0.0
420	2536.1666666666665	0.0
430	2765.5	0.0
440	2677.3333333333335	0.0
450	2622.1666666666665	0.0
460	2741.8333333333335	0.0
470	2777.8333333333335	0.0
480	2628.0	0.0
490	2712.0	0.0
500	2584.6666666666665	0.0
510	2693.8333333333335	0.0
520	2637.6666666666665	0.0
530	2886.5	0.0
540	2676.6666666666665	0.0
550	2784.6666666666665	0.0
560	2895.3333333333335	0.0
570	2846.3333333333335	0.0
580	2670.0	0.0
590	2669.3333333333335	0.0
600	2999.6666666666665	0.0
610	3039.3333333333335	0.0
620	3023.0	0.0
630	2973.8333333333335	0.0
640	2901.0	0.0
650	3142.0	0.0
660	2831.8333333333335	0.0
670	2780.1666666666665	0.0
680	3017.0	0.0
690	2856.1666666666665	0.0
700	2829.5	0.0
710	3051.5	0.0
720	2972.5	0.0
730	2790.5	0.0
740	3152.8333333333335	0.0
750	3174.8333333333335	0.0
760	2998.8333333333335	0.0
770	2840.1666666666665	0.0
780	2672.8333333333335	0.0
790	3028.0	0.0
800	2778.6666666666665	0.0
810	3113.5	0.0
820	2836.0	0.0
830	3054.0	0.0
840	3012.6666666666665	0.0
850	3079.5	0.0
860	3010.5	0.0
870	3103.5	0.0
880	2918.0	0.0
890	3247.3333333333335	0.0
900	3050.8333333333335	0.0
910	3072.5	0.0
920	3034.5	0.0
930	2878.1666666666665	0.0
940	2970.8333333333335	0.0
950	2891.3333333333335	0.0
960	2824.3333333333335	0.0
970	3108.3333333333335	0.0
980	3054.3333333333335	0.0
990	3004.3333333333335	0.0
1000	3055.0	0.0
