0	227.0	0.0	0.0	0.0	0.0	0.0	0.0
10	2032.8333333333333	51.0	187.0	21.0	35.0	4.0	16.0
20	1866.6666666666667	57.0	531.0	23.0	54.0	19.0	3.0
30	2068.0	197.0	451.0	97.0	110.0	10.0	87.0
40	2139.3333333333335	72.0	394.0	30.0	49.0	7.0	23.0
50	2023.5	164.0	549.0	68.0	121.0	19.0	43.0
60	2129.1666666666665	98.0	391.0	46.0	62.0	9.0	36.0
70	2310.3333333333335	130.0	823.0	43.0	121.0	31.0	9.0
80	2025.8333333333333	44.0	296.0	12.0	43.0	10.0	1.0
90	2216.1666666666665	138.0	415.0	83.0	75.0	16.0	63.0
100	2478.1666666666665	41.0	384.0	23.0	30.0	12.0	11.0
110	2096.6666666666665	8.0	53.0	4.0	6.0	1.0	2.0
120	2361.0	0.0	0.0	0.0	0.0	0.0	0.0
130	2316.8333333333335	0.0	0.0	0.0	0.0	0.0	0.0
140	2425.0	0.0	0.0	0.0	0.0	0.0	0.0
150	2605.6666666666665	0.0	0.0	0.0	0.0	0.0	0.0
160	2531.5	0.0	0.0	0.0	0.0	0.0	0.0
170	2161.0	0.0	0.0	0.0	0.0	0.0	0.0
180	2277.1666666666665	0.0	0.0	0.0	0.0	0.0	0.0
190	2286.1666666666665	0.0	0.0	0.0	0.0	0.0	0.0
200	2406.8333333333335	0.0	0.0	0.0	0.0	0.0	0.0
210	2652.5	0.0	0.0	0.0	0.0	0.0	0.0
220	2385.6666666666665	0.0	0.0	0.0	0.0	0.0	0.0
230	2550.1666666666665	0.0	0.0	0.0	0.0	0.0	0.0
240	2426.3333333333335	0.0	0.0	0.0	0.0	0.0	0.0
250	2369.8333333333335	0.0	0.0	0.0	0.0	0.0	0.0
260	2629.0	0.0	0.0	0.0	0.0	0.0	0.0
270	2542.5	0.0	0.0	0.0	0.0	0.0	0.0
280	2552.6666666666665	0.0	0.0	0.0	0.0	0.0	0.0
290	2704.3333333333335	0.0	0.0	0.0	0.0	0.0	0.0
300	2683.5	0.0	0.0	0.0	0.0	0.0	0.0
310	2699.3333333333335	0.0	0.0	0.0	0.0	0.0	0.0
320	2702.0	0.0	0.0	0.0	0.0	0.0	0.0
330	2579.3333333333335	0.0	0.0	0.0	0.0	0.0	0.0
340	2648.0	0.0	0.0	0.0	0.0	0.0	0.0
350	2642.5	0.0	0.0	0.0	0.0	0.0	0.0
360	2536.3333333333335	0.0	0.0	0.0	0.0	0.0	0.0
370	2784.1666666666665	0.0	0.0	0.0	0.0	0.0	0.0
380	2471.3333333333335	0.0	0.0	0.0	0.0	0.0	0.0
390	2791.1666666666665	0.0	0.0	0.0	0.0	0.0	0.0
400	2561.5	0.0	0.0	0.0	0.0	0.0	0.0
410	2462.6666666666665	0.0	0.0	0.0	0.0	0.0	0.0
420	2626.5	0.0	0.0	0.0	0.0	0.0	0.0
430	2614.1666666666665	0.0	0.0	0.0	0.0	0.0	0.0
440	2757.1666666666665	0.0	0.0	0.0	0.0	0.0	0.0
450	2655.6666666666665	0.0	0.0	0.0	0.0	0.0	0.0
460	2652.0	0.0	0.0	0.0	0.0	0.0	0.0
470	2694.1666666666665	0.0	0.0	0.0	0.0	0.0	0.0
480	2590.8333333333335	0.0	0.0	0.0	0.0	0.0	0.0
490	2996.0	0.0	0.0	0.0	0.0	0.0	0.0
500	2811.6666666666665	0.0	0.0	0.0	0.0	0.0	0.0
510	2843.6666666666665	0.0	0.0	0.0	0.0	0.0	0.0
520	2962.3333333333335	0.0	0.0	0.0	0.0	0.0	0.0
530	2932.0	0.0	0.0	0.0	0.0	0.0	0.0
540	2861.0	0.0	0.0	0.0	0.0	0.0	0.0
550	2921.5	0.0	0.0	0.0	0.0	0.0	0.0
560	2818.8333333333335	0.0	0.0	0.0	0.0	0.0	0.0
570	3080.8333333333335	0.0	0.0	0.0	0.0	0.0	0.0
580	2681.6666666666665	0.0	0.0	0.0	0.0	0.0	0.0
590	2709.6666666666665	0.0	0.0	0.0	0.0	0.0	0.0
600	2596.1666666666665	0.0	0.0	0.0	0.0	0.0	0.0
610	3311.0	0.0	0.0	0.0	0.0	0.0	0.0
620	2809.1666666666665	0.0	0.0	0.0	0.0	0.0	0.0
630	3069.0	0.0	0.0	0.0	0.0	0.0	0.0
640	2861.1666666666665	0.0	0.0	0.0	0.0	0.0	0.0
650	3122.0	0.0	0.0	0.0	0.0	0.0	0.0
660	2893.6666666666665	0.0	0.0	0.0	0.0	0.0	0.0
670	2633.0	0.0	0.0	0.0	0.0	0.0	0.0
680	2997.8333333333335	0.0	0.0	0.0	0.0	0.0	0.0
690	3076.1666666666665	0.0	0.0	0.0	0.0	0.0	0.0
700	3035.8333333333335	0.0	0.0	0.0	0.0	0.0	0.0
710	2966.3333333333335	0.0	0.0	0.0	0.0	0.0	0.0
720	2490.6666666666665	0.0	0.0	0.0	0.0	0.0	0.0
730	2997.6666666666665	0.0	0.0	0.0	0.0	0.0	0.0
740	2892.5	0.0	0.0	0.0	0.0	0.0	0.0
750	2998.3333333333335	0.0	0.0	0.0	0.0	0.0	0.0
760	3051.1666666666665	0.0	0.0	0.0	0.0	0.0	0.0
770	2966.5	0.0	0.0	0.0	0.0	0.0	0.0
780	2955.6666666666665	0.0	0.0	0.0	0.0	0.0	0.0
790	3042.1666666666665	0.0	0.0	0.0	0.0	0.0	0.0
800	2961.0	0.0	0.0	0.0	0.0	0.0	0.0
810	2711.0	0.0	0.0	0.0	0.0	0.0	0.0
820	2947.3333333333335	0.0	0.0	0.0	0.0	0.0	0.0
830	2928.1666666666665	0.0	0.0	0.0	0.0	0.0	0.0
840	2887.8333333333335	0.0	0.0	0.0	0.0	0.0	0.0
850	3211.8333333333335	0.0	0.0	0.0	0.0	0.0	0.0
860	3129.0	0.0	0.0	0.0	0.0	0.0	0.0
870	3158.8333333333335	0.0	0.0	0.0	0.0	0.0	0.0
880	3049.3333333333335	0.0	0.0	0.0	0.0	0.0	0.0
890	3012.5	0.0	0.0	0.0	0.0	0.0	0.0
900	3018.8333333333335	0.0	0.0	0.0	0.0	0.0	0.0
910	3100.5	0.0	0.0	0.0	0.0	0.0	0.0
920	3162.6666666666665	0.0	0.0	0.0	0.0	0.0	0.0
930	3141.0	0.0	0.0	0.0	0.0	0.0	0.0
940	3199.0	0.0	0.0	0.0	0.0	0.0	0.0
950	2923.3333333333335	0.0	0.0	0.0	0.0	0.0	0.0
960	3238.1666666666665	0.0	0.0	0.0	0.0	0.0	0.0
970	3148.1666666666665	0.0	0.0	0.0	0.0	0.0	0.0
980	3436.8333333333335	0.0	0.0	0.0	0.0	0.0	0.0
990	3248.0	0.0	0.0	0.0	0.0	0.0	0.0
1000	3190.0	0.0	0.0	0.0	0.0	0.0	0.0
