0	307.3333333333333	0.0	0.0	0.0	0.0	0.0	0.0
10	1901.1666666666667	46.0	348.0	22.0	44.0	19.0	2.0
20	1770.8333333333333	33.0	183.0	43.0	23.0	33.0	10.0
30	2088.8333333333335	27.0	213.0	14.0	20.0	7.0	7.0
40	1814.0	193.0	555.0	126.0	88.0	18.0	105.0
50	2112.8333333333335	90.0	411.0	55.0	52.0	15.0	38.0
60	2080.3333333333335	30.0	317.0	15.0	27.0	10.0	3.0
70	2214.8333333333335	56.0	276.0	24.0	46.0	13.0	10.0
80	2122.1666666666665	129.0	639.0	81.0	97.0	46.0	32.0
90	2220.5	115.0	451.0	60.0	68.0	11.0	47.0
100	2224.3333333333335	73.0	577.0	20.0	72.0	19.0	1.0
110	2320.6666666666665	76.0	558.0	28.0	62.0	14.0	14.0
120	2284.0	94.0	714.0	25.0	88.0	19.0	6.0
130	2331.5	38.0	508.0	15.0	36.0	12.0	2.0
140	2293.3333333333335	0.0	0.0	0.0	0.0	0.0	0.0
150	2372.0	0.0	0.0	0.0	0.0	0.0	0.0
160	2434.5	0.0	0.0	0.0	0.0	0.0	0.0
170	2304.6666666666665	0.0	0.0	0.0	0.0	0.0	0.0
180	2349.6666666666665	0.0	0.0	0.0	0.0	0.0	0.0
190	2093.1666666666665	0.0	0.0	0.0	0.0	0.0	0.0
200	2356.5	0.0	0.0	0.0	0.0	0.0	0.0
210	2783.0	0.0	0.0	0.0	0.0	0.0	0.0
220	2661.0	0.0	0.0	0.0	0.0	0.0	0.0
230	2462.8333333333335	0.0	0.0	0.0	0.0	0.0	0.0
240	2283.5	0.0	0.0	0.0	0.0	0.0	0.0
250	2552.5	0.0	0.0	0.0	0.0	0.0	0.0
260	2434.3333333333335	0.0	0.0	0.0	0.0	0.0	0.0
270	2793.3333333333335	0.0	0.0	0.0	0.0	0.0	0.0
280	2408.8333333333335	0.0	0.0	0.0	0.0	0.0	0.0
290	2521.0	0.0	0.0	0.0	0.0	0.0	0.0
300	2635.1666666666665	0.0	0.0	0.0	0.0	0.0	0.0
310	2639.3333333333335	0.0	0.0	0.0	0.0	0.0	0.0
320	2561.3333333333335	0.0	0.0	0.0	0.0	0.0	0.0
330	2370.0	0.0	0.0	0.0	0.0	0.0	0.0
340	2659.8333333333335	0.0	0.0	0.0	0.0	0.0	0.0
350	2742.8333333333335	0.0	0.0	0.0	0.0	0.0	0.0
360	2643.6666666666665	0.0	0.0	0.0	0.0	0.0	0.0
370	2737.0	0.0	0.0	0.0	0.0	0.0	0.0
380	2607.0	0.0	0.0	0.0	0.0	0.0	0.0
390	2533.3333333333335	0.0	0.0	0.0	0.0	0.0	0.0
400	2714.3333333333335	0.0	0.0	0.0	0.0	0.0	0.0
410	2973.3333333333335	0.0	0.0	0.0	0.0	0.0	0.0
420	2915.6666666666665	0.0	0.0	0.0	0.0	0.0	0.0
430	2807.6666666666665	0.0	0.0	0.0	0.0	0.0	0.0
440	2583.0	0.0	0.0	0.0	0.0	0.0	0.0
450	2863.3333333333335	0.0	0.0	0.0	0.0	0.0	0.0
460	2730.1666666666665	0.0	0.0	0.0	0.0	0.0	0.0
470	2773.1666666666665	0.0	0.0	0.0	0.0	0.0	0.0
480	2668.6666666666665	0.0	0.0	0.0	0.0	0.0	0.0
490	2752.0	0.0	0.0	0.0	0.0	0.0	0.0
500	2674.0	0.0	0.0	0.0	0.0	0.0	0.0
510	2886.0	0.0	0.0	0.0	0.0	0.0	0.0
520	2713.1666666666665	0.0	0.0	0.0	0.0	0.0	0.0
530	3002.0	0.0	0.0	0.0	0.0	0.0	0.0
540	2710.6666666666665	0.0	0.0	0.0	0.0	0.0	0.0
550	3040.8333333333335	0.0	0.0	0.0	0.0	0.0	0.0
560	2901.0	0.0	0.0	0.0	0.0	0.0	0.0
570	2918.5	0.0	0.0	0.0	0.0	0.0	0.0
580	3003.5	0.0	0.0	0.0	0.0	0.0	0.0
590	3041.0	0.0	0.0	0.0	0.0	0.0	0.0
600	2781.5	0.0	0.0	0.0	0.0	0.0	0.0
610	2867.1666666666665	0.0	0.0	0.0	0.0	0.0	0.0
620	2963.3333333333335	0.0	0.0	0.0	0.0	0.0	0.0
630	2840.6666666666665	0.0	0.0	0.0	0.0	0.0	0.0
640	2816.0	0.0	0.0	0.0	0.0	0.0	0.0
650	3190.8333333333335	0.0	0.0	0.0	0.0	0.0	0.0
660	2795.6666666666665	0.0	0.0	0.0	0.0	0.0	0.0
670	2612.8333333333335	0.0	0.0	0.0	0.0	0.0	0.0
680	3152.1666666666665	0.0	0.0	0.0	0.0	0.0	0.0
690	3105.8333333333335	0.0	0.0	0.0	0.0	0.0	0.0
700	2952.5	0.0	0.0	0.0	0.0	0.0	0.0
710	3061.6666666666665	0.0	0.0	0.0	0.0	0.0	0.0
720	3203.5	0.0	0.0	0.0	0.0	0.0	0.0
730	3103.5	0.0	0.0	0.0	0.0	0.0	0.0
740	3142.3333333333335	0.0	0.0	0.0	0.0	0.0	0.0
750	2822.6666666666665	0.0	0.0	0.0	0.0	0.0	0.0
760	3177.6666666666665	0.0	0.0	0.0	0.0	0.0	0.0
770	3091.0	0.0	0.0	0.0	0.0	0.0	0.0
780	3065.5	0.0	0.0	0.0	0.0	0.0	0.0
790	2882.6666666666665	0.0	0.0	0.0	0.0	0.0	0.0
800	3052.3333333333335	0.0	0.0	0.0	0.0	0.0	0.0
810	2669.1666666666665	0.0	0.0	0.0	0.0	0.0	0.0
820	2965.5	0.0	0.0	0.0	0.0	0.0	0.0
830	3047.5	0.0	0.0	0.0	0.0	0.0	0.0
840	2720.3333333333335	0.0	0.0	0.0	0.0	0.0	0.0
850	2952.3333333333335	0.0	0.0	0.0	0.0	0.0	0.0
860	2775.8333333333335	0.0	0.0	0.0	0.0	0.0	0.0
870	3147.0	0.0	0.0	0.0	0.0	0.0	0.0
880	2848.1666666666665	0.0	0.0	0.0	0.0	0.0	0.0
890	2986.6666666666665	0.0	0.0	0.0	0.0	0.0	0.0
900	2903.5	0.0	0.0	0.0	0.0	0.0	0.0
910	3175.3333333333335	0.0	0.0	0.0	0.0	0.0	0.0
920	3024.8333333333335	0.0	0.0	0.0	0.0	0.0	0.0
930	2950.5	0.0	0.0	0.0	0.0	0.0	0.0
940	3178.6666666666665	0.0	0.0	0.0	0.0	0.0	0.0
950	3105.0	0.0	0.0	0.0	0.0	0.0	0.0
960	2767.3333333333335	0.0	0.0	0.0	0.0	0.0	0.0
970	2840.3333333333335	0.0	0.0	0.0	0.0	0.0	0.0
980	3121.3333333333335	0.0	0.0	0.0	0.0	0.0	0.0
990	3126.6666666666665	0.0	0.0	0.0	0.0	0.0	0.0
1000	3215.0	0.0	0.0	0.0	0.0	0.0	0.0
