0	218.0	0.0	0.0	0.0	0.0	0.0	0.0
10	1864.1666666666667	73.0	469.0	20.0	70.0	15.0	3.0
20	1863.8333333333333	85.0	524.0	29.0	78.0	22.0	7.0
30	2042.0	51.0	517.0	17.0	46.0	12.0	5.0
40	2089.0	148.0	692.0	65.0	132.0	46.0	16.0
50	1927.8333333333333	14.0	279.0	7.0	13.0	6.0	1.0
60	2105.5	78.0	454.0	44.0	43.0	9.0	35.0
70	2195.0	89.0	415.0	57.0	55.0	18.0	34.0
80	2232.8333333333335	83.0	353.0	48.0	42.0	7.0	41.0
90	2248.1666666666665	97.0	370.0	61.0	48.0	5.0	49.0
100	2285.5	87.0	407.0	56.0	46.0	8.0	41.0
110	2216.3333333333335	131.0	538.0	80.0	66.0	15.0	65.0
120	2440.5	64.0	614.0	27.0	54.0	16.0	10.0
130	2504.6666666666665	0.0	0.0	0.0	0.0	0.0	0.0
140	2307.0	0.0	0.0	0.0	0.0	0.0	0.0
150	2461.8333333333335	0.0	0.0	0.0	0.0	0.0	0.0
160	2493.8333333333335	0.0	0.0	0.0	0.0	0.0	0.0
170	2336.3333333333335	0.0	0.0	0.0	0.0	0.0	0.0
180	2262.5	0.0	0.0	0.0	0.0	0.0	0.0
190	2629.5	0.0	0.0	0.0	0.0	0.0	0.0
200	2399.0	0.0	0.0	0.0	0.0	0.0	0.0
210	2627.6666666666665	0.0	0.0	0.0	0.0	0.0	0.0
220	2605.8333333333335	0.0	0.0	0.0	0.0	0.0	0.0
230	2537.6666666666665	0.0	0.0	0.0	0.0	0.0	0.0
240	2618.1666666666665	0.0	0.0	0.0	0.0	0.0	0.0
250	2347.5	0.0	0.0	0.0	0.0	0.0	0.0
260	2631.8333333333335	0.0	0.0	0.0	0.0	0.0	0.0
270	2680.3333333333335	0.0	0.0	0.0	0.0	0.0	0.0
280	2494.3333333333335	0.0	0.0	0.0	0.0	0.0	0.0
290	2544.6666666666665	0.0	0.0	0.0	0.0	0.0	0.0
300	2515.1666666666665	0.0	0.0	0.0	0.0	0.0	0.0
310	2748.5	0.0	0.0	0.0	0.0	0.0	0.0
320	2571.1666666666665	0.0	0.0	0.0	0.0	0.0	0.0
330	2595.8333333333335	0.0	0.0	0.0	0.0	0.0	0.0
340	2601.3333333333335	0.0	0.0	0.0	0.0	0.0	0.0
350	2535.8333333333335	0.0	0.0	0.0	0.0	0.0	0.0
360	2576.6666666666665	0.0	0.0	0.0	0.0	0.0	0.0
370	2862.5	0.0	0.0	0.0	0.0	0.0	0.0
380	2642.8333333333335	0.0	0.0	0.0	0.0	0.0	0.0
390	2574.1666666666665	0.0	0.0	0.0	0.0	0.0	0.0
400	2742.6666666666665	0.0	0.0	0.0	0.0	0.0	0.0
410	2670.6666666666665	0.0	0.0	0.0	0.0	0.0	0.0
420	2558.6666666666665	0.0	0.0	0.0	0.0	0.0	0.0
430	2650.0	0.0	0.0	0.0	0.0	0.0	0.0
440	2770.5	0.0	0.0	0.0	0.0	0.0	0.0
450	2642.5	0.0	0.0	0.0	0.0	0.0	0.0
460	2782.8333333333335	0.0	0.0	0.0	0.0	0.0	0.0
470	3011.8333333333335	0.0	0.0	0.0	0.0	0.0	0.0
480	2691.0	0.0	0.0	0.0	0.0	0.0	0.0
490	2976.3333333333335	0.0	0.0	0.0	0.0	0.0	0.0
500	3016.3333333333335	0.0	0.0	0.0	0.0	0.0	0.0
510	2737.0	0.0	0.0	0.0	0.0	0.0	0.0
520	3051.5	0.0	0.0	0.0	0.0	0.0	0.0
530	2755.3333333333335	0.0	0.0	0.0	0.0	0.0	0.0
540	2937.6666666666665	0.0	0.0	0.0	0.0	0.0	0.0
550	3147.6666666666665	0.0	0.0	0.0	0.0	0.0	0.0
560	2847.1666666666665	0.0	0.0	0.0	0.0	0.0	0.0
570	3084.1666666666665	0.0	0.0	0.0	0.0	0.0	0.0
580	2977.8333333333335	0.0	0.0	0.0	0.0	0.0	0.0
590	3141.1666666666665	0.0	0.0	0.0	0.0	0.0	0.0
600	2962.5	0.0	0.0	0.0	0.0	0.0	0.0
610	3045.0	0.0	0.0	0.0	0.0	0.0	0.0
620	3076.3333333333335	0.0	0.0	0.0	0.0	0.0	0.0
630	2844.6666666666665	0.0	0.0	0.0	0.0	0.0	0.0
640	2868.6666666666665	0.0	0.0	0.0	0.0	0.0	0.0
650	3107.1666666666665	0.0	0.0	0.0	0.0	0.0	0.0
660	3118.6666666666665	0.0	0.0	0.0	0.0	0.0	0.0
670	3305.6666666666665	0.0	0.0	0.0	0.0	0.0	0.0
680	3013.3333333333335	0.0	0.0	0.0	0.0	0.0	0.0
690	3128.5	0.0	0.0	0.0	0.0	0.0	0.0
700	2682.1666666666665	0.0	0.0	0.0	0.0	0.0	0.0
710	2786.6666666666665	0.0	0.0	0.0	0.0	0.0	0.0
720	2984.5	0.0	0.0	0.0	0.0	0.0	0.0
730	2823.8333333333335	0.0	0.0	0.0	0.0	0.0	0.0
740	3183.8333333333335	0.0	0.0	0.0	0.0	0.0	0.0
750	3047.0	0.0	0.0	0.0	0.0	0.0	0.0
760	3234.3333333333335	0.0	0.0	0.0	0.0	0.0	0.0
770	3075.5	0.0	0.0	0.0	0.0	0.0	0.0
780	3236.5	0.0	0.0	0.0	0.0	0.0	0.0
790	3272.3333333333335	0.0	0.0	0.0	0.0	0.0	0.0
800	2891.1666666666665	0.0	0.0	0.0	0.0	0.0	0.0
810	3307.8333333333335	0.0	0.0	0.0	0.0	0.0	0.0
820	3227.5	0.0	0.0	0.0	0.0	0.0	0.0
830	3165.1666666666665	0.0	0.0	0.0	0.0	0.0	0.0
840	3207.1666666666665	0.0	0.0	0.0	0.0	0.0	0.0
850	3433.8333333333335	0.0	0.0	0.0	0.0	0.0	0.0
860	3121.1666666666665	0.0	0.0	0.0	0.0	0.0	0.0
870	3331.8333333333335	0.0	0.0	0.0	0.0	0.0	0.0
880	3384.6666666666665	0.0	0.0	0.0	0.0	0.0	0.0
890	3120.5	0.0	0.0	0.0	0.0	0.0	0.0
900	3274.0	0.0	0.0	0.0	0.0	0.0	0.0
910	3592.6666666666665	0.0	0.0	0.0	0.0	0.0	0.0
920	2975.0	0.0	0.0	0.0	0.0	0.0	0.0
930	3684.6666666666665	0.0	0.0	0.0	0.0	0.0	0.0
940	2972.8333333333335	0.0	0.0	0.0	0.0	0.0	0.0
950	3611.0	0.0	0.0	0.0	0.0	0.0	0.0
960	3228.0	0.0	0.0	0.0	0.0	0.0	0.0
970	2904.6666666666665	0.0	0.0	0.0	0.0	0.0	0.0
980	3343.0	0.0	0.0	0.0	0.0	0.0	0.0
990	3188.0	0.0	0.0	0.0	0.0	0.0	0.0
1000	3044.0	0.0	0.0	0.0	0.0	0.0	0.0
