0	262.3333333333333	0.0	0.0
10	1761.3333333333333	1000.0	11033.0
20	2131.8333333333335	0.0	10704.0
30	2214.0	0.0	6833.0
40	2193.0	0.0	10813.0
50	2194.1666666666665	0.0	9436.0
60	2222.6666666666665	0.0	8335.0
70	2424.6666666666665	0.0	7083.0
80	2413.6666666666665	0.0	10490.0
90	2436.3333333333335	0.0	7991.0
100	2570.6666666666665	0.0	13622.0
110	2653.1666666666665	0.0	10427.0
120	2800.8333333333335	0.0	7868.0
130	2217.1666666666665	0.0	6647.0
140	2404.3333333333335	0.0	9576.0
150	2711.3333333333335	0.0	7409.0
160	2600.6666666666665	0.0	8368.0
170	2721.3333333333335	0.0	7860.0
180	2642.5	0.0	11730.0
190	2038.8333333333333	0.0	8567.0
200	2881.0	0.0	6057.0
210	2734.1666666666665	0.0	8470.0
220	2559.8333333333335	0.0	7082.0
230	2600.6666666666665	0.0	13248.0
240	2432.0	0.0	7332.0
250	2302.8333333333335	0.0	12781.0
260	2422.6666666666665	0.0	13036.0
270	2754.6666666666665	0.0	9856.0
280	2758.6666666666665	0.0	8664.0
290	2915.5	0.0	8377.0
300	2698.5	0.0	8603.0
310	2673.5	0.0	8892.0
320	2720.5	0.0	11202.0
330	2891.8333333333335	0.0	7897.0
340	2969.6666666666665	0.0	8682.0
350	2786.1666666666665	0.0	10895.0
360	3090.1666666666665	0.0	9457.0
370	3333.1666666666665	0.0	8345.0
380	2780.0	0.0	12999.0
390	2997.5	0.0	7831.0
400	2803.6666666666665	0.0	9475.0
410	3295.5	0.0	9885.0
420	3461.5	0.0	11199.0
430	3058.0	0.0	11539.0
440	3664.1666666666665	0.0	11917.0
450	3336.3333333333335	0.0	11279.0
460	3157.5	0.0	11502.0
470	3588.5	0.0	13204.0
480	3439.5	0.0	7824.0
490	2894.5	0.0	9303.0
500	2993.8333333333335	0.0	7837.0
510	3324.3333333333335	0.0	11661.0
520	3699.5	0.0	9469.0
530	3723.3333333333335	0.0	11215.0
540	3227.6666666666665	0.0	10542.0
550	4135.166666666667	0.0	7539.0
560	3333.5	0.0	9546.0
570	3906.6666666666665	0.0	10936.0
580	3788.5	0.0	8365.0
590	3480.5	0.0	10886.0
600	3883.1666666666665	0.0	13407.0
610	3087.3333333333335	0.0	12275.0
620	3834.6666666666665	0.0	9070.0
630	3890.1666666666665	0.0	9535.0
640	4015.5	0.0	7274.0
650	3901.0	0.0	11807.0
660	3901.0	0.0	8734.0
670	3738.6666666666665	0.0	12386.0
680	4164.833333333333	0.0	12442.0
690	3471.0	0.0	12401.0
700	3744.1666666666665	0.0	11065.0
710	3417.8333333333335	0.0	10522.0
720	3719.8333333333335	0.0	11374.0
730	3749.3333333333335	0.0	10968.0
740	3923.5	0.0	9931.0
750	3786.3333333333335	0.0	10747.0
760	2945.6666666666665	0.0	9256.0
770	3265.0	0.0	11150.0
780	3767.3333333333335	0.0	11265.0
790	3666.8333333333335	0.0	10382.0
800	3711.5	0.0	7509.0
810	3949.5	0.0	8761.0
820	3699.6666666666665	0.0	9268.0
830	4146.333333333333	0.0	9944.0
840	3788.0	0.0	8302.0
850	3645.8333333333335	0.0	11697.0
860	3757.1666666666665	0.0	9123.0
870	4142.666666666667	0.0	8412.0
880	3804.3333333333335	0.0	9046.0
890	3748.3333333333335	0.0	12004.0
900	4014.0	0.0	11990.0
910	3909.8333333333335	0.0	9503.0
920	3548.0	0.0	9791.0
930	3937.5	0.0	9007.0
940	4241.666666666667	0.0	9688.0
950	4006.6666666666665	0.0	9278.0
960	3916.8333333333335	0.0	10561.0
970	3605.1666666666665	0.0	12083.0
980	3704.5	0.0	9562.0
990	3859.5	0.0	9687.0
1000	3579.3333333333335	0.0	9779.0
