0	286.0	0.0
10	70.0	14.0
20	70.0	129.0
30	70.0	40.0
40	70.0	11.0
50	70.0	5.0
60	70.33333333333333	57.0
70	71.0	55.0
80	746.0	126.0
90	1690.0	289.0
100	720.6666666666666	274.0
110	1793.6666666666667	0.0
120	2249.8333333333335	0.0
130	2291.0	0.0
140	2377.0	0.0
150	2264.3333333333335	0.0
160	1600.0	0.0
170	2277.6666666666665	0.0
180	2563.3333333333335	0.0
190	2221.3333333333335	0.0
200	2103.6666666666665	0.0
210	1990.0	0.0
220	1981.6666666666667	0.0
230	2448.6666666666665	0.0
240	2554.6666666666665	0.0
250	2335.6666666666665	0.0
260	2350.0	0.0
270	2144.0	0.0
280	2488.0	0.0
290	857.3333333333334	0.0
300	1139.3333333333333	0.0
310	1988.6666666666667	0.0
320	1475.6666666666667	0.0
330	2188.8333333333335	0.0
340	1667.0	0.0
350	1817.0	0.0
360	2038.5	0.0
370	2144.0	0.0
380	2121.6666666666665	0.0
390	2301.6666666666665	0.0
400	1800.3333333333333	0.0
410	1679.0	0.0
420	1731.1666666666667	0.0
430	1925.0	0.0
440	1422.0	0.0
450	1757.0	0.0
460	2097.8333333333335	0.0
470	1192.0	0.0
480	1756.5	0.0
490	1636.0	0.0
500	1709.3333333333333	0.0
510	1844.3333333333333	0.0
520	1663.6666666666667	0.0
530	1348.0	0.0
540	2345.3333333333335	0.0
550	2627.8333333333335	0.0
560	2160.6666666666665	0.0
570	2406.0	0.0
580	1916.5	0.0
590	2118.8333333333335	0.0
600	1825.5	0.0
610	2189.3333333333335	0.0
620	1591.6666666666667	0.0
630	2507.8333333333335	0.0
640	2181.6666666666665	0.0
650	2606.0	0.0
660	2205.6666666666665	0.0
670	2269.1666666666665	0.0
680	2453.1666666666665	0.0
690	2679.5	0.0
700	2476.0	0.0
710	2413.8333333333335	0.0
720	2479.8333333333335	0.0
730	2439.6666666666665	0.0
740	2441.6666666666665	0.0
750	2493.0	0.0
760	2463.5	0.0
770	1822.3333333333333	0.0
780	1796.0	0.0
790	2183.1666666666665	0.0
800	2350.5	0.0
810	2111.6666666666665	0.0
820	1822.5	0.0
830	2400.3333333333335	0.0
840	2194.0	0.0
850	2485.3333333333335	0.0
860	2537.5	0.0
870	2322.3333333333335	0.0
880	2726.1666666666665	0.0
890	2513.3333333333335	0.0
900	2424.0	0.0
910	2453.0	0.0
920	2372.6666666666665	0.0
930	2216.3333333333335	0.0
940	2535.5	0.0
950	2410.6666666666665	0.0
960	2398.6666666666665	0.0
970	2619.3333333333335	0.0
980	1782.3333333333333	0.0
990	1894.1666666666667	0.0
1000	1962.6666666666667	0.0
