0	254.65555555555554	0.0	0.0	0.0	0.0	0.0	0.0
10	1971.7888888888886	73.06666666666666	213.43333333333334	20.866666666666667	60.5	6.666666666666667	12.566666666666666
20	2017.9111111111115	97.7	248.53333333333333	44.1	69.76666666666667	13.066666666666666	27.933333333333334
30	1996.5166666666667	90.8	248.7	36.06666666666667	66.86666666666666	11.0	23.933333333333334
40	2017.011111111111	78.83333333333333	244.73333333333332	34.03333333333333	60.63333333333333	13.833333333333334	18.2
50	2063.1111111111113	109.96666666666667	271.53333333333336	43.56666666666667	77.86666666666666	8.366666666666667	32.1
60	2071.072222222222	96.2	243.0	44.56666666666667	68.2	12.266666666666667	28.0
70	2116.2277777777776	82.1	250.16666666666666	31.033333333333335	61.86666666666667	9.833333333333334	20.233333333333334
80	2099.144444444444	110.76666666666667	304.1	39.5	84.93333333333334	10.466666666666667	25.833333333333332
90	2184.4777777777776	95.46666666666667	293.43333333333334	36.6	70.53333333333333	9.166666666666666	24.933333333333334
100	2232.9888888888886	76.8	242.23333333333332	28.333333333333332	58.13333333333333	7.933333333333334	18.666666666666668
110	2239.6666666666665	40.96666666666667	120.73333333333333	17.066666666666666	29.433333333333334	4.433333333333334	11.533333333333333
120	2274.5888888888885	24.333333333333332	82.43333333333334	8.533333333333333	18.0	1.8333333333333333	6.333333333333333
130	2326.1722222222224	10.5	37.166666666666664	3.8666666666666667	8.066666666666666	1.0	2.433333333333333
140	2351.4444444444443	8.866666666666667	33.5	2.6	7.033333333333333	0.6333333333333333	1.8333333333333333
150	2391.905555555555	2.533333333333333	12.466666666666667	1.4	1.7666666666666666	0.5666666666666667	0.7666666666666667
160	2370.2111111111108	1.1	3.9	0.13333333333333333	1.0666666666666667	0.1	0.03333333333333333
170	2421.238888888889	0.0	0.0	0.0	0.0	0.0	0.0
180	2410.8944444444446	0.0	0.0	0.0	0.0	0.0	0.0
190	2451.494444444444	0.0	0.0	0.0	0.0	0.0	0.0
200	2467.9222222222224	0.0	0.0	0.0	0.0	0.0	0.0
210	2491.9055555555556	0.0	0.0	0.0	0.0	0.0	0.0
220	2460.122222222222	0.0	0.0	0.0	0.0	0.0	0.0
230	2492.4444444444443	0.0	0.0	0.0	0.0	0.0	0.0
240	2541.1166666666672	0.0	0.0	0.0	0.0	0.0	0.0
250	2543.0999999999995	0.0	0.0	0.0	0.0	0.0	0.0
260	2576.0388888888892	0.0	0.0	0.0	0.0	0.0	0.0
270	2598.927777777778	0.0	0.0	0.0	0.0	0.0	0.0
280	2608.9666666666662	0.0	0.0	0.0	0.0	0.0	0.0
290	2602.7944444444447	0.0	0.0	0.0	0.0	0.0	0.0
300	2581.927777777778	0.0	0.0	0.0	0.0	0.0	0.0
310	2598.0944444444444	0.0	0.0	0.0	0.0	0.0	0.0
320	2633.6999999999994	0.0	0.0	0.0	0.0	0.0	0.0
330	2662.9277777777775	0.0	0.0	0.0	0.0	0.0	0.0
340	2664.6055555555554	0.0	0.0	0.0	0.0	0.0	0.0
350	2697.483333333333	0.0	0.0	0.0	0.0	0.0	0.0
360	2642.766666666666	0.0	0.0	0.0	0.0	0.0	0.0
370	2614.155555555555	0.0	0.0	0.0	0.0	0.0	0.0
380	2717.6	0.0	0.0	0.0	0.0	0.0	0.0
390	2758.627777777778	0.0	0.0	0.0	0.0	0.0	0.0
400	2727.544444444445	0.0	0.0	0.0	0.0	0.0	0.0
410	2734.483333333334	0.0	0.0	0.0	0.0	0.0	0.0
420	2745.7222222222217	0.0	0.0	0.0	0.0	0.0	0.0
430	2689.844444444445	0.0	0.0	0.0	0.0	0.0	0.0
440	2727.7666666666673	0.0	0.0	0.0	0.0	0.0	0.0
450	2771.0	0.0	0.0	0.0	0.0	0.0	0.0
460	2791.1166666666677	0.0	0.0	0.0	0.0	0.0	0.0
470	2750.266666666666	0.0	0.0	0.0	0.0	0.0	0.0
480	2821.561111111111	0.0	0.0	0.0	0.0	0.0	0.0
490	2765.411111111111	0.0	0.0	0.0	0.0	0.0	0.0
500	2774.4388888888884	0.0	0.0	0.0	0.0	0.0	0.0
510	2800.2222222222217	0.0	0.0	0.0	0.0	0.0	0.0
520	2797.488888888889	0.0	0.0	0.0	0.0	0.0	0.0
530	2816.5611111111116	0.0	0.0	0.0	0.0	0.0	0.0
540	2838.611111111111	0.0	0.0	0.0	0.0	0.0	0.0
550	2815.4222222222224	0.0	0.0	0.0	0.0	0.0	0.0
560	2850.788888888888	0.0	0.0	0.0	0.0	0.0	0.0
570	2832.9555555555553	0.0	0.0	0.0	0.0	0.0	0.0
580	2807.7	0.0	0.0	0.0	0.0	0.0	0.0
590	2842.0666666666657	0.0	0.0	0.0	0.0	0.0	0.0
600	2917.894444444444	0.0	0.0	0.0	0.0	0.0	0.0
610	2884.311111111111	0.0	0.0	0.0	0.0	0.0	0.0
620	2870.038888888889	0.0	0.0	0.0	0.0	0.0	0.0
630	2890.4611111111108	0.0	0.0	0.0	0.0	0.0	0.0
640	2894.216666666667	0.0	0.0	0.0	0.0	0.0	0.0
650	2914.844444444445	0.0	0.0	0.0	0.0	0.0	0.0
660	2917.0666666666657	0.0	0.0	0.0	0.0	0.0	0.0
670	2959.2388888888886	0.0	0.0	0.0	0.0	0.0	0.0
680	2924.6666666666665	0.0	0.0	0.0	0.0	0.0	0.0
690	2956.116666666667	0.0	0.0	0.0	0.0	0.0	0.0
700	2945.0	0.0	0.0	0.0	0.0	0.0	0.0
710	2947.3444444444444	0.0	0.0	0.0	0.0	0.0	0.0
720	2964.961111111111	0.0	0.0	0.0	0.0	0.0	0.0
730	2960.394444444444	0.0	0.0	0.0	0.0	0.0	0.0
740	3000.444444444444	0.0	0.0	0.0	0.0	0.0	0.0
750	2998.377777777778	0.0	0.0	0.0	0.0	0.0	0.0
760	3031.755555555556	0.0	0.0	0.0	0.0	0.0	0.0
770	2968.933333333333	0.0	0.0	0.0	0.0	0.0	0.0
780	3004.488888888889	0.0	0.0	0.0	0.0	0.0	0.0
790	2950.477777777779	0.0	0.0	0.0	0.0	0.0	0.0
800	2987.2388888888895	0.0	0.0	0.0	0.0	0.0	0.0
810	2996.222222222222	0.0	0.0	0.0	0.0	0.0	0.0
820	3071.733333333334	0.0	0.0	0.0	0.0	0.0	0.0
830	3051.327777777778	0.0	0.0	0.0	0.0	0.0	0.0
840	3068.166666666666	0.0	0.0	0.0	0.0	0.0	0.0
850	3056.994444444444	0.0	0.0	0.0	0.0	0.0	0.0
860	3036.066666666666	0.0	0.0	0.0	0.0	0.0	0.0
870	3130.5666666666666	0.0	0.0	0.0	0.0	0.0	0.0
880	3078.766666666666	0.0	0.0	0.0	0.0	0.0	0.0
890	3087.6111111111113	0.0	0.0	0.0	0.0	0.0	0.0
900	3047.833333333333	0.0	0.0	0.0	0.0	0.0	0.0
910	3110.4777777777776	0.0	0.0	0.0	0.0	0.0	0.0
920	3112.9944444444454	0.0	0.0	0.0	0.0	0.0	0.0
930	3048.0944444444444	0.0	0.0	0.0	0.0	0.0	0.0
940	3122.9888888888886	0.0	0.0	0.0	0.0	0.0	0.0
950	3177.6333333333328	0.0	0.0	0.0	0.0	0.0	0.0
960	3194.161111111112	0.0	0.0	0.0	0.0	0.0	0.0
970	3206.305555555555	0.0	0.0	0.0	0.0	0.0	0.0
980	3235.188888888888	0.0	0.0	0.0	0.0	0.0	0.0
990	3188.361111111111	0.0	0.0	0.0	0.0	0.0	0.0
1000	3163.0333333333333	0.0	0.0	0.0	0.0	0.0	0.0
