0	254.0	0.0	0.0	0.0	0.0	0.0	0.0
10	2046.3333333333333	35.0	59.0	8.0	30.0	1.0	5.0
20	1997.3333333333333	112.0	288.0	27.0	109.0	20.0	3.0
30	2278.3333333333335	176.0	172.0	73.0	104.0	0.0	72.0
40	2108.0	12.0	180.0	3.0	11.0	2.0	1.0
50	2005.1666666666667	52.0	167.0	9.0	48.0	3.0	4.0
60	2248.1666666666665	128.0	233.0	66.0	105.0	43.0	23.0
70	1987.5	66.0	297.0	30.0	44.0	8.0	22.0
80	2197.6666666666665	101.0	338.0	39.0	76.0	9.0	25.0
90	2271.3333333333335	60.0	231.0	26.0	41.0	7.0	19.0
100	2320.3333333333335	83.0	176.0	36.0	67.0	9.0	16.0
110	2141.1666666666665	20.0	157.0	18.0	16.0	14.0	4.0
120	2286.0	62.0	210.0	5.0	60.0	2.0	2.0
130	2180.1666666666665	57.0	277.0	20.0	47.0	5.0	10.0
140	2383.0	36.0	86.0	1.0	35.0	0.0	1.0
150	2388.1666666666665	0.0	0.0	0.0	0.0	0.0	0.0
160	2225.5	0.0	0.0	0.0	0.0	0.0	0.0
170	2348.3333333333335	0.0	0.0	0.0	0.0	0.0	0.0
180	2531.5	0.0	0.0	0.0	0.0	0.0	0.0
190	2411.3333333333335	0.0	0.0	0.0	0.0	0.0	0.0
200	2338.1666666666665	0.0	0.0	0.0	0.0	0.0	0.0
210	2694.1666666666665	0.0	0.0	0.0	0.0	0.0	0.0
220	2461.6666666666665	0.0	0.0	0.0	0.0	0.0	0.0
230	2247.5	0.0	0.0	0.0	0.0	0.0	0.0
240	2533.5	0.0	0.0	0.0	0.0	0.0	0.0
250	2574.6666666666665	0.0	0.0	0.0	0.0	0.0	0.0
260	2569.3333333333335	0.0	0.0	0.0	0.0	0.0	0.0
270	2654.3333333333335	0.0	0.0	0.0	0.0	0.0	0.0
280	2555.1666666666665	0.0	0.0	0.0	0.0	0.0	0.0
290	2668.1666666666665	0.0	0.0	0.0	0.0	0.0	0.0
300	2506.0	0.0	0.0	0.0	0.0	0.0	0.0
310	2507.3333333333335	0.0	0.0	0.0	0.0	0.0	0.0
320	2500.5	0.0	0.0	0.0	0.0	0.0	0.0
330	2638.5	0.0	0.0	0.0	0.0	0.0	0.0
340	2227.0	0.0	0.0	0.0	0.0	0.0	0.0
350	2436.6666666666665	0.0	0.0	0.0	0.0	0.0	0.0
360	2536.6666666666665	0.0	0.0	0.0	0.0	0.0	0.0
370	2639.0	0.0	0.0	0.0	0.0	0.0	0.0
380	2823.3333333333335	0.0	0.0	0.0	0.0	0.0	0.0
390	2901.5	0.0	0.0	0.0	0.0	0.0	0.0
400	2809.6666666666665	0.0	0.0	0.0	0.0	0.0	0.0
410	2650.3333333333335	0.0	0.0	0.0	0.0	0.0	0.0
420	2376.5	0.0	0.0	0.0	0.0	0.0	0.0
430	2840.6666666666665	0.0	0.0	0.0	0.0	0.0	0.0
440	2804.0	0.0	0.0	0.0	0.0	0.0	0.0
450	2662.5	0.0	0.0	0.0	0.0	0.0	0.0
460	2482.3333333333335	0.0	0.0	0.0	0.0	0.0	0.0
470	2754.3333333333335	0.0	0.0	0.0	0.0	0.0	0.0
480	2531.1666666666665	0.0	0.0	0.0	0.0	0.0	0.0
490	2844.5	0.0	0.0	0.0	0.0	0.0	0.0
500	2778.3333333333335	0.0	0.0	0.0	0.0	0.0	0.0
510	2785.0	0.0	0.0	0.0	0.0	0.0	0.0
520	2786.6666666666665	0.0	0.0	0.0	0.0	0.0	0.0
530	2564.0	0.0	0.0	0.0	0.0	0.0	0.0
540	2717.8333333333335	0.0	0.0	0.0	0.0	0.0	0.0
550	2719.5	0.0	0.0	0.0	0.0	0.0	0.0
560	2763.5	0.0	0.0	0.0	0.0	0.0	0.0
570	2666.5	0.0	0.0	0.0	0.0	0.0	0.0
580	2925.3333333333335	0.0	0.0	0.0	0.0	0.0	0.0
590	3022.5	0.0	0.0	0.0	0.0	0.0	0.0
600	3051.6666666666665	0.0	0.0	0.0	0.0	0.0	0.0
610	2858.0	0.0	0.0	0.0	0.0	0.0	0.0
620	3057.6666666666665	0.0	0.0	0.0	0.0	0.0	0.0
630	2624.0	0.0	0.0	0.0	0.0	0.0	0.0
640	3020.3333333333335	0.0	0.0	0.0	0.0	0.0	0.0
650	2955.0	0.0	0.0	0.0	0.0	0.0	0.0
660	2974.0	0.0	0.0	0.0	0.0	0.0	0.0
670	3009.1666666666665	0.0	0.0	0.0	0.0	0.0	0.0
680	2776.5	0.0	0.0	0.0	0.0	0.0	0.0
690	3164.0	0.0	0.0	0.0	0.0	0.0	0.0
700	2728.1666666666665	0.0	0.0	0.0	0.0	0.0	0.0
710	2988.3333333333335	0.0	0.0	0.0	0.0	0.0	0.0
720	3075.5	0.0	0.0	0.0	0.0	0.0	0.0
730	3022.0	0.0	0.0	0.0	0.0	0.0	0.0
740	2912.0	0.0	0.0	0.0	0.0	0.0	0.0
750	2826.8333333333335	0.0	0.0	0.0	0.0	0.0	0.0
760	2884.6666666666665	0.0	0.0	0.0	0.0	0.0	0.0
770	2923.3333333333335	0.0	0.0	0.0	0.0	0.0	0.0
780	2949.1666666666665	0.0	0.0	0.0	0.0	0.0	0.0
790	2708.3333333333335	0.0	0.0	0.0	0.0	0.0	0.0
800	2700.8333333333335	0.0	0.0	0.0	0.0	0.0	0.0
810	2979.8333333333335	0.0	0.0	0.0	0.0	0.0	0.0
820	2878.8333333333335	0.0	0.0	0.0	0.0	0.0	0.0
830	3030.6666666666665	0.0	0.0	0.0	0.0	0.0	0.0
840	2906.3333333333335	0.0	0.0	0.0	0.0	0.0	0.0
850	3270.1666666666665	0.0	0.0	0.0	0.0	0.0	0.0
860	3124.6666666666665	0.0	0.0	0.0	0.0	0.0	0.0
870	3282.1666666666665	0.0	0.0	0.0	0.0	0.0	0.0
880	3093.5	0.0	0.0	0.0	0.0	0.0	0.0
890	3045.8333333333335	0.0	0.0	0.0	0.0	0.0	0.0
900	3201.0	0.0	0.0	0.0	0.0	0.0	0.0
910	3172.8333333333335	0.0	0.0	0.0	0.0	0.0	0.0
920	2890.3333333333335	0.0	0.0	0.0	0.0	0.0	0.0
930	3080.8333333333335	0.0	0.0	0.0	0.0	0.0	0.0
940	3093.0	0.0	0.0	0.0	0.0	0.0	0.0
950	3135.0	0.0	0.0	0.0	0.0	0.0	0.0
960	3310.8333333333335	0.0	0.0	0.0	0.0	0.0	0.0
970	3163.3333333333335	0.0	0.0	0.0	0.0	0.0	0.0
980	3142.6666666666665	0.0	0.0	0.0	0.0	0.0	0.0
990	3292.6666666666665	0.0	0.0	0.0	0.0	0.0	0.0
1000	2981.6666666666665	0.0	0.0	0.0	0.0	0.0	0.0
