0	241.33333333333334	0.0	0.0	0.0	0.0	0.0	0.0
10	1995.0	73.0	262.0	7.0	71.0	4.0	2.0
20	2140.8333333333335	61.0	309.0	19.0	51.0	9.0	10.0
30	2145.8333333333335	67.0	233.0	37.0	45.0	15.0	22.0
40	2044.6666666666667	267.0	536.0	140.0	181.0	44.0	86.0
50	2252.8333333333335	159.0	335.0	77.0	94.0	6.0	65.0
60	2321.0	92.0	117.0	79.0	20.0	7.0	72.0
70	2160.6666666666665	113.0	329.0	21.0	107.0	11.0	6.0
80	2043.1666666666667	67.0	322.0	28.0	65.0	25.0	2.0
90	2204.0	77.0	244.0	33.0	56.0	8.0	21.0
100	2316.6666666666665	24.0	40.0	11.0	15.0	2.0	9.0
110	2368.0	0.0	0.0	0.0	0.0	0.0	0.0
120	2358.0	0.0	0.0	0.0	0.0	0.0	0.0
130	2252.3333333333335	0.0	0.0	0.0	0.0	0.0	0.0
140	2283.5	0.0	0.0	0.0	0.0	0.0	0.0
150	2242.8333333333335	0.0	0.0	0.0	0.0	0.0	0.0
160	2276.3333333333335	0.0	0.0	0.0	0.0	0.0	0.0
170	2401.3333333333335	0.0	0.0	0.0	0.0	0.0	0.0
180	2501.5	0.0	0.0	0.0	0.0	0.0	0.0
190	2383.5	0.0	0.0	0.0	0.0	0.0	0.0
200	2497.0	0.0	0.0	0.0	0.0	0.0	0.0
210	2438.5	0.0	0.0	0.0	0.0	0.0	0.0
220	2577.5	0.0	0.0	0.0	0.0	0.0	0.0
230	2380.0	0.0	0.0	0.0	0.0	0.0	0.0
240	2444.1666666666665	0.0	0.0	0.0	0.0	0.0	0.0
250	2564.1666666666665	0.0	0.0	0.0	0.0	0.0	0.0
260	2510.6666666666665	0.0	0.0	0.0	0.0	0.0	0.0
270	2479.5	0.0	0.0	0.0	0.0	0.0	0.0
280	2751.0	0.0	0.0	0.0	0.0	0.0	0.0
290	2617.3333333333335	0.0	0.0	0.0	0.0	0.0	0.0
300	2426.0	0.0	0.0	0.0	0.0	0.0	0.0
310	2573.6666666666665	0.0	0.0	0.0	0.0	0.0	0.0
320	2545.5	0.0	0.0	0.0	0.0	0.0	0.0
330	2371.0	0.0	0.0	0.0	0.0	0.0	0.0
340	2796.1666666666665	0.0	0.0	0.0	0.0	0.0	0.0
350	2639.5	0.0	0.0	0.0	0.0	0.0	0.0
360	2418.1666666666665	0.0	0.0	0.0	0.0	0.0	0.0
370	2628.1666666666665	0.0	0.0	0.0	0.0	0.0	0.0
380	2439.0	0.0	0.0	0.0	0.0	0.0	0.0
390	2804.5	0.0	0.0	0.0	0.0	0.0	0.0
400	2621.5	0.0	0.0	0.0	0.0	0.0	0.0
410	2529.3333333333335	0.0	0.0	0.0	0.0	0.0	0.0
420	2783.8333333333335	0.0	0.0	0.0	0.0	0.0	0.0
430	2387.1666666666665	0.0	0.0	0.0	0.0	0.0	0.0
440	2725.0	0.0	0.0	0.0	0.0	0.0	0.0
450	2747.8333333333335	0.0	0.0	0.0	0.0	0.0	0.0
460	2646.8333333333335	0.0	0.0	0.0	0.0	0.0	0.0
470	2625.3333333333335	0.0	0.0	0.0	0.0	0.0	0.0
480	2898.1666666666665	0.0	0.0	0.0	0.0	0.0	0.0
490	2510.1666666666665	0.0	0.0	0.0	0.0	0.0	0.0
500	2870.3333333333335	0.0	0.0	0.0	0.0	0.0	0.0
510	2764.3333333333335	0.0	0.0	0.0	0.0	0.0	0.0
520	2763.0	0.0	0.0	0.0	0.0	0.0	0.0
530	2927.5	0.0	0.0	0.0	0.0	0.0	0.0
540	2717.8333333333335	0.0	0.0	0.0	0.0	0.0	0.0
550	3015.8333333333335	0.0	0.0	0.0	0.0	0.0	0.0
560	2780.6666666666665	0.0	0.0	0.0	0.0	0.0	0.0
570	2940.0	0.0	0.0	0.0	0.0	0.0	0.0
580	3031.3333333333335	0.0	0.0	0.0	0.0	0.0	0.0
590	2931.6666666666665	0.0	0.0	0.0	0.0	0.0	0.0
600	3076.6666666666665	0.0	0.0	0.0	0.0	0.0	0.0
610	2874.0	0.0	0.0	0.0	0.0	0.0	0.0
620	3078.3333333333335	0.0	0.0	0.0	0.0	0.0	0.0
630	2944.5	0.0	0.0	0.0	0.0	0.0	0.0
640	3046.1666666666665	0.0	0.0	0.0	0.0	0.0	0.0
650	3013.0	0.0	0.0	0.0	0.0	0.0	0.0
660	3068.6666666666665	0.0	0.0	0.0	0.0	0.0	0.0
670	2915.0	0.0	0.0	0.0	0.0	0.0	0.0
680	2659.3333333333335	0.0	0.0	0.0	0.0	0.0	0.0
690	2842.0	0.0	0.0	0.0	0.0	0.0	0.0
700	2893.1666666666665	0.0	0.0	0.0	0.0	0.0	0.0
710	2962.8333333333335	0.0	0.0	0.0	0.0	0.0	0.0
720	2959.0	0.0	0.0	0.0	0.0	0.0	0.0
730	2917.6666666666665	0.0	0.0	0.0	0.0	0.0	0.0
740	2999.8333333333335	0.0	0.0	0.0	0.0	0.0	0.0
750	3315.5	0.0	0.0	0.0	0.0	0.0	0.0
760	3005.0	0.0	0.0	0.0	0.0	0.0	0.0
770	2746.8333333333335	0.0	0.0	0.0	0.0	0.0	0.0
780	2828.6666666666665	0.0	0.0	0.0	0.0	0.0	0.0
790	2997.3333333333335	0.0	0.0	0.0	0.0	0.0	0.0
800	3172.8333333333335	0.0	0.0	0.0	0.0	0.0	0.0
810	2920.0	0.0	0.0	0.0	0.0	0.0	0.0
820	3107.8333333333335	0.0	0.0	0.0	0.0	0.0	0.0
830	3027.1666666666665	0.0	0.0	0.0	0.0	0.0	0.0
840	3071.8333333333335	0.0	0.0	0.0	0.0	0.0	0.0
850	3062.3333333333335	0.0	0.0	0.0	0.0	0.0	0.0
860	2811.3333333333335	0.0	0.0	0.0	0.0	0.0	0.0
870	3242.8333333333335	0.0	0.0	0.0	0.0	0.0	0.0
880	2807.8333333333335	0.0	0.0	0.0	0.0	0.0	0.0
890	3154.6666666666665	0.0	0.0	0.0	0.0	0.0	0.0
900	3309.0	0.0	0.0	0.0	0.0	0.0	0.0
910	3222.3333333333335	0.0	0.0	0.0	0.0	0.0	0.0
920	3073.3333333333335	0.0	0.0	0.0	0.0	0.0	0.0
930	3122.6666666666665	0.0	0.0	0.0	0.0	0.0	0.0
940	3064.8333333333335	0.0	0.0	0.0	0.0	0.0	0.0
950	3323.6666666666665	0.0	0.0	0.0	0.0	0.0	0.0
960	3264.3333333333335	0.0	0.0	0.0	0.0	0.0	0.0
970	2953.5	0.0	0.0	0.0	0.0	0.0	0.0
980	3423.5	0.0	0.0	0.0	0.0	0.0	0.0
990	3456.8333333333335	0.0	0.0	0.0	0.0	0.0	0.0
1000	3295.0	0.0	0.0	0.0	0.0	0.0	0.0
