0	262.0	0.0	0.0	0.0	0.0	0.0	0.0
10	1718.1666666666667	28.0	165.0	7.0	25.0	4.0	3.0
20	1841.3333333333333	94.0	312.0	42.0	64.0	12.0	30.0
30	1700.5	114.0	211.0	44.0	74.0	4.0	40.0
40	1865.3333333333333	20.0	167.0	12.0	19.0	4.0	1.0
50	1919.8333333333333	237.0	378.0	108.0	175.0	27.0	62.0
60	2053.8333333333335	20.0	195.0	11.0	16.0	7.0	4.0
70	2120.6666666666665	135.0	305.0	47.0	97.0	9.0	38.0
80	2200.3333333333335	14.0	149.0	7.0	12.0	4.0	2.0
90	2324.0	203.0	434.0	78.0	135.0	8.0	68.0
100	2346.8333333333335	110.0	433.0	42.0	97.0	17.0	13.0
110	2112.5	25.0	96.0	5.0	21.0	1.0	4.0
120	1972.5	0.0	0.0	0.0	0.0	0.0	0.0
130	2148.3333333333335	0.0	0.0	0.0	0.0	0.0	0.0
140	2500.0	0.0	0.0	0.0	0.0	0.0	0.0
150	2600.8333333333335	0.0	0.0	0.0	0.0	0.0	0.0
160	2674.5	0.0	0.0	0.0	0.0	0.0	0.0
170	2408.8333333333335	0.0	0.0	0.0	0.0	0.0	0.0
180	2484.0	0.0	0.0	0.0	0.0	0.0	0.0
190	2516.1666666666665	0.0	0.0	0.0	0.0	0.0	0.0
200	2385.6666666666665	0.0	0.0	0.0	0.0	0.0	0.0
210	2696.5	0.0	0.0	0.0	0.0	0.0	0.0
220	2512.1666666666665	0.0	0.0	0.0	0.0	0.0	0.0
230	2373.1666666666665	0.0	0.0	0.0	0.0	0.0	0.0
240	2783.5	0.0	0.0	0.0	0.0	0.0	0.0
250	2706.5	0.0	0.0	0.0	0.0	0.0	0.0
260	2470.8333333333335	0.0	0.0	0.0	0.0	0.0	0.0
270	2728.0	0.0	0.0	0.0	0.0	0.0	0.0
280	2672.5	0.0	0.0	0.0	0.0	0.0	0.0
290	2737.5	0.0	0.0	0.0	0.0	0.0	0.0
300	2762.6666666666665	0.0	0.0	0.0	0.0	0.0	0.0
310	2597.3333333333335	0.0	0.0	0.0	0.0	0.0	0.0
320	2423.0	0.0	0.0	0.0	0.0	0.0	0.0
330	2529.8333333333335	0.0	0.0	0.0	0.0	0.0	0.0
340	2929.6666666666665	0.0	0.0	0.0	0.0	0.0	0.0
350	2855.3333333333335	0.0	0.0	0.0	0.0	0.0	0.0
360	2557.5	0.0	0.0	0.0	0.0	0.0	0.0
370	2977.1666666666665	0.0	0.0	0.0	0.0	0.0	0.0
380	2604.0	0.0	0.0	0.0	0.0	0.0	0.0
390	2931.5	0.0	0.0	0.0	0.0	0.0	0.0
400	2731.8333333333335	0.0	0.0	0.0	0.0	0.0	0.0
410	2936.1666666666665	0.0	0.0	0.0	0.0	0.0	0.0
420	2959.6666666666665	0.0	0.0	0.0	0.0	0.0	0.0
430	2696.3333333333335	0.0	0.0	0.0	0.0	0.0	0.0
440	3079.6666666666665	0.0	0.0	0.0	0.0	0.0	0.0
450	2778.0	0.0	0.0	0.0	0.0	0.0	0.0
460	2802.5	0.0	0.0	0.0	0.0	0.0	0.0
470	2755.1666666666665	0.0	0.0	0.0	0.0	0.0	0.0
480	2915.0	0.0	0.0	0.0	0.0	0.0	0.0
490	2604.5	0.0	0.0	0.0	0.0	0.0	0.0
500	2807.3333333333335	0.0	0.0	0.0	0.0	0.0	0.0
510	2814.0	0.0	0.0	0.0	0.0	0.0	0.0
520	2938.0	0.0	0.0	0.0	0.0	0.0	0.0
530	3133.6666666666665	0.0	0.0	0.0	0.0	0.0	0.0
540	2645.6666666666665	0.0	0.0	0.0	0.0	0.0	0.0
550	2735.0	0.0	0.0	0.0	0.0	0.0	0.0
560	2794.5	0.0	0.0	0.0	0.0	0.0	0.0
570	2974.6666666666665	0.0	0.0	0.0	0.0	0.0	0.0
580	2782.6666666666665	0.0	0.0	0.0	0.0	0.0	0.0
590	2847.8333333333335	0.0	0.0	0.0	0.0	0.0	0.0
600	2834.3333333333335	0.0	0.0	0.0	0.0	0.0	0.0
610	2950.5	0.0	0.0	0.0	0.0	0.0	0.0
620	2592.0	0.0	0.0	0.0	0.0	0.0	0.0
630	2981.8333333333335	0.0	0.0	0.0	0.0	0.0	0.0
640	3200.3333333333335	0.0	0.0	0.0	0.0	0.0	0.0
650	2842.8333333333335	0.0	0.0	0.0	0.0	0.0	0.0
660	2986.8333333333335	0.0	0.0	0.0	0.0	0.0	0.0
670	2929.0	0.0	0.0	0.0	0.0	0.0	0.0
680	3244.0	0.0	0.0	0.0	0.0	0.0	0.0
690	3017.0	0.0	0.0	0.0	0.0	0.0	0.0
700	3039.8333333333335	0.0	0.0	0.0	0.0	0.0	0.0
710	3187.3333333333335	0.0	0.0	0.0	0.0	0.0	0.0
720	3182.6666666666665	0.0	0.0	0.0	0.0	0.0	0.0
730	3042.6666666666665	0.0	0.0	0.0	0.0	0.0	0.0
740	2724.8333333333335	0.0	0.0	0.0	0.0	0.0	0.0
750	2765.1666666666665	0.0	0.0	0.0	0.0	0.0	0.0
760	2823.6666666666665	0.0	0.0	0.0	0.0	0.0	0.0
770	2841.0	0.0	0.0	0.0	0.0	0.0	0.0
780	2838.8333333333335	0.0	0.0	0.0	0.0	0.0	0.0
790	2789.1666666666665	0.0	0.0	0.0	0.0	0.0	0.0
800	3019.1666666666665	0.0	0.0	0.0	0.0	0.0	0.0
810	3056.6666666666665	0.0	0.0	0.0	0.0	0.0	0.0
820	3467.3333333333335	0.0	0.0	0.0	0.0	0.0	0.0
830	2931.0	0.0	0.0	0.0	0.0	0.0	0.0
840	2892.3333333333335	0.0	0.0	0.0	0.0	0.0	0.0
850	3089.5	0.0	0.0	0.0	0.0	0.0	0.0
860	3297.1666666666665	0.0	0.0	0.0	0.0	0.0	0.0
870	2810.6666666666665	0.0	0.0	0.0	0.0	0.0	0.0
880	3471.5	0.0	0.0	0.0	0.0	0.0	0.0
890	3083.0	0.0	0.0	0.0	0.0	0.0	0.0
900	2956.3333333333335	0.0	0.0	0.0	0.0	0.0	0.0
910	3416.1666666666665	0.0	0.0	0.0	0.0	0.0	0.0
920	2971.1666666666665	0.0	0.0	0.0	0.0	0.0	0.0
930	2987.5	0.0	0.0	0.0	0.0	0.0	0.0
940	3335.6666666666665	0.0	0.0	0.0	0.0	0.0	0.0
950	3626.6666666666665	0.0	0.0	0.0	0.0	0.0	0.0
960	3488.6666666666665	0.0	0.0	0.0	0.0	0.0	0.0
970	3394.3333333333335	0.0	0.0	0.0	0.0	0.0	0.0
980	3428.3333333333335	0.0	0.0	0.0	0.0	0.0	0.0
990	3213.3333333333335	0.0	0.0	0.0	0.0	0.0	0.0
1000	3256.0	0.0	0.0	0.0	0.0	0.0	0.0
