0	249.66666666666666	0.0	0.0	0.0	0.0	0.0	0.0
10	70.0	0.0	15.0	1.0	0.0	1.0	0.0
20	70.0	0.0	10.0	0.0	0.0	0.0	0.0
30	70.0	31.0	61.0	4.0	30.0	3.0	1.0
40	70.0	0.0	10.0	0.0	0.0	0.0	0.0
50	70.0	1.0	22.0	1.0	1.0	1.0	0.0
60	70.0	39.0	124.0	8.0	34.0	3.0	5.0
70	70.0	37.0	65.0	17.0	24.0	4.0	13.0
80	70.0	0.0	0.0	0.0	0.0	0.0	0.0
90	70.0	21.0	32.0	0.0	21.0	0.0	0.0
100	70.0	0.0	17.0	0.0	0.0	0.0	0.0
110	70.0	0.0	0.0	0.0	0.0	0.0	0.0
120	70.0	41.0	82.0	22.0	24.0	5.0	17.0
130	70.0	0.0	0.0	0.0	0.0	0.0	0.0
140	70.0	45.0	97.0	24.0	23.0	2.0	22.0
150	70.0	0.0	0.0	0.0	0.0	0.0	0.0
160	70.0	29.0	38.0	8.0	23.0	2.0	6.0
170	70.0	0.0	17.0	0.0	0.0	0.0	0.0
180	70.66666666666667	1.0	12.0	2.0	0.0	1.0	1.0
190	70.66666666666667	1.0	13.0	2.0	0.0	1.0	1.0
200	71.66666666666667	1.0	0.0	1.0	0.0	0.0	1.0
210	79.66666666666667	26.0	26.0	12.0	17.0	3.0	9.0
220	73.33333333333333	8.0	5.0	6.0	2.0	0.0	6.0
230	125.0	18.0	6.0	18.0	0.0	0.0	18.0
240	512.0	13.0	176.0	11.0	11.0	9.0	2.0
250	248.66666666666666	14.0	136.0	19.0	2.0	5.0	12.0
260	134.66666666666666	4.0	179.0	4.0	2.0	2.0	2.0
270	186.33333333333334	11.0	101.0	15.0	1.0	5.0	10.0
280	130.33333333333334	3.0	65.0	4.0	2.0	2.0	1.0
290	678.3333333333334	69.0	149.0	70.0	2.0	3.0	67.0
300	451.3333333333333	2.0	242.0	8.0	1.0	7.0	1.0
310	611.0	33.0	248.0	38.0	4.0	9.0	29.0
320	518.3333333333334	10.0	350.0	22.0	3.0	15.0	7.0
330	685.0	19.0	509.0	28.0	3.0	12.0	16.0
340	1330.3333333333333	53.0	340.0	64.0	1.0	12.0	52.0
350	1191.6666666666667	27.0	235.0	23.0	7.0	3.0	20.0
360	989.6666666666666	12.0	258.0	19.0	1.0	7.0	11.0
370	866.6666666666666	36.0	603.0	41.0	5.0	10.0	31.0
380	971.0	7.0	227.0	12.0	2.0	7.0	5.0
390	1441.3333333333333	44.0	697.0	58.0	6.0	20.0	38.0
400	1761.3333333333333	22.0	461.0	21.0	15.0	13.0	7.0
410	1523.6666666666667	87.0	799.0	112.0	10.0	33.0	77.0
420	1787.0	2.0	351.0	5.0	1.0	4.0	1.0
430	2432.3333333333335	42.0	397.0	51.0	1.0	10.0	41.0
440	2103.6666666666665	6.0	290.0	14.0	0.0	8.0	6.0
450	2070.6666666666665	19.0	561.0	25.0	9.0	15.0	10.0
460	2262.3333333333335	38.0	478.0	38.0	14.0	14.0	24.0
470	2075.0	12.0	344.0	22.0	3.0	12.0	9.0
480	2100.1666666666665	13.0	445.0	17.0	9.0	13.0	4.0
490	2353.8333333333335	43.0	695.0	44.0	24.0	25.0	19.0
500	2485.3333333333335	19.0	480.0	30.0	1.0	12.0	18.0
510	2405.5	41.0	68.0	41.0	2.0	2.0	39.0
520	2107.3333333333335	0.0	0.0	0.0	0.0	0.0	0.0
530	2228.6666666666665	0.0	0.0	0.0	0.0	0.0	0.0
540	2048.1666666666665	0.0	0.0	0.0	0.0	0.0	0.0
550	2195.0	0.0	0.0	0.0	0.0	0.0	0.0
560	2477.1666666666665	0.0	0.0	0.0	0.0	0.0	0.0
570	2300.3333333333335	0.0	0.0	0.0	0.0	0.0	0.0
580	2391.3333333333335	0.0	0.0	0.0	0.0	0.0	0.0
590	2802.3333333333335	0.0	0.0	0.0	0.0	0.0	0.0
600	2368.8333333333335	0.0	0.0	0.0	0.0	0.0	0.0
610	2577.5	0.0	0.0	0.0	0.0	0.0	0.0
620	2481.1666666666665	0.0	0.0	0.0	0.0	0.0	0.0
630	2651.0	0.0	0.0	0.0	0.0	0.0	0.0
640	2796.6666666666665	0.0	0.0	0.0	0.0	0.0	0.0
650	2835.8333333333335	0.0	0.0	0.0	0.0	0.0	0.0
660	2639.5	0.0	0.0	0.0	0.0	0.0	0.0
670	2700.8333333333335	0.0	0.0	0.0	0.0	0.0	0.0
680	2608.3333333333335	0.0	0.0	0.0	0.0	0.0	0.0
690	2778.3333333333335	0.0	0.0	0.0	0.0	0.0	0.0
700	2638.8333333333335	0.0	0.0	0.0	0.0	0.0	0.0
710	2607.0	0.0	0.0	0.0	0.0	0.0	0.0
720	2679.3333333333335	0.0	0.0	0.0	0.0	0.0	0.0
730	2727.0	0.0	0.0	0.0	0.0	0.0	0.0
740	2724.3333333333335	0.0	0.0	0.0	0.0	0.0	0.0
750	2788.3333333333335	0.0	0.0	0.0	0.0	0.0	0.0
760	2649.3333333333335	0.0	0.0	0.0	0.0	0.0	0.0
770	2641.6666666666665	0.0	0.0	0.0	0.0	0.0	0.0
780	2501.6666666666665	0.0	0.0	0.0	0.0	0.0	0.0
790	2438.3333333333335	0.0	0.0	0.0	0.0	0.0	0.0
800	2602.0	0.0	0.0	0.0	0.0	0.0	0.0
810	2458.6666666666665	0.0	0.0	0.0	0.0	0.0	0.0
820	2592.3333333333335	0.0	0.0	0.0	0.0	0.0	0.0
830	2571.0	0.0	0.0	0.0	0.0	0.0	0.0
840	2654.8333333333335	0.0	0.0	0.0	0.0	0.0	0.0
850	2666.0	0.0	0.0	0.0	0.0	0.0	0.0
860	2458.0	0.0	0.0	0.0	0.0	0.0	0.0
870	2546.6666666666665	0.0	0.0	0.0	0.0	0.0	0.0
880	2419.6666666666665	0.0	0.0	0.0	0.0	0.0	0.0
890	2361.0	0.0	0.0	0.0	0.0	0.0	0.0
900	2592.0	0.0	0.0	0.0	0.0	0.0	0.0
910	2508.8333333333335	0.0	0.0	0.0	0.0	0.0	0.0
920	2549.3333333333335	0.0	0.0	0.0	0.0	0.0	0.0
930	2293.0	0.0	0.0	0.0	0.0	0.0	0.0
940	2274.3333333333335	0.0	0.0	0.0	0.0	0.0	0.0
950	2336.6666666666665	0.0	0.0	0.0	0.0	0.0	0.0
960	2406.0	0.0	0.0	0.0	0.0	0.0	0.0
970	2444.0	0.0	0.0	0.0	0.0	0.0	0.0
980	2554.0	0.0	0.0	0.0	0.0	0.0	0.0
990	2521.6666666666665	0.0	0.0	0.0	0.0	0.0	0.0
1000	2368.5	0.0	0.0	0.0	0.0	0.0	0.0
