0	242.66666666666666	0.0	0.0	0.0	0.0	0.0	0.0
10	70.0	42.0	66.0	3.0	41.0	2.0	1.0
20	70.0	0.0	0.0	0.0	0.0	0.0	0.0
30	70.0	0.0	9.0	3.0	0.0	3.0	0.0
40	70.0	0.0	20.0	0.0	0.0	0.0	0.0
50	70.0	4.0	24.0	2.0	4.0	2.0	0.0
60	70.0	0.0	10.0	2.0	0.0	2.0	0.0
70	70.0	0.0	0.0	0.0	0.0	0.0	0.0
80	70.0	20.0	39.0	5.0	19.0	4.0	1.0
90	70.0	0.0	20.0	3.0	0.0	3.0	0.0
100	70.0	15.0	26.0	1.0	15.0	1.0	0.0
110	70.0	34.0	67.0	4.0	32.0	2.0	2.0
120	70.0	0.0	10.0	1.0	0.0	1.0	0.0
130	70.0	0.0	12.0	0.0	0.0	0.0	0.0
140	70.0	0.0	1.0	0.0	0.0	0.0	0.0
150	70.0	0.0	11.0	0.0	0.0	0.0	0.0
160	70.0	61.0	57.0	38.0	29.0	6.0	32.0
170	70.0	0.0	6.0	0.0	0.0	0.0	0.0
180	70.0	39.0	73.0	16.0	24.0	1.0	15.0
190	71.33333333333333	0.0	0.0	0.0	0.0	0.0	0.0
200	70.33333333333333	25.0	25.0	7.0	18.0	0.0	7.0
210	72.33333333333333	0.0	6.0	0.0	0.0	0.0	0.0
220	72.33333333333333	0.0	0.0	0.0	0.0	0.0	0.0
230	71.0	0.0	0.0	0.0	0.0	0.0	0.0
240	72.0	0.0	0.0	0.0	0.0	0.0	0.0
250	99.0	4.0	20.0	6.0	0.0	2.0	4.0
260	140.66666666666666	29.0	38.0	25.0	6.0	1.0	23.0
270	281.0	11.0	109.0	10.0	3.0	2.0	8.0
280	186.66666666666666	12.0	181.0	9.0	8.0	5.0	4.0
290	149.66666666666666	8.0	161.0	6.0	7.0	5.0	1.0
300	126.66666666666667	41.0	218.0	29.0	19.0	7.0	22.0
310	129.33333333333334	10.0	339.0	19.0	3.0	12.0	7.0
320	150.33333333333334	13.0	68.0	12.0	2.0	0.0	11.0
330	216.0	2.0	37.0	3.0	0.0	1.0	2.0
340	163.66666666666666	38.0	235.0	39.0	4.0	4.0	34.0
350	130.0	52.0	108.0	52.0	4.0	4.0	48.0
360	257.0	33.0	239.0	36.0	5.0	8.0	28.0
370	510.6666666666667	46.0	116.0	47.0	2.0	2.0	44.0
380	576.0	44.0	214.0	38.0	9.0	3.0	35.0
390	902.3333333333334	74.0	155.0	77.0	2.0	4.0	72.0
400	812.0	19.0	453.0	34.0	3.0	17.0	16.0
410	1023.0	20.0	366.0	24.0	1.0	5.0	19.0
420	1095.6666666666667	14.0	447.0	23.0	3.0	12.0	11.0
430	1569.0	47.0	648.0	61.0	7.0	21.0	40.0
440	1510.0	4.0	313.0	15.0	3.0	14.0	1.0
450	1783.3333333333333	6.0	500.0	11.0	1.0	6.0	5.0
460	1875.6666666666667	33.0	563.0	46.0	5.0	18.0	28.0
470	1951.3333333333333	59.0	955.0	83.0	8.0	31.0	51.0
480	2015.3333333333333	11.0	588.0	23.0	4.0	16.0	7.0
490	2340.6666666666665	36.0	733.0	61.0	2.0	27.0	34.0
500	1649.3333333333333	94.0	649.0	110.0	6.0	22.0	88.0
510	1887.0	0.0	0.0	0.0	0.0	0.0	0.0
520	2164.6666666666665	0.0	0.0	0.0	0.0	0.0	0.0
530	2008.3333333333333	0.0	0.0	0.0	0.0	0.0	0.0
540	2057.0	0.0	0.0	0.0	0.0	0.0	0.0
550	2154.8333333333335	0.0	0.0	0.0	0.0	0.0	0.0
560	2063.0	0.0	0.0	0.0	0.0	0.0	0.0
570	2389.0	0.0	0.0	0.0	0.0	0.0	0.0
580	2380.6666666666665	0.0	0.0	0.0	0.0	0.0	0.0
590	2369.3333333333335	0.0	0.0	0.0	0.0	0.0	0.0
600	2362.8333333333335	0.0	0.0	0.0	0.0	0.0	0.0
610	2059.0	0.0	0.0	0.0	0.0	0.0	0.0
620	2303.8333333333335	0.0	0.0	0.0	0.0	0.0	0.0
630	2194.3333333333335	0.0	0.0	0.0	0.0	0.0	0.0
640	2301.1666666666665	0.0	0.0	0.0	0.0	0.0	0.0
650	2165.0	0.0	0.0	0.0	0.0	0.0	0.0
660	2500.0	0.0	0.0	0.0	0.0	0.0	0.0
670	2305.8333333333335	0.0	0.0	0.0	0.0	0.0	0.0
680	2564.3333333333335	0.0	0.0	0.0	0.0	0.0	0.0
690	2772.3333333333335	0.0	0.0	0.0	0.0	0.0	0.0
700	2757.8333333333335	0.0	0.0	0.0	0.0	0.0	0.0
710	2609.8333333333335	0.0	0.0	0.0	0.0	0.0	0.0
720	2691.0	0.0	0.0	0.0	0.0	0.0	0.0
730	2438.8333333333335	0.0	0.0	0.0	0.0	0.0	0.0
740	2514.6666666666665	0.0	0.0	0.0	0.0	0.0	0.0
750	2723.6666666666665	0.0	0.0	0.0	0.0	0.0	0.0
760	2712.1666666666665	0.0	0.0	0.0	0.0	0.0	0.0
770	2610.1666666666665	0.0	0.0	0.0	0.0	0.0	0.0
780	2598.5	0.0	0.0	0.0	0.0	0.0	0.0
790	2611.3333333333335	0.0	0.0	0.0	0.0	0.0	0.0
800	2775.0	0.0	0.0	0.0	0.0	0.0	0.0
810	2777.6666666666665	0.0	0.0	0.0	0.0	0.0	0.0
820	2714.1666666666665	0.0	0.0	0.0	0.0	0.0	0.0
830	2472.3333333333335	0.0	0.0	0.0	0.0	0.0	0.0
840	2620.3333333333335	0.0	0.0	0.0	0.0	0.0	0.0
850	2702.3333333333335	0.0	0.0	0.0	0.0	0.0	0.0
860	2345.1666666666665	0.0	0.0	0.0	0.0	0.0	0.0
870	2596.1666666666665	0.0	0.0	0.0	0.0	0.0	0.0
880	2952.1666666666665	0.0	0.0	0.0	0.0	0.0	0.0
890	2742.3333333333335	0.0	0.0	0.0	0.0	0.0	0.0
900	2671.5	0.0	0.0	0.0	0.0	0.0	0.0
910	2824.3333333333335	0.0	0.0	0.0	0.0	0.0	0.0
920	2670.5	0.0	0.0	0.0	0.0	0.0	0.0
930	2921.6666666666665	0.0	0.0	0.0	0.0	0.0	0.0
940	2624.3333333333335	0.0	0.0	0.0	0.0	0.0	0.0
950	2822.0	0.0	0.0	0.0	0.0	0.0	0.0
960	2285.6666666666665	0.0	0.0	0.0	0.0	0.0	0.0
970	2537.1666666666665	0.0	0.0	0.0	0.0	0.0	0.0
980	2907.3333333333335	0.0	0.0	0.0	0.0	0.0	0.0
990	2812.0	0.0	0.0	0.0	0.0	0.0	0.0
1000	3025.8333333333335	0.0	0.0	0.0	0.0	0.0	0.0
