0	251.66666666666666	0.0	0.0	0.0	0.0	0.0	0.0
10	70.0	0.0	0.0	0.0	0.0	0.0	0.0
20	70.0	27.0	49.0	1.0	27.0	1.0	0.0
30	70.0	29.0	38.0	3.0	27.0	1.0	2.0
40	70.0	0.0	10.0	0.0	0.0	0.0	0.0
50	70.0	0.0	12.0	0.0	0.0	0.0	0.0
60	70.0	0.0	2.0	0.0	0.0	0.0	0.0
70	70.0	0.0	0.0	1.0	0.0	1.0	0.0
80	70.0	0.0	9.0	2.0	0.0	2.0	0.0
90	70.0	0.0	29.0	2.0	0.0	2.0	0.0
100	70.0	24.0	46.0	3.0	23.0	2.0	1.0
110	70.0	76.0	125.0	26.0	53.0	3.0	23.0
120	70.0	0.0	0.0	0.0	0.0	0.0	0.0
130	70.0	0.0	0.0	0.0	0.0	0.0	0.0
140	70.0	0.0	9.0	1.0	0.0	1.0	0.0
150	70.0	73.0	170.0	28.0	51.0	6.0	22.0
160	70.0	0.0	8.0	2.0	0.0	2.0	0.0
170	70.0	0.0	0.0	0.0	0.0	0.0	0.0
180	70.0	45.0	119.0	4.0	42.0	1.0	3.0
190	70.0	0.0	11.0	0.0	0.0	0.0	0.0
200	70.66666666666667	0.0	11.0	0.0	0.0	0.0	0.0
210	71.0	1.0	12.0	0.0	1.0	0.0	0.0
220	78.0	0.0	0.0	0.0	0.0	0.0	0.0
230	71.33333333333333	8.0	16.0	7.0	2.0	1.0	6.0
240	70.66666666666667	7.0	5.0	6.0	1.0	0.0	6.0
250	156.66666666666666	28.0	100.0	13.0	16.0	1.0	12.0
260	180.0	19.0	97.0	11.0	10.0	2.0	9.0
270	362.0	14.0	207.0	15.0	5.0	5.0	9.0
280	352.0	20.0	236.0	29.0	2.0	10.0	18.0
290	335.3333333333333	12.0	234.0	14.0	4.0	6.0	8.0
300	130.0	2.0	222.0	9.0	2.0	9.0	0.0
310	749.3333333333334	0.0	42.0	0.0	0.0	0.0	0.0
320	476.6666666666667	23.0	281.0	29.0	0.0	6.0	23.0
330	559.3333333333334	16.0	153.0	17.0	0.0	1.0	16.0
340	731.0	38.0	183.0	40.0	4.0	6.0	34.0
350	879.3333333333334	19.0	309.0	25.0	3.0	9.0	16.0
360	688.3333333333334	6.0	131.0	6.0	4.0	4.0	2.0
370	814.6666666666666	54.0	347.0	61.0	1.0	8.0	53.0
380	1222.3333333333333	15.0	221.0	23.0	1.0	9.0	14.0
390	1035.6666666666667	9.0	194.0	13.0	4.0	8.0	5.0
400	1278.0	10.0	258.0	13.0	6.0	9.0	4.0
410	1429.0	4.0	398.0	11.0	1.0	8.0	3.0
420	1521.6666666666667	59.0	356.0	73.0	3.0	17.0	56.0
430	2148.0	22.0	489.0	40.0	3.0	20.0	19.0
440	2145.6666666666665	10.0	628.0	29.0	3.0	22.0	7.0
450	2368.3333333333335	15.0	688.0	30.0	7.0	22.0	8.0
460	1726.5	19.0	446.0	29.0	6.0	16.0	13.0
470	2216.0	12.0	531.0	29.0	2.0	19.0	10.0
480	2063.0	47.0	829.0	64.0	7.0	23.0	40.0
490	2136.3333333333335	48.0	524.0	56.0	4.0	12.0	44.0
500	2242.0	20.0	373.0	29.0	4.0	13.0	16.0
510	2189.3333333333335	140.0	1418.0	152.0	31.0	41.0	109.0
520	2041.8333333333333	29.0	289.0	29.0	9.0	9.0	20.0
530	2170.6666666666665	0.0	0.0	0.0	0.0	0.0	0.0
540	2629.0	0.0	0.0	0.0	0.0	0.0	0.0
550	2337.1666666666665	0.0	0.0	0.0	0.0	0.0	0.0
560	2252.0	0.0	0.0	0.0	0.0	0.0	0.0
570	2544.0	0.0	0.0	0.0	0.0	0.0	0.0
580	2364.3333333333335	0.0	0.0	0.0	0.0	0.0	0.0
590	2629.1666666666665	0.0	0.0	0.0	0.0	0.0	0.0
600	2642.6666666666665	0.0	0.0	0.0	0.0	0.0	0.0
610	2265.3333333333335	0.0	0.0	0.0	0.0	0.0	0.0
620	2505.8333333333335	0.0	0.0	0.0	0.0	0.0	0.0
630	2394.8333333333335	0.0	0.0	0.0	0.0	0.0	0.0
640	2640.0	0.0	0.0	0.0	0.0	0.0	0.0
650	2506.1666666666665	0.0	0.0	0.0	0.0	0.0	0.0
660	2610.6666666666665	0.0	0.0	0.0	0.0	0.0	0.0
670	2665.3333333333335	0.0	0.0	0.0	0.0	0.0	0.0
680	2355.1666666666665	0.0	0.0	0.0	0.0	0.0	0.0
690	2392.6666666666665	0.0	0.0	0.0	0.0	0.0	0.0
700	2500.5	0.0	0.0	0.0	0.0	0.0	0.0
710	2555.0	0.0	0.0	0.0	0.0	0.0	0.0
720	2397.0	0.0	0.0	0.0	0.0	0.0	0.0
730	2618.3333333333335	0.0	0.0	0.0	0.0	0.0	0.0
740	2203.6666666666665	0.0	0.0	0.0	0.0	0.0	0.0
750	2481.3333333333335	0.0	0.0	0.0	0.0	0.0	0.0
760	2516.0	0.0	0.0	0.0	0.0	0.0	0.0
770	2402.5	0.0	0.0	0.0	0.0	0.0	0.0
780	2559.0	0.0	0.0	0.0	0.0	0.0	0.0
790	2321.8333333333335	0.0	0.0	0.0	0.0	0.0	0.0
800	2532.6666666666665	0.0	0.0	0.0	0.0	0.0	0.0
810	2499.6666666666665	0.0	0.0	0.0	0.0	0.0	0.0
820	2509.3333333333335	0.0	0.0	0.0	0.0	0.0	0.0
830	2586.6666666666665	0.0	0.0	0.0	0.0	0.0	0.0
840	2610.0	0.0	0.0	0.0	0.0	0.0	0.0
850	2765.3333333333335	0.0	0.0	0.0	0.0	0.0	0.0
860	2649.8333333333335	0.0	0.0	0.0	0.0	0.0	0.0
870	2626.3333333333335	0.0	0.0	0.0	0.0	0.0	0.0
880	2404.1666666666665	0.0	0.0	0.0	0.0	0.0	0.0
890	2640.5	0.0	0.0	0.0	0.0	0.0	0.0
900	2320.6666666666665	0.0	0.0	0.0	0.0	0.0	0.0
910	2508.6666666666665	0.0	0.0	0.0	0.0	0.0	0.0
920	2454.3333333333335	0.0	0.0	0.0	0.0	0.0	0.0
930	2337.0	0.0	0.0	0.0	0.0	0.0	0.0
940	2494.3333333333335	0.0	0.0	0.0	0.0	0.0	0.0
950	2267.0	0.0	0.0	0.0	0.0	0.0	0.0
960	2729.0	0.0	0.0	0.0	0.0	0.0	0.0
970	2643.1666666666665	0.0	0.0	0.0	0.0	0.0	0.0
980	2591.3333333333335	0.0	0.0	0.0	0.0	0.0	0.0
990	2742.5	0.0	0.0	0.0	0.0	0.0	0.0
1000	2404.0	0.0	0.0	0.0	0.0	0.0	0.0
