0	238.33333333333334	0.0	0.0	0.0	0.0	0.0	0.0
10	70.0	0.0	11.0	0.0	0.0	0.0	0.0
20	70.0	0.0	11.0	0.0	0.0	0.0	0.0
30	70.0	35.0	47.0	5.0	35.0	5.0	0.0
40	70.0	0.0	7.0	0.0	0.0	0.0	0.0
50	70.0	23.0	45.0	0.0	23.0	0.0	0.0
60	70.0	0.0	0.0	0.0	0.0	0.0	0.0
70	70.0	91.0	138.0	25.0	73.0	7.0	18.0
80	70.0	2.0	7.0	3.0	0.0	1.0	2.0
90	70.0	0.0	0.0	0.0	0.0	0.0	0.0
100	70.0	3.0	23.0	3.0	3.0	3.0	0.0
110	70.0	27.0	65.0	6.0	25.0	4.0	2.0
120	70.0	0.0	10.0	0.0	0.0	0.0	0.0
130	70.0	27.0	41.0	2.0	26.0	1.0	1.0
140	70.0	0.0	0.0	0.0	0.0	0.0	0.0
150	70.0	24.0	50.0	4.0	21.0	1.0	3.0
160	70.0	15.0	45.0	4.0	14.0	3.0	1.0
170	70.33333333333333	0.0	21.0	2.0	0.0	2.0	0.0
180	71.0	3.0	3.0	0.0	3.0	0.0	0.0
190	70.0	0.0	31.0	4.0	0.0	4.0	0.0
200	72.0	68.0	94.0	20.0	51.0	3.0	17.0
210	76.66666666666667	0.0	13.0	1.0	0.0	1.0	0.0
220	71.33333333333333	45.0	47.0	29.0	16.0	0.0	29.0
230	78.0	27.0	100.0	14.0	17.0	3.0	10.0
240	87.33333333333333	41.0	52.0	30.0	12.0	0.0	29.0
250	121.0	0.0	1.0	0.0	0.0	0.0	0.0
260	79.33333333333333	56.0	119.0	51.0	7.0	2.0	49.0
270	132.33333333333334	71.0	102.0	74.0	10.0	10.0	61.0
280	176.33333333333334	6.0	5.0	6.0	1.0	1.0	5.0
290	194.0	54.0	154.0	51.0	14.0	4.0	40.0
300	590.3333333333334	2.0	210.0	9.0	2.0	9.0	0.0
310	356.3333333333333	35.0	287.0	41.0	2.0	8.0	33.0
320	273.0	21.0	210.0	32.0	6.0	17.0	15.0
330	350.6666666666667	21.0	171.0	26.0	3.0	7.0	18.0
340	305.0	6.0	94.0	9.0	0.0	3.0	6.0
350	580.6666666666666	11.0	165.0	28.0	2.0	19.0	9.0
360	854.6666666666666	23.0	373.0	39.0	3.0	19.0	20.0
370	805.3333333333334	56.0	312.0	63.0	3.0	9.0	53.0
380	928.3333333333334	15.0	113.0	17.0	0.0	2.0	15.0
390	1128.0	27.0	313.0	33.0	1.0	7.0	26.0
400	1143.0	3.0	529.0	19.0	2.0	18.0	1.0
410	1326.3333333333333	45.0	366.0	56.0	3.0	14.0	42.0
420	1331.0	49.0	579.0	57.0	5.0	13.0	44.0
430	1595.6666666666667	18.0	372.0	20.0	4.0	6.0	14.0
440	1321.0	41.0	429.0	59.0	0.0	18.0	41.0
450	1848.3333333333333	9.0	108.0	0.0	9.0	0.0	0.0
460	1260.3333333333333	0.0	0.0	0.0	0.0	0.0	0.0
470	2002.0	0.0	0.0	0.0	0.0	0.0	0.0
480	2158.0	0.0	0.0	0.0	0.0	0.0	0.0
490	2012.3333333333333	0.0	0.0	0.0	0.0	0.0	0.0
500	2274.6666666666665	0.0	0.0	0.0	0.0	0.0	0.0
510	2167.3333333333335	0.0	0.0	0.0	0.0	0.0	0.0
520	2050.8333333333335	0.0	0.0	0.0	0.0	0.0	0.0
530	2421.5	0.0	0.0	0.0	0.0	0.0	0.0
540	2495.5	0.0	0.0	0.0	0.0	0.0	0.0
550	2608.3333333333335	0.0	0.0	0.0	0.0	0.0	0.0
560	2384.6666666666665	0.0	0.0	0.0	0.0	0.0	0.0
570	2291.3333333333335	0.0	0.0	0.0	0.0	0.0	0.0
580	2295.3333333333335	0.0	0.0	0.0	0.0	0.0	0.0
590	2532.8333333333335	0.0	0.0	0.0	0.0	0.0	0.0
600	2342.6666666666665	0.0	0.0	0.0	0.0	0.0	0.0
610	2363.5	0.0	0.0	0.0	0.0	0.0	0.0
620	2537.3333333333335	0.0	0.0	0.0	0.0	0.0	0.0
630	2613.0	0.0	0.0	0.0	0.0	0.0	0.0
640	2465.1666666666665	0.0	0.0	0.0	0.0	0.0	0.0
650	2482.6666666666665	0.0	0.0	0.0	0.0	0.0	0.0
660	2716.0	0.0	0.0	0.0	0.0	0.0	0.0
670	2680.8333333333335	0.0	0.0	0.0	0.0	0.0	0.0
680	2614.6666666666665	0.0	0.0	0.0	0.0	0.0	0.0
690	2578.1666666666665	0.0	0.0	0.0	0.0	0.0	0.0
700	2466.8333333333335	0.0	0.0	0.0	0.0	0.0	0.0
710	2745.0	0.0	0.0	0.0	0.0	0.0	0.0
720	2298.0	0.0	0.0	0.0	0.0	0.0	0.0
730	2881.5	0.0	0.0	0.0	0.0	0.0	0.0
740	2945.3333333333335	0.0	0.0	0.0	0.0	0.0	0.0
750	2625.0	0.0	0.0	0.0	0.0	0.0	0.0
760	2481.6666666666665	0.0	0.0	0.0	0.0	0.0	0.0
770	2634.8333333333335	0.0	0.0	0.0	0.0	0.0	0.0
780	2846.6666666666665	0.0	0.0	0.0	0.0	0.0	0.0
790	2637.5	0.0	0.0	0.0	0.0	0.0	0.0
800	2627.3333333333335	0.0	0.0	0.0	0.0	0.0	0.0
810	2556.3333333333335	0.0	0.0	0.0	0.0	0.0	0.0
820	2571.8333333333335	0.0	0.0	0.0	0.0	0.0	0.0
830	2461.5	0.0	0.0	0.0	0.0	0.0	0.0
840	2797.5	0.0	0.0	0.0	0.0	0.0	0.0
850	2418.0	0.0	0.0	0.0	0.0	0.0	0.0
860	2402.0	0.0	0.0	0.0	0.0	0.0	0.0
870	2692.8333333333335	0.0	0.0	0.0	0.0	0.0	0.0
880	2636.0	0.0	0.0	0.0	0.0	0.0	0.0
890	2702.5	0.0	0.0	0.0	0.0	0.0	0.0
900	2412.1666666666665	0.0	0.0	0.0	0.0	0.0	0.0
910	2382.0	0.0	0.0	0.0	0.0	0.0	0.0
920	1963.6666666666667	0.0	0.0	0.0	0.0	0.0	0.0
930	2179.1666666666665	0.0	0.0	0.0	0.0	0.0	0.0
940	2395.3333333333335	0.0	0.0	0.0	0.0	0.0	0.0
950	2594.3333333333335	0.0	0.0	0.0	0.0	0.0	0.0
960	2651.0	0.0	0.0	0.0	0.0	0.0	0.0
970	2610.1666666666665	0.0	0.0	0.0	0.0	0.0	0.0
980	2294.8333333333335	0.0	0.0	0.0	0.0	0.0	0.0
990	2369.3333333333335	0.0	0.0	0.0	0.0	0.0	0.0
1000	2141.0	0.0	0.0	0.0	0.0	0.0	0.0
