0	254.66666666666666	0.0	0.0	0.0	0.0	0.0	0.0
10	70.0	0.0	0.0	0.0	0.0	0.0	0.0
20	70.0	31.0	52.0	6.0	31.0	6.0	0.0
30	70.0	0.0	11.0	0.0	0.0	0.0	0.0
40	70.0	15.0	26.0	0.0	15.0	0.0	0.0
50	70.0	0.0	0.0	0.0	0.0	0.0	0.0
60	70.0	0.0	21.0	1.0	0.0	1.0	0.0
70	70.0	0.0	8.0	0.0	0.0	0.0	0.0
80	70.0	32.0	55.0	3.0	30.0	1.0	2.0
90	70.0	0.0	16.0	0.0	0.0	0.0	0.0
100	70.0	32.0	49.0	8.0	25.0	1.0	7.0
110	70.0	0.0	11.0	0.0	0.0	0.0	0.0
120	70.0	0.0	0.0	0.0	0.0	0.0	0.0
130	70.0	0.0	20.0	1.0	0.0	1.0	0.0
140	70.0	0.0	9.0	1.0	0.0	1.0	0.0
150	70.0	24.0	65.0	2.0	23.0	1.0	1.0
160	70.0	0.0	1.0	0.0	0.0	0.0	0.0
170	70.0	0.0	19.0	4.0	0.0	4.0	0.0
180	70.0	1.0	21.0	1.0	0.0	0.0	1.0
190	70.0	22.0	87.0	3.0	22.0	3.0	0.0
200	70.0	0.0	19.0	0.0	0.0	0.0	0.0
210	71.0	0.0	0.0	0.0	0.0	0.0	0.0
220	72.0	0.0	22.0	0.0	0.0	0.0	0.0
230	71.66666666666667	1.0	18.0	2.0	0.0	1.0	1.0
240	71.33333333333333	35.0	27.0	33.0	3.0	0.0	32.0
250	96.0	4.0	7.0	4.0	0.0	0.0	4.0
260	110.0	1.0	0.0	1.0	0.0	0.0	1.0
270	173.33333333333334	15.0	140.0	19.0	9.0	8.0	6.0
280	153.0	4.0	117.0	1.0	4.0	1.0	0.0
290	332.6666666666667	1.0	112.0	5.0	1.0	5.0	0.0
300	168.33333333333334	6.0	212.0	9.0	1.0	4.0	5.0
310	137.33333333333334	0.0	117.0	2.0	0.0	2.0	0.0
320	130.0	13.0	76.0	17.0	1.0	5.0	12.0
330	619.3333333333334	77.0	262.0	84.0	1.0	7.0	76.0
340	486.6666666666667	37.0	235.0	39.0	2.0	4.0	35.0
350	733.6666666666666	60.0	197.0	63.0	3.0	6.0	57.0
360	911.3333333333334	5.0	108.0	5.0	1.0	1.0	4.0
370	765.6666666666666	27.0	219.0	35.0	0.0	8.0	27.0
380	690.0	29.0	451.0	46.0	5.0	22.0	24.0
390	1145.3333333333333	46.0	265.0	48.0	4.0	6.0	42.0
400	853.0	15.0	377.0	25.0	1.0	11.0	14.0
410	1285.6666666666667	56.0	373.0	45.0	19.0	5.0	37.0
420	1204.0	12.0	480.0	17.0	3.0	8.0	9.0
430	1677.0	28.0	453.0	40.0	2.0	14.0	26.0
440	1555.0	56.0	473.0	67.0	4.0	14.0	52.0
450	1896.3333333333333	13.0	550.0	28.0	2.0	17.0	11.0
460	1826.0	18.0	501.0	36.0	0.0	18.0	18.0
470	1738.6666666666667	48.0	405.0	49.0	18.0	17.0	30.0
480	1693.3333333333333	55.0	587.0	71.0	4.0	19.0	51.0
490	2328.0	30.0	353.0	36.0	9.0	14.0	21.0
500	2057.6666666666665	55.0	780.0	69.0	5.0	19.0	50.0
510	2202.3333333333335	89.0	646.0	100.0	15.0	22.0	74.0
520	2501.8333333333335	7.0	31.0	7.0	0.0	0.0	7.0
530	2056.3333333333335	0.0	0.0	0.0	0.0	0.0	0.0
540	2284.0	0.0	0.0	0.0	0.0	0.0	0.0
550	2422.1666666666665	0.0	0.0	0.0	0.0	0.0	0.0
560	2157.3333333333335	0.0	0.0	0.0	0.0	0.0	0.0
570	2266.6666666666665	0.0	0.0	0.0	0.0	0.0	0.0
580	2266.8333333333335	0.0	0.0	0.0	0.0	0.0	0.0
590	2316.3333333333335	0.0	0.0	0.0	0.0	0.0	0.0
600	2288.1666666666665	0.0	0.0	0.0	0.0	0.0	0.0
610	2490.5	0.0	0.0	0.0	0.0	0.0	0.0
620	2219.0	0.0	0.0	0.0	0.0	0.0	0.0
630	2556.3333333333335	0.0	0.0	0.0	0.0	0.0	0.0
640	2440.8333333333335	0.0	0.0	0.0	0.0	0.0	0.0
650	2466.6666666666665	0.0	0.0	0.0	0.0	0.0	0.0
660	2404.6666666666665	0.0	0.0	0.0	0.0	0.0	0.0
670	2530.8333333333335	0.0	0.0	0.0	0.0	0.0	0.0
680	2352.5	0.0	0.0	0.0	0.0	0.0	0.0
690	2472.6666666666665	0.0	0.0	0.0	0.0	0.0	0.0
700	2436.3333333333335	0.0	0.0	0.0	0.0	0.0	0.0
710	2586.6666666666665	0.0	0.0	0.0	0.0	0.0	0.0
720	2439.0	0.0	0.0	0.0	0.0	0.0	0.0
730	2426.3333333333335	0.0	0.0	0.0	0.0	0.0	0.0
740	2676.0	0.0	0.0	0.0	0.0	0.0	0.0
750	2549.8333333333335	0.0	0.0	0.0	0.0	0.0	0.0
760	2928.5	0.0	0.0	0.0	0.0	0.0	0.0
770	2380.0	0.0	0.0	0.0	0.0	0.0	0.0
780	1847.3333333333333	0.0	0.0	0.0	0.0	0.0	0.0
790	2747.8333333333335	0.0	0.0	0.0	0.0	0.0	0.0
800	2748.5	0.0	0.0	0.0	0.0	0.0	0.0
810	2227.0	0.0	0.0	0.0	0.0	0.0	0.0
820	1951.1666666666667	0.0	0.0	0.0	0.0	0.0	0.0
830	2580.0	0.0	0.0	0.0	0.0	0.0	0.0
840	2553.0	0.0	0.0	0.0	0.0	0.0	0.0
850	2721.3333333333335	0.0	0.0	0.0	0.0	0.0	0.0
860	2912.6666666666665	0.0	0.0	0.0	0.0	0.0	0.0
870	2690.3333333333335	0.0	0.0	0.0	0.0	0.0	0.0
880	2564.5	0.0	0.0	0.0	0.0	0.0	0.0
890	2234.5	0.0	0.0	0.0	0.0	0.0	0.0
900	2166.3333333333335	0.0	0.0	0.0	0.0	0.0	0.0
910	2757.5	0.0	0.0	0.0	0.0	0.0	0.0
920	2570.1666666666665	0.0	0.0	0.0	0.0	0.0	0.0
930	2657.6666666666665	0.0	0.0	0.0	0.0	0.0	0.0
940	2684.1666666666665	0.0	0.0	0.0	0.0	0.0	0.0
950	2563.3333333333335	0.0	0.0	0.0	0.0	0.0	0.0
960	2053.0	0.0	0.0	0.0	0.0	0.0	0.0
970	1767.0	0.0	0.0	0.0	0.0	0.0	0.0
980	2156.1666666666665	0.0	0.0	0.0	0.0	0.0	0.0
990	1852.1666666666667	0.0	0.0	0.0	0.0	0.0	0.0
1000	2107.0	0.0	0.0	0.0	0.0	0.0	0.0
