0	257.6666666666667	0.0	0.0	0.0	0.0	0.0	0.0
10	70.0	48.0	62.0	2.0	46.0	0.0	2.0
20	70.0	0.0	0.0	0.0	0.0	0.0	0.0
30	70.0	16.0	48.0	1.0	16.0	1.0	0.0
40	70.0	0.0	9.0	2.0	0.0	2.0	0.0
50	70.0	54.0	74.0	10.0	48.0	4.0	6.0
60	70.0	0.0	0.0	0.0	0.0	0.0	0.0
70	70.0	0.0	0.0	0.0	0.0	0.0	0.0
80	70.0	8.0	21.0	3.0	8.0	2.0	0.0
90	70.0	123.0	146.0	10.0	119.0	5.0	4.0
100	70.0	9.0	5.0	8.0	8.0	4.0	1.0
110	70.0	94.0	86.0	21.0	85.0	11.0	9.0
120	70.0	0.0	0.0	0.0	0.0	0.0	0.0
130	70.0	4.0	9.0	4.0	2.0	2.0	2.0
140	70.0	0.0	26.0	1.0	0.0	1.0	0.0
150	70.0	0.0	8.0	0.0	0.0	0.0	0.0
160	70.0	0.0	12.0	0.0	0.0	0.0	0.0
170	70.0	0.0	10.0	0.0	0.0	0.0	0.0
180	70.0	55.0	98.0	18.0	37.0	0.0	18.0
190	70.0	33.0	37.0	14.0	23.0	3.0	10.0
200	70.0	37.0	48.0	8.0	33.0	4.0	4.0
210	70.33333333333333	67.0	93.0	8.0	62.0	3.0	5.0
220	72.0	14.0	6.0	8.0	6.0	0.0	8.0
230	72.66666666666667	10.0	0.0	11.0	0.0	1.0	10.0
240	80.66666666666667	0.0	0.0	0.0	0.0	0.0	0.0
250	164.33333333333334	1.0	4.0	0.0	1.0	0.0	0.0
260	230.66666666666666	45.0	230.0	22.0	27.0	3.0	18.0
270	330.6666666666667	25.0	75.0	25.0	3.0	3.0	22.0
280	209.33333333333334	59.0	192.0	58.0	7.0	4.0	52.0
290	173.66666666666666	6.0	228.0	10.0	1.0	5.0	5.0
300	172.0	0.0	190.0	1.0	0.0	1.0	0.0
310	169.33333333333334	3.0	135.0	3.0	0.0	0.0	3.0
320	146.0	22.0	250.0	25.0	2.0	4.0	20.0
330	250.0	12.0	60.0	11.0	1.0	0.0	11.0
340	275.6666666666667	27.0	120.0	27.0	3.0	2.0	24.0
350	251.0	0.0	96.0	2.0	0.0	2.0	0.0
360	355.6666666666667	32.0	146.0	31.0	7.0	5.0	25.0
370	588.0	81.0	525.0	94.0	2.0	15.0	79.0
380	773.6666666666666	8.0	57.0	10.0	0.0	2.0	8.0
390	1112.6666666666667	11.0	81.0	15.0	1.0	5.0	10.0
400	896.3333333333334	32.0	628.0	48.0	6.0	21.0	26.0
410	990.3333333333334	5.0	80.0	7.0	0.0	2.0	5.0
420	953.0	22.0	305.0	23.0	5.0	6.0	17.0
430	1201.3333333333333	3.0	577.0	15.0	1.0	13.0	2.0
440	1123.6666666666667	31.0	426.0	39.0	7.0	15.0	24.0
450	1147.0	2.0	479.0	16.0	1.0	15.0	1.0
460	1416.0	1.0	22.0	1.0	0.0	0.0	1.0
470	1599.6666666666667	0.0	0.0	0.0	0.0	0.0	0.0
480	2013.0	0.0	0.0	0.0	0.0	0.0	0.0
490	2172.0	0.0	0.0	0.0	0.0	0.0	0.0
500	2221.6666666666665	0.0	0.0	0.0	0.0	0.0	0.0
510	2248.3333333333335	0.0	0.0	0.0	0.0	0.0	0.0
520	2288.0	0.0	0.0	0.0	0.0	0.0	0.0
530	1702.6666666666667	0.0	0.0	0.0	0.0	0.0	0.0
540	1817.5	0.0	0.0	0.0	0.0	0.0	0.0
550	2085.0	0.0	0.0	0.0	0.0	0.0	0.0
560	2190.3333333333335	0.0	0.0	0.0	0.0	0.0	0.0
570	2212.0	0.0	0.0	0.0	0.0	0.0	0.0
580	2349.0	0.0	0.0	0.0	0.0	0.0	0.0
590	2535.6666666666665	0.0	0.0	0.0	0.0	0.0	0.0
600	2636.5	0.0	0.0	0.0	0.0	0.0	0.0
610	2371.0	0.0	0.0	0.0	0.0	0.0	0.0
620	2412.6666666666665	0.0	0.0	0.0	0.0	0.0	0.0
630	2361.1666666666665	0.0	0.0	0.0	0.0	0.0	0.0
640	2508.8333333333335	0.0	0.0	0.0	0.0	0.0	0.0
650	2613.6666666666665	0.0	0.0	0.0	0.0	0.0	0.0
660	2545.8333333333335	0.0	0.0	0.0	0.0	0.0	0.0
670	2538.1666666666665	0.0	0.0	0.0	0.0	0.0	0.0
680	2870.0	0.0	0.0	0.0	0.0	0.0	0.0
690	2435.5	0.0	0.0	0.0	0.0	0.0	0.0
700	2638.3333333333335	0.0	0.0	0.0	0.0	0.0	0.0
710	2662.8333333333335	0.0	0.0	0.0	0.0	0.0	0.0
720	2599.3333333333335	0.0	0.0	0.0	0.0	0.0	0.0
730	2647.6666666666665	0.0	0.0	0.0	0.0	0.0	0.0
740	2628.6666666666665	0.0	0.0	0.0	0.0	0.0	0.0
750	2606.0	0.0	0.0	0.0	0.0	0.0	0.0
760	2665.6666666666665	0.0	0.0	0.0	0.0	0.0	0.0
770	2577.1666666666665	0.0	0.0	0.0	0.0	0.0	0.0
780	2649.6666666666665	0.0	0.0	0.0	0.0	0.0	0.0
790	2637.3333333333335	0.0	0.0	0.0	0.0	0.0	0.0
800	2743.6666666666665	0.0	0.0	0.0	0.0	0.0	0.0
810	2739.0	0.0	0.0	0.0	0.0	0.0	0.0
820	2110.0	0.0	0.0	0.0	0.0	0.0	0.0
830	2245.3333333333335	0.0	0.0	0.0	0.0	0.0	0.0
840	2536.3333333333335	0.0	0.0	0.0	0.0	0.0	0.0
850	1842.0	0.0	0.0	0.0	0.0	0.0	0.0
860	2739.0	0.0	0.0	0.0	0.0	0.0	0.0
870	2874.0	0.0	0.0	0.0	0.0	0.0	0.0
880	2632.3333333333335	0.0	0.0	0.0	0.0	0.0	0.0
890	2924.8333333333335	0.0	0.0	0.0	0.0	0.0	0.0
900	2455.1666666666665	0.0	0.0	0.0	0.0	0.0	0.0
910	2524.0	0.0	0.0	0.0	0.0	0.0	0.0
920	2624.6666666666665	0.0	0.0	0.0	0.0	0.0	0.0
930	2604.6666666666665	0.0	0.0	0.0	0.0	0.0	0.0
940	2497.5	0.0	0.0	0.0	0.0	0.0	0.0
950	2686.8333333333335	0.0	0.0	0.0	0.0	0.0	0.0
960	2766.8333333333335	0.0	0.0	0.0	0.0	0.0	0.0
970	2712.0	0.0	0.0	0.0	0.0	0.0	0.0
980	2904.6666666666665	0.0	0.0	0.0	0.0	0.0	0.0
990	2632.8333333333335	0.0	0.0	0.0	0.0	0.0	0.0
1000	2412.0	0.0	0.0	0.0	0.0	0.0	0.0
