0	261.3333333333333	0.0	0.0	0.0	0.0	0.0	0.0
10	70.0	19.0	28.0	2.0	18.0	1.0	1.0
20	70.0	0.0	24.0	0.0	0.0	0.0	0.0
30	70.0	24.0	49.0	0.0	24.0	0.0	0.0
40	70.0	0.0	0.0	0.0	0.0	0.0	0.0
50	70.0	0.0	11.0	0.0	0.0	0.0	0.0
60	70.0	0.0	20.0	3.0	0.0	3.0	0.0
70	70.0	0.0	6.0	0.0	0.0	0.0	0.0
80	70.0	0.0	0.0	0.0	0.0	0.0	0.0
90	70.0	0.0	17.0	0.0	0.0	0.0	0.0
100	70.0	0.0	21.0	0.0	0.0	0.0	0.0
110	70.0	0.0	0.0	0.0	0.0	0.0	0.0
120	70.0	0.0	0.0	0.0	0.0	0.0	0.0
130	70.0	0.0	1.0	0.0	0.0	0.0	0.0
140	70.0	41.0	80.0	14.0	29.0	2.0	12.0
150	70.0	0.0	3.0	0.0	0.0	0.0	0.0
160	70.0	24.0	33.0	0.0	24.0	0.0	0.0
170	70.0	25.0	73.0	5.0	21.0	1.0	4.0
180	70.0	0.0	10.0	1.0	0.0	1.0	0.0
190	71.33333333333333	0.0	17.0	0.0	0.0	0.0	0.0
200	70.33333333333333	0.0	3.0	0.0	0.0	0.0	0.0
210	71.66666666666667	0.0	11.0	0.0	0.0	0.0	0.0
220	72.33333333333333	40.0	83.0	23.0	18.0	1.0	22.0
230	75.33333333333333	0.0	11.0	0.0	0.0	0.0	0.0
240	72.0	30.0	74.0	16.0	15.0	1.0	15.0
250	76.0	0.0	23.0	0.0	0.0	0.0	0.0
260	184.66666666666666	30.0	114.0	14.0	20.0	4.0	10.0
270	171.66666666666666	34.0	85.0	22.0	13.0	1.0	21.0
280	249.33333333333334	8.0	112.0	9.0	2.0	3.0	6.0
290	139.66666666666666	32.0	368.0	50.0	5.0	22.0	27.0
300	128.66666666666666	2.0	140.0	2.0	2.0	2.0	0.0
310	130.33333333333334	6.0	90.0	12.0	0.0	6.0	6.0
320	138.0	0.0	38.0	1.0	0.0	1.0	0.0
330	162.0	40.0	158.0	46.0	1.0	6.0	39.0
340	153.33333333333334	31.0	214.0	38.0	4.0	10.0	27.0
350	233.33333333333334	27.0	86.0	29.0	0.0	2.0	27.0
360	229.0	28.0	94.0	31.0	0.0	3.0	28.0
370	571.6666666666666	14.0	130.0	19.0	0.0	5.0	14.0
380	857.3333333333334	8.0	341.0	9.0	2.0	3.0	6.0
390	539.3333333333334	52.0	217.0	56.0	5.0	8.0	47.0
400	724.0	17.0	124.0	15.0	3.0	1.0	14.0
410	653.6666666666666	28.0	455.0	34.0	1.0	7.0	27.0
420	1045.0	17.0	244.0	23.0	0.0	6.0	17.0
430	1046.0	31.0	292.0	39.0	1.0	9.0	30.0
440	1279.0	68.0	408.0	74.0	6.0	12.0	62.0
450	1601.3333333333333	28.0	275.0	35.0	1.0	8.0	27.0
460	1651.6666666666667	45.0	550.0	57.0	7.0	18.0	38.0
470	1626.6666666666667	5.0	459.0	10.0	5.0	9.0	0.0
480	2159.1666666666665	26.0	519.0	39.0	2.0	15.0	24.0
490	2068.3333333333335	23.0	755.0	31.0	9.0	17.0	14.0
500	1760.0	51.0	648.0	63.0	6.0	17.0	45.0
510	2113.6666666666665	8.0	634.0	25.0	0.0	17.0	8.0
520	1785.0	113.0	998.0	130.0	6.0	23.0	107.0
530	2053.3333333333335	25.0	520.0	33.0	5.0	12.0	20.0
540	2366.3333333333335	0.0	0.0	0.0	0.0	0.0	0.0
550	2282.6666666666665	0.0	0.0	0.0	0.0	0.0	0.0
560	2099.3333333333335	0.0	0.0	0.0	0.0	0.0	0.0
570	2399.0	0.0	0.0	0.0	0.0	0.0	0.0
580	2261.0	0.0	0.0	0.0	0.0	0.0	0.0
590	2353.5	0.0	0.0	0.0	0.0	0.0	0.0
600	1808.3333333333333	0.0	0.0	0.0	0.0	0.0	0.0
610	2356.0	0.0	0.0	0.0	0.0	0.0	0.0
620	2310.6666666666665	0.0	0.0	0.0	0.0	0.0	0.0
630	2113.6666666666665	0.0	0.0	0.0	0.0	0.0	0.0
640	2400.1666666666665	0.0	0.0	0.0	0.0	0.0	0.0
650	2515.3333333333335	0.0	0.0	0.0	0.0	0.0	0.0
660	2345.8333333333335	0.0	0.0	0.0	0.0	0.0	0.0
670	2419.5	0.0	0.0	0.0	0.0	0.0	0.0
680	2492.5	0.0	0.0	0.0	0.0	0.0	0.0
690	2624.6666666666665	0.0	0.0	0.0	0.0	0.0	0.0
700	2319.3333333333335	0.0	0.0	0.0	0.0	0.0	0.0
710	2480.0	0.0	0.0	0.0	0.0	0.0	0.0
720	2696.8333333333335	0.0	0.0	0.0	0.0	0.0	0.0
730	2839.1666666666665	0.0	0.0	0.0	0.0	0.0	0.0
740	2497.3333333333335	0.0	0.0	0.0	0.0	0.0	0.0
750	2748.0	0.0	0.0	0.0	0.0	0.0	0.0
760	2661.6666666666665	0.0	0.0	0.0	0.0	0.0	0.0
770	2576.8333333333335	0.0	0.0	0.0	0.0	0.0	0.0
780	2621.8333333333335	0.0	0.0	0.0	0.0	0.0	0.0
790	2435.0	0.0	0.0	0.0	0.0	0.0	0.0
800	2687.0	0.0	0.0	0.0	0.0	0.0	0.0
810	2440.0	0.0	0.0	0.0	0.0	0.0	0.0
820	2682.3333333333335	0.0	0.0	0.0	0.0	0.0	0.0
830	2298.6666666666665	0.0	0.0	0.0	0.0	0.0	0.0
840	2214.0	0.0	0.0	0.0	0.0	0.0	0.0
850	2264.3333333333335	0.0	0.0	0.0	0.0	0.0	0.0
860	2644.3333333333335	0.0	0.0	0.0	0.0	0.0	0.0
870	2436.6666666666665	0.0	0.0	0.0	0.0	0.0	0.0
880	2863.0	0.0	0.0	0.0	0.0	0.0	0.0
890	2507.6666666666665	0.0	0.0	0.0	0.0	0.0	0.0
900	2268.3333333333335	0.0	0.0	0.0	0.0	0.0	0.0
910	2768.1666666666665	0.0	0.0	0.0	0.0	0.0	0.0
920	2546.5	0.0	0.0	0.0	0.0	0.0	0.0
930	2388.6666666666665	0.0	0.0	0.0	0.0	0.0	0.0
940	2392.1666666666665	0.0	0.0	0.0	0.0	0.0	0.0
950	2634.6666666666665	0.0	0.0	0.0	0.0	0.0	0.0
960	2498.8333333333335	0.0	0.0	0.0	0.0	0.0	0.0
970	2592.3333333333335	0.0	0.0	0.0	0.0	0.0	0.0
980	2143.3333333333335	0.0	0.0	0.0	0.0	0.0	0.0
990	2615.8333333333335	0.0	0.0	0.0	0.0	0.0	0.0
1000	2240.6666666666665	0.0	0.0	0.0	0.0	0.0	0.0
