0	287.3333333333333	0.0
10	1947.6666666666667	586.0
20	1875.0	414.0
30	1835.1666666666667	0.0
40	1953.3333333333333	0.0
50	1898.1666666666667	0.0
60	1891.8333333333333	0.0
70	2054.3333333333335	0.0
80	2115.6666666666665	0.0
90	2014.8333333333333	0.0
100	2323.0	0.0
110	2265.3333333333335	0.0
120	2410.5	0.0
130	2307.5	0.0
140	2384.0	0.0
150	2257.3333333333335	0.0
160	2388.3333333333335	0.0
170	2378.1666666666665	0.0
180	2394.8333333333335	0.0
190	2312.3333333333335	0.0
200	2413.3333333333335	0.0
210	2368.1666666666665	0.0
220	2560.3333333333335	0.0
230	2631.1666666666665	0.0
240	2612.0	0.0
250	2634.5	0.0
260	2480.0	0.0
270	2579.3333333333335	0.0
280	2454.8333333333335	0.0
290	2787.8333333333335	0.0
300	2759.1666666666665	0.0
310	2668.8333333333335	0.0
320	2792.1666666666665	0.0
330	2588.6666666666665	0.0
340	2541.8333333333335	0.0
350	2793.1666666666665	0.0
360	2575.1666666666665	0.0
370	2742.1666666666665	0.0
380	2715.0	0.0
390	2649.8333333333335	0.0
400	2769.0	0.0
410	2874.0	0.0
420	2469.0	0.0
430	2713.1666666666665	0.0
440	2834.0	0.0
450	2851.5	0.0
460	2780.5	0.0
470	2340.5	0.0
480	2554.3333333333335	0.0
490	3007.3333333333335	0.0
500	2634.1666666666665	0.0
510	2715.8333333333335	0.0
520	2882.6666666666665	0.0
530	2883.1666666666665	0.0
540	2793.6666666666665	0.0
550	2834.5	0.0
560	2729.3333333333335	0.0
570	2644.1666666666665	0.0
580	2878.0	0.0
590	2860.0	0.0
600	2841.5	0.0
610	2800.8333333333335	0.0
620	2736.0	0.0
630	2838.3333333333335	0.0
640	3093.6666666666665	0.0
650	2791.3333333333335	0.0
660	2823.0	0.0
670	2992.3333333333335	0.0
680	2821.5	0.0
690	2881.3333333333335	0.0
700	3129.0	0.0
710	2989.8333333333335	0.0
720	3009.8333333333335	0.0
730	3141.0	0.0
740	2792.5	0.0
750	2858.0	0.0
760	2910.6666666666665	0.0
770	2790.8333333333335	0.0
780	3003.0	0.0
790	2951.1666666666665	0.0
800	3148.6666666666665	0.0
810	3126.3333333333335	0.0
820	2837.0	0.0
830	3349.6666666666665	0.0
840	2892.6666666666665	0.0
850	3290.6666666666665	0.0
860	3123.5	0.0
870	2797.8333333333335	0.0
880	3214.5	0.0
890	3371.0	0.0
900	3117.3333333333335	0.0
910	2820.6666666666665	0.0
920	2899.3333333333335	0.0
930	3023.5	0.0
940	2979.1666666666665	0.0
950	3245.1666666666665	0.0
960	3111.1666666666665	0.0
970	3126.6666666666665	0.0
980	3156.0	0.0
990	3292.5	0.0
1000	2988.0	0.0
