0	239.66666666666666	0.0
10	1717.8333333333333	366.0
20	1897.0	497.0
30	1872.3333333333333	137.0
40	1963.8333333333333	0.0
50	1917.8333333333333	0.0
60	1805.5	0.0
70	1811.3333333333333	0.0
80	2034.1666666666667	0.0
90	2168.5	0.0
100	2180.8333333333335	0.0
110	2217.0	0.0
120	1909.0	0.0
130	2178.8333333333335	0.0
140	2293.3333333333335	0.0
150	2323.0	0.0
160	2460.0	0.0
170	2473.6666666666665	0.0
180	2280.8333333333335	0.0
190	2523.3333333333335	0.0
200	2283.8333333333335	0.0
210	2310.6666666666665	0.0
220	2485.6666666666665	0.0
230	2487.1666666666665	0.0
240	2494.5	0.0
250	2200.0	0.0
260	2563.0	0.0
270	2443.5	0.0
280	2340.6666666666665	0.0
290	2551.6666666666665	0.0
300	2507.3333333333335	0.0
310	2819.3333333333335	0.0
320	2617.8333333333335	0.0
330	2466.3333333333335	0.0
340	2784.3333333333335	0.0
350	2348.3333333333335	0.0
360	2697.1666666666665	0.0
370	2771.8333333333335	0.0
380	2445.5	0.0
390	2620.1666666666665	0.0
400	2565.3333333333335	0.0
410	2636.8333333333335	0.0
420	2708.6666666666665	0.0
430	2921.6666666666665	0.0
440	2735.6666666666665	0.0
450	2848.1666666666665	0.0
460	2859.1666666666665	0.0
470	3148.6666666666665	0.0
480	2614.3333333333335	0.0
490	2978.5	0.0
500	2879.0	0.0
510	2472.0	0.0
520	2950.5	0.0
530	3019.3333333333335	0.0
540	2872.3333333333335	0.0
550	2738.0	0.0
560	2935.3333333333335	0.0
570	2578.3333333333335	0.0
580	2787.1666666666665	0.0
590	2769.5	0.0
600	3124.8333333333335	0.0
610	2999.8333333333335	0.0
620	2930.8333333333335	0.0
630	2669.0	0.0
640	2779.8333333333335	0.0
650	2978.0	0.0
660	3313.1666666666665	0.0
670	3002.6666666666665	0.0
680	3077.0	0.0
690	2722.1666666666665	0.0
700	2870.8333333333335	0.0
710	2883.3333333333335	0.0
720	2883.3333333333335	0.0
730	2833.6666666666665	0.0
740	3072.1666666666665	0.0
750	3051.1666666666665	0.0
760	3123.3333333333335	0.0
770	3293.5	0.0
780	3075.1666666666665	0.0
790	3245.8333333333335	0.0
800	3059.1666666666665	0.0
810	3021.8333333333335	0.0
820	2999.1666666666665	0.0
830	3304.3333333333335	0.0
840	3068.1666666666665	0.0
850	3063.8333333333335	0.0
860	3267.1666666666665	0.0
870	3214.1666666666665	0.0
880	2945.6666666666665	0.0
890	2933.3333333333335	0.0
900	3221.0	0.0
910	2807.5	0.0
920	3247.3333333333335	0.0
930	3165.3333333333335	0.0
940	3023.6666666666665	0.0
950	3232.1666666666665	0.0
960	2995.1666666666665	0.0
970	3039.5	0.0
980	3289.8333333333335	0.0
990	3506.3333333333335	0.0
1000	3237.8333333333335	0.0
