0	290.6666666666667	0.0
10	1911.8333333333333	554.0
20	1863.3333333333333	446.0
30	1819.5	0.0
40	1803.6666666666667	0.0
50	1930.5	0.0
60	2080.0	0.0
70	2166.5	0.0
80	1978.6666666666667	0.0
90	2135.5	0.0
100	2135.1666666666665	0.0
110	2203.1666666666665	0.0
120	2279.3333333333335	0.0
130	2246.3333333333335	0.0
140	2145.6666666666665	0.0
150	2435.8333333333335	0.0
160	2233.3333333333335	0.0
170	2556.6666666666665	0.0
180	2490.0	0.0
190	2654.3333333333335	0.0
200	2274.8333333333335	0.0
210	2387.0	0.0
220	2480.6666666666665	0.0
230	2420.5	0.0
240	2144.3333333333335	0.0
250	2623.6666666666665	0.0
260	2396.3333333333335	0.0
270	2491.3333333333335	0.0
280	2666.8333333333335	0.0
290	2600.6666666666665	0.0
300	2401.5	0.0
310	2416.0	0.0
320	2651.0	0.0
330	2600.3333333333335	0.0
340	2616.6666666666665	0.0
350	2579.3333333333335	0.0
360	2594.5	0.0
370	2747.3333333333335	0.0
380	2783.1666666666665	0.0
390	2617.0	0.0
400	2555.5	0.0
410	2685.3333333333335	0.0
420	2442.3333333333335	0.0
430	2858.5	0.0
440	2725.0	0.0
450	2773.6666666666665	0.0
460	2750.3333333333335	0.0
470	2856.1666666666665	0.0
480	2749.8333333333335	0.0
490	2418.1666666666665	0.0
500	2473.1666666666665	0.0
510	3087.6666666666665	0.0
520	2792.0	0.0
530	3010.3333333333335	0.0
540	2782.1666666666665	0.0
550	2906.6666666666665	0.0
560	2707.1666666666665	0.0
570	2913.6666666666665	0.0
580	2893.6666666666665	0.0
590	2888.3333333333335	0.0
600	2865.6666666666665	0.0
610	3015.5	0.0
620	2910.3333333333335	0.0
630	2683.6666666666665	0.0
640	2765.3333333333335	0.0
650	2543.1666666666665	0.0
660	2820.8333333333335	0.0
670	3083.0	0.0
680	3144.3333333333335	0.0
690	2890.0	0.0
700	3174.8333333333335	0.0
710	3160.8333333333335	0.0
720	2880.8333333333335	0.0
730	2937.6666666666665	0.0
740	3026.5	0.0
750	2640.3333333333335	0.0
760	3169.6666666666665	0.0
770	3169.3333333333335	0.0
780	3300.5	0.0
790	3028.0	0.0
800	2982.3333333333335	0.0
810	3132.1666666666665	0.0
820	3108.6666666666665	0.0
830	3240.1666666666665	0.0
840	3204.6666666666665	0.0
850	3134.5	0.0
860	3194.1666666666665	0.0
870	3122.1666666666665	0.0
880	2964.6666666666665	0.0
890	2845.3333333333335	0.0
900	3187.5	0.0
910	2925.0	0.0
920	3302.8333333333335	0.0
930	2896.1666666666665	0.0
940	3078.3333333333335	0.0
950	3071.6666666666665	0.0
960	3136.8333333333335	0.0
970	3403.6666666666665	0.0
980	3275.3333333333335	0.0
990	3347.8333333333335	0.0
1000	3255.5	0.0
