0	236.0	0.0
10	1980.0	372.0
20	2115.5	628.0
30	1968.0	0.0
40	1891.6666666666667	0.0
50	2052.6666666666665	0.0
60	2247.1666666666665	0.0
70	2053.0	0.0
80	2176.3333333333335	0.0
90	2202.1666666666665	0.0
100	2361.3333333333335	0.0
110	2209.5	0.0
120	1931.6666666666667	0.0
130	2104.0	0.0
140	2228.5	0.0
150	2488.6666666666665	0.0
160	2356.1666666666665	0.0
170	2308.1666666666665	0.0
180	2471.3333333333335	0.0
190	2498.1666666666665	0.0
200	2527.3333333333335	0.0
210	2534.3333333333335	0.0
220	2436.6666666666665	0.0
230	2375.3333333333335	0.0
240	2613.1666666666665	0.0
250	2586.5	0.0
260	2468.1666666666665	0.0
270	2260.3333333333335	0.0
280	2549.3333333333335	0.0
290	2330.8333333333335	0.0
300	2521.6666666666665	0.0
310	2641.8333333333335	0.0
320	2627.0	0.0
330	2529.8333333333335	0.0
340	2588.5	0.0
350	2733.3333333333335	0.0
360	2453.1666666666665	0.0
370	2318.5	0.0
380	2566.5	0.0
390	2497.1666666666665	0.0
400	2742.0	0.0
410	2625.3333333333335	0.0
420	2605.8333333333335	0.0
430	2794.5	0.0
440	2469.6666666666665	0.0
450	2553.5	0.0
460	2756.3333333333335	0.0
470	2633.5	0.0
480	2628.6666666666665	0.0
490	2682.8333333333335	0.0
500	2920.8333333333335	0.0
510	2580.1666666666665	0.0
520	2571.5	0.0
530	2943.3333333333335	0.0
540	2728.6666666666665	0.0
550	2605.0	0.0
560	3036.1666666666665	0.0
570	2562.8333333333335	0.0
580	2715.1666666666665	0.0
590	2773.5	0.0
600	2578.0	0.0
610	2582.5	0.0
620	2478.3333333333335	0.0
630	2707.5	0.0
640	2969.5	0.0
650	2853.0	0.0
660	2887.6666666666665	0.0
670	2944.6666666666665	0.0
680	3008.0	0.0
690	2659.1666666666665	0.0
700	2914.0	0.0
710	2950.8333333333335	0.0
720	2751.5	0.0
730	2782.1666666666665	0.0
740	2742.8333333333335	0.0
750	2806.0	0.0
760	3024.8333333333335	0.0
770	3047.5	0.0
780	2924.1666666666665	0.0
790	2949.6666666666665	0.0
800	2834.0	0.0
810	2744.3333333333335	0.0
820	3096.3333333333335	0.0
830	3026.8333333333335	0.0
840	3336.0	0.0
850	3055.5	0.0
860	3056.3333333333335	0.0
870	3217.1666666666665	0.0
880	3082.0	0.0
890	3199.1666666666665	0.0
900	3028.3333333333335	0.0
910	2988.6666666666665	0.0
920	2973.1666666666665	0.0
930	2936.3333333333335	0.0
940	3213.5	0.0
950	3000.6666666666665	0.0
960	3143.8333333333335	0.0
970	3035.8333333333335	0.0
980	2951.8333333333335	0.0
990	3350.8333333333335	0.0
1000	3107.1666666666665	0.0
