0	263.03333333333336	0.0
10	1950.1055555555554	235.3
20	1966.6555555555553	190.9
30	2083.883333333333	205.76666666666668
40	2115.4555555555557	197.63333333333333
50	2257.5944444444444	112.43333333333334
60	2403.9666666666662	34.833333333333336
70	2424.805555555555	16.1
80	2471.255555555555	7.033333333333333
90	2528.0666666666666	0.0
100	2561.088888888889	0.0
110	2546.1166666666663	0.0
120	2633.6333333333337	0.0
130	2583.083333333333	0.0
140	2618.144444444444	0.0
150	2678.8111111111116	0.0
160	2777.9000000000005	0.0
170	2802.338888888889	0.0
180	2747.7055555555553	0.0
190	2761.144444444444	0.0
200	2839.9999999999995	0.0
210	3016.1222222222223	0.0
220	3020.777777777778	0.0
230	2998.005555555556	0.0
240	3086.1055555555554	0.0
250	3199.072222222222	0.0
260	3199.9555555555553	0.0
270	3194.2555555555564	0.0
280	3256.988888888889	0.0
290	3259.7833333333338	0.0
300	3326.5833333333335	0.0
310	3377.0888888888885	0.0
320	3364.3833333333328	0.0
330	3373.9666666666667	0.0
340	3351.2888888888892	0.0
350	3428.2833333333338	0.0
360	3448.8444444444444	0.0
370	3444.027777777778	0.0
380	3553.855555555556	0.0
390	3548.2833333333338	0.0
400	3534.5333333333333	0.0
410	3515.3833333333328	0.0
420	3539.3277777777776	0.0
430	3582.7277777777786	0.0
440	3599.5555555555557	0.0
450	3493.05	0.0
460	3556.816666666667	0.0
470	3416.461111111111	0.0
480	3573.5722222222225	0.0
490	3602.044444444444	0.0
500	3672.15	0.0
510	3702.877777777778	0.0
520	3672.7999999999997	0.0
530	3740.6388888888896	0.0
540	3690.933333333334	0.0
550	3631.1944444444453	0.0
560	3630.4499999999994	0.0
570	3695.8277777777766	0.0
580	3679.300000000001	0.0
590	3661.777777777777	0.0
600	3731.344444444445	0.0
610	3722.8944444444433	0.0
620	3778.755555555556	0.0
630	3649.788888888888	0.0
640	3627.616666666667	0.0
650	3726.472222222222	0.0
660	3685.805555555555	0.0
670	3707.1277777777773	0.0
680	3727.088888888889	0.0
690	3791.838888888888	0.0
700	3725.338888888889	0.0
710	3737.644444444445	0.0
720	3754.288888888889	0.0
730	3782.11111111111	0.0
740	3759.916666666666	0.0
750	3760.1277777777777	0.0
760	3790.166666666666	0.0
770	3737.9666666666667	0.0
780	3731.8444444444444	0.0
790	3804.0722222222225	0.0
800	3734.0611111111116	0.0
810	3740.700000000001	0.0
820	3777.944444444445	0.0
830	3765.6222222222223	0.0
840	3731.4555555555557	0.0
850	3736.0666666666666	0.0
860	3753.4444444444453	0.0
870	3767.8	0.0
880	3782.1388888888887	0.0
890	3811.6944444444443	0.0
900	3673.8444444444435	0.0
910	3786.4611111111108	0.0
920	3737.5777777777776	0.0
930	3732.555555555556	0.0
940	3860.5333333333333	0.0
950	3821.6222222222223	0.0
960	3800.8388888888894	0.0
970	3772.994444444444	0.0
980	3802.9	0.0
990	3829.3166666666666	0.0
1000	3807.222222222223	0.0
