0	255.66666666666666	0.0
10	1778.6666666666667	441.0
20	1926.3333333333333	254.0
30	1914.0	110.0
40	2022.5	118.0
50	2216.0	77.0
60	2435.3333333333335	0.0
70	2474.6666666666665	0.0
80	2542.8333333333335	0.0
90	2244.8333333333335	0.0
100	2424.3333333333335	0.0
110	2174.0	0.0
120	2720.1666666666665	0.0
130	2787.0	0.0
140	2696.6666666666665	0.0
150	3039.8333333333335	0.0
160	2445.0	0.0
170	2609.6666666666665	0.0
180	2571.3333333333335	0.0
190	2421.1666666666665	0.0
200	2487.3333333333335	0.0
210	2605.0	0.0
220	2449.3333333333335	0.0
230	2726.0	0.0
240	2747.6666666666665	0.0
250	2910.8333333333335	0.0
260	2908.0	0.0
270	3122.8333333333335	0.0
280	2988.1666666666665	0.0
290	2825.8333333333335	0.0
300	2585.0	0.0
310	3372.3333333333335	0.0
320	3238.1666666666665	0.0
330	3439.1666666666665	0.0
340	3020.3333333333335	0.0
350	3149.1666666666665	0.0
360	3541.1666666666665	0.0
370	3467.5	0.0
380	3431.6666666666665	0.0
390	3898.3333333333335	0.0
400	3402.1666666666665	0.0
410	3342.0	0.0
420	3232.0	0.0
430	3413.5	0.0
440	3591.6666666666665	0.0
450	3074.0	0.0
460	3324.0	0.0
470	3158.6666666666665	0.0
480	3385.1666666666665	0.0
490	3979.1666666666665	0.0
500	3598.3333333333335	0.0
510	3706.1666666666665	0.0
520	3496.1666666666665	0.0
530	3601.5	0.0
540	4008.3333333333335	0.0
550	3606.8333333333335	0.0
560	3759.8333333333335	0.0
570	3398.5	0.0
580	3944.5	0.0
590	3467.8333333333335	0.0
600	3781.6666666666665	0.0
610	3800.0	0.0
620	3716.8333333333335	0.0
630	3411.1666666666665	0.0
640	2909.3333333333335	0.0
650	3781.0	0.0
660	3852.5	0.0
670	3746.3333333333335	0.0
680	3678.0	0.0
690	4252.0	0.0
700	3816.1666666666665	0.0
710	3972.3333333333335	0.0
720	3608.0	0.0
730	3963.6666666666665	0.0
740	3934.0	0.0
750	3833.0	0.0
760	3850.0	0.0
770	3396.0	0.0
780	3849.0	0.0
790	3540.0	0.0
800	3879.0	0.0
810	3744.0	0.0
820	3757.1666666666665	0.0
830	3552.0	0.0
840	3635.8333333333335	0.0
850	3980.1666666666665	0.0
860	3734.6666666666665	0.0
870	3614.3333333333335	0.0
880	4181.333333333333	0.0
890	3781.8333333333335	0.0
900	3744.0	0.0
910	4331.0	0.0
920	3543.3333333333335	0.0
930	3843.8333333333335	0.0
940	3811.5	0.0
950	3875.6666666666665	0.0
960	4143.833333333333	0.0
970	3987.6666666666665	0.0
980	3673.3333333333335	0.0
990	3755.5	0.0
1000	3969.3333333333335	0.0
