0	241.33333333333334	0.0
10	1924.3333333333333	308.0
20	2002.6666666666667	86.0
30	1730.0	262.0
40	1984.1666666666667	248.0
50	2495.1666666666665	96.0
60	2658.0	0.0
70	2712.1666666666665	0.0
80	2499.1666666666665	0.0
90	2460.1666666666665	0.0
100	2637.3333333333335	0.0
110	2562.0	0.0
120	2404.3333333333335	0.0
130	2137.6666666666665	0.0
140	2842.5	0.0
150	2499.8333333333335	0.0
160	2931.0	0.0
170	2782.3333333333335	0.0
180	3119.3333333333335	0.0
190	3166.3333333333335	0.0
200	3702.1666666666665	0.0
210	3433.3333333333335	0.0
220	3071.3333333333335	0.0
230	3379.8333333333335	0.0
240	3454.0	0.0
250	3052.1666666666665	0.0
260	2911.0	0.0
270	3360.0	0.0
280	3180.6666666666665	0.0
290	3365.5	0.0
300	3608.1666666666665	0.0
310	3778.3333333333335	0.0
320	3539.3333333333335	0.0
330	3540.6666666666665	0.0
340	3178.8333333333335	0.0
350	3448.8333333333335	0.0
360	3429.0	0.0
370	3685.1666666666665	0.0
380	3678.5	0.0
390	3672.3333333333335	0.0
400	3516.1666666666665	0.0
410	2993.5	0.0
420	3378.3333333333335	0.0
430	3653.0	0.0
440	3798.8333333333335	0.0
450	3113.5	0.0
460	3444.6666666666665	0.0
470	3332.8333333333335	0.0
480	3353.8333333333335	0.0
490	2855.8333333333335	0.0
500	3564.3333333333335	0.0
510	3453.0	0.0
520	3984.3333333333335	0.0
530	3328.0	0.0
540	3490.0	0.0
550	3763.1666666666665	0.0
560	3918.5	0.0
570	3785.1666666666665	0.0
580	3699.3333333333335	0.0
590	3766.8333333333335	0.0
600	3598.5	0.0
610	3879.1666666666665	0.0
620	3682.5	0.0
630	3564.1666666666665	0.0
640	3168.1666666666665	0.0
650	3696.8333333333335	0.0
660	3695.6666666666665	0.0
670	3558.6666666666665	0.0
680	3939.6666666666665	0.0
690	3775.5	0.0
700	3777.0	0.0
710	3701.3333333333335	0.0
720	3633.0	0.0
730	3538.6666666666665	0.0
740	3212.0	0.0
750	3642.1666666666665	0.0
760	3625.8333333333335	0.0
770	3601.1666666666665	0.0
780	3710.5	0.0
790	3605.0	0.0
800	3832.6666666666665	0.0
810	3868.0	0.0
820	4024.6666666666665	0.0
830	3551.5	0.0
840	3637.6666666666665	0.0
850	3642.0	0.0
860	3617.0	0.0
870	3829.1666666666665	0.0
880	3936.3333333333335	0.0
890	3893.1666666666665	0.0
900	3876.1666666666665	0.0
910	3783.0	0.0
920	3890.0	0.0
930	3570.6666666666665	0.0
940	3739.1666666666665	0.0
950	3944.1666666666665	0.0
960	3707.0	0.0
970	3608.0	0.0
980	4064.1666666666665	0.0
990	3909.5	0.0
1000	3976.5	0.0
