0	248.66666666666666	0.0
10	1661.8333333333333	230.0
20	1735.3333333333333	222.0
30	2344.0	274.0
40	1761.5	97.0
50	2216.8333333333335	128.0
60	2148.0	49.0
70	2442.1666666666665	0.0
80	2158.3333333333335	0.0
90	2661.8333333333335	0.0
100	2153.1666666666665	0.0
110	2730.8333333333335	0.0
120	2475.1666666666665	0.0
130	2474.5	0.0
140	2315.0	0.0
150	3202.5	0.0
160	2603.5	0.0
170	3125.0	0.0
180	3107.5	0.0
190	3076.6666666666665	0.0
200	3167.5	0.0
210	3479.8333333333335	0.0
220	3186.6666666666665	0.0
230	3449.8333333333335	0.0
240	2958.1666666666665	0.0
250	2954.5	0.0
260	2992.5	0.0
270	3034.3333333333335	0.0
280	3960.0	0.0
290	3813.8333333333335	0.0
300	3239.8333333333335	0.0
310	3160.5	0.0
320	3457.6666666666665	0.0
330	3555.6666666666665	0.0
340	3673.6666666666665	0.0
350	3297.0	0.0
360	3693.1666666666665	0.0
370	3629.6666666666665	0.0
380	3812.8333333333335	0.0
390	3810.6666666666665	0.0
400	3385.1666666666665	0.0
410	3733.5	0.0
420	3599.6666666666665	0.0
430	3490.6666666666665	0.0
440	3679.6666666666665	0.0
450	3597.5	0.0
460	3609.8333333333335	0.0
470	3199.5	0.0
480	3785.6666666666665	0.0
490	3810.1666666666665	0.0
500	3957.6666666666665	0.0
510	3764.1666666666665	0.0
520	4063.3333333333335	0.0
530	3121.3333333333335	0.0
540	3554.3333333333335	0.0
550	3744.6666666666665	0.0
560	3451.5	0.0
570	3786.3333333333335	0.0
580	3907.5	0.0
590	3808.5	0.0
600	3672.6666666666665	0.0
610	3935.5	0.0
620	3963.1666666666665	0.0
630	3918.0	0.0
640	3756.6666666666665	0.0
650	3888.5	0.0
660	3842.8333333333335	0.0
670	4060.3333333333335	0.0
680	3878.6666666666665	0.0
690	3872.5	0.0
700	3881.3333333333335	0.0
710	3985.6666666666665	0.0
720	3734.1666666666665	0.0
730	3947.1666666666665	0.0
740	3788.1666666666665	0.0
750	3591.8333333333335	0.0
760	3815.3333333333335	0.0
770	3715.8333333333335	0.0
780	3890.1666666666665	0.0
790	3711.0	0.0
800	3670.0	0.0
810	3825.8333333333335	0.0
820	3951.6666666666665	0.0
830	3686.6666666666665	0.0
840	3889.3333333333335	0.0
850	3789.6666666666665	0.0
860	3497.0	0.0
870	3802.5	0.0
880	3662.3333333333335	0.0
890	3823.8333333333335	0.0
900	3678.1666666666665	0.0
910	3703.0	0.0
920	4086.1666666666665	0.0
930	3701.6666666666665	0.0
940	4088.6666666666665	0.0
950	3985.6666666666665	0.0
960	3681.3333333333335	0.0
970	3956.0	0.0
980	3717.5	0.0
990	3269.5	0.0
1000	3776.0	0.0
