0	245.0	0.0
10	70.0	0.0
20	70.0	0.0
30	70.0	0.0
40	70.0	0.0
50	70.0	0.0
60	70.0	0.0
70	70.0	0.0
80	70.0	0.0
90	71.66666666666667	0.0
100	79.0	0.0
110	73.0	0.0
120	177.33333333333334	0.0
130	107.0	0.0
140	311.3333333333333	0.0
150	77.0	0.0
160	191.0	0.0
170	408.0	0.0
180	487.3333333333333	0.0
190	574.3333333333334	0.0
200	387.0	0.0
210	404.0	0.0
220	193.33333333333334	0.0
230	348.3333333333333	0.0
240	298.3333333333333	0.0
250	344.6666666666667	0.0
260	386.3333333333333	7.0
270	360.3333333333333	0.0
280	370.3333333333333	0.0
290	817.6666666666666	0.0
300	875.0	0.0
310	654.0	0.0
320	1884.1666666666667	0.0
330	2148.1666666666665	0.0
340	2657.8333333333335	2.0
350	2180.5	0.0
360	2021.0	0.0
370	2446.0	1.0
380	2474.6666666666665	0.0
390	1682.3333333333333	2.0
400	1889.0	7.0
410	2484.8333333333335	0.0
420	2491.3333333333335	0.0
430	2461.8333333333335	5.0
440	2517.3333333333335	4.0
450	1767.0	1.0
460	2573.0	0.0
470	2299.0	2.0
480	2405.0	3.0
490	2119.6666666666665	0.0
500	1970.0	1.0
510	2302.6666666666665	0.0
520	2322.1666666666665	1.0
530	2220.1666666666665	0.0
540	2661.1666666666665	2.0
550	2240.6666666666665	1.0
560	2335.8333333333335	0.0
570	2462.0	0.0
580	2489.0	0.0
590	2548.3333333333335	0.0
600	2397.6666666666665	2.0
610	2552.6666666666665	0.0
620	2165.6666666666665	0.0
630	1640.5	0.0
640	2026.1666666666667	5.0
650	1873.3333333333333	0.0
660	2283.8333333333335	0.0
670	2046.8333333333333	1.0
680	2149.0	3.0
690	1950.0	0.0
700	2275.1666666666665	0.0
710	1724.6666666666667	2.0
720	2473.0	1.0
730	2483.0	0.0
740	2308.6666666666665	0.0
750	2547.1666666666665	2.0
760	2685.8333333333335	0.0
770	2552.1666666666665	3.0
780	2457.0	0.0
790	2292.6666666666665	0.0
800	2397.1666666666665	1.0
810	2197.3333333333335	2.0
820	2586.6666666666665	0.0
830	2268.5	0.0
840	2365.3333333333335	0.0
850	2421.3333333333335	1.0
860	2611.0	0.0
870	2346.0	4.0
880	2588.6666666666665	0.0
890	2510.1666666666665	1.0
900	2661.3333333333335	1.0
910	2470.3333333333335	1.0
920	2462.0	2.0
930	1729.3333333333333	0.0
940	2073.8333333333335	0.0
950	2382.3333333333335	0.0
960	2425.3333333333335	2.0
970	2493.6666666666665	0.0
980	2026.6666666666667	1.0
990	2306.0	0.0
1000	1931.1666666666667	1.0
