0	263.6666666666667	0.0
10	70.0	0.0
20	70.0	0.0
30	70.0	0.0
40	70.0	0.0
50	70.0	0.0
60	70.0	0.0
70	70.0	0.0
80	70.33333333333333	0.0
90	72.66666666666667	0.0
100	82.0	0.0
110	258.0	0.0
120	147.66666666666666	0.0
130	275.3333333333333	0.0
140	365.0	0.0
150	88.0	0.0
160	375.3333333333333	0.0
170	171.66666666666666	0.0
180	239.0	0.0
190	400.6666666666667	0.0
200	364.0	0.0
210	413.6666666666667	0.0
220	273.6666666666667	0.0
230	237.66666666666666	0.0
240	329.3333333333333	0.0
250	297.0	0.0
260	294.3333333333333	0.0
270	343.0	0.0
280	336.6666666666667	0.0
290	376.0	0.0
300	390.6666666666667	0.0
310	456.3333333333333	0.0
320	655.3333333333334	0.0
330	545.0	1.0
340	955.1666666666666	0.0
350	998.0	0.0
360	1022.3333333333334	1.0
370	1244.6666666666667	0.0
380	1506.8333333333333	0.0
390	1097.0	1.0
400	1645.0	0.0
410	1483.6666666666667	0.0
420	1295.0	0.0
430	1157.3333333333333	3.0
440	1245.6666666666667	1.0
450	1381.3333333333333	0.0
460	1859.1666666666667	0.0
470	1034.3333333333333	5.0
480	1034.3333333333333	0.0
490	1152.1666666666667	0.0
500	2009.5	0.0
510	1971.8333333333333	0.0
520	1324.3333333333333	5.0
530	1988.5	2.0
540	1765.5	0.0
550	2018.6666666666667	1.0
560	1602.6666666666667	1.0
570	1819.0	1.0
580	2164.6666666666665	0.0
590	1839.5	0.0
600	2353.0	0.0
610	2001.1666666666667	0.0
620	2126.3333333333335	0.0
630	1751.1666666666667	0.0
640	1487.0	3.0
650	1767.5	0.0
660	2190.3333333333335	0.0
670	1834.3333333333333	3.0
680	2072.8333333333335	2.0
690	2222.5	0.0
700	1796.6666666666667	1.0
710	2050.6666666666665	0.0
720	2308.6666666666665	0.0
730	2418.5	0.0
740	2449.1666666666665	1.0
750	2084.0	2.0
760	2189.1666666666665	0.0
770	2312.3333333333335	1.0
780	2191.6666666666665	1.0
790	1832.3333333333333	2.0
800	1960.6666666666667	0.0
810	2374.1666666666665	6.0
820	2734.8333333333335	2.0
830	2075.3333333333335	1.0
840	2338.3333333333335	0.0
850	2465.8333333333335	0.0
860	2067.0	2.0
870	2263.6666666666665	0.0
880	2428.1666666666665	0.0
890	2525.3333333333335	0.0
900	2236.6666666666665	0.0
910	2418.5	2.0
920	2461.5	0.0
930	2547.6666666666665	1.0
940	2357.0	0.0
950	2431.6666666666665	1.0
960	2457.8333333333335	1.0
970	2501.0	1.0
980	2369.8333333333335	0.0
990	2517.1666666666665	0.0
1000	2527.3333333333335	0.0
