0	242.0	0.0
10	70.0	0.0
20	70.0	0.0
30	70.0	0.0
40	70.0	0.0
50	70.0	0.0
60	70.0	0.0
70	70.0	0.0
80	71.33333333333333	0.0
90	80.66666666666667	0.0
100	72.66666666666667	0.0
110	80.66666666666667	0.0
120	74.33333333333333	0.0
130	164.33333333333334	0.0
140	133.33333333333334	0.0
150	184.66666666666666	0.0
160	142.0	0.0
170	267.6666666666667	0.0
180	355.6666666666667	0.0
190	479.6666666666667	0.0
200	106.33333333333333	0.0
210	533.0	0.0
220	342.6666666666667	0.0
230	236.66666666666666	0.0
240	276.3333333333333	0.0
250	221.33333333333334	0.0
260	302.6666666666667	0.0
270	460.3333333333333	13.0
280	622.3333333333334	0.0
290	449.0	0.0
300	518.6666666666666	0.0
310	715.0	1.0
320	902.3333333333334	0.0
330	1308.5	0.0
340	1554.8333333333333	0.0
350	1587.6666666666667	0.0
360	1648.8333333333333	1.0
370	2170.6666666666665	2.0
380	2400.0	0.0
390	2586.5	2.0
400	2463.5	1.0
410	2427.0	0.0
420	2400.8333333333335	3.0
430	2587.6666666666665	1.0
440	1965.6666666666667	0.0
450	2373.6666666666665	0.0
460	2557.6666666666665	0.0
470	2463.3333333333335	1.0
480	2405.6666666666665	0.0
490	2744.6666666666665	0.0
500	2421.6666666666665	2.0
510	2156.8333333333335	1.0
520	1745.3333333333333	1.0
530	2211.6666666666665	1.0
540	1894.0	2.0
550	2275.1666666666665	0.0
560	2125.0	1.0
570	1788.1666666666667	0.0
580	2365.8333333333335	3.0
590	1900.0	1.0
600	1956.8333333333333	5.0
610	1778.6666666666667	0.0
620	1701.1666666666667	0.0
630	2452.0	1.0
640	2291.3333333333335	1.0
650	2434.3333333333335	0.0
660	1939.0	0.0
670	2389.3333333333335	0.0
680	1933.3333333333333	1.0
690	2546.0	2.0
700	2332.0	1.0
710	2560.0	2.0
720	1817.0	1.0
730	1936.0	0.0
740	2300.8333333333335	4.0
750	2315.3333333333335	0.0
760	1531.6666666666667	2.0
770	1568.0	1.0
780	1839.3333333333333	0.0
790	2144.6666666666665	0.0
800	1878.3333333333333	0.0
810	1776.1666666666667	0.0
820	1871.1666666666667	1.0
830	2523.3333333333335	1.0
840	2713.0	0.0
850	2282.1666666666665	0.0
860	2128.6666666666665	1.0
870	2612.5	1.0
880	2325.3333333333335	2.0
890	2364.1666666666665	0.0
900	2099.5	0.0
910	2500.8333333333335	0.0
920	2359.3333333333335	0.0
930	2552.3333333333335	0.0
940	2277.3333333333335	0.0
950	2551.6666666666665	0.0
960	2410.3333333333335	1.0
970	2073.8333333333335	0.0
980	2527.8333333333335	0.0
990	2582.6666666666665	2.0
1000	1488.3333333333333	0.0
