0	257.0	0.0
10	70.0	0.0
20	70.0	0.0
30	70.0	0.0
40	70.0	0.0
50	70.0	0.0
60	70.0	0.0
70	70.0	0.0
80	71.66666666666667	0.0
90	70.33333333333333	0.0
100	74.33333333333333	0.0
110	152.66666666666666	0.0
120	252.33333333333334	0.0
130	280.3333333333333	0.0
140	70.66666666666667	0.0
150	149.66666666666666	0.0
160	379.6666666666667	0.0
170	250.0	0.0
180	149.0	0.0
190	123.33333333333333	0.0
200	253.66666666666666	0.0
210	257.5	0.0
220	465.6666666666667	0.0
230	226.0	0.0
240	545.3333333333334	0.0
250	334.0	0.0
260	314.6666666666667	0.0
270	411.6666666666667	0.0
280	387.3333333333333	0.0
290	316.0	0.0
300	408.6666666666667	0.0
310	463.6666666666667	2.0
320	796.0	0.0
330	702.3333333333334	2.0
340	858.6666666666666	0.0
350	1022.6666666666666	0.0
360	1391.3333333333333	0.0
370	1235.8333333333333	3.0
380	1792.3333333333333	0.0
390	1646.6666666666667	1.0
400	1420.0	0.0
410	1541.3333333333333	3.0
420	1739.5	1.0
430	1673.5	0.0
440	2140.3333333333335	0.0
450	1226.0	1.0
460	1561.6666666666667	0.0
470	1908.0	0.0
480	1948.0	1.0
490	1705.8333333333333	2.0
500	1936.0	1.0
510	1959.6666666666667	0.0
520	1876.6666666666667	0.0
530	1721.3333333333333	0.0
540	1964.0	0.0
550	1662.0	0.0
560	1989.0	2.0
570	1720.5	1.0
580	1749.6666666666667	2.0
590	1931.5	1.0
600	1777.3333333333333	2.0
610	1901.1666666666667	22.0
620	1629.3333333333333	1.0
630	1866.1666666666667	0.0
640	1827.3333333333333	0.0
650	1505.3333333333333	0.0
660	1806.0	1.0
670	1596.8333333333333	0.0
680	1636.6666666666667	6.0
690	2080.0	1.0
700	1474.6666666666667	0.0
710	1520.3333333333333	0.0
720	2132.6666666666665	0.0
730	2007.6666666666667	0.0
740	2216.3333333333335	0.0
750	1589.1666666666667	2.0
760	1728.1666666666667	0.0
770	2407.8333333333335	0.0
780	2409.5	0.0
790	2400.8333333333335	0.0
800	2593.6666666666665	0.0
810	2363.3333333333335	1.0
820	2606.6666666666665	1.0
830	2504.1666666666665	0.0
840	2340.6666666666665	0.0
850	2232.1666666666665	1.0
860	2366.6666666666665	2.0
870	2699.3333333333335	0.0
880	2469.6666666666665	2.0
890	2388.8333333333335	0.0
900	2402.1666666666665	0.0
910	2401.3333333333335	0.0
920	2164.1666666666665	1.0
930	2554.1666666666665	2.0
940	2392.6666666666665	0.0
950	2689.3333333333335	3.0
960	2523.0	1.0
970	2314.6666666666665	0.0
980	2520.6666666666665	0.0
990	1775.6666666666667	2.0
1000	1845.8333333333333	2.0
