0	233.0	0.0
10	70.0	0.0
20	70.0	0.0
30	70.0	0.0
40	70.0	0.0
50	70.0	0.0
60	70.0	0.0
70	70.0	0.0
80	70.66666666666667	0.0
90	98.0	0.0
100	115.66666666666667	0.0
110	270.6666666666667	0.0
120	336.3333333333333	0.0
130	217.33333333333334	0.0
140	113.33333333333333	0.0
150	453.0	0.0
160	147.0	0.0
170	73.33333333333333	1.0
180	224.66666666666666	0.0
190	127.0	0.0
200	162.33333333333334	0.0
210	200.0	0.0
220	318.0	0.0
230	389.0	0.0
240	563.6666666666666	0.0
250	335.3333333333333	0.0
260	403.6666666666667	1.0
270	420.3333333333333	0.0
280	568.0	1.0
290	692.3333333333334	0.0
300	1098.0	0.0
310	1152.6666666666667	3.0
320	2310.0	3.0
330	1932.3333333333333	3.0
340	2262.0	0.0
350	2436.8333333333335	0.0
360	2492.8333333333335	2.0
370	2332.3333333333335	0.0
380	2455.0	1.0
390	2667.5	0.0
400	2257.0	0.0
410	2523.6666666666665	0.0
420	2561.0	0.0
430	2457.0	0.0
440	1805.6666666666667	0.0
450	1589.3333333333333	0.0
460	1789.6666666666667	2.0
470	1814.3333333333333	1.0
480	1816.6666666666667	0.0
490	1097.0	0.0
500	2021.0	0.0
510	2419.0	1.0
520	2452.5	1.0
530	2078.6666666666665	0.0
540	2032.0	1.0
550	2148.3333333333335	0.0
560	1759.0	3.0
570	2421.0	1.0
580	2396.3333333333335	0.0
590	2351.6666666666665	0.0
600	2137.6666666666665	2.0
610	1920.3333333333333	1.0
620	1569.3333333333333	3.0
630	2510.6666666666665	3.0
640	2679.6666666666665	0.0
650	1781.8333333333333	3.0
660	1412.1666666666667	0.0
670	2389.6666666666665	0.0
680	2508.0	0.0
690	2397.6666666666665	2.0
700	1958.6666666666667	0.0
710	2594.6666666666665	1.0
720	2193.0	0.0
730	2542.3333333333335	2.0
740	2491.1666666666665	1.0
750	2632.6666666666665	0.0
760	2370.1666666666665	0.0
770	2353.6666666666665	0.0
780	1811.8333333333333	0.0
790	1909.6666666666667	1.0
800	1815.5	0.0
810	1685.5	0.0
820	2406.3333333333335	1.0
830	2051.1666666666665	1.0
840	1991.5	4.0
850	1922.3333333333333	0.0
860	2580.5	0.0
870	1774.6666666666667	0.0
880	2392.5	0.0
890	2331.0	0.0
900	1802.0	1.0
910	2260.8333333333335	0.0
920	2645.3333333333335	0.0
930	2454.0	0.0
940	2433.5	0.0
950	2564.6666666666665	1.0
960	2377.0	1.0
970	2580.5	2.0
980	2317.3333333333335	0.0
990	2471.6666666666665	0.0
1000	2270.3333333333335	2.0
