0	259.3333333333333	0.0
10	70.0	0.0
20	70.0	0.0
30	70.0	0.0
40	70.0	0.0
50	70.0	0.0
60	70.0	0.0
70	72.33333333333333	0.0
80	70.0	0.0
90	73.0	0.0
100	73.66666666666667	0.0
110	138.66666666666666	0.0
120	187.33333333333334	0.0
130	432.0	0.0
140	333.8333333333333	0.0
150	75.0	0.0
160	212.66666666666666	1.0
170	181.33333333333334	0.0
180	305.6666666666667	0.0
190	350.0	0.0
200	332.3333333333333	0.0
210	300.6666666666667	2.0
220	218.33333333333334	0.0
230	455.3333333333333	0.0
240	345.3333333333333	0.0
250	358.6666666666667	0.0
260	339.0	0.0
270	655.0	0.0
280	666.3333333333334	0.0
290	1093.6666666666667	0.0
300	886.0	0.0
310	777.3333333333334	2.0
320	1353.3333333333333	2.0
330	1447.3333333333333	0.0
340	2558.3333333333335	5.0
350	2172.6666666666665	0.0
360	1891.3333333333333	0.0
370	2527.6666666666665	0.0
380	2257.3333333333335	1.0
390	2275.3333333333335	2.0
400	2559.6666666666665	0.0
410	2510.3333333333335	1.0
420	2717.6666666666665	5.0
430	2542.3333333333335	0.0
440	1713.0	0.0
450	1858.0	3.0
460	2061.0	0.0
470	2669.6666666666665	0.0
480	2141.1666666666665	3.0
490	1505.0	1.0
500	2210.6666666666665	1.0
510	2018.3333333333333	1.0
520	1897.8333333333333	0.0
530	1898.3333333333333	0.0
540	2231.6666666666665	0.0
550	1780.3333333333333	4.0
560	2254.8333333333335	3.0
570	1982.6666666666667	2.0
580	1792.6666666666667	0.0
590	1965.3333333333333	0.0
600	2373.3333333333335	1.0
610	1328.3333333333333	0.0
620	2421.0	4.0
630	2399.0	0.0
640	2503.3333333333335	1.0
650	2494.0	3.0
660	2112.1666666666665	4.0
670	2200.5	0.0
680	1866.1666666666667	1.0
690	2623.6666666666665	1.0
700	2462.1666666666665	0.0
710	1626.6666666666667	0.0
720	2482.6666666666665	0.0
730	2086.3333333333335	0.0
740	2284.8333333333335	3.0
750	2377.1666666666665	4.0
760	1720.6666666666667	0.0
770	1706.8333333333333	0.0
780	2565.0	2.0
790	2488.1666666666665	0.0
800	2454.0	2.0
810	2403.3333333333335	0.0
820	2394.0	0.0
830	2446.0	2.0
840	1749.0	2.0
850	1778.6666666666667	2.0
860	1736.1666666666667	0.0
870	1803.0	1.0
880	2067.0	0.0
890	1928.0	0.0
900	1478.0	3.0
910	1846.8333333333333	0.0
920	2175.1666666666665	1.0
930	1842.0	2.0
940	2182.6666666666665	0.0
950	2367.3333333333335	1.0
960	2270.1666666666665	1.0
970	2345.6666666666665	8.0
980	2029.6666666666667	3.0
990	2291.5	2.0
1000	2448.3333333333335	0.0
