0	253.33333333333334	0.0
10	70.0	0.0
20	70.0	0.0
30	70.0	0.0
40	70.0	0.0
50	70.0	0.0
60	70.0	0.0
70	70.0	0.0
80	73.0	0.0
90	76.66666666666667	0.0
100	75.66666666666667	0.0
110	86.66666666666667	0.0
120	80.0	0.0
130	327.3333333333333	0.0
140	91.33333333333333	0.0
150	304.3333333333333	0.0
160	260.0	0.0
170	487.3333333333333	0.0
180	312.3333333333333	0.0
190	390.6666666666667	0.0
200	358.0	0.0
210	260.0	0.0
220	495.3333333333333	0.0
230	325.6666666666667	0.0
240	313.0	0.0
250	402.3333333333333	0.0
260	264.0	2.0
270	349.0	0.0
280	319.3333333333333	0.0
290	321.6666666666667	0.0
300	705.1666666666666	0.0
310	627.0	0.0
320	648.6666666666666	0.0
330	855.0	1.0
340	880.0	1.0
350	610.6666666666666	0.0
360	1095.0	1.0
370	1660.3333333333333	0.0
380	2604.3333333333335	1.0
390	2026.0	0.0
400	2474.0	0.0
410	2349.6666666666665	4.0
420	2527.6666666666665	1.0
430	2543.6666666666665	3.0
440	2034.6666666666667	2.0
450	2247.6666666666665	4.0
460	2307.1666666666665	0.0
470	1889.0	2.0
480	2074.6666666666665	2.0
490	1874.5	1.0
500	2563.3333333333335	1.0
510	1824.0	1.0
520	2358.3333333333335	0.0
530	1669.0	3.0
540	1620.0	2.0
550	2025.0	0.0
560	2104.0	0.0
570	2564.5	1.0
580	2472.3333333333335	0.0
590	2479.6666666666665	1.0
600	2530.0	0.0
610	2256.6666666666665	0.0
620	1954.3333333333333	3.0
630	2196.6666666666665	0.0
640	2102.0	7.0
650	1971.5	1.0
660	1940.6666666666667	1.0
670	2022.0	0.0
680	2032.3333333333333	0.0
690	1865.3333333333333	2.0
700	1960.6666666666667	1.0
710	2131.3333333333335	2.0
720	1668.6666666666667	0.0
730	2375.0	3.0
740	2247.0	0.0
750	2136.3333333333335	3.0
760	1909.0	1.0
770	2023.8333333333333	5.0
780	1955.5	0.0
790	2314.0	0.0
800	2245.8333333333335	13.0
810	1798.3333333333333	1.0
820	2303.0	0.0
830	2316.6666666666665	0.0
840	2424.3333333333335	1.0
850	2812.1666666666665	0.0
860	2590.8333333333335	4.0
870	2440.3333333333335	0.0
880	2385.6666666666665	0.0
890	2156.6666666666665	4.0
900	2363.3333333333335	0.0
910	2188.6666666666665	0.0
920	2647.6666666666665	1.0
930	2505.5	0.0
940	2683.5	0.0
950	2526.5	1.0
960	2631.1666666666665	2.0
970	2427.6666666666665	1.0
980	2538.0	0.0
990	1944.3333333333333	0.0
1000	2606.0	2.0
