0	264.8777777777778	0.0	0.0	0.0	0.0	0.0	0.0
10	1988.1833333333334	11.333333333333334	74.43333333333334	5.9	7.833333333333333	2.2	3.5
20	2047.9166666666672	17.333333333333332	74.46666666666667	12.366666666666667	7.733333333333333	2.566666666666667	9.6
30	2000.9944444444443	14.466666666666667	74.4	10.233333333333333	7.233333333333333	2.6333333333333333	7.233333333333333
40	2036.394444444444	15.233333333333333	82.53333333333333	9.6	8.566666666666666	2.3	6.666666666666667
50	2088.494444444445	16.766666666666666	81.4	10.633333333333333	9.3	2.7666666666666666	7.466666666666667
60	2100.733333333334	12.066666666666666	72.6	7.366666666666666	6.8	1.9	5.266666666666667
70	2086.9611111111108	14.333333333333334	77.6	9.466666666666667	7.6	2.2	6.733333333333333
80	2125.272222222222	15.133333333333333	81.0	8.733333333333333	8.9	2.1	6.233333333333333
90	2158.194444444444	17.366666666666667	83.43333333333334	10.966666666666667	8.933333333333334	2.1666666666666665	8.433333333333334
100	2162.416666666667	15.666666666666666	85.83333333333333	10.1	8.6	2.433333333333333	7.066666666666666
110	2192.5999999999995	12.466666666666667	76.16666666666667	6.9	8.0	2.0	4.466666666666667
120	2231.344444444445	12.5	81.7	6.733333333333333	8.3	2.033333333333333	4.2
130	2268.7666666666673	11.666666666666666	79.7	6.4	7.933333333333334	2.2666666666666666	3.7333333333333334
140	2260.616666666667	16.133333333333333	83.33333333333333	9.0	9.4	2.0	6.733333333333333
150	2269.972222222222	17.0	88.26666666666667	10.833333333333334	8.733333333333333	2.4	8.266666666666667
160	2307.505555555555	12.666666666666666	81.73333333333333	8.4	6.9	2.2333333333333334	5.766666666666667
170	2309.438888888889	11.433333333333334	91.5	7.9	7.0	2.7	4.433333333333334
180	2300.727777777778	10.466666666666667	85.5	6.766666666666667	5.9	2.066666666666667	4.566666666666666
190	2361.0111111111114	16.266666666666666	100.6	9.4	9.7	2.3333333333333335	6.566666666666666
200	2365.3888888888887	12.366666666666667	91.8	7.8	7.0	2.2333333333333334	5.366666666666666
210	2393.555555555556	16.8	97.4	10.433333333333334	8.866666666666667	2.1666666666666665	7.933333333333334
220	2428.8444444444444	8.533333333333333	90.1	3.8333333333333335	6.766666666666667	1.6333333333333333	1.7666666666666666
230	2430.5555555555557	12.566666666666666	87.1	8.333333333333334	6.533333333333333	2.066666666666667	6.033333333333333
240	2438.8	11.533333333333333	85.86666666666666	5.8	7.733333333333333	1.7666666666666666	3.8
250	2486.1	10.533333333333333	105.46666666666667	7.066666666666666	7.033333333333333	2.933333333333333	3.5
260	2452.572222222222	13.2	101.16666666666667	8.566666666666666	7.533333333333333	2.7333333333333334	5.666666666666667
270	2447.7055555555553	13.7	85.13333333333334	9.833333333333334	5.966666666666667	1.9333333333333333	7.733333333333333
280	2480.7944444444447	14.166666666666666	84.6	11.833333333333334	4.966666666666667	2.533333333333333	9.2
290	2511.972222222222	21.533333333333335	92.33333333333333	13.433333333333334	10.9	2.3666666666666667	10.633333333333333
300	2520.7833333333333	11.533333333333333	110.73333333333333	7.4	6.9	2.6333333333333333	4.633333333333334
310	2547.261111111111	11.7	90.96666666666667	6.366666666666666	7.6	2.1333333333333333	4.1
320	2566.8333333333335	13.0	98.03333333333333	7.966666666666667	7.833333333333333	2.4	5.166666666666667
330	2543.7111111111103	9.7	100.06666666666666	7.033333333333333	5.6	2.6666666666666665	4.1
340	2578.238888888889	11.8	99.83333333333333	7.6	6.933333333333334	2.033333333333333	4.866666666666666
350	2582.1000000000004	7.966666666666667	100.76666666666667	6.033333333333333	4.766666666666667	2.5	3.2
360	2596.5888888888894	7.966666666666667	89.3	5.6	5.066666666666666	2.466666666666667	2.9
370	2572.0166666666673	9.1	80.53333333333333	6.266666666666667	5.533333333333333	2.3333333333333335	3.566666666666667
380	2604.288888888889	11.566666666666666	100.66666666666667	9.2	5.6	3.1333333333333333	5.966666666666667
390	2711.327777777778	10.033333333333333	106.4	6.833333333333333	6.1	2.3	3.933333333333333
400	2597.177777777777	11.033333333333333	93.13333333333334	7.2	6.4	2.4	4.633333333333334
410	2692.494444444444	9.133333333333333	91.9	6.066666666666666	5.433333333333334	2.2	3.7
420	2662.094444444445	9.633333333333333	97.76666666666667	7.833333333333333	4.8	2.566666666666667	4.833333333333333
430	2663.0555555555557	11.033333333333333	95.56666666666666	9.0	4.533333333333333	2.2666666666666666	6.5
440	2719.811111111112	11.2	101.56666666666666	8.733333333333333	5.2	2.3	6.0
450	2739.627777777778	10.333333333333334	105.03333333333333	7.833333333333333	5.433333333333334	2.533333333333333	4.9
460	2700.4	9.933333333333334	105.5	8.066666666666666	4.533333333333333	2.433333333333333	5.4
470	2724.722222222222	9.433333333333334	103.53333333333333	9.366666666666667	2.3666666666666667	2.2666666666666666	7.066666666666666
480	2764.233333333333	9.3	107.66666666666667	8.966666666666667	3.7666666666666666	3.1333333333333333	5.533333333333333
490	2778.388888888889	7.933333333333334	96.06666666666666	7.433333333333334	3.033333333333333	2.433333333333333	4.9
500	2692.288888888889	8.4	98.76666666666667	8.166666666666666	3.1	2.566666666666667	5.3
510	2726.4	10.933333333333334	108.66666666666667	11.766666666666667	2.7666666666666666	3.3	8.166666666666666
520	2749.855555555556	6.866666666666666	98.13333333333334	7.233333333333333	2.466666666666667	2.566666666666667	4.4
530	2786.927777777778	7.0	104.73333333333333	6.6	3.3	2.6	3.7
540	2761.1277777777773	7.133333333333334	93.0	6.633333333333334	2.7333333333333334	2.1333333333333333	4.4
550	2830.1944444444443	6.866666666666666	102.16666666666667	6.5	3.066666666666667	2.3666666666666667	3.8
560	2762.922222222222	6.4	111.63333333333334	6.566666666666666	2.433333333333333	2.466666666666667	3.966666666666667
570	2789.738888888889	6.633333333333334	97.06666666666666	7.0	2.1666666666666665	2.2666666666666666	4.466666666666667
580	2785.2555555555564	9.6	121.93333333333334	10.166666666666666	2.8	3.2	6.8
590	2859.6888888888893	6.533333333333333	113.83333333333333	7.766666666666667	1.7	2.7666666666666666	4.833333333333333
600	2806.494444444445	6.733333333333333	97.46666666666667	7.8	1.3	2.2333333333333334	5.433333333333334
610	2850.5888888888885	6.466666666666667	110.16666666666667	7.433333333333334	2.2666666666666666	3.1333333333333333	4.2
620	2842.1055555555563	7.566666666666666	113.7	9.9	1.0333333333333334	3.2666666666666666	6.533333333333333
630	2872.216666666666	5.233333333333333	104.53333333333333	6.733333333333333	1.4333333333333333	2.8333333333333335	3.8
640	2834.6388888888887	4.6	111.06666666666666	5.966666666666667	1.6666666666666667	2.933333333333333	2.933333333333333
650	2895.366666666667	5.8	109.76666666666667	7.166666666666667	1.3333333333333333	2.6666666666666665	4.466666666666667
660	2874.35	5.966666666666667	87.8	6.633333333333334	1.2666666666666666	1.8	4.7
670	2858.961111111111	5.1	96.66666666666667	5.8	1.7	2.1666666666666665	3.4
680	2888.605555555556	6.633333333333334	105.56666666666666	7.2	1.9666666666666666	2.3666666666666667	4.666666666666667
690	2896.95	5.1	115.46666666666667	7.266666666666667	1.2	2.933333333333333	3.9
700	2888.4222222222224	6.566666666666666	115.6	7.366666666666666	2.6666666666666665	3.2333333333333334	3.9
710	2971.511111111112	6.066666666666666	119.83333333333333	8.533333333333333	1.1333333333333333	3.566666666666667	4.933333333333334
720	2992.2222222222217	4.233333333333333	103.53333333333333	5.866666666666666	1.3	2.466666666666667	2.933333333333333
730	2969.8555555555554	7.133333333333334	115.43333333333334	8.4	1.6666666666666667	2.8333333333333335	5.466666666666667
740	2935.672222222222	6.0	120.96666666666667	7.3	1.8	2.8666666666666667	4.2
750	2981.477777777777	5.5	106.9	7.4	0.8666666666666667	2.6666666666666665	4.633333333333334
760	3003.2888888888897	4.833333333333333	118.36666666666666	7.066666666666666	1.2	3.2666666666666666	3.6333333333333333
770	2963.0111111111114	6.066666666666666	116.23333333333333	7.966666666666667	1.0	2.8333333333333335	5.066666666666666
780	3055.9666666666667	4.2	108.96666666666667	6.233333333333333	1.2666666666666666	3.2333333333333334	2.933333333333333
790	2978.7888888888892	3.9	111.63333333333334	6.466666666666667	0.7333333333333333	3.1333333333333333	3.1666666666666665
800	3054.255555555556	4.9	118.4	6.533333333333333	1.0333333333333334	2.566666666666667	3.8666666666666667
810	3036.5444444444443	4.666666666666667	104.36666666666666	6.666666666666667	0.5666666666666667	2.5	4.1
820	3055.6055555555554	8.4	132.56666666666666	11.7	0.6	3.7666666666666666	7.8
830	2995.9611111111108	5.566666666666666	117.9	8.066666666666666	0.6	3.033333333333333	4.966666666666667
840	3065.127777777778	4.6	107.2	6.733333333333333	0.8333333333333334	2.8333333333333335	3.7666666666666666
850	3055.7388888888895	6.433333333333334	109.76666666666667	7.9	1.3666666666666667	2.7666666666666666	5.066666666666666
860	3064.261111111111	5.266666666666667	113.33333333333333	6.833333333333333	0.7666666666666667	2.2	4.5
870	3072.7055555555553	5.2	109.43333333333334	7.766666666666667	0.9666666666666667	3.2666666666666666	4.233333333333333
880	3086.944444444445	6.266666666666667	111.8	7.966666666666667	1.2666666666666666	2.933333333333333	5.0
890	3091.1388888888887	3.7666666666666666	117.5	5.9	0.9666666666666667	2.966666666666667	2.8
900	3113.2611111111114	6.066666666666666	95.53333333333333	7.333333333333333	1.2	2.3666666666666667	4.866666666666666
910	3103.4166666666665	3.933333333333333	103.4	6.2	0.5333333333333333	2.7333333333333334	3.4
920	3100.0555555555557	4.266666666666667	112.16666666666667	6.8	0.8	3.3	3.466666666666667
930	3143.7000000000003	7.933333333333334	98.16666666666667	9.6	1.0666666666666667	2.6	6.866666666666666
940	3164.8388888888885	5.366666666666666	94.8	7.833333333333333	0.43333333333333335	2.9	4.933333333333334
950	3152.7777777777783	2.3	91.53333333333333	4.033333333333333	0.5	2.2333333333333334	1.8
960	3168.788888888888	4.466666666666667	96.1	5.9	0.9333333333333333	2.3	3.533333333333333
970	3145.1222222222227	5.1	86.13333333333334	6.733333333333333	0.6	2.066666666666667	4.5
980	3186.094444444445	3.9	87.96666666666667	6.133333333333334	0.5666666666666667	2.8	3.3333333333333335
990	3176.733333333334	3.6333333333333333	94.03333333333333	6.033333333333333	0.6666666666666666	3.0	2.966666666666667
1000	3220.933333333334	3.2333333333333334	84.6	5.133333333333334	0.43333333333333335	2.2666666666666666	2.8
