0	260.6666666666667	0.0	0.0	0.0	0.0	0.0	0.0
10	1853.6666666666667	7.0	158.0	7.0	7.0	6.0	0.0
20	1955.3333333333333	5.0	94.0	10.0	1.0	6.0	4.0
30	1704.3333333333333	4.0	118.0	4.0	4.0	3.0	0.0
40	2075.5	19.0	57.0	14.0	6.0	1.0	13.0
50	1992.0	0.0	66.0	3.0	0.0	3.0	0.0
60	1951.1666666666667	17.0	119.0	5.0	16.0	3.0	1.0
70	1911.5	64.0	81.0	43.0	27.0	1.0	37.0
80	2268.1666666666665	9.0	87.0	6.0	8.0	5.0	1.0
90	2163.0	1.0	50.0	1.0	1.0	1.0	0.0
100	2300.3333333333335	1.0	116.0	3.0	1.0	3.0	0.0
110	2204.6666666666665	3.0	128.0	4.0	3.0	4.0	0.0
120	2210.8333333333335	7.0	87.0	2.0	7.0	2.0	0.0
130	2274.3333333333335	21.0	113.0	10.0	12.0	1.0	9.0
140	2291.5	38.0	132.0	24.0	17.0	3.0	21.0
150	2352.6666666666665	1.0	40.0	1.0	1.0	1.0	0.0
160	2357.8333333333335	5.0	89.0	2.0	4.0	1.0	1.0
170	2373.0	2.0	96.0	6.0	1.0	5.0	1.0
180	2579.8333333333335	1.0	57.0	1.0	1.0	1.0	0.0
190	2585.5	11.0	161.0	10.0	8.0	7.0	3.0
200	2536.5	2.0	186.0	2.0	2.0	2.0	0.0
210	2406.5	2.0	156.0	4.0	2.0	4.0	0.0
220	2455.0	7.0	101.0	2.0	7.0	2.0	0.0
230	2717.1666666666665	33.0	78.0	22.0	12.0	0.0	21.0
240	2291.0	11.0	118.0	7.0	5.0	1.0	6.0
250	2729.1666666666665	8.0	142.0	6.0	7.0	5.0	1.0
260	2274.3333333333335	34.0	203.0	30.0	8.0	4.0	26.0
270	2450.6666666666665	33.0	157.0	35.0	6.0	5.0	27.0
280	2579.1666666666665	7.0	121.0	10.0	1.0	4.0	6.0
290	2779.0	28.0	37.0	27.0	1.0	0.0	27.0
300	2600.5	7.0	114.0	1.0	7.0	1.0	0.0
310	2831.0	3.0	17.0	3.0	1.0	1.0	2.0
320	2702.6666666666665	11.0	241.0	5.0	11.0	4.0	0.0
330	2480.3333333333335	10.0	58.0	3.0	9.0	2.0	1.0
340	2550.8333333333335	5.0	97.0	4.0	2.0	1.0	3.0
350	2632.6666666666665	6.0	164.0	5.0	2.0	1.0	4.0
360	2560.3333333333335	30.0	88.0	5.0	29.0	3.0	1.0
370	2873.5	0.0	29.0	0.0	0.0	0.0	0.0
380	2793.8333333333335	19.0	130.0	18.0	9.0	7.0	10.0
390	2928.5	17.0	94.0	13.0	14.0	3.0	3.0
400	2815.5	7.0	97.0	5.0	6.0	4.0	1.0
410	2750.3333333333335	7.0	170.0	5.0	4.0	2.0	3.0
420	2625.6666666666665	4.0	89.0	3.0	3.0	2.0	1.0
430	2378.3333333333335	7.0	106.0	4.0	4.0	0.0	3.0
440	2799.1666666666665	6.0	110.0	5.0	4.0	2.0	2.0
450	2864.1666666666665	5.0	130.0	13.0	0.0	8.0	5.0
460	2881.6666666666665	3.0	53.0	3.0	1.0	1.0	2.0
470	2904.0	0.0	49.0	0.0	0.0	0.0	0.0
480	2832.5	7.0	165.0	3.0	6.0	2.0	1.0
490	2682.0	8.0	146.0	11.0	1.0	4.0	7.0
500	2633.1666666666665	1.0	67.0	3.0	0.0	2.0	1.0
510	2698.6666666666665	3.0	163.0	8.0	1.0	6.0	2.0
520	2649.1666666666665	7.0	102.0	6.0	5.0	4.0	2.0
530	2731.1666666666665	2.0	126.0	3.0	1.0	1.0	1.0
540	2925.3333333333335	10.0	137.0	9.0	5.0	4.0	5.0
550	2949.0	5.0	79.0	2.0	3.0	0.0	2.0
560	2827.0	2.0	51.0	0.0	2.0	0.0	0.0
570	2866.6666666666665	4.0	78.0	6.0	1.0	2.0	3.0
580	3058.5	15.0	63.0	9.0	8.0	1.0	7.0
590	2740.1666666666665	1.0	50.0	1.0	0.0	0.0	1.0
600	3103.6666666666665	3.0	128.0	8.0	0.0	5.0	3.0
610	2786.3333333333335	11.0	138.0	16.0	2.0	7.0	9.0
620	2818.6666666666665	3.0	53.0	3.0	1.0	1.0	2.0
630	3152.8333333333335	3.0	210.0	9.0	1.0	6.0	2.0
640	3036.8333333333335	3.0	147.0	2.0	1.0	0.0	2.0
650	3089.1666666666665	0.0	29.0	2.0	0.0	2.0	0.0
660	2990.1666666666665	0.0	62.0	2.0	0.0	2.0	0.0
670	3106.5	2.0	68.0	2.0	1.0	1.0	1.0
680	3309.8333333333335	0.0	23.0	0.0	0.0	0.0	0.0
690	3128.1666666666665	1.0	172.0	10.0	1.0	10.0	0.0
700	3261.3333333333335	1.0	114.0	5.0	0.0	4.0	1.0
710	3086.0	4.0	102.0	7.0	1.0	4.0	3.0
720	2970.3333333333335	2.0	46.0	2.0	2.0	0.0	0.0
730	2801.8333333333335	13.0	191.0	19.0	2.0	7.0	11.0
740	2670.1666666666665	3.0	121.0	6.0	1.0	4.0	2.0
750	2650.3333333333335	1.0	97.0	2.0	0.0	1.0	1.0
760	3128.1666666666665	3.0	28.0	3.0	0.0	0.0	3.0
770	3043.3333333333335	1.0	145.0	1.0	1.0	1.0	0.0
780	3169.8333333333335	6.0	168.0	9.0	0.0	3.0	6.0
790	3023.6666666666665	5.0	182.0	6.0	1.0	2.0	4.0
800	3173.1666666666665	1.0	47.0	1.0	1.0	1.0	0.0
810	3307.5	1.0	39.0	1.0	0.0	0.0	1.0
820	3031.3333333333335	6.0	135.0	11.0	3.0	8.0	3.0
830	2908.8333333333335	3.0	61.0	4.0	0.0	1.0	3.0
840	3423.0	1.0	106.0	2.0	1.0	2.0	0.0
850	2931.0	11.0	174.0	12.0	3.0	4.0	8.0
860	3074.5	1.0	122.0	2.0	1.0	1.0	0.0
870	3390.5	1.0	78.0	2.0	0.0	1.0	1.0
880	2848.1666666666665	3.0	69.0	2.0	3.0	2.0	0.0
890	2936.6666666666665	0.0	104.0	5.0	0.0	5.0	0.0
900	3018.3333333333335	2.0	45.0	3.0	0.0	1.0	2.0
910	3338.8333333333335	2.0	69.0	5.0	1.0	4.0	1.0
920	3122.1666666666665	5.0	119.0	8.0	0.0	3.0	5.0
930	3129.1666666666665	0.0	152.0	3.0	0.0	3.0	0.0
940	3368.3333333333335	2.0	129.0	2.0	0.0	0.0	2.0
950	3179.6666666666665	3.0	138.0	7.0	1.0	5.0	2.0
960	3229.3333333333335	2.0	104.0	3.0	0.0	1.0	2.0
970	2974.6666666666665	7.0	126.0	8.0	0.0	1.0	7.0
980	3111.3333333333335	3.0	38.0	4.0	0.0	1.0	3.0
990	3223.8333333333335	6.0	210.0	15.0	0.0	9.0	6.0
1000	3545.6666666666665	1.0	74.0	2.0	0.0	1.0	1.0
