0	243.66666666666666	0.0	0.0	0.0	0.0	0.0	0.0
10	2038.1666666666667	26.0	62.0	10.0	17.0	1.0	9.0
20	2133.6666666666665	16.0	2.0	15.0	1.0	0.0	15.0
30	2110.3333333333335	1.0	22.0	1.0	1.0	1.0	0.0
40	2073.6666666666665	19.0	155.0	4.0	18.0	3.0	1.0
50	2115.1666666666665	25.0	60.0	8.0	17.0	0.0	8.0
60	2135.8333333333335	4.0	99.0	3.0	4.0	3.0	0.0
70	2032.3333333333333	30.0	141.0	24.0	7.0	1.0	23.0
80	2249.0	5.0	50.0	4.0	5.0	4.0	0.0
90	2213.0	12.0	140.0	7.0	7.0	2.0	5.0
100	2004.3333333333333	72.0	208.0	57.0	26.0	3.0	46.0
110	2080.0	0.0	29.0	2.0	0.0	2.0	0.0
120	2322.0	7.0	92.0	0.0	7.0	0.0	0.0
130	2263.3333333333335	23.0	161.0	10.0	22.0	4.0	1.0
140	2438.3333333333335	1.0	17.0	1.0	1.0	1.0	0.0
150	2414.8333333333335	17.0	79.0	10.0	9.0	1.0	8.0
160	2363.3333333333335	28.0	144.0	21.0	10.0	3.0	18.0
170	2327.6666666666665	10.0	68.0	1.0	9.0	0.0	1.0
180	2427.0	5.0	119.0	7.0	1.0	3.0	4.0
190	2396.3333333333335	41.0	235.0	29.0	21.0	5.0	20.0
200	2319.1666666666665	23.0	101.0	5.0	23.0	5.0	0.0
210	2532.6666666666665	0.0	111.0	6.0	0.0	6.0	0.0
220	2413.1666666666665	11.0	185.0	6.0	11.0	5.0	0.0
230	2280.0	14.0	96.0	2.0	13.0	1.0	1.0
240	2591.3333333333335	2.0	20.0	1.0	2.0	1.0	0.0
250	2578.5	11.0	191.0	7.0	10.0	5.0	1.0
260	2695.5	22.0	23.0	6.0	20.0	4.0	2.0
270	2691.5	1.0	116.0	1.0	1.0	1.0	0.0
280	2445.1666666666665	1.0	48.0	1.0	1.0	1.0	0.0
290	2574.5	7.0	33.0	1.0	7.0	1.0	0.0
300	2510.5	1.0	23.0	0.0	1.0	0.0	0.0
310	2793.3333333333335	49.0	141.0	8.0	42.0	1.0	7.0
320	2418.5	18.0	183.0	4.0	17.0	3.0	1.0
330	2404.5	32.0	75.0	30.0	5.0	3.0	27.0
340	2297.8333333333335	1.0	154.0	3.0	1.0	3.0	0.0
350	2619.0	4.0	85.0	3.0	4.0	3.0	0.0
360	2523.8333333333335	2.0	72.0	3.0	1.0	2.0	1.0
370	2589.3333333333335	4.0	47.0	1.0	4.0	1.0	0.0
380	2757.5	18.0	48.0	21.0	0.0	3.0	18.0
390	2961.0	1.0	22.0	0.0	1.0	0.0	0.0
400	2539.0	3.0	25.0	1.0	2.0	0.0	1.0
410	2638.3333333333335	21.0	220.0	15.0	12.0	6.0	9.0
420	2868.6666666666665	8.0	156.0	6.0	7.0	4.0	1.0
430	2529.3333333333335	36.0	63.0	37.0	1.0	2.0	35.0
440	2558.5	6.0	53.0	8.0	0.0	2.0	6.0
450	2639.3333333333335	2.0	74.0	2.0	2.0	2.0	0.0
460	2651.0	10.0	139.0	5.0	9.0	4.0	1.0
470	2747.3333333333335	9.0	147.0	7.0	4.0	2.0	5.0
480	2862.6666666666665	42.0	134.0	42.0	7.0	6.0	35.0
490	2536.0	1.0	76.0	2.0	0.0	1.0	1.0
500	2990.8333333333335	3.0	127.0	3.0	1.0	1.0	2.0
510	3039.6666666666665	2.0	71.0	3.0	0.0	1.0	2.0
520	2356.6666666666665	4.0	93.0	5.0	1.0	1.0	3.0
530	2927.3333333333335	7.0	112.0	8.0	0.0	1.0	7.0
540	2798.0	2.0	76.0	2.0	2.0	2.0	0.0
550	2536.0	11.0	83.0	12.0	1.0	1.0	10.0
560	2848.0	7.0	88.0	2.0	7.0	2.0	0.0
570	3120.0	5.0	72.0	2.0	5.0	2.0	0.0
580	2409.6666666666665	9.0	75.0	3.0	7.0	1.0	2.0
590	2898.3333333333335	5.0	108.0	7.0	3.0	3.0	2.0
600	2812.1666666666665	4.0	139.0	9.0	1.0	6.0	3.0
610	2760.8333333333335	3.0	136.0	6.0	2.0	5.0	1.0
620	3135.6666666666665	4.0	30.0	5.0	0.0	1.0	4.0
630	2848.0	0.0	37.0	1.0	0.0	1.0	0.0
640	2995.5	9.0	118.0	10.0	0.0	1.0	9.0
650	2931.6666666666665	2.0	69.0	3.0	1.0	2.0	1.0
660	2733.1666666666665	0.0	39.0	0.0	0.0	0.0	0.0
670	2740.8333333333335	2.0	126.0	6.0	0.0	4.0	2.0
680	2705.5	3.0	250.0	5.0	1.0	3.0	2.0
690	3060.0	2.0	59.0	2.0	0.0	0.0	2.0
700	2639.0	2.0	38.0	2.0	1.0	0.0	1.0
710	2979.0	2.0	120.0	2.0	2.0	2.0	0.0
720	3122.6666666666665	1.0	43.0	2.0	0.0	1.0	1.0
730	2713.5	6.0	236.0	9.0	0.0	3.0	6.0
740	2942.8333333333335	2.0	203.0	8.0	0.0	6.0	2.0
750	2988.1666666666665	7.0	102.0	10.0	0.0	3.0	7.0
760	3206.8333333333335	2.0	187.0	13.0	0.0	11.0	2.0
770	2645.0	4.0	155.0	7.0	1.0	4.0	3.0
780	2961.0	2.0	84.0	4.0	0.0	2.0	2.0
790	2931.6666666666665	3.0	65.0	1.0	3.0	1.0	0.0
800	2967.3333333333335	4.0	213.0	7.0	2.0	5.0	2.0
810	3071.8333333333335	3.0	93.0	6.0	0.0	3.0	3.0
820	3003.0	3.0	271.0	10.0	2.0	8.0	1.0
830	3280.3333333333335	29.0	125.0	29.0	3.0	1.0	26.0
840	3074.3333333333335	1.0	82.0	1.0	0.0	0.0	1.0
850	3242.0	1.0	50.0	3.0	0.0	2.0	1.0
860	3391.3333333333335	2.0	103.0	3.0	1.0	1.0	1.0
870	3222.1666666666665	2.0	51.0	1.0	1.0	0.0	1.0
880	3184.0	1.0	122.0	5.0	1.0	5.0	0.0
890	3094.3333333333335	2.0	110.0	1.0	2.0	1.0	0.0
900	2950.1666666666665	14.0	72.0	12.0	5.0	3.0	9.0
910	2860.1666666666665	5.0	100.0	5.0	0.0	0.0	5.0
920	3298.1666666666665	0.0	51.0	3.0	0.0	3.0	0.0
930	3253.5	1.0	81.0	3.0	1.0	2.0	0.0
940	3308.6666666666665	2.0	63.0	5.0	0.0	3.0	2.0
950	3054.0	1.0	147.0	3.0	0.0	2.0	1.0
960	3242.8333333333335	1.0	12.0	2.0	0.0	1.0	1.0
970	3168.5	10.0	77.0	12.0	1.0	2.0	9.0
980	3492.6666666666665	3.0	188.0	8.0	0.0	5.0	3.0
990	2968.3333333333335	7.0	168.0	13.0	0.0	6.0	7.0
1000	3190.0	4.0	172.0	6.0	1.0	3.0	3.0
