0	227.0	0.0	0.0	0.0	0.0	0.0	0.0
10	2089.1666666666665	32.0	66.0	20.0	12.0	0.0	20.0
20	2038.5	3.0	26.0	0.0	3.0	0.0	0.0
30	2099.0	20.0	133.0	19.0	5.0	4.0	15.0
40	2014.6666666666667	14.0	145.0	3.0	14.0	3.0	0.0
50	2021.6666666666667	18.0	72.0	8.0	14.0	4.0	4.0
60	2176.0	3.0	141.0	3.0	2.0	2.0	1.0
70	2125.5	8.0	72.0	2.0	7.0	1.0	1.0
80	2098.3333333333335	18.0	154.0	3.0	18.0	3.0	0.0
90	2419.1666666666665	21.0	100.0	8.0	15.0	1.0	6.0
100	2285.1666666666665	48.0	95.0	41.0	9.0	2.0	39.0
110	2522.3333333333335	5.0	17.0	4.0	1.0	0.0	4.0
120	2329.5	17.0	50.0	9.0	10.0	1.0	7.0
130	2289.5	3.0	46.0	2.0	3.0	2.0	0.0
140	2103.5	38.0	112.0	28.0	12.0	1.0	26.0
150	2361.6666666666665	1.0	8.0	0.0	1.0	0.0	0.0
160	2193.6666666666665	40.0	123.0	32.0	11.0	2.0	29.0
170	2320.0	0.0	5.0	0.0	0.0	0.0	0.0
180	2179.0	4.0	139.0	4.0	3.0	3.0	1.0
190	2343.3333333333335	22.0	99.0	4.0	19.0	1.0	3.0
200	2270.8333333333335	4.0	87.0	3.0	3.0	2.0	1.0
210	2548.1666666666665	0.0	28.0	1.0	0.0	1.0	0.0
220	2532.0	9.0	154.0	4.0	5.0	0.0	4.0
230	2499.6666666666665	6.0	124.0	3.0	5.0	2.0	1.0
240	2508.5	4.0	144.0	6.0	3.0	5.0	1.0
250	2554.8333333333335	5.0	108.0	3.0	5.0	3.0	0.0
260	2311.8333333333335	3.0	7.0	1.0	3.0	1.0	0.0
270	2456.3333333333335	1.0	27.0	0.0	1.0	0.0	0.0
280	2487.6666666666665	2.0	8.0	1.0	2.0	1.0	0.0
290	2602.8333333333335	7.0	11.0	0.0	7.0	0.0	0.0
300	2594.6666666666665	51.0	256.0	26.0	31.0	6.0	20.0
310	2355.6666666666665	2.0	108.0	6.0	1.0	4.0	1.0
320	2766.1666666666665	0.0	37.0	1.0	0.0	1.0	0.0
330	2646.8333333333335	9.0	68.0	2.0	9.0	2.0	0.0
340	2636.5	20.0	170.0	5.0	17.0	2.0	3.0
350	2707.6666666666665	6.0	68.0	8.0	5.0	3.0	1.0
360	2512.0	5.0	95.0	3.0	4.0	2.0	1.0
370	2659.3333333333335	11.0	29.0	3.0	9.0	1.0	2.0
380	2391.5	4.0	109.0	6.0	3.0	5.0	1.0
390	2705.8333333333335	19.0	101.0	14.0	10.0	5.0	9.0
400	2988.0	7.0	77.0	4.0	7.0	3.0	0.0
410	2891.8333333333335	5.0	55.0	4.0	3.0	2.0	2.0
420	2601.0	1.0	18.0	0.0	1.0	0.0	0.0
430	2868.8333333333335	3.0	82.0	4.0	2.0	3.0	1.0
440	2958.1666666666665	8.0	90.0	2.0	7.0	1.0	1.0
450	2836.8333333333335	5.0	89.0	6.0	2.0	3.0	3.0
460	2821.6666666666665	16.0	108.0	18.0	4.0	6.0	12.0
470	2872.0	7.0	120.0	3.0	7.0	3.0	0.0
480	2731.5	3.0	83.0	2.0	1.0	0.0	2.0
490	2699.0	3.0	46.0	2.0	3.0	2.0	0.0
500	2691.1666666666665	7.0	138.0	3.0	5.0	1.0	2.0
510	2661.5	2.0	58.0	2.0	2.0	2.0	0.0
520	2709.0	5.0	128.0	9.0	0.0	4.0	5.0
530	2742.8333333333335	22.0	184.0	11.0	22.0	7.0	0.0
540	2951.0	16.0	108.0	7.0	13.0	3.0	3.0
550	2854.5	7.0	101.0	5.0	4.0	2.0	3.0
560	2959.3333333333335	12.0	109.0	13.0	3.0	4.0	9.0
570	2677.3333333333335	5.0	89.0	1.0	4.0	0.0	1.0
580	2808.5	2.0	104.0	2.0	0.0	0.0	2.0
590	2924.1666666666665	4.0	178.0	8.0	3.0	7.0	1.0
600	3179.8333333333335	2.0	135.0	1.0	2.0	1.0	0.0
610	2862.3333333333335	8.0	141.0	3.0	7.0	2.0	1.0
620	2783.1666666666665	13.0	68.0	12.0	2.0	1.0	11.0
630	2656.0	14.0	123.0	15.0	2.0	3.0	12.0
640	3003.5	4.0	57.0	5.0	0.0	1.0	4.0
650	2884.8333333333335	2.0	101.0	7.0	0.0	5.0	2.0
660	2905.6666666666665	0.0	30.0	2.0	0.0	2.0	0.0
670	2992.1666666666665	2.0	69.0	3.0	1.0	2.0	1.0
680	2917.6666666666665	2.0	161.0	5.0	2.0	5.0	0.0
690	3012.1666666666665	12.0	31.0	13.0	0.0	1.0	12.0
700	2810.5	13.0	49.0	13.0	1.0	1.0	12.0
710	2762.6666666666665	1.0	112.0	4.0	0.0	3.0	1.0
720	2948.1666666666665	1.0	71.0	5.0	1.0	4.0	0.0
730	2860.8333333333335	7.0	87.0	1.0	7.0	1.0	0.0
740	2673.0	6.0	91.0	8.0	1.0	3.0	5.0
750	3259.1666666666665	23.0	101.0	28.0	1.0	6.0	22.0
760	3161.5	8.0	99.0	8.0	1.0	1.0	7.0
770	2890.8333333333335	3.0	129.0	6.0	1.0	4.0	2.0
780	3023.8333333333335	4.0	141.0	12.0	0.0	8.0	4.0
790	3053.1666666666665	0.0	11.0	1.0	0.0	1.0	0.0
800	3239.1666666666665	8.0	79.0	10.0	0.0	2.0	8.0
810	3134.6666666666665	5.0	197.0	11.0	1.0	7.0	4.0
820	3174.8333333333335	2.0	104.0	6.0	1.0	5.0	1.0
830	2817.6666666666665	2.0	134.0	8.0	0.0	6.0	2.0
840	3222.0	12.0	145.0	16.0	0.0	4.0	12.0
850	2865.5	7.0	163.0	7.0	1.0	1.0	6.0
860	3039.6666666666665	2.0	80.0	1.0	1.0	0.0	1.0
870	3210.6666666666665	12.0	143.0	20.0	1.0	8.0	11.0
880	3098.1666666666665	2.0	57.0	5.0	0.0	3.0	2.0
890	2998.1666666666665	1.0	91.0	3.0	1.0	3.0	0.0
900	3254.8333333333335	2.0	190.0	7.0	0.0	5.0	2.0
910	3195.8333333333335	1.0	49.0	2.0	1.0	1.0	0.0
920	3364.3333333333335	12.0	74.0	11.0	1.0	0.0	11.0
930	2878.1666666666665	1.0	124.0	4.0	0.0	3.0	1.0
940	3187.5	1.0	91.0	3.0	0.0	2.0	1.0
950	3361.0	3.0	171.0	5.0	2.0	4.0	1.0
960	3260.8333333333335	17.0	163.0	15.0	4.0	2.0	13.0
970	3540.0	1.0	54.0	3.0	1.0	2.0	0.0
980	3142.3333333333335	5.0	65.0	6.0	0.0	1.0	5.0
990	3382.1666666666665	2.0	89.0	5.0	1.0	4.0	1.0
1000	3412.5	3.0	138.0	6.0	2.0	4.0	1.0
