0	255.0	0.0	0.0	0.0	0.0	0.0	0.0
10	1989.6666666666667	1.0	55.0	1.0	1.0	1.0	0.0
20	2055.6666666666665	7.0	80.0	1.0	7.0	1.0	0.0
30	1956.3333333333333	1.0	41.0	3.0	1.0	3.0	0.0
40	1950.3333333333333	13.0	42.0	4.0	9.0	0.0	4.0
50	2142.0	2.0	31.0	1.0	2.0	1.0	0.0
60	2110.6666666666665	37.0	56.0	24.0	16.0	3.0	21.0
70	2043.3333333333333	6.0	53.0	2.0	6.0	2.0	0.0
80	2236.6666666666665	7.0	35.0	3.0	7.0	2.0	0.0
90	2073.8333333333335	5.0	77.0	6.0	5.0	6.0	0.0
100	2292.8333333333335	10.0	50.0	2.0	10.0	2.0	0.0
110	2151.1666666666665	21.0	130.0	17.0	6.0	2.0	15.0
120	2089.8333333333335	4.0	33.0	1.0	4.0	0.0	0.0
130	2070.5	3.0	13.0	2.0	3.0	2.0	0.0
140	2306.3333333333335	11.0	30.0	4.0	7.0	0.0	4.0
150	2029.5	5.0	102.0	2.0	5.0	2.0	0.0
160	2355.5	6.0	85.0	3.0	6.0	3.0	0.0
170	2416.6666666666665	3.0	60.0	5.0	1.0	2.0	2.0
180	2436.6666666666665	21.0	52.0	3.0	18.0	0.0	3.0
190	2411.5	23.0	34.0	11.0	14.0	2.0	9.0
200	2377.8333333333335	13.0	100.0	3.0	13.0	1.0	0.0
210	2483.8333333333335	1.0	20.0	1.0	1.0	1.0	0.0
220	2652.0	31.0	96.0	3.0	30.0	0.0	1.0
230	2641.5	10.0	18.0	2.0	9.0	1.0	1.0
240	2476.8333333333335	30.0	159.0	5.0	28.0	3.0	2.0
250	2412.6666666666665	7.0	74.0	1.0	7.0	1.0	0.0
260	2641.0	2.0	124.0	3.0	2.0	3.0	0.0
270	2567.6666666666665	45.0	91.0	39.0	8.0	2.0	37.0
280	2533.5	4.0	76.0	2.0	2.0	0.0	2.0
290	2462.0	81.0	96.0	67.0	19.0	5.0	62.0
300	2532.8333333333335	7.0	137.0	2.0	7.0	1.0	0.0
310	2571.1666666666665	13.0	134.0	3.0	12.0	2.0	1.0
320	2300.1666666666665	4.0	94.0	3.0	3.0	2.0	1.0
330	2774.3333333333335	5.0	85.0	3.0	4.0	2.0	1.0
340	2582.1666666666665	1.0	22.0	4.0	0.0	3.0	1.0
350	2448.8333333333335	3.0	175.0	3.0	2.0	2.0	1.0
360	2722.5	2.0	72.0	2.0	2.0	2.0	0.0
370	2452.0	31.0	16.0	30.0	3.0	1.0	28.0
380	2531.6666666666665	0.0	79.0	6.0	0.0	6.0	0.0
390	2540.8333333333335	6.0	115.0	4.0	6.0	3.0	0.0
400	2646.1666666666665	21.0	135.0	6.0	19.0	4.0	2.0
410	2570.3333333333335	0.0	7.0	2.0	0.0	2.0	0.0
420	2677.3333333333335	27.0	78.0	18.0	10.0	1.0	17.0
430	2637.5	9.0	117.0	2.0	7.0	0.0	2.0
440	2524.1666666666665	9.0	95.0	1.0	9.0	1.0	0.0
450	2564.3333333333335	0.0	96.0	2.0	0.0	2.0	0.0
460	2856.0	5.0	132.0	4.0	4.0	3.0	1.0
470	2551.3333333333335	1.0	34.0	0.0	1.0	0.0	0.0
480	2710.8333333333335	12.0	121.0	3.0	11.0	1.0	1.0
490	2910.8333333333335	23.0	92.0	23.0	2.0	2.0	21.0
500	2787.3333333333335	4.0	87.0	7.0	0.0	3.0	4.0
510	2878.8333333333335	6.0	57.0	7.0	3.0	4.0	3.0
520	3014.1666666666665	5.0	141.0	6.0	4.0	4.0	1.0
530	2657.1666666666665	3.0	26.0	1.0	2.0	0.0	1.0
540	3016.0	19.0	97.0	18.0	3.0	2.0	16.0
550	2811.3333333333335	0.0	45.0	1.0	0.0	1.0	0.0
560	2924.6666666666665	2.0	128.0	2.0	1.0	1.0	1.0
570	2716.0	0.0	61.0	2.0	0.0	2.0	0.0
580	2865.0	1.0	65.0	3.0	1.0	2.0	0.0
590	2912.6666666666665	0.0	140.0	3.0	0.0	3.0	0.0
600	3020.1666666666665	3.0	139.0	4.0	0.0	1.0	3.0
610	3159.1666666666665	3.0	157.0	3.0	1.0	1.0	2.0
620	2761.0	6.0	239.0	16.0	0.0	10.0	6.0
630	2975.1666666666665	0.0	0.0	0.0	0.0	0.0	0.0
640	2993.8333333333335	4.0	154.0	7.0	1.0	4.0	3.0
650	2933.5	1.0	131.0	3.0	0.0	2.0	1.0
660	2938.6666666666665	28.0	6.0	28.0	0.0	0.0	28.0
670	2805.6666666666665	0.0	44.0	1.0	0.0	1.0	0.0
680	3082.0	4.0	60.0	3.0	2.0	1.0	2.0
690	2922.8333333333335	5.0	97.0	8.0	1.0	4.0	4.0
700	2840.3333333333335	13.0	181.0	17.0	4.0	7.0	9.0
710	2840.0	0.0	78.0	3.0	0.0	3.0	0.0
720	2962.1666666666665	15.0	87.0	17.0	0.0	2.0	15.0
730	2982.1666666666665	11.0	86.0	8.0	7.0	3.0	4.0
740	2869.6666666666665	16.0	125.0	5.0	15.0	4.0	1.0
750	2995.0	35.0	19.0	33.0	3.0	1.0	32.0
760	3033.6666666666665	3.0	82.0	6.0	2.0	5.0	1.0
770	3006.5	2.0	77.0	3.0	1.0	2.0	1.0
780	3185.3333333333335	2.0	118.0	3.0	1.0	2.0	1.0
790	2895.6666666666665	3.0	114.0	2.0	3.0	2.0	0.0
800	2885.5	10.0	275.0	12.0	5.0	7.0	5.0
810	2972.0	5.0	133.0	7.0	1.0	2.0	4.0
820	3166.5	5.0	43.0	6.0	0.0	1.0	5.0
830	3360.5	4.0	56.0	5.0	0.0	1.0	4.0
840	3121.8333333333335	4.0	24.0	3.0	2.0	1.0	2.0
850	3111.1666666666665	6.0	152.0	3.0	3.0	0.0	3.0
860	3095.0	1.0	113.0	6.0	0.0	5.0	1.0
870	3049.6666666666665	13.0	161.0	17.0	5.0	6.0	8.0
880	3216.1666666666665	43.0	154.0	40.0	7.0	3.0	36.0
890	3196.6666666666665	5.0	200.0	4.0	2.0	1.0	3.0
900	3235.0	8.0	98.0	13.0	2.0	5.0	6.0
910	3285.5	0.0	131.0	3.0	0.0	3.0	0.0
920	3209.1666666666665	6.0	157.0	9.0	3.0	6.0	3.0
930	3246.1666666666665	8.0	68.0	4.0	5.0	1.0	3.0
940	3190.1666666666665	1.0	101.0	5.0	1.0	5.0	0.0
950	3150.6666666666665	4.0	119.0	6.0	1.0	3.0	3.0
960	3029.1666666666665	4.0	94.0	6.0	3.0	5.0	1.0
970	3018.5	43.0	185.0	44.0	2.0	3.0	41.0
980	3225.1666666666665	0.0	74.0	2.0	0.0	2.0	0.0
990	3247.6666666666665	3.0	111.0	9.0	0.0	6.0	3.0
1000	3036.3333333333335	20.0	93.0	23.0	0.0	3.0	20.0
