0	218.66666666666666	0.0
10	130.0	207.0
20	142.33333333333334	145.0
30	130.66666666666666	118.0
40	133.66666666666666	121.0
50	96.33333333333333	266.0
60	94.0	143.0
70	80.33333333333333	0.0
80	72.66666666666667	0.0
90	113.33333333333333	0.0
100	805.3333333333334	0.0
110	1019.3333333333334	0.0
120	1966.3333333333333	0.0
130	1995.0	0.0
140	1885.0	0.0
150	2258.0	0.0
160	1878.0	0.0
170	2178.8333333333335	0.0
180	2100.6666666666665	0.0
190	2166.1666666666665	0.0
200	2380.0	0.0
210	2247.5	0.0
220	2292.5	0.0
230	2299.8333333333335	0.0
240	2129.0	0.0
250	2319.6666666666665	0.0
260	2347.0	0.0
270	2469.0	0.0
280	2346.3333333333335	0.0
290	2428.6666666666665	0.0
300	2359.3333333333335	0.0
310	2233.3333333333335	0.0
320	2270.0	0.0
330	2657.1666666666665	0.0
340	2554.6666666666665	0.0
350	2676.0	0.0
360	2713.8333333333335	0.0
370	2329.8333333333335	0.0
380	2610.0	0.0
390	2530.6666666666665	0.0
400	2473.0	0.0
410	2800.5	0.0
420	2590.0	0.0
430	2708.6666666666665	0.0
440	2668.0	0.0
450	2501.5	0.0
460	2525.8333333333335	0.0
470	2677.8333333333335	0.0
480	2457.6666666666665	0.0
490	2629.5	0.0
500	2588.3333333333335	0.0
510	2585.1666666666665	0.0
520	2549.5	0.0
530	2628.6666666666665	0.0
540	2538.0	0.0
550	2628.6666666666665	0.0
560	2797.3333333333335	0.0
570	2637.1666666666665	0.0
580	2704.5	0.0
590	2342.1666666666665	0.0
600	2433.0	0.0
610	2421.1666666666665	0.0
620	2644.5	0.0
630	2371.6666666666665	0.0
640	2368.0	0.0
650	2525.8333333333335	0.0
660	2443.0	0.0
670	2447.1666666666665	0.0
680	2670.8333333333335	0.0
690	2192.0	0.0
700	2115.8333333333335	0.0
710	2005.8333333333333	0.0
720	2315.8333333333335	0.0
730	2398.5	0.0
740	2509.8333333333335	0.0
750	1759.3333333333333	0.0
760	1674.0	0.0
770	1778.6666666666667	0.0
780	2373.5	0.0
790	1880.6666666666667	0.0
800	2089.5	0.0
810	1986.8333333333333	0.0
820	2146.8333333333335	0.0
830	1684.0	0.0
840	1909.3333333333333	0.0
850	1649.1666666666667	0.0
860	1878.1666666666667	0.0
870	2197.5	0.0
880	2384.1666666666665	0.0
890	1904.6666666666667	0.0
900	1896.3333333333333	0.0
910	2118.5	0.0
920	2140.3333333333335	0.0
930	2019.6666666666667	0.0
940	1628.5	0.0
950	2164.8333333333335	0.0
960	1271.3333333333333	0.0
970	2015.3333333333333	0.0
980	2683.0	0.0
990	2667.0	0.0
1000	2624.0	0.0
