0	262.0	0.0
10	141.66666666666666	433.0
20	131.33333333333334	111.0
30	132.66666666666666	91.0
40	130.0	138.0
50	146.0	148.0
60	140.0	79.0
70	96.33333333333333	0.0
80	98.66666666666667	0.0
90	182.33333333333334	0.0
100	1051.0	0.0
110	994.3333333333334	0.0
120	1046.6666666666667	0.0
130	1236.3333333333333	0.0
140	1325.6666666666667	0.0
150	1711.3333333333333	0.0
160	1978.6666666666667	0.0
170	1447.3333333333333	0.0
180	2085.6666666666665	0.0
190	1820.6666666666667	0.0
200	1971.0	0.0
210	1995.6666666666667	0.0
220	2244.8333333333335	0.0
230	2240.6666666666665	0.0
240	2387.5	0.0
250	2246.8333333333335	0.0
260	2180.3333333333335	0.0
270	2255.3333333333335	0.0
280	2086.6666666666665	0.0
290	2291.6666666666665	0.0
300	2145.0	0.0
310	2234.6666666666665	0.0
320	2382.3333333333335	0.0
330	2174.0	0.0
340	2433.0	0.0
350	2527.6666666666665	0.0
360	2190.8333333333335	0.0
370	2692.5	0.0
380	2738.8333333333335	0.0
390	2500.8333333333335	0.0
400	2606.3333333333335	0.0
410	2441.0	0.0
420	3058.5	0.0
430	2533.5	0.0
440	2457.6666666666665	0.0
450	2733.0	0.0
460	2439.8333333333335	0.0
470	2287.1666666666665	0.0
480	2387.5	0.0
490	2686.5	0.0
500	2452.0	0.0
510	2539.6666666666665	0.0
520	2401.3333333333335	0.0
530	2293.3333333333335	0.0
540	2434.6666666666665	0.0
550	2106.8333333333335	0.0
560	2108.8333333333335	0.0
570	2638.5	0.0
580	2626.3333333333335	0.0
590	2539.0	0.0
600	2596.0	0.0
610	2735.6666666666665	0.0
620	2054.3333333333335	0.0
630	2557.8333333333335	0.0
640	2646.3333333333335	0.0
650	2667.0	0.0
660	2620.3333333333335	0.0
670	2709.6666666666665	0.0
680	2545.3333333333335	0.0
690	2494.6666666666665	0.0
700	2223.6666666666665	0.0
710	2485.0	0.0
720	2526.8333333333335	0.0
730	1970.5	0.0
740	2395.3333333333335	0.0
750	1867.3333333333333	0.0
760	1937.0	0.0
770	1997.6666666666667	0.0
780	2145.6666666666665	0.0
790	2375.0	0.0
800	2603.3333333333335	0.0
810	2480.6666666666665	0.0
820	1904.6666666666667	0.0
830	1993.6666666666667	0.0
840	2275.5	0.0
850	2514.5	0.0
860	2503.8333333333335	0.0
870	2495.1666666666665	0.0
880	2074.3333333333335	0.0
890	2127.6666666666665	0.0
900	2606.1666666666665	0.0
910	2398.3333333333335	0.0
920	1884.3333333333333	0.0
930	2117.0	0.0
940	2127.0	0.0
950	2037.0	0.0
960	1846.0	0.0
970	2033.5	0.0
980	1629.3333333333333	0.0
990	2118.3333333333335	0.0
1000	1992.8333333333333	0.0
