0	239.0	0.0
10	144.0	245.0
20	141.0	222.0
30	142.0	222.0
40	142.0	152.0
50	142.0	159.0
60	137.66666666666666	0.0
70	181.66666666666666	0.0
80	924.0	0.0
90	1214.0	0.0
100	998.3333333333334	0.0
110	1055.6666666666667	0.0
120	1005.6666666666666	0.0
130	1469.0	0.0
140	1799.6666666666667	0.0
150	1962.3333333333333	0.0
160	2324.3333333333335	0.0
170	2157.0	0.0
180	2241.1666666666665	0.0
190	2113.3333333333335	0.0
200	2104.0	0.0
210	2212.6666666666665	0.0
220	2024.3333333333333	0.0
230	2120.3333333333335	0.0
240	2072.1666666666665	0.0
250	2215.0	0.0
260	2319.8333333333335	0.0
270	2425.5	0.0
280	2126.0	0.0
290	2327.0	0.0
300	2189.8333333333335	0.0
310	2448.6666666666665	0.0
320	2444.0	0.0
330	2267.6666666666665	0.0
340	2456.1666666666665	0.0
350	2516.6666666666665	0.0
360	2633.5	0.0
370	2578.5	0.0
380	2517.8333333333335	0.0
390	2510.5	0.0
400	2576.0	0.0
410	2712.5	0.0
420	2419.1666666666665	0.0
430	2496.6666666666665	0.0
440	2433.8333333333335	0.0
450	2274.6666666666665	0.0
460	2507.0	0.0
470	2447.5	0.0
480	2481.3333333333335	0.0
490	2295.3333333333335	0.0
500	2323.3333333333335	0.0
510	2406.8333333333335	0.0
520	2558.3333333333335	0.0
530	2365.3333333333335	0.0
540	2535.1666666666665	0.0
550	2655.5	0.0
560	2444.0	0.0
570	2542.5	0.0
580	2586.6666666666665	0.0
590	2638.8333333333335	0.0
600	2461.3333333333335	0.0
610	2483.1666666666665	0.0
620	2501.6666666666665	0.0
630	2601.8333333333335	0.0
640	2613.3333333333335	0.0
650	2632.1666666666665	0.0
660	2374.0	0.0
670	2460.8333333333335	0.0
680	2596.3333333333335	0.0
690	2605.6666666666665	0.0
700	2469.6666666666665	0.0
710	2230.8333333333335	0.0
720	2053.1666666666665	0.0
730	2057.6666666666665	0.0
740	2206.6666666666665	0.0
750	1892.8333333333333	0.0
760	1801.8333333333333	0.0
770	2390.8333333333335	0.0
780	2039.8333333333333	0.0
790	1986.6666666666667	0.0
800	1997.0	0.0
810	1843.3333333333333	0.0
820	2231.5	0.0
830	1912.0	0.0
840	2145.6666666666665	0.0
850	2168.6666666666665	0.0
860	2138.6666666666665	0.0
870	1865.0	0.0
880	1953.3333333333333	0.0
890	2275.6666666666665	0.0
900	1591.5	0.0
910	1837.6666666666667	0.0
920	1775.3333333333333	0.0
930	1456.6666666666667	0.0
940	1929.8333333333333	0.0
950	1699.0	0.0
960	2422.0	0.0
970	2466.0	0.0
980	1767.6666666666667	0.0
990	1865.1666666666667	0.0
1000	2561.5	0.0
