0	227.0	0.0
10	70.33333333333333	380.0
20	166.66666666666666	267.0
30	142.33333333333334	167.0
40	100.0	186.0
50	102.0	0.0
60	138.0	0.0
70	859.6666666666666	0.0
80	1039.0	0.0
90	1408.0	0.0
100	1076.3333333333333	0.0
110	1599.6666666666667	0.0
120	1696.6666666666667	0.0
130	1507.3333333333333	0.0
140	1814.6666666666667	0.0
150	1626.3333333333333	0.0
160	1761.3333333333333	0.0
170	2023.0	0.0
180	1709.6666666666667	0.0
190	1935.3333333333333	0.0
200	2084.6666666666665	0.0
210	1986.0	0.0
220	2034.6666666666667	0.0
230	2036.0	0.0
240	2137.8333333333335	0.0
250	2315.1666666666665	0.0
260	1994.1666666666667	0.0
270	2045.0	0.0
280	2291.0	0.0
290	2292.6666666666665	0.0
300	2060.3333333333335	0.0
310	2202.1666666666665	0.0
320	2623.8333333333335	0.0
330	2529.8333333333335	0.0
340	2571.6666666666665	0.0
350	2320.8333333333335	0.0
360	2734.8333333333335	0.0
370	2412.0	0.0
380	2599.3333333333335	0.0
390	2369.5	0.0
400	2426.8333333333335	0.0
410	2732.5	0.0
420	2700.5	0.0
430	2584.1666666666665	0.0
440	2600.3333333333335	0.0
450	2486.5	0.0
460	2623.6666666666665	0.0
470	2562.0	0.0
480	2468.1666666666665	0.0
490	2735.5	0.0
500	2534.5	0.0
510	2570.8333333333335	0.0
520	2608.0	0.0
530	2687.3333333333335	0.0
540	2502.6666666666665	0.0
550	2714.5	0.0
560	2698.1666666666665	0.0
570	2503.1666666666665	0.0
580	2526.3333333333335	0.0
590	2406.5	0.0
600	2453.0	0.0
610	2617.1666666666665	0.0
620	2381.3333333333335	0.0
630	2341.1666666666665	0.0
640	2479.3333333333335	0.0
650	2580.0	0.0
660	2662.6666666666665	0.0
670	2611.0	0.0
680	2557.5	0.0
690	2435.5	0.0
700	1945.3333333333333	0.0
710	2301.1666666666665	0.0
720	2460.0	0.0
730	1884.6666666666667	0.0
740	2423.8333333333335	0.0
750	2064.3333333333335	0.0
760	1845.3333333333333	0.0
770	1555.1666666666667	0.0
780	2018.0	0.0
790	1539.8333333333333	0.0
800	1810.1666666666667	0.0
810	1824.8333333333333	0.0
820	1702.3333333333333	0.0
830	2127.6666666666665	0.0
840	2120.6666666666665	0.0
850	1890.8333333333333	0.0
860	1842.1666666666667	0.0
870	1733.0	0.0
880	1894.0	0.0
890	2170.0	0.0
900	2001.1666666666667	0.0
910	2124.3333333333335	0.0
920	2038.6666666666667	0.0
930	1784.0	0.0
940	1821.3333333333333	0.0
950	1703.3333333333333	0.0
960	1831.8333333333333	0.0
970	1961.3333333333333	0.0
980	2064.0	0.0
990	1800.6666666666667	0.0
1000	1983.0	0.0
