0	249.33333333333334	0.0	0.0	0.0	0.0	0.0	0.0
10	70.0	0.0	0.0	0.0	0.0	0.0	0.0
20	70.0	0.0	0.0	0.0	0.0	0.0	0.0
30	70.0	0.0	0.0	0.0	0.0	0.0	0.0
40	70.0	0.0	0.0	0.0	0.0	0.0	0.0
50	70.0	0.0	0.0	0.0	0.0	0.0	0.0
60	70.0	0.0	0.0	0.0	0.0	0.0	0.0
70	70.0	0.0	0.0	0.0	0.0	0.0	0.0
80	70.33333333333333	0.0	0.0	0.0	0.0	0.0	0.0
90	75.66666666666667	0.0	0.0	0.0	0.0	0.0	0.0
100	84.66666666666667	0.0	0.0	0.0	0.0	0.0	0.0
110	161.66666666666666	0.0	0.0	0.0	0.0	0.0	0.0
120	148.33333333333334	0.0	0.0	0.0	0.0	0.0	0.0
130	134.0	0.0	0.0	0.0	0.0	0.0	0.0
140	240.0	0.0	0.0	0.0	0.0	0.0	0.0
150	316.6666666666667	0.0	0.0	0.0	0.0	0.0	0.0
160	445.6666666666667	0.0	0.0	0.0	0.0	0.0	0.0
170	533.0	0.0	0.0	0.0	0.0	0.0	0.0
180	178.66666666666666	0.0	0.0	0.0	0.0	0.0	0.0
190	260.0	0.0	0.0	0.0	0.0	0.0	0.0
200	319.3333333333333	0.0	0.0	0.0	0.0	0.0	0.0
210	310.0	1.0	5.0	0.0	1.0	0.0	0.0
220	301.0	1.0	1.0	0.0	1.0	0.0	0.0
230	380.0	0.0	0.0	0.0	0.0	0.0	0.0
240	436.0	0.0	0.0	0.0	0.0	0.0	0.0
250	384.6666666666667	0.0	2.0	0.0	0.0	0.0	0.0
260	376.3333333333333	0.0	0.0	0.0	0.0	0.0	0.0
270	320.6666666666667	1.0	1.0	0.0	1.0	0.0	0.0
280	336.3333333333333	0.0	0.0	0.0	0.0	0.0	0.0
290	545.0	0.0	0.0	0.0	0.0	0.0	0.0
300	498.3333333333333	1.0	3.0	0.0	1.0	0.0	0.0
310	535.3333333333334	1.0	15.0	1.0	1.0	1.0	0.0
320	692.6666666666666	0.0	0.0	0.0	0.0	0.0	0.0
330	595.6666666666666	0.0	4.0	0.0	0.0	0.0	0.0
340	630.6666666666666	0.0	0.0	0.0	0.0	0.0	0.0
350	1134.0	3.0	51.0	2.0	2.0	1.0	1.0
360	1207.3333333333333	0.0	0.0	0.0	0.0	0.0	0.0
370	1377.5	0.0	2.0	0.0	0.0	0.0	0.0
380	1799.8333333333333	0.0	0.0	0.0	0.0	0.0	0.0
390	1219.8333333333333	0.0	2.0	0.0	0.0	0.0	0.0
400	1673.5	1.0	32.0	2.0	0.0	1.0	1.0
410	1749.5	1.0	1.0	1.0	1.0	0.0	0.0
420	1901.6666666666667	0.0	20.0	1.0	0.0	1.0	0.0
430	1819.8333333333333	0.0	1.0	0.0	0.0	0.0	0.0
440	1603.6666666666667	1.0	12.0	0.0	1.0	0.0	0.0
450	2000.1666666666667	1.0	12.0	1.0	1.0	1.0	0.0
460	1694.5	2.0	40.0	3.0	1.0	1.0	1.0
470	2244.1666666666665	1.0	20.0	0.0	1.0	0.0	0.0
480	1780.5	0.0	7.0	0.0	0.0	0.0	0.0
490	1605.5	0.0	13.0	0.0	0.0	0.0	0.0
500	1941.3333333333333	1.0	17.0	1.0	1.0	1.0	0.0
510	1965.0	2.0	16.0	1.0	2.0	1.0	0.0
520	1428.6666666666667	0.0	11.0	0.0	0.0	0.0	0.0
530	1773.0	1.0	10.0	0.0	1.0	0.0	0.0
540	1547.1666666666667	1.0	18.0	1.0	1.0	1.0	0.0
550	1664.3333333333333	0.0	1.0	0.0	0.0	0.0	0.0
560	2013.8333333333333	0.0	4.0	0.0	0.0	0.0	0.0
570	1908.3333333333333	0.0	8.0	1.0	0.0	1.0	0.0
580	2289.6666666666665	0.0	0.0	0.0	0.0	0.0	0.0
590	1645.0	0.0	7.0	0.0	0.0	0.0	0.0
600	1895.6666666666667	1.0	18.0	3.0	1.0	3.0	0.0
610	1600.0	3.0	63.0	3.0	3.0	3.0	0.0
620	1952.6666666666667	1.0	17.0	1.0	0.0	0.0	1.0
630	2507.0	0.0	4.0	0.0	0.0	0.0	0.0
640	2294.1666666666665	0.0	9.0	0.0	0.0	0.0	0.0
650	2460.0	1.0	15.0	2.0	0.0	1.0	1.0
660	2350.6666666666665	0.0	0.0	0.0	0.0	0.0	0.0
670	2311.5	0.0	0.0	0.0	0.0	0.0	0.0
680	2364.6666666666665	0.0	2.0	0.0	0.0	0.0	0.0
690	2659.3333333333335	0.0	1.0	0.0	0.0	0.0	0.0
700	2259.0	0.0	16.0	1.0	0.0	1.0	0.0
710	2215.3333333333335	0.0	31.0	1.0	0.0	1.0	0.0
720	2508.5	0.0	1.0	0.0	0.0	0.0	0.0
730	2402.0	0.0	4.0	0.0	0.0	0.0	0.0
740	2402.6666666666665	0.0	5.0	0.0	0.0	0.0	0.0
750	2191.6666666666665	0.0	32.0	0.0	0.0	0.0	0.0
760	2326.3333333333335	0.0	7.0	0.0	0.0	0.0	0.0
770	2445.0	0.0	1.0	0.0	0.0	0.0	0.0
780	2231.3333333333335	0.0	7.0	0.0	0.0	0.0	0.0
790	2313.8333333333335	0.0	7.0	0.0	0.0	0.0	0.0
800	2340.3333333333335	1.0	45.0	2.0	0.0	1.0	1.0
810	2582.0	0.0	9.0	0.0	0.0	0.0	0.0
820	2411.0	0.0	19.0	0.0	0.0	0.0	0.0
830	2436.3333333333335	0.0	50.0	2.0	0.0	2.0	0.0
840	2200.0	0.0	8.0	0.0	0.0	0.0	0.0
850	2580.6666666666665	0.0	0.0	0.0	0.0	0.0	0.0
860	2481.0	0.0	1.0	0.0	0.0	0.0	0.0
870	2597.1666666666665	0.0	12.0	0.0	0.0	0.0	0.0
880	2459.3333333333335	0.0	27.0	0.0	0.0	0.0	0.0
890	2303.3333333333335	0.0	0.0	0.0	0.0	0.0	0.0
900	2378.0	0.0	2.0	1.0	0.0	1.0	0.0
910	2203.0	0.0	3.0	0.0	0.0	0.0	0.0
920	2637.6666666666665	0.0	0.0	0.0	0.0	0.0	0.0
930	2454.6666666666665	1.0	33.0	1.0	0.0	0.0	1.0
940	1908.6666666666667	2.0	50.0	2.0	0.0	0.0	2.0
950	1789.6666666666667	1.0	7.0	1.0	0.0	0.0	1.0
960	1768.0	0.0	0.0	0.0	0.0	0.0	0.0
970	2037.3333333333333	0.0	0.0	0.0	0.0	0.0	0.0
980	1814.3333333333333	1.0	26.0	0.0	1.0	0.0	0.0
990	2098.3333333333335	0.0	0.0	0.0	0.0	0.0	0.0
1000	2394.6666666666665	1.0	7.0	1.0	0.0	0.0	1.0
