0	306.6666666666667	0.0	0.0	0.0	0.0	0.0	0.0
10	70.0	0.0	0.0	0.0	0.0	0.0	0.0
20	70.0	0.0	0.0	0.0	0.0	0.0	0.0
30	70.0	0.0	0.0	0.0	0.0	0.0	0.0
40	70.0	0.0	0.0	0.0	0.0	0.0	0.0
50	70.0	0.0	0.0	0.0	0.0	0.0	0.0
60	70.0	0.0	0.0	0.0	0.0	0.0	0.0
70	70.0	0.0	0.0	0.0	0.0	0.0	0.0
80	70.33333333333333	0.0	0.0	0.0	0.0	0.0	0.0
90	71.0	0.0	0.0	0.0	0.0	0.0	0.0
100	83.66666666666667	0.0	0.0	0.0	0.0	0.0	0.0
110	124.33333333333333	0.0	0.0	0.0	0.0	0.0	0.0
120	164.0	0.0	0.0	0.0	0.0	0.0	0.0
130	169.0	0.0	0.0	0.0	0.0	0.0	0.0
140	253.66666666666666	0.0	0.0	0.0	0.0	0.0	0.0
150	164.66666666666666	0.0	0.0	0.0	0.0	0.0	0.0
160	147.66666666666666	0.0	0.0	0.0	0.0	0.0	0.0
170	84.66666666666667	0.0	0.0	0.0	0.0	0.0	0.0
180	527.3333333333334	0.0	0.0	0.0	0.0	0.0	0.0
190	378.6666666666667	0.0	3.0	1.0	0.0	1.0	0.0
200	430.3333333333333	0.0	0.0	0.0	0.0	0.0	0.0
210	341.0	0.0	0.0	0.0	0.0	0.0	0.0
220	250.0	0.0	0.0	0.0	0.0	0.0	0.0
230	279.0	0.0	0.0	0.0	0.0	0.0	0.0
240	327.3333333333333	1.0	27.0	0.0	1.0	0.0	0.0
250	380.0	1.0	5.0	0.0	1.0	0.0	0.0
260	425.0	1.0	11.0	0.0	1.0	0.0	0.0
270	460.6666666666667	2.0	21.0	0.0	2.0	0.0	0.0
280	444.3333333333333	0.0	0.0	0.0	0.0	0.0	0.0
290	473.0	0.0	5.0	0.0	0.0	0.0	0.0
300	423.8333333333333	1.0	15.0	0.0	1.0	0.0	0.0
310	356.6666666666667	1.0	5.0	0.0	1.0	0.0	0.0
320	616.0	2.0	48.0	1.0	2.0	1.0	0.0
330	713.0	0.0	17.0	2.0	0.0	2.0	0.0
340	1275.8333333333333	0.0	0.0	0.0	0.0	0.0	0.0
350	889.0	1.0	24.0	2.0	1.0	2.0	0.0
360	641.1666666666666	0.0	1.0	0.0	0.0	0.0	0.0
370	1048.0	4.0	55.0	2.0	3.0	1.0	1.0
380	2263.5	0.0	7.0	0.0	0.0	0.0	0.0
390	2530.3333333333335	0.0	0.0	0.0	0.0	0.0	0.0
400	2353.3333333333335	0.0	13.0	0.0	0.0	0.0	0.0
410	2454.8333333333335	0.0	6.0	0.0	0.0	0.0	0.0
420	2435.0	1.0	0.0	1.0	0.0	0.0	1.0
430	2500.3333333333335	0.0	0.0	0.0	0.0	0.0	0.0
440	2289.3333333333335	0.0	23.0	0.0	0.0	0.0	0.0
450	2933.3333333333335	0.0	18.0	0.0	0.0	0.0	0.0
460	2556.3333333333335	0.0	24.0	1.0	0.0	1.0	0.0
470	2372.3333333333335	0.0	19.0	0.0	0.0	0.0	0.0
480	2394.3333333333335	0.0	1.0	0.0	0.0	0.0	0.0
490	2505.3333333333335	0.0	0.0	0.0	0.0	0.0	0.0
500	2403.3333333333335	0.0	32.0	0.0	0.0	0.0	0.0
510	2166.0	9.0	15.0	8.0	1.0	0.0	8.0
520	2061.6666666666665	0.0	0.0	0.0	0.0	0.0	0.0
530	2222.0	0.0	0.0	0.0	0.0	0.0	0.0
540	2424.0	0.0	0.0	0.0	0.0	0.0	0.0
550	2184.8333333333335	0.0	0.0	0.0	0.0	0.0	0.0
560	2510.1666666666665	0.0	7.0	1.0	0.0	1.0	0.0
570	2287.0	0.0	0.0	0.0	0.0	0.0	0.0
580	2450.0	0.0	0.0	0.0	0.0	0.0	0.0
590	2370.3333333333335	0.0	0.0	0.0	0.0	0.0	0.0
600	2128.5	0.0	0.0	0.0	0.0	0.0	0.0
610	1977.6666666666667	0.0	0.0	0.0	0.0	0.0	0.0
620	2145.8333333333335	0.0	0.0	0.0	0.0	0.0	0.0
630	2016.6666666666667	2.0	34.0	1.0	2.0	1.0	0.0
640	2159.8333333333335	5.0	77.0	3.0	5.0	3.0	0.0
650	1836.0	0.0	3.0	0.0	0.0	0.0	0.0
660	2045.5	0.0	39.0	0.0	0.0	0.0	0.0
670	1917.0	1.0	12.0	0.0	1.0	0.0	0.0
680	1914.6666666666667	1.0	57.0	0.0	1.0	0.0	0.0
690	1754.3333333333333	0.0	6.0	0.0	0.0	0.0	0.0
700	2035.3333333333333	2.0	49.0	0.0	2.0	0.0	0.0
710	2024.6666666666667	2.0	50.0	1.0	2.0	1.0	0.0
720	1874.1666666666667	1.0	15.0	1.0	1.0	1.0	0.0
730	2317.0	1.0	14.0	0.0	1.0	0.0	0.0
740	2014.0	2.0	48.0	2.0	2.0	2.0	0.0
750	2032.3333333333333	1.0	35.0	0.0	1.0	0.0	0.0
760	1862.0	1.0	35.0	3.0	0.0	2.0	1.0
770	2243.0	0.0	3.0	1.0	0.0	1.0	0.0
780	2228.3333333333335	0.0	48.0	1.0	0.0	1.0	0.0
790	2439.3333333333335	0.0	2.0	0.0	0.0	0.0	0.0
800	2400.3333333333335	0.0	11.0	0.0	0.0	0.0	0.0
810	2646.3333333333335	0.0	13.0	0.0	0.0	0.0	0.0
820	2509.3333333333335	0.0	0.0	0.0	0.0	0.0	0.0
830	2327.6666666666665	0.0	1.0	0.0	0.0	0.0	0.0
840	2327.6666666666665	0.0	19.0	0.0	0.0	0.0	0.0
850	2429.3333333333335	0.0	3.0	0.0	0.0	0.0	0.0
860	2537.1666666666665	0.0	0.0	0.0	0.0	0.0	0.0
870	2227.0	0.0	2.0	0.0	0.0	0.0	0.0
880	2433.1666666666665	0.0	0.0	0.0	0.0	0.0	0.0
890	2536.0	0.0	0.0	0.0	0.0	0.0	0.0
900	2409.5	1.0	43.0	2.0	0.0	1.0	1.0
910	2425.3333333333335	1.0	0.0	1.0	0.0	0.0	1.0
920	1840.6666666666667	1.0	24.0	2.0	0.0	1.0	1.0
930	2114.1666666666665	0.0	16.0	0.0	0.0	0.0	0.0
940	1824.5	1.0	12.0	1.0	0.0	0.0	1.0
950	1762.0	0.0	16.0	0.0	0.0	0.0	0.0
960	1790.6666666666667	0.0	0.0	0.0	0.0	0.0	0.0
970	1907.1666666666667	1.0	5.0	1.0	0.0	0.0	1.0
980	1938.6666666666667	1.0	0.0	1.0	0.0	0.0	1.0
990	2677.0	0.0	11.0	1.0	0.0	1.0	0.0
1000	2475.3333333333335	0.0	5.0	1.0	0.0	1.0	0.0
