0	224.66666666666666	0.0	0.0	0.0	0.0	0.0	0.0
10	70.0	0.0	0.0	0.0	0.0	0.0	0.0
20	70.0	0.0	0.0	0.0	0.0	0.0	0.0
30	70.0	0.0	0.0	0.0	0.0	0.0	0.0
40	70.0	0.0	0.0	0.0	0.0	0.0	0.0
50	70.0	0.0	0.0	0.0	0.0	0.0	0.0
60	70.0	0.0	0.0	0.0	0.0	0.0	0.0
70	70.0	0.0	0.0	0.0	0.0	0.0	0.0
80	70.66666666666667	0.0	0.0	0.0	0.0	0.0	0.0
90	94.66666666666667	0.0	0.0	0.0	0.0	0.0	0.0
100	79.33333333333333	0.0	0.0	0.0	0.0	0.0	0.0
110	85.33333333333333	0.0	0.0	0.0	0.0	0.0	0.0
120	189.33333333333334	0.0	0.0	0.0	0.0	0.0	0.0
130	72.66666666666667	0.0	0.0	0.0	0.0	0.0	0.0
140	230.66666666666666	0.0	0.0	0.0	0.0	0.0	0.0
150	149.66666666666666	0.0	0.0	0.0	0.0	0.0	0.0
160	502.6666666666667	0.0	0.0	0.0	0.0	0.0	0.0
170	254.33333333333334	0.0	0.0	0.0	0.0	0.0	0.0
180	268.6666666666667	0.0	0.0	0.0	0.0	0.0	0.0
190	159.66666666666666	0.0	3.0	0.0	0.0	0.0	0.0
200	265.0	1.0	1.0	0.0	1.0	0.0	0.0
210	142.0	0.0	0.0	0.0	0.0	0.0	0.0
220	331.6666666666667	0.0	0.0	0.0	0.0	0.0	0.0
230	295.0	0.0	0.0	0.0	0.0	0.0	0.0
240	444.6666666666667	0.0	0.0	0.0	0.0	0.0	0.0
250	377.6666666666667	0.0	0.0	0.0	0.0	0.0	0.0
260	353.3333333333333	0.0	2.0	0.0	0.0	0.0	0.0
270	400.6666666666667	1.0	3.0	0.0	1.0	0.0	0.0
280	489.6666666666667	1.0	3.0	1.0	1.0	0.0	0.0
290	689.5	0.0	14.0	1.0	0.0	1.0	0.0
300	1076.6666666666667	0.0	0.0	0.0	0.0	0.0	0.0
310	956.6666666666666	2.0	49.0	3.0	2.0	3.0	0.0
320	916.6666666666666	0.0	1.0	0.0	0.0	0.0	0.0
330	1374.6666666666667	0.0	0.0	0.0	0.0	0.0	0.0
340	1952.3333333333333	2.0	36.0	0.0	2.0	0.0	0.0
350	1771.1666666666667	2.0	26.0	0.0	2.0	0.0	0.0
360	1158.0	1.0	12.0	0.0	1.0	0.0	0.0
370	1656.6666666666667	1.0	26.0	1.0	1.0	1.0	0.0
380	2126.6666666666665	0.0	1.0	0.0	0.0	0.0	0.0
390	2287.3333333333335	0.0	13.0	2.0	0.0	2.0	0.0
400	2429.6666666666665	0.0	58.0	0.0	0.0	0.0	0.0
410	2474.0	0.0	0.0	0.0	0.0	0.0	0.0
420	2447.0	1.0	16.0	1.0	0.0	0.0	1.0
430	2258.3333333333335	0.0	12.0	0.0	0.0	0.0	0.0
440	2210.3333333333335	1.0	39.0	3.0	0.0	2.0	1.0
450	2425.8333333333335	0.0	0.0	0.0	0.0	0.0	0.0
460	2567.6666666666665	0.0	2.0	0.0	0.0	0.0	0.0
470	2493.3333333333335	0.0	1.0	0.0	0.0	0.0	0.0
480	2482.3333333333335	2.0	4.0	2.0	0.0	0.0	2.0
490	2632.0	1.0	23.0	1.0	0.0	0.0	1.0
500	2605.6666666666665	1.0	0.0	1.0	0.0	0.0	1.0
510	2061.1666666666665	0.0	1.0	0.0	0.0	0.0	0.0
520	1530.8333333333333	0.0	13.0	0.0	0.0	0.0	0.0
530	1632.6666666666667	0.0	4.0	0.0	0.0	0.0	0.0
540	1637.6666666666667	0.0	0.0	0.0	0.0	0.0	0.0
550	2002.3333333333333	0.0	20.0	0.0	0.0	0.0	0.0
560	2248.6666666666665	2.0	22.0	2.0	0.0	0.0	2.0
570	2033.0	0.0	0.0	0.0	0.0	0.0	0.0
580	1703.6666666666667	0.0	22.0	0.0	0.0	0.0	0.0
590	2154.8333333333335	0.0	29.0	1.0	0.0	1.0	0.0
600	2309.6666666666665	1.0	19.0	0.0	1.0	0.0	0.0
610	2364.8333333333335	1.0	24.0	0.0	1.0	0.0	0.0
620	2502.3333333333335	0.0	2.0	0.0	0.0	0.0	0.0
630	2463.5	0.0	2.0	0.0	0.0	0.0	0.0
640	2432.0	1.0	5.0	1.0	0.0	0.0	1.0
650	2677.6666666666665	0.0	14.0	1.0	0.0	1.0	0.0
660	2365.5	0.0	33.0	3.0	0.0	3.0	0.0
670	2461.0	0.0	0.0	0.0	0.0	0.0	0.0
680	2127.0	0.0	0.0	0.0	0.0	0.0	0.0
690	2436.6666666666665	0.0	2.0	1.0	0.0	1.0	0.0
700	2337.3333333333335	0.0	0.0	0.0	0.0	0.0	0.0
710	2530.0	0.0	0.0	0.0	0.0	0.0	0.0
720	2617.6666666666665	0.0	0.0	0.0	0.0	0.0	0.0
730	2426.5	0.0	36.0	0.0	0.0	0.0	0.0
740	2186.6666666666665	0.0	9.0	0.0	0.0	0.0	0.0
750	1977.0	0.0	10.0	0.0	0.0	0.0	0.0
760	1560.6666666666667	0.0	0.0	0.0	0.0	0.0	0.0
770	1784.0	0.0	2.0	0.0	0.0	0.0	0.0
780	1836.8333333333333	0.0	24.0	2.0	0.0	2.0	0.0
790	2445.6666666666665	2.0	61.0	3.0	0.0	1.0	2.0
800	2293.3333333333335	0.0	14.0	1.0	0.0	1.0	0.0
810	2350.1666666666665	0.0	19.0	1.0	0.0	1.0	0.0
820	2247.0	0.0	0.0	0.0	0.0	0.0	0.0
830	1750.0	0.0	13.0	1.0	0.0	1.0	0.0
840	2096.6666666666665	0.0	14.0	0.0	0.0	0.0	0.0
850	1779.6666666666667	1.0	15.0	2.0	0.0	1.0	1.0
860	1996.5	0.0	91.0	0.0	0.0	0.0	0.0
870	1703.0	0.0	15.0	1.0	0.0	1.0	0.0
880	2102.5	0.0	0.0	0.0	0.0	0.0	0.0
890	1643.6666666666667	0.0	5.0	0.0	0.0	0.0	0.0
900	1873.6666666666667	0.0	0.0	0.0	0.0	0.0	0.0
910	1767.5	0.0	29.0	0.0	0.0	0.0	0.0
920	1495.1666666666667	1.0	32.0	0.0	1.0	0.0	0.0
930	2500.8333333333335	0.0	1.0	0.0	0.0	0.0	0.0
940	2337.6666666666665	0.0	5.0	1.0	0.0	1.0	0.0
950	1535.3333333333333	1.0	91.0	5.0	0.0	4.0	1.0
960	1696.6666666666667	0.0	1.0	0.0	0.0	0.0	0.0
970	1992.0	0.0	0.0	0.0	0.0	0.0	0.0
980	2476.6666666666665	0.0	2.0	0.0	0.0	0.0	0.0
990	2339.3333333333335	0.0	17.0	0.0	0.0	0.0	0.0
1000	2427.8333333333335	0.0	2.0	1.0	0.0	1.0	0.0
