0	251.0	0.0
10	1889.1666666666667	36.0
20	2000.8333333333333	31.0
30	2166.6666666666665	34.0
40	2008.8333333333333	55.0
50	2183.0	40.0
60	2122.6666666666665	48.0
70	2246.5	40.0
80	2221.6666666666665	68.0
90	2352.6666666666665	78.0
100	2255.5	29.0
110	2239.8333333333335	80.0
120	2475.1666666666665	67.0
130	2292.6666666666665	17.0
140	2338.8333333333335	0.0
150	2224.5	7.0
160	2524.1666666666665	31.0
170	2348.6666666666665	141.0
180	2518.3333333333335	77.0
190	2756.0	28.0
200	2406.6666666666665	23.0
210	2450.5	22.0
220	2506.6666666666665	14.0
230	2654.0	24.0
240	2614.0	10.0
250	2513.1666666666665	0.0
260	2685.1666666666665	0.0
270	2585.6666666666665	0.0
280	2559.6666666666665	0.0
290	2475.0	0.0
300	2558.8333333333335	0.0
310	2786.6666666666665	0.0
320	2808.8333333333335	0.0
330	2571.1666666666665	0.0
340	2800.0	0.0
350	2459.3333333333335	0.0
360	2891.3333333333335	0.0
370	2763.1666666666665	0.0
380	2537.5	0.0
390	2964.0	0.0
400	3041.0	0.0
410	2564.6666666666665	0.0
420	2845.6666666666665	0.0
430	2868.3333333333335	0.0
440	2674.5	0.0
450	2650.3333333333335	0.0
460	2976.3333333333335	0.0
470	2859.1666666666665	0.0
480	2930.1666666666665	0.0
490	3202.5	0.0
500	3097.6666666666665	0.0
510	2630.3333333333335	0.0
520	2775.1666666666665	0.0
530	2806.1666666666665	0.0
540	3036.3333333333335	0.0
550	2729.6666666666665	0.0
560	3043.5	0.0
570	3134.0	0.0
580	3022.6666666666665	0.0
590	2716.8333333333335	0.0
600	3154.3333333333335	0.0
610	3084.8333333333335	0.0
620	3109.3333333333335	0.0
630	3194.5	0.0
640	2903.8333333333335	0.0
650	2667.1666666666665	0.0
660	2869.6666666666665	0.0
670	3085.6666666666665	0.0
680	2945.3333333333335	0.0
690	3030.5	0.0
700	2964.3333333333335	0.0
710	2893.5	0.0
720	3105.1666666666665	0.0
730	2913.0	0.0
740	3224.5	0.0
750	2913.5	0.0
760	2660.6666666666665	0.0
770	3329.0	0.0
780	3475.3333333333335	0.0
790	3314.0	0.0
800	3218.8333333333335	0.0
810	3160.8333333333335	0.0
820	2963.6666666666665	0.0
830	3025.6666666666665	0.0
840	2985.8333333333335	0.0
850	2993.5	0.0
860	3157.6666666666665	0.0
870	3112.5	0.0
880	3281.3333333333335	0.0
890	2910.0	0.0
900	3112.6666666666665	0.0
910	3055.3333333333335	0.0
920	2926.3333333333335	0.0
930	2956.6666666666665	0.0
940	3149.5	0.0
950	3191.0	0.0
960	3084.3333333333335	0.0
970	3292.6666666666665	0.0
980	3434.6666666666665	0.0
990	3100.8333333333335	0.0
1000	3292.0	0.0
