0	264.3333333333333	0.0
10	2010.8333333333333	14.0
20	2034.5	0.0
30	2166.0	53.0
40	2254.3333333333335	12.0
50	2132.0	16.0
60	2140.3333333333335	19.0
70	2125.3333333333335	20.0
80	2201.3333333333335	32.0
90	2054.5	19.0
100	2177.6666666666665	25.0
110	2136.5	25.0
120	2048.8333333333335	43.0
130	2296.5	10.0
140	2395.8333333333335	43.0
150	2321.8333333333335	3.0
160	2362.5	7.0
170	2271.6666666666665	89.0
180	2504.0	54.0
190	2355.1666666666665	19.0
200	2345.8333333333335	60.0
210	2504.1666666666665	11.0
220	2504.3333333333335	20.0
230	2600.1666666666665	50.0
240	2328.3333333333335	25.0
250	2350.0	20.0
260	2584.8333333333335	13.0
270	2653.1666666666665	20.0
280	2653.3333333333335	25.0
290	2710.1666666666665	8.0
300	2691.3333333333335	21.0
310	2717.8333333333335	6.0
320	2684.3333333333335	16.0
330	2763.8333333333335	18.0
340	2474.0	26.0
350	2657.0	31.0
360	2759.1666666666665	16.0
370	2729.0	77.0
380	2960.1666666666665	5.0
390	2856.1666666666665	7.0
400	2935.6666666666665	22.0
410	2781.3333333333335	0.0
420	2713.0	0.0
430	2867.0	0.0
440	2565.3333333333335	0.0
450	2818.0	0.0
460	2730.5	0.0
470	2964.1666666666665	0.0
480	2844.3333333333335	0.0
490	2763.1666666666665	0.0
500	2755.0	0.0
510	2877.6666666666665	0.0
520	2889.6666666666665	0.0
530	3230.1666666666665	0.0
540	3024.6666666666665	0.0
550	2939.6666666666665	0.0
560	2942.3333333333335	0.0
570	3106.8333333333335	0.0
580	3098.3333333333335	0.0
590	3145.8333333333335	0.0
600	2983.8333333333335	0.0
610	3208.8333333333335	0.0
620	3106.6666666666665	0.0
630	2992.3333333333335	0.0
640	2945.3333333333335	0.0
650	2965.3333333333335	0.0
660	3093.1666666666665	0.0
670	3297.6666666666665	0.0
680	2670.1666666666665	0.0
690	3203.3333333333335	0.0
700	3017.6666666666665	0.0
710	3034.0	0.0
720	3213.3333333333335	0.0
730	3254.6666666666665	0.0
740	3218.8333333333335	0.0
750	3039.3333333333335	0.0
760	3148.0	0.0
770	3196.1666666666665	0.0
780	3466.1666666666665	0.0
790	3225.1666666666665	0.0
800	3059.5	0.0
810	3270.1666666666665	0.0
820	3345.6666666666665	0.0
830	2986.8333333333335	0.0
840	3171.5	0.0
850	3357.5	0.0
860	3039.1666666666665	0.0
870	3385.0	0.0
880	3361.6666666666665	0.0
890	3325.6666666666665	0.0
900	3443.3333333333335	0.0
910	3243.6666666666665	0.0
920	3174.5	0.0
930	3364.1666666666665	0.0
940	3340.1666666666665	0.0
950	3272.8333333333335	0.0
960	3063.5	0.0
970	3268.0	0.0
980	3287.3333333333335	0.0
990	3344.0	0.0
1000	3457.5	0.0
