0	262.0	0.0	0.0	0.0	0.0	0.0	0.0
10	2153.1666666666665	66.0	605.0	69.0	53.0	51.0	13.0
20	2128.6666666666665	375.0	582.0	378.0	52.0	38.0	323.0
30	2107.3333333333335	80.0	500.0	70.0	35.0	25.0	45.0
40	2084.6666666666665	97.0	585.0	89.0	79.0	58.0	18.0
50	1982.1666666666667	113.0	960.0	125.0	78.0	68.0	35.0
60	2022.3333333333333	112.0	238.0	91.0	71.0	34.0	41.0
70	2082.0	59.0	371.0	75.0	12.0	21.0	47.0
80	1911.0	48.0	496.0	56.0	27.0	34.0	21.0
90	2157.6666666666665	50.0	445.0	67.0	25.0	24.0	25.0
100	2391.3333333333335	0.0	0.0	0.0	0.0	0.0	0.0
110	2234.5	0.0	0.0	0.0	0.0	0.0	0.0
120	1969.0	0.0	0.0	0.0	0.0	0.0	0.0
130	2473.8333333333335	0.0	0.0	0.0	0.0	0.0	0.0
140	2240.5	0.0	0.0	0.0	0.0	0.0	0.0
150	2236.6666666666665	0.0	0.0	0.0	0.0	0.0	0.0
160	2479.0	0.0	0.0	0.0	0.0	0.0	0.0
170	2421.6666666666665	0.0	0.0	0.0	0.0	0.0	0.0
180	2243.5	0.0	0.0	0.0	0.0	0.0	0.0
190	2311.1666666666665	0.0	0.0	0.0	0.0	0.0	0.0
200	2655.6666666666665	0.0	0.0	0.0	0.0	0.0	0.0
210	2705.8333333333335	0.0	0.0	0.0	0.0	0.0	0.0
220	2398.8333333333335	0.0	0.0	0.0	0.0	0.0	0.0
230	2522.8333333333335	0.0	0.0	0.0	0.0	0.0	0.0
240	2856.1666666666665	0.0	0.0	0.0	0.0	0.0	0.0
250	2727.0	0.0	0.0	0.0	0.0	0.0	0.0
260	2867.1666666666665	0.0	0.0	0.0	0.0	0.0	0.0
270	2619.8333333333335	0.0	0.0	0.0	0.0	0.0	0.0
280	2862.3333333333335	0.0	0.0	0.0	0.0	0.0	0.0
290	3002.3333333333335	0.0	0.0	0.0	0.0	0.0	0.0
300	2631.8333333333335	0.0	0.0	0.0	0.0	0.0	0.0
310	3189.1666666666665	0.0	0.0	0.0	0.0	0.0	0.0
320	2835.1666666666665	0.0	0.0	0.0	0.0	0.0	0.0
330	3011.5	0.0	0.0	0.0	0.0	0.0	0.0
340	3224.3333333333335	0.0	0.0	0.0	0.0	0.0	0.0
350	2863.3333333333335	0.0	0.0	0.0	0.0	0.0	0.0
360	3091.0	0.0	0.0	0.0	0.0	0.0	0.0
370	2688.6666666666665	0.0	0.0	0.0	0.0	0.0	0.0
380	3160.8333333333335	0.0	0.0	0.0	0.0	0.0	0.0
390	2814.0	0.0	0.0	0.0	0.0	0.0	0.0
400	3270.5	0.0	0.0	0.0	0.0	0.0	0.0
410	3175.1666666666665	0.0	0.0	0.0	0.0	0.0	0.0
420	3319.8333333333335	0.0	0.0	0.0	0.0	0.0	0.0
430	3439.6666666666665	0.0	0.0	0.0	0.0	0.0	0.0
440	3547.3333333333335	0.0	0.0	0.0	0.0	0.0	0.0
450	3698.0	0.0	0.0	0.0	0.0	0.0	0.0
460	3708.3333333333335	0.0	0.0	0.0	0.0	0.0	0.0
470	2897.8333333333335	0.0	0.0	0.0	0.0	0.0	0.0
480	3460.5	0.0	0.0	0.0	0.0	0.0	0.0
490	3607.0	0.0	0.0	0.0	0.0	0.0	0.0
500	3657.3333333333335	0.0	0.0	0.0	0.0	0.0	0.0
510	3292.3333333333335	0.0	0.0	0.0	0.0	0.0	0.0
520	3617.3333333333335	0.0	0.0	0.0	0.0	0.0	0.0
530	3161.8333333333335	0.0	0.0	0.0	0.0	0.0	0.0
540	3072.1666666666665	0.0	0.0	0.0	0.0	0.0	0.0
550	3550.8333333333335	0.0	0.0	0.0	0.0	0.0	0.0
560	3163.5	0.0	0.0	0.0	0.0	0.0	0.0
570	3578.5	0.0	0.0	0.0	0.0	0.0	0.0
580	3456.3333333333335	0.0	0.0	0.0	0.0	0.0	0.0
590	3401.3333333333335	0.0	0.0	0.0	0.0	0.0	0.0
600	3806.5	0.0	0.0	0.0	0.0	0.0	0.0
610	3473.0	0.0	0.0	0.0	0.0	0.0	0.0
620	3807.6666666666665	0.0	0.0	0.0	0.0	0.0	0.0
630	3625.1666666666665	0.0	0.0	0.0	0.0	0.0	0.0
640	4044.1666666666665	0.0	0.0	0.0	0.0	0.0	0.0
650	3949.8333333333335	0.0	0.0	0.0	0.0	0.0	0.0
660	3748.0	0.0	0.0	0.0	0.0	0.0	0.0
670	3992.8333333333335	0.0	0.0	0.0	0.0	0.0	0.0
680	3462.1666666666665	0.0	0.0	0.0	0.0	0.0	0.0
690	3851.0	0.0	0.0	0.0	0.0	0.0	0.0
700	3637.0	0.0	0.0	0.0	0.0	0.0	0.0
710	3538.1666666666665	0.0	0.0	0.0	0.0	0.0	0.0
720	3741.3333333333335	0.0	0.0	0.0	0.0	0.0	0.0
730	4048.0	0.0	0.0	0.0	0.0	0.0	0.0
740	4001.0	0.0	0.0	0.0	0.0	0.0	0.0
750	3249.6666666666665	0.0	0.0	0.0	0.0	0.0	0.0
760	3565.8333333333335	0.0	0.0	0.0	0.0	0.0	0.0
770	3861.1666666666665	0.0	0.0	0.0	0.0	0.0	0.0
780	3750.8333333333335	0.0	0.0	0.0	0.0	0.0	0.0
790	3688.1666666666665	0.0	0.0	0.0	0.0	0.0	0.0
800	3541.0	0.0	0.0	0.0	0.0	0.0	0.0
810	3481.1666666666665	0.0	0.0	0.0	0.0	0.0	0.0
820	3911.5	0.0	0.0	0.0	0.0	0.0	0.0
830	3639.0	0.0	0.0	0.0	0.0	0.0	0.0
840	4023.8333333333335	0.0	0.0	0.0	0.0	0.0	0.0
850	3921.8333333333335	0.0	0.0	0.0	0.0	0.0	0.0
860	3670.0	0.0	0.0	0.0	0.0	0.0	0.0
870	3733.3333333333335	0.0	0.0	0.0	0.0	0.0	0.0
880	3954.5	0.0	0.0	0.0	0.0	0.0	0.0
890	3681.1666666666665	0.0	0.0	0.0	0.0	0.0	0.0
900	3723.8333333333335	0.0	0.0	0.0	0.0	0.0	0.0
910	3892.5	0.0	0.0	0.0	0.0	0.0	0.0
920	3399.6666666666665	0.0	0.0	0.0	0.0	0.0	0.0
930	3613.8333333333335	0.0	0.0	0.0	0.0	0.0	0.0
940	3756.0	0.0	0.0	0.0	0.0	0.0	0.0
950	3659.8333333333335	0.0	0.0	0.0	0.0	0.0	0.0
960	3650.6666666666665	0.0	0.0	0.0	0.0	0.0	0.0
970	3778.3333333333335	0.0	0.0	0.0	0.0	0.0	0.0
980	3885.0	0.0	0.0	0.0	0.0	0.0	0.0
990	3516.6666666666665	0.0	0.0	0.0	0.0	0.0	0.0
1000	3390.6666666666665	0.0	0.0	0.0	0.0	0.0	0.0
