0	258.0	0.0	0.0	0.0	0.0	0.0	0.0
10	2053.0	59.0	478.0	62.0	47.0	36.0	12.0
20	2032.8333333333333	72.0	501.0	76.0	58.0	55.0	14.0
30	2100.8333333333335	33.0	830.0	65.0	25.0	56.0	8.0
40	2125.1666666666665	130.0	826.0	95.0	96.0	57.0	34.0
50	1705.0	104.0	539.0	135.0	45.0	50.0	59.0
60	2152.6666666666665	59.0	560.0	52.0	42.0	30.0	17.0
70	2057.5	156.0	713.0	93.0	139.0	59.0	17.0
80	2423.3333333333335	87.0	600.0	69.0	46.0	22.0	41.0
90	2266.3333333333335	95.0	543.0	77.0	61.0	35.0	34.0
100	2693.6666666666665	72.0	862.0	84.0	53.0	53.0	19.0
110	2625.3333333333335	89.0	888.0	76.0	70.0	53.0	19.0
120	2583.0	44.0	171.0	34.0	28.0	13.0	16.0
130	2581.1666666666665	0.0	0.0	0.0	0.0	0.0	0.0
140	2493.6666666666665	0.0	0.0	0.0	0.0	0.0	0.0
150	2129.1666666666665	0.0	0.0	0.0	0.0	0.0	0.0
160	2507.5	0.0	0.0	0.0	0.0	0.0	0.0
170	2423.3333333333335	0.0	0.0	0.0	0.0	0.0	0.0
180	2213.6666666666665	0.0	0.0	0.0	0.0	0.0	0.0
190	2718.6666666666665	0.0	0.0	0.0	0.0	0.0	0.0
200	2730.8333333333335	0.0	0.0	0.0	0.0	0.0	0.0
210	2770.3333333333335	0.0	0.0	0.0	0.0	0.0	0.0
220	2581.8333333333335	0.0	0.0	0.0	0.0	0.0	0.0
230	2713.1666666666665	0.0	0.0	0.0	0.0	0.0	0.0
240	2788.1666666666665	0.0	0.0	0.0	0.0	0.0	0.0
250	2782.3333333333335	0.0	0.0	0.0	0.0	0.0	0.0
260	2986.1666666666665	0.0	0.0	0.0	0.0	0.0	0.0
270	2490.6666666666665	0.0	0.0	0.0	0.0	0.0	0.0
280	2514.3333333333335	0.0	0.0	0.0	0.0	0.0	0.0
290	2544.1666666666665	0.0	0.0	0.0	0.0	0.0	0.0
300	2816.0	0.0	0.0	0.0	0.0	0.0	0.0
310	2617.5	0.0	0.0	0.0	0.0	0.0	0.0
320	2925.1666666666665	0.0	0.0	0.0	0.0	0.0	0.0
330	2976.3333333333335	0.0	0.0	0.0	0.0	0.0	0.0
340	3377.3333333333335	0.0	0.0	0.0	0.0	0.0	0.0
350	3408.0	0.0	0.0	0.0	0.0	0.0	0.0
360	2931.1666666666665	0.0	0.0	0.0	0.0	0.0	0.0
370	3197.6666666666665	0.0	0.0	0.0	0.0	0.0	0.0
380	3345.3333333333335	0.0	0.0	0.0	0.0	0.0	0.0
390	3642.8333333333335	0.0	0.0	0.0	0.0	0.0	0.0
400	3563.8333333333335	0.0	0.0	0.0	0.0	0.0	0.0
410	3235.6666666666665	0.0	0.0	0.0	0.0	0.0	0.0
420	3221.6666666666665	0.0	0.0	0.0	0.0	0.0	0.0
430	3074.1666666666665	0.0	0.0	0.0	0.0	0.0	0.0
440	3466.8333333333335	0.0	0.0	0.0	0.0	0.0	0.0
450	3151.5	0.0	0.0	0.0	0.0	0.0	0.0
460	3073.6666666666665	0.0	0.0	0.0	0.0	0.0	0.0
470	3677.1666666666665	0.0	0.0	0.0	0.0	0.0	0.0
480	3235.5	0.0	0.0	0.0	0.0	0.0	0.0
490	3636.6666666666665	0.0	0.0	0.0	0.0	0.0	0.0
500	3272.1666666666665	0.0	0.0	0.0	0.0	0.0	0.0
510	3249.3333333333335	0.0	0.0	0.0	0.0	0.0	0.0
520	3825.3333333333335	0.0	0.0	0.0	0.0	0.0	0.0
530	3472.8333333333335	0.0	0.0	0.0	0.0	0.0	0.0
540	2917.5	0.0	0.0	0.0	0.0	0.0	0.0
550	3684.5	0.0	0.0	0.0	0.0	0.0	0.0
560	3630.6666666666665	0.0	0.0	0.0	0.0	0.0	0.0
570	3637.8333333333335	0.0	0.0	0.0	0.0	0.0	0.0
580	3418.6666666666665	0.0	0.0	0.0	0.0	0.0	0.0
590	3523.8333333333335	0.0	0.0	0.0	0.0	0.0	0.0
600	3898.5	0.0	0.0	0.0	0.0	0.0	0.0
610	3781.5	0.0	0.0	0.0	0.0	0.0	0.0
620	3775.0	0.0	0.0	0.0	0.0	0.0	0.0
630	3560.8333333333335	0.0	0.0	0.0	0.0	0.0	0.0
640	3634.0	0.0	0.0	0.0	0.0	0.0	0.0
650	3673.1666666666665	0.0	0.0	0.0	0.0	0.0	0.0
660	3425.1666666666665	0.0	0.0	0.0	0.0	0.0	0.0
670	3909.0	0.0	0.0	0.0	0.0	0.0	0.0
680	3454.3333333333335	0.0	0.0	0.0	0.0	0.0	0.0
690	4038.1666666666665	0.0	0.0	0.0	0.0	0.0	0.0
700	3693.6666666666665	0.0	0.0	0.0	0.0	0.0	0.0
710	3880.1666666666665	0.0	0.0	0.0	0.0	0.0	0.0
720	3731.1666666666665	0.0	0.0	0.0	0.0	0.0	0.0
730	3650.5	0.0	0.0	0.0	0.0	0.0	0.0
740	4054.8333333333335	0.0	0.0	0.0	0.0	0.0	0.0
750	3556.8333333333335	0.0	0.0	0.0	0.0	0.0	0.0
760	3564.0	0.0	0.0	0.0	0.0	0.0	0.0
770	3803.0	0.0	0.0	0.0	0.0	0.0	0.0
780	3841.3333333333335	0.0	0.0	0.0	0.0	0.0	0.0
790	3834.8333333333335	0.0	0.0	0.0	0.0	0.0	0.0
800	3944.5	0.0	0.0	0.0	0.0	0.0	0.0
810	3698.5	0.0	0.0	0.0	0.0	0.0	0.0
820	3742.5	0.0	0.0	0.0	0.0	0.0	0.0
830	3716.8333333333335	0.0	0.0	0.0	0.0	0.0	0.0
840	3991.5	0.0	0.0	0.0	0.0	0.0	0.0
850	3406.8333333333335	0.0	0.0	0.0	0.0	0.0	0.0
860	3102.8333333333335	0.0	0.0	0.0	0.0	0.0	0.0
870	3450.8333333333335	0.0	0.0	0.0	0.0	0.0	0.0
880	3675.3333333333335	0.0	0.0	0.0	0.0	0.0	0.0
890	3425.1666666666665	0.0	0.0	0.0	0.0	0.0	0.0
900	4016.6666666666665	0.0	0.0	0.0	0.0	0.0	0.0
910	3889.6666666666665	0.0	0.0	0.0	0.0	0.0	0.0
920	3731.0	0.0	0.0	0.0	0.0	0.0	0.0
930	3902.3333333333335	0.0	0.0	0.0	0.0	0.0	0.0
940	3900.5	0.0	0.0	0.0	0.0	0.0	0.0
950	3600.5	0.0	0.0	0.0	0.0	0.0	0.0
960	3581.5	0.0	0.0	0.0	0.0	0.0	0.0
970	4197.5	0.0	0.0	0.0	0.0	0.0	0.0
980	3919.5	0.0	0.0	0.0	0.0	0.0	0.0
990	3748.0	0.0	0.0	0.0	0.0	0.0	0.0
1000	3846.1666666666665	0.0	0.0	0.0	0.0	0.0	0.0
