0	248.0	0.0	0.0	0.0	0.0	0.0	0.0
10	2030.8333333333333	128.0	494.0	109.0	63.0	39.0	65.0
20	2147.3333333333335	100.0	935.0	100.0	81.0	68.0	19.0
30	2136.0	100.0	538.0	65.0	72.0	34.0	28.0
40	2097.8333333333335	101.0	788.0	94.0	53.0	36.0	48.0
50	2237.6666666666665	228.0	664.0	180.0	136.0	62.0	92.0
60	2404.3333333333335	79.0	522.0	69.0	63.0	50.0	16.0
70	1921.3333333333333	104.0	534.0	108.0	45.0	44.0	59.0
80	2037.0	19.0	464.0	61.0	8.0	50.0	11.0
90	2401.5	38.0	504.0	52.0	28.0	34.0	10.0
100	2758.1666666666665	48.0	582.0	43.0	38.0	30.0	10.0
110	2466.8333333333335	55.0	412.0	39.0	48.0	23.0	7.0
120	2466.0	0.0	0.0	0.0	0.0	0.0	0.0
130	2693.8333333333335	0.0	0.0	0.0	0.0	0.0	0.0
140	2873.8333333333335	0.0	0.0	0.0	0.0	0.0	0.0
150	2650.8333333333335	0.0	0.0	0.0	0.0	0.0	0.0
160	2930.0	0.0	0.0	0.0	0.0	0.0	0.0
170	2705.1666666666665	0.0	0.0	0.0	0.0	0.0	0.0
180	2479.1666666666665	0.0	0.0	0.0	0.0	0.0	0.0
190	3052.8333333333335	0.0	0.0	0.0	0.0	0.0	0.0
200	2595.1666666666665	0.0	0.0	0.0	0.0	0.0	0.0
210	2779.1666666666665	0.0	0.0	0.0	0.0	0.0	0.0
220	2689.3333333333335	0.0	0.0	0.0	0.0	0.0	0.0
230	2955.6666666666665	0.0	0.0	0.0	0.0	0.0	0.0
240	2550.6666666666665	0.0	0.0	0.0	0.0	0.0	0.0
250	2951.3333333333335	0.0	0.0	0.0	0.0	0.0	0.0
260	3181.6666666666665	0.0	0.0	0.0	0.0	0.0	0.0
270	3384.0	0.0	0.0	0.0	0.0	0.0	0.0
280	3113.8333333333335	0.0	0.0	0.0	0.0	0.0	0.0
290	2960.6666666666665	0.0	0.0	0.0	0.0	0.0	0.0
300	2814.5	0.0	0.0	0.0	0.0	0.0	0.0
310	3228.0	0.0	0.0	0.0	0.0	0.0	0.0
320	3678.1666666666665	0.0	0.0	0.0	0.0	0.0	0.0
330	3655.0	0.0	0.0	0.0	0.0	0.0	0.0
340	3329.1666666666665	0.0	0.0	0.0	0.0	0.0	0.0
350	3255.8333333333335	0.0	0.0	0.0	0.0	0.0	0.0
360	3347.6666666666665	0.0	0.0	0.0	0.0	0.0	0.0
370	3121.1666666666665	0.0	0.0	0.0	0.0	0.0	0.0
380	3192.6666666666665	0.0	0.0	0.0	0.0	0.0	0.0
390	3452.8333333333335	0.0	0.0	0.0	0.0	0.0	0.0
400	3271.0	0.0	0.0	0.0	0.0	0.0	0.0
410	3432.1666666666665	0.0	0.0	0.0	0.0	0.0	0.0
420	3864.6666666666665	0.0	0.0	0.0	0.0	0.0	0.0
430	3456.5	0.0	0.0	0.0	0.0	0.0	0.0
440	3534.5	0.0	0.0	0.0	0.0	0.0	0.0
450	3503.5	0.0	0.0	0.0	0.0	0.0	0.0
460	3609.6666666666665	0.0	0.0	0.0	0.0	0.0	0.0
470	3696.5	0.0	0.0	0.0	0.0	0.0	0.0
480	3471.8333333333335	0.0	0.0	0.0	0.0	0.0	0.0
490	3625.0	0.0	0.0	0.0	0.0	0.0	0.0
500	3555.1666666666665	0.0	0.0	0.0	0.0	0.0	0.0
510	3295.5	0.0	0.0	0.0	0.0	0.0	0.0
520	3680.0	0.0	0.0	0.0	0.0	0.0	0.0
530	3902.6666666666665	0.0	0.0	0.0	0.0	0.0	0.0
540	3805.8333333333335	0.0	0.0	0.0	0.0	0.0	0.0
550	3903.6666666666665	0.0	0.0	0.0	0.0	0.0	0.0
560	3722.1666666666665	0.0	0.0	0.0	0.0	0.0	0.0
570	3724.3333333333335	0.0	0.0	0.0	0.0	0.0	0.0
580	3443.5	0.0	0.0	0.0	0.0	0.0	0.0
590	3939.6666666666665	0.0	0.0	0.0	0.0	0.0	0.0
600	3844.3333333333335	0.0	0.0	0.0	0.0	0.0	0.0
610	3291.8333333333335	0.0	0.0	0.0	0.0	0.0	0.0
620	2976.5	0.0	0.0	0.0	0.0	0.0	0.0
630	3586.6666666666665	0.0	0.0	0.0	0.0	0.0	0.0
640	3995.1666666666665	0.0	0.0	0.0	0.0	0.0	0.0
650	3707.1666666666665	0.0	0.0	0.0	0.0	0.0	0.0
660	3510.3333333333335	0.0	0.0	0.0	0.0	0.0	0.0
670	3792.6666666666665	0.0	0.0	0.0	0.0	0.0	0.0
680	3757.8333333333335	0.0	0.0	0.0	0.0	0.0	0.0
690	3940.3333333333335	0.0	0.0	0.0	0.0	0.0	0.0
700	3960.5	0.0	0.0	0.0	0.0	0.0	0.0
710	3688.0	0.0	0.0	0.0	0.0	0.0	0.0
720	3869.1666666666665	0.0	0.0	0.0	0.0	0.0	0.0
730	3880.5	0.0	0.0	0.0	0.0	0.0	0.0
740	3579.5	0.0	0.0	0.0	0.0	0.0	0.0
750	3448.0	0.0	0.0	0.0	0.0	0.0	0.0
760	3779.1666666666665	0.0	0.0	0.0	0.0	0.0	0.0
770	4123.5	0.0	0.0	0.0	0.0	0.0	0.0
780	3655.0	0.0	0.0	0.0	0.0	0.0	0.0
790	4190.5	0.0	0.0	0.0	0.0	0.0	0.0
800	3787.6666666666665	0.0	0.0	0.0	0.0	0.0	0.0
810	3509.5	0.0	0.0	0.0	0.0	0.0	0.0
820	3560.8333333333335	0.0	0.0	0.0	0.0	0.0	0.0
830	3566.8333333333335	0.0	0.0	0.0	0.0	0.0	0.0
840	3819.1666666666665	0.0	0.0	0.0	0.0	0.0	0.0
850	3767.5	0.0	0.0	0.0	0.0	0.0	0.0
860	3436.8333333333335	0.0	0.0	0.0	0.0	0.0	0.0
870	3586.6666666666665	0.0	0.0	0.0	0.0	0.0	0.0
880	3942.8333333333335	0.0	0.0	0.0	0.0	0.0	0.0
890	3873.1666666666665	0.0	0.0	0.0	0.0	0.0	0.0
900	3918.1666666666665	0.0	0.0	0.0	0.0	0.0	0.0
910	3742.5	0.0	0.0	0.0	0.0	0.0	0.0
920	3915.8333333333335	0.0	0.0	0.0	0.0	0.0	0.0
930	4064.6666666666665	0.0	0.0	0.0	0.0	0.0	0.0
940	3765.3333333333335	0.0	0.0	0.0	0.0	0.0	0.0
950	3788.0	0.0	0.0	0.0	0.0	0.0	0.0
960	3748.5	0.0	0.0	0.0	0.0	0.0	0.0
970	3475.3333333333335	0.0	0.0	0.0	0.0	0.0	0.0
980	3969.0	0.0	0.0	0.0	0.0	0.0	0.0
990	4052.8333333333335	0.0	0.0	0.0	0.0	0.0	0.0
1000	3794.0	0.0	0.0	0.0	0.0	0.0	0.0
