0	255.33333333333334	0.0
10	80.33333333333333	1000.0
20	70.0	0.0
30	70.0	0.0
40	70.0	0.0
50	86.0	0.0
60	412.3333333333333	0.0
70	70.0	0.0
80	81.33333333333333	0.0
90	175.66666666666666	0.0
100	138.0	0.0
110	687.3333333333334	0.0
120	1702.0	0.0
130	395.6666666666667	0.0
140	272.6666666666667	0.0
150	1415.6666666666667	0.0
160	2361.6666666666665	0.0
170	1871.0	0.0
180	2305.6666666666665	0.0
190	2024.6666666666667	0.0
200	2295.3333333333335	0.0
210	2282.0	0.0
220	2015.1666666666667	0.0
230	2288.0	0.0
240	2177.0	0.0
250	2331.0	0.0
260	2232.6666666666665	0.0
270	1929.1666666666667	0.0
280	2417.6666666666665	0.0
290	2138.6666666666665	0.0
300	2544.5	0.0
310	2484.1666666666665	0.0
320	2647.0	0.0
330	2422.3333333333335	0.0
340	2444.3333333333335	0.0
350	2398.5	0.0
360	2363.6666666666665	0.0
370	2162.0	0.0
380	1743.3333333333333	0.0
390	2560.3333333333335	0.0
400	2539.3333333333335	0.0
410	2436.0	0.0
420	2153.0	0.0
430	2513.6666666666665	0.0
440	2450.8333333333335	0.0
450	2457.0	0.0
460	1760.0	0.0
470	1666.1666666666667	0.0
480	1889.6666666666667	0.0
490	1900.6666666666667	0.0
500	1701.6666666666667	0.0
510	1676.5	0.0
520	2316.0	0.0
530	2376.6666666666665	0.0
540	2382.6666666666665	0.0
550	2631.6666666666665	0.0
560	2545.5	0.0
570	2503.0	0.0
580	2253.8333333333335	0.0
590	2373.6666666666665	0.0
600	2487.0	0.0
610	2415.6666666666665	0.0
620	2470.6666666666665	0.0
630	2100.0	0.0
640	2375.6666666666665	0.0
650	2564.3333333333335	0.0
660	2411.3333333333335	0.0
670	2452.5	0.0
680	2363.3333333333335	0.0
690	2618.6666666666665	0.0
700	2510.0	0.0
710	1781.5	0.0
720	2090.8333333333335	0.0
730	2275.1666666666665	0.0
740	2111.0	0.0
750	2351.0	0.0
760	2112.5	0.0
770	1958.8333333333333	0.0
780	2340.3333333333335	0.0
790	2229.6666666666665	0.0
800	2451.0	0.0
810	2553.0	0.0
820	2643.0	0.0
830	2325.8333333333335	0.0
840	2113.8333333333335	0.0
850	1797.1666666666667	0.0
860	2653.3333333333335	0.0
870	1865.5	0.0
880	2118.6666666666665	0.0
890	1719.3333333333333	0.0
900	1768.0	0.0
910	2696.3333333333335	0.0
920	2208.3333333333335	0.0
930	2502.3333333333335	0.0
940	2384.0	0.0
950	2147.8333333333335	0.0
960	2304.6666666666665	0.0
970	2118.8333333333335	0.0
980	2389.6666666666665	0.0
990	2269.6666666666665	0.0
1000	1519.3333333333333	0.0
