0	239.66666666666666	0.0
10	96.33333333333333	1000.0
20	70.0	0.0
30	70.0	0.0
40	70.66666666666667	0.0
50	289.3333333333333	0.0
60	1446.3333333333333	0.0
70	1742.6666666666667	0.0
80	1597.6666666666667	0.0
90	1698.3333333333333	0.0
100	1761.6666666666667	0.0
110	2134.6666666666665	0.0
120	2168.6666666666665	0.0
130	2077.6666666666665	0.0
140	2082.3333333333335	0.0
150	2094.0	0.0
160	2296.0	0.0
170	2259.3333333333335	0.0
180	2028.6666666666667	0.0
190	2240.3333333333335	0.0
200	2416.6666666666665	0.0
210	2243.6666666666665	0.0
220	2337.0	0.0
230	2311.0	0.0
240	2320.5	0.0
250	2383.0	0.0
260	2477.0	0.0
270	2284.8333333333335	0.0
280	2659.6666666666665	0.0
290	2282.5	0.0
300	2241.3333333333335	0.0
310	2402.0	0.0
320	2462.6666666666665	0.0
330	2493.6666666666665	0.0
340	1911.3333333333333	0.0
350	1558.8333333333333	0.0
360	2265.0	0.0
370	2429.0	0.0
380	1595.3333333333333	0.0
390	1751.5	0.0
400	1739.5	0.0
410	1719.3333333333333	0.0
420	1467.3333333333333	0.0
430	1668.0	0.0
440	1996.3333333333333	0.0
450	2563.0	0.0
460	1999.5	0.0
470	1517.1666666666667	0.0
480	2454.5	0.0
490	2413.0	0.0
500	2631.0	0.0
510	2291.6666666666665	0.0
520	2277.6666666666665	0.0
530	1798.5	0.0
540	2335.6666666666665	0.0
550	1481.6666666666667	0.0
560	1941.0	0.0
570	1891.5	0.0
580	1616.8333333333333	0.0
590	2403.3333333333335	0.0
600	2458.0	0.0
610	2307.3333333333335	0.0
620	1970.1666666666667	0.0
630	1862.6666666666667	0.0
640	2449.3333333333335	0.0
650	2394.3333333333335	0.0
660	2250.1666666666665	0.0
670	2179.3333333333335	0.0
680	2158.3333333333335	0.0
690	2403.6666666666665	0.0
700	2510.3333333333335	0.0
710	2297.3333333333335	0.0
720	2591.3333333333335	0.0
730	2391.0	0.0
740	2026.5	0.0
750	2382.3333333333335	0.0
760	2045.1666666666667	0.0
770	2074.6666666666665	0.0
780	1791.3333333333333	0.0
790	2331.6666666666665	0.0
800	2401.0	0.0
810	2512.8333333333335	0.0
820	2336.0	0.0
830	1766.0	0.0
840	1887.6666666666667	0.0
850	2122.0	0.0
860	2183.5	0.0
870	2246.8333333333335	0.0
880	2472.6666666666665	0.0
890	2369.8333333333335	0.0
900	2559.6666666666665	0.0
910	2433.6666666666665	0.0
920	2315.6666666666665	0.0
930	2604.0	0.0
940	2673.6666666666665	0.0
950	2584.5	0.0
960	2184.3333333333335	0.0
970	2116.3333333333335	0.0
980	2330.1666666666665	0.0
990	2668.0	0.0
1000	2332.6666666666665	0.0
