0	299.3333333333333	0.0
10	70.0	1000.0
20	70.0	0.0
30	70.0	0.0
40	73.0	0.0
50	835.0	0.0
60	70.33333333333333	0.0
70	232.33333333333334	0.0
80	1240.5	0.0
90	1217.0	0.0
100	1184.0	0.0
110	1080.0	0.0
120	2089.0	0.0
130	2186.6666666666665	0.0
140	2515.6666666666665	0.0
150	2246.0	0.0
160	2081.1666666666665	0.0
170	2100.3333333333335	0.0
180	2311.0	0.0
190	2136.6666666666665	0.0
200	2350.0	0.0
210	2091.3333333333335	0.0
220	2445.0	0.0
230	2492.0	0.0
240	2117.0	0.0
250	2509.6666666666665	0.0
260	2450.0	0.0
270	2222.6666666666665	0.0
280	2492.0	0.0
290	1962.8333333333333	0.0
300	1717.8333333333333	0.0
310	1518.6666666666667	0.0
320	1816.6666666666667	0.0
330	1717.6666666666667	0.0
340	1498.0	0.0
350	1050.5	0.0
360	1460.6666666666667	0.0
370	2187.3333333333335	0.0
380	1973.0	0.0
390	1816.3333333333333	0.0
400	1696.6666666666667	0.0
410	2463.0	0.0
420	1798.6666666666667	0.0
430	1645.5	0.0
440	1507.6666666666667	0.0
450	2420.3333333333335	0.0
460	2334.3333333333335	0.0
470	2550.6666666666665	0.0
480	2166.3333333333335	0.0
490	2196.3333333333335	0.0
500	1717.6666666666667	0.0
510	2574.3333333333335	0.0
520	2525.0	0.0
530	2122.1666666666665	0.0
540	1836.6666666666667	0.0
550	1896.6666666666667	0.0
560	2313.1666666666665	0.0
570	2831.1666666666665	0.0
580	2481.3333333333335	0.0
590	1804.0	0.0
600	1927.8333333333333	0.0
610	1887.6666666666667	0.0
620	2451.5	0.0
630	2619.6666666666665	0.0
640	2341.6666666666665	0.0
650	2348.3333333333335	0.0
660	1648.3333333333333	0.0
670	1990.0	0.0
680	1841.0	0.0
690	2340.0	0.0
700	2602.0	0.0
710	2317.0	0.0
720	2274.3333333333335	0.0
730	1753.1666666666667	0.0
740	2109.5	0.0
750	2132.5	0.0
760	1883.3333333333333	0.0
770	1745.0	0.0
780	1713.0	0.0
790	2000.6666666666667	0.0
800	1914.1666666666667	0.0
810	1819.1666666666667	0.0
820	2476.6666666666665	0.0
830	2534.3333333333335	0.0
840	2370.0	0.0
850	2651.6666666666665	0.0
860	1841.0	0.0
870	1884.1666666666667	0.0
880	2316.6666666666665	0.0
890	2471.0	0.0
900	2623.6666666666665	0.0
910	2615.6666666666665	0.0
920	1703.1666666666667	0.0
930	2564.3333333333335	0.0
940	2613.1666666666665	0.0
950	2577.1666666666665	0.0
960	2577.6666666666665	0.0
970	2503.1666666666665	0.0
980	2552.8333333333335	0.0
990	2470.1666666666665	0.0
1000	2485.1666666666665	0.0
