0	227.0	0.0
10	70.0	1000.0
20	70.0	0.0
30	70.0	0.0
40	73.33333333333333	0.0
50	221.66666666666666	0.0
60	79.33333333333333	0.0
70	147.66666666666666	0.0
80	155.66666666666666	0.0
90	260.6666666666667	0.0
100	565.3333333333334	0.0
110	579.3333333333334	0.0
120	266.3333333333333	0.0
130	363.0	0.0
140	170.66666666666666	0.0
150	152.0	0.0
160	338.3333333333333	0.0
170	355.0	0.0
180	390.6666666666667	0.0
190	507.6666666666667	0.0
200	454.3333333333333	0.0
210	635.6666666666666	0.0
220	286.6666666666667	0.0
230	452.0	0.0
240	495.0	0.0
250	1010.0	0.0
260	1078.6666666666667	0.0
270	1048.8333333333333	0.0
280	1048.0	0.0
290	1137.0	0.0
300	2135.5	0.0
310	1817.6666666666667	0.0
320	1756.0	0.0
330	1807.8333333333333	0.0
340	2108.5	0.0
350	2029.8333333333333	0.0
360	1232.5	0.0
370	2243.6666666666665	0.0
380	2488.8333333333335	0.0
390	2683.1666666666665	0.0
400	2231.6666666666665	0.0
410	2824.3333333333335	0.0
420	2486.1666666666665	0.0
430	2418.8333333333335	0.0
440	2476.6666666666665	0.0
450	2556.6666666666665	0.0
460	2349.1666666666665	0.0
470	1704.3333333333333	0.0
480	2409.5	0.0
490	2281.0	0.0
500	2793.6666666666665	0.0
510	1698.0	0.0
520	2552.1666666666665	0.0
530	2304.6666666666665	0.0
540	1553.1666666666667	0.0
550	2256.0	0.0
560	2181.1666666666665	0.0
570	1787.1666666666667	0.0
580	2233.0	0.0
590	2153.3333333333335	0.0
600	2620.0	0.0
610	2531.5	0.0
620	2687.0	0.0
630	2366.3333333333335	0.0
640	2309.0	0.0
650	2388.3333333333335	0.0
660	2396.6666666666665	0.0
670	2642.0	0.0
680	2414.1666666666665	0.0
690	2543.3333333333335	0.0
700	2083.6666666666665	0.0
710	2470.8333333333335	0.0
720	2322.3333333333335	0.0
730	2555.3333333333335	0.0
740	2347.3333333333335	0.0
750	2298.5	0.0
760	1845.5	0.0
770	2248.5	0.0
780	2184.5	0.0
790	2257.3333333333335	0.0
800	2004.5	0.0
810	2160.0	0.0
820	1814.3333333333333	0.0
830	1773.1666666666667	0.0
840	2275.3333333333335	0.0
850	1988.6666666666667	0.0
860	1873.3333333333333	0.0
870	1829.6666666666667	0.0
880	1731.6666666666667	0.0
890	1938.0	0.0
900	1953.6666666666667	0.0
910	2520.0	0.0
920	2196.3333333333335	0.0
930	2441.6666666666665	0.0
940	2119.5	0.0
950	2308.0	0.0
960	2299.1666666666665	0.0
970	2200.0	0.0
980	1983.8333333333333	0.0
990	2713.3333333333335	0.0
1000	2439.6666666666665	0.0
