0	238.33333333333334	0.0
10	184.0	1000.0
20	141.33333333333334	0.0
30	1411.6666666666667	0.0
40	1022.3333333333334	0.0
50	2053.0	0.0
60	1792.0	0.0
70	2137.6666666666665	0.0
80	2192.6666666666665	0.0
90	2392.0	0.0
100	2265.0	0.0
110	2335.0	0.0
120	2378.6666666666665	0.0
130	2266.6666666666665	0.0
140	2303.3333333333335	0.0
150	2171.0	0.0
160	2258.6666666666665	0.0
170	2316.1666666666665	0.0
180	2227.5	0.0
190	1725.0	0.0
200	2405.3333333333335	0.0
210	2409.5	0.0
220	2334.0	0.0
230	1984.6666666666667	0.0
240	2568.0	0.0
250	2557.8333333333335	0.0
260	1534.6666666666667	0.0
270	1715.3333333333333	0.0
280	1835.1666666666667	0.0
290	2214.3333333333335	0.0
300	2509.1666666666665	0.0
310	1964.3333333333333	0.0
320	2072.5	0.0
330	2221.5	0.0
340	2122.6666666666665	0.0
350	1948.1666666666667	0.0
360	2275.3333333333335	0.0
370	1849.1666666666667	0.0
380	1753.0	0.0
390	2464.1666666666665	0.0
400	2460.1666666666665	0.0
410	2408.8333333333335	0.0
420	2407.5	0.0
430	2731.5	0.0
440	2448.6666666666665	0.0
450	2582.6666666666665	0.0
460	1410.3333333333333	0.0
470	2430.6666666666665	0.0
480	2555.3333333333335	0.0
490	2468.0	0.0
500	1667.6666666666667	0.0
510	2392.0	0.0
520	2446.8333333333335	0.0
530	1968.5	0.0
540	2042.6666666666667	0.0
550	2411.3333333333335	0.0
560	1963.1666666666667	0.0
570	1658.1666666666667	0.0
580	1664.8333333333333	0.0
590	2339.1666666666665	0.0
600	2390.0	0.0
610	2191.0	0.0
620	2353.6666666666665	0.0
630	2437.0	0.0
640	2512.6666666666665	0.0
650	2710.3333333333335	0.0
660	2342.0	0.0
670	1981.1666666666667	0.0
680	1914.5	0.0
690	2094.8333333333335	0.0
700	2322.1666666666665	0.0
710	2249.6666666666665	0.0
720	1760.3333333333333	0.0
730	1576.1666666666667	0.0
740	2184.0	0.0
750	1954.3333333333333	0.0
760	1901.1666666666667	0.0
770	2012.6666666666667	0.0
780	2180.3333333333335	0.0
790	1639.0	0.0
800	2542.1666666666665	0.0
810	1782.3333333333333	0.0
820	2007.0	0.0
830	1996.6666666666667	0.0
840	2268.5	0.0
850	2055.3333333333335	0.0
860	1863.0	0.0
870	2373.6666666666665	0.0
880	2275.3333333333335	0.0
890	2317.3333333333335	0.0
900	2301.0	0.0
910	2660.8333333333335	0.0
920	1722.3333333333333	0.0
930	2255.0	0.0
940	2590.3333333333335	0.0
950	2498.8333333333335	0.0
960	2027.3333333333333	0.0
970	2275.3333333333335	0.0
980	2401.0	0.0
990	2491.0	0.0
1000	2474.6666666666665	0.0
