0	264.3333333333333	0.0
10	98.0	541.0
20	94.33333333333333	459.0
30	88.66666666666667	0.0
40	78.66666666666667	0.0
50	81.66666666666667	0.0
60	71.66666666666667	0.0
70	71.0	0.0
80	70.0	0.0
90	70.0	0.0
100	70.0	0.0
110	70.0	0.0
120	70.0	0.0
130	70.66666666666667	0.0
140	70.33333333333333	0.0
150	70.0	0.0
160	450.3333333333333	0.0
170	1678.0	0.0
180	1038.6666666666667	0.0
190	1052.3333333333333	0.0
200	978.3333333333334	0.0
210	1482.3333333333333	0.0
220	1032.6666666666667	0.0
230	821.6666666666666	0.0
240	1768.0	0.0
250	1866.0	0.0
260	1350.6666666666667	0.0
270	1296.3333333333333	0.0
280	1584.3333333333333	0.0
290	2027.3333333333333	0.0
300	2342.6666666666665	0.0
310	2485.8333333333335	0.0
320	2066.0	0.0
330	2059.3333333333335	0.0
340	2142.3333333333335	0.0
350	2043.1666666666667	0.0
360	2067.6666666666665	0.0
370	1987.6666666666667	0.0
380	2153.0	0.0
390	2581.0	0.0
400	2182.3333333333335	0.0
410	2439.0	0.0
420	1875.6666666666667	0.0
430	2404.5	0.0
440	2114.6666666666665	0.0
450	2218.0	0.0
460	2680.5	0.0
470	2249.3333333333335	0.0
480	2270.6666666666665	0.0
490	2518.0	0.0
500	2594.8333333333335	0.0
510	2581.6666666666665	0.0
520	2583.0	0.0
530	2788.5	0.0
540	2762.6666666666665	0.0
550	2840.6666666666665	0.0
560	2551.1666666666665	0.0
570	2477.8333333333335	0.0
580	2591.6666666666665	0.0
590	2357.3333333333335	0.0
600	2420.0	0.0
610	2405.8333333333335	0.0
620	2311.1666666666665	0.0
630	2530.8333333333335	0.0
640	2569.1666666666665	0.0
650	2231.6666666666665	0.0
660	2403.6666666666665	0.0
670	2578.8333333333335	0.0
680	2612.5	0.0
690	2322.1666666666665	0.0
700	2480.6666666666665	0.0
710	2471.8333333333335	0.0
720	2456.8333333333335	0.0
730	2589.0	0.0
740	2755.8333333333335	0.0
750	2535.0	0.0
760	2523.0	0.0
770	2793.3333333333335	0.0
780	2545.6666666666665	0.0
790	2694.0	0.0
800	2404.0	0.0
810	2662.0	0.0
820	2332.1666666666665	0.0
830	2735.3333333333335	0.0
840	2558.0	0.0
850	2229.6666666666665	0.0
860	2502.5	0.0
870	1926.8333333333333	0.0
880	2396.8333333333335	0.0
890	1747.1666666666667	0.0
900	2159.8333333333335	0.0
910	1787.8333333333333	0.0
920	1726.0	0.0
930	1993.3333333333333	0.0
940	1878.6666666666667	0.0
950	1848.3333333333333	0.0
960	1911.0	0.0
970	1736.8333333333333	0.0
980	1910.0	0.0
990	2143.6666666666665	0.0
1000	2206.1666666666665	0.0
