0	224.66666666666666	0.0
10	70.0	321.0
20	79.33333333333333	588.0
30	81.66666666666667	91.0
40	82.0	0.0
50	81.33333333333333	0.0
60	81.0	0.0
70	80.33333333333333	0.0
80	81.33333333333333	0.0
90	81.0	0.0
100	81.33333333333333	0.0
110	80.33333333333333	0.0
120	71.0	0.0
130	75.33333333333333	0.0
140	70.33333333333333	0.0
150	74.0	0.0
160	203.0	0.0
170	250.66666666666666	0.0
180	253.33333333333334	0.0
190	292.6666666666667	0.0
200	369.6666666666667	0.0
210	675.0	0.0
220	1179.3333333333333	0.0
230	753.0	0.0
240	1076.0	0.0
250	1203.3333333333333	0.0
260	1237.3333333333333	0.0
270	1212.0	0.0
280	1259.0	0.0
290	1271.8333333333333	0.0
300	1866.0	0.0
310	1134.0	0.0
320	1460.0	0.0
330	1161.0	0.0
340	1712.6666666666667	0.0
350	2214.0	0.0
360	1974.6666666666667	0.0
370	2304.8333333333335	0.0
380	2220.3333333333335	0.0
390	2556.3333333333335	0.0
400	2046.0	0.0
410	2145.1666666666665	0.0
420	2395.1666666666665	0.0
430	2453.8333333333335	0.0
440	2534.3333333333335	0.0
450	2472.3333333333335	0.0
460	2652.0	0.0
470	2439.8333333333335	0.0
480	2459.0	0.0
490	2514.8333333333335	0.0
500	2473.8333333333335	0.0
510	2176.1666666666665	0.0
520	2217.3333333333335	0.0
530	2396.6666666666665	0.0
540	2362.6666666666665	0.0
550	2542.5	0.0
560	2615.1666666666665	0.0
570	2399.5	0.0
580	2563.8333333333335	0.0
590	2553.3333333333335	0.0
600	2619.3333333333335	0.0
610	2610.6666666666665	0.0
620	2770.0	0.0
630	2451.8333333333335	0.0
640	1614.6666666666667	0.0
650	2622.6666666666665	0.0
660	2568.6666666666665	0.0
670	2468.8333333333335	0.0
680	2725.1666666666665	0.0
690	2698.8333333333335	0.0
700	2541.1666666666665	0.0
710	2259.0	0.0
720	2368.3333333333335	0.0
730	2406.5	0.0
740	2713.0	0.0
750	2667.0	0.0
760	2650.6666666666665	0.0
770	2478.6666666666665	0.0
780	2459.0	0.0
790	2415.3333333333335	0.0
800	2589.6666666666665	0.0
810	2782.3333333333335	0.0
820	2660.3333333333335	0.0
830	2613.3333333333335	0.0
840	2548.0	0.0
850	2603.0	0.0
860	2445.0	0.0
870	2616.0	0.0
880	2689.6666666666665	0.0
890	2552.6666666666665	0.0
900	2079.6666666666665	0.0
910	2534.5	0.0
920	2682.8333333333335	0.0
930	2540.3333333333335	0.0
940	2126.3333333333335	0.0
950	1806.0	0.0
960	1666.8333333333333	0.0
970	1716.1666666666667	0.0
980	1483.8333333333333	0.0
990	1713.1666666666667	0.0
1000	1605.6666666666667	0.0
