0	235.33333333333334	0.0
10	95.66666666666667	417.0
20	100.0	583.0
30	143.66666666666666	0.0
40	102.66666666666667	0.0
50	101.33333333333333	0.0
60	93.66666666666667	0.0
70	120.0	0.0
80	79.66666666666667	0.0
90	79.66666666666667	0.0
100	140.66666666666666	0.0
110	128.66666666666666	0.0
120	193.33333333333334	0.0
130	100.66666666666667	0.0
140	173.0	0.0
150	352.3333333333333	0.0
160	643.3333333333334	0.0
170	2120.6666666666665	0.0
180	1766.6666666666667	0.0
190	2055.6666666666665	0.0
200	1840.6666666666667	0.0
210	1737.0	0.0
220	1963.3333333333333	0.0
230	1900.6666666666667	0.0
240	2001.6666666666667	0.0
250	2324.3333333333335	0.0
260	1972.6666666666667	0.0
270	2293.0	0.0
280	1944.1666666666667	0.0
290	2170.0	0.0
300	2272.3333333333335	0.0
310	2422.3333333333335	0.0
320	2274.0	0.0
330	2259.3333333333335	0.0
340	2381.8333333333335	0.0
350	2432.6666666666665	0.0
360	2360.1666666666665	0.0
370	2345.8333333333335	0.0
380	2229.3333333333335	0.0
390	2307.6666666666665	0.0
400	2313.6666666666665	0.0
410	2168.6666666666665	0.0
420	2280.6666666666665	0.0
430	2619.8333333333335	0.0
440	2357.5	0.0
450	2278.8333333333335	0.0
460	2450.6666666666665	0.0
470	2489.1666666666665	0.0
480	2596.5	0.0
490	2513.8333333333335	0.0
500	2550.0	0.0
510	2410.1666666666665	0.0
520	2671.6666666666665	0.0
530	2623.0	0.0
540	2619.1666666666665	0.0
550	2678.1666666666665	0.0
560	2632.6666666666665	0.0
570	2532.3333333333335	0.0
580	2494.6666666666665	0.0
590	2481.3333333333335	0.0
600	2538.1666666666665	0.0
610	2744.6666666666665	0.0
620	2856.3333333333335	0.0
630	2503.3333333333335	0.0
640	2549.0	0.0
650	2598.1666666666665	0.0
660	2482.6666666666665	0.0
670	2554.1666666666665	0.0
680	2404.6666666666665	0.0
690	2388.6666666666665	0.0
700	2413.0	0.0
710	2749.5	0.0
720	2625.1666666666665	0.0
730	2405.0	0.0
740	2338.3333333333335	0.0
750	2377.1666666666665	0.0
760	2469.3333333333335	0.0
770	2423.1666666666665	0.0
780	2534.3333333333335	0.0
790	2653.3333333333335	0.0
800	2381.8333333333335	0.0
810	2394.8333333333335	0.0
820	2508.0	0.0
830	2521.1666666666665	0.0
840	2442.5	0.0
850	2479.5	0.0
860	2358.6666666666665	0.0
870	2515.1666666666665	0.0
880	2334.3333333333335	0.0
890	2446.6666666666665	0.0
900	2614.3333333333335	0.0
910	2292.6666666666665	0.0
920	2577.6666666666665	0.0
930	2242.0	0.0
940	2552.6666666666665	0.0
950	2636.3333333333335	0.0
960	1827.8333333333333	0.0
970	1902.3333333333333	0.0
980	1806.3333333333333	0.0
990	1903.5	0.0
1000	2084.6666666666665	0.0
