0	268.0	0.0
10	71.66666666666667	372.0
20	100.0	394.0
30	100.66666666666667	234.0
40	101.33333333333333	0.0
50	95.33333333333333	0.0
60	95.0	0.0
70	81.66666666666667	0.0
80	82.33333333333333	0.0
90	80.0	0.0
100	72.0	0.0
110	70.0	0.0
120	70.0	0.0
130	70.0	0.0
140	70.0	0.0
150	70.0	0.0
160	72.33333333333333	0.0
170	70.0	0.0
180	79.66666666666667	0.0
190	92.0	0.0
200	281.6666666666667	0.0
210	104.33333333333333	0.0
220	285.3333333333333	0.0
230	833.6666666666666	0.0
240	1467.3333333333333	0.0
250	1320.6666666666667	0.0
260	1076.0	0.0
270	1175.6666666666667	0.0
280	454.6666666666667	0.0
290	1150.0	0.0
300	552.3333333333334	0.0
310	885.6666666666666	0.0
320	1772.6666666666667	0.0
330	1980.6666666666667	0.0
340	1867.0	0.0
350	2007.6666666666667	0.0
360	2210.0	0.0
370	2161.3333333333335	0.0
380	1807.6666666666667	0.0
390	1865.3333333333333	0.0
400	2053.6666666666665	0.0
410	2567.3333333333335	0.0
420	2248.3333333333335	0.0
430	2358.6666666666665	0.0
440	2322.6666666666665	0.0
450	2087.6666666666665	0.0
460	2375.0	0.0
470	2117.3333333333335	0.0
480	2378.6666666666665	0.0
490	2560.3333333333335	0.0
500	2240.3333333333335	0.0
510	2482.1666666666665	0.0
520	2646.6666666666665	0.0
530	2597.5	0.0
540	2395.5	0.0
550	2396.5	0.0
560	2414.8333333333335	0.0
570	2421.3333333333335	0.0
580	2280.6666666666665	0.0
590	2650.6666666666665	0.0
600	2793.8333333333335	0.0
610	2547.5	0.0
620	2562.0	0.0
630	2446.1666666666665	0.0
640	2428.0	0.0
650	2568.6666666666665	0.0
660	2483.0	0.0
670	2456.3333333333335	0.0
680	2269.3333333333335	0.0
690	2227.1666666666665	0.0
700	2691.6666666666665	0.0
710	2561.0	0.0
720	2727.0	0.0
730	2559.3333333333335	0.0
740	2469.6666666666665	0.0
750	2565.3333333333335	0.0
760	2695.3333333333335	0.0
770	2346.6666666666665	0.0
780	2525.6666666666665	0.0
790	2673.3333333333335	0.0
800	2488.6666666666665	0.0
810	2670.0	0.0
820	2610.1666666666665	0.0
830	2447.6666666666665	0.0
840	2598.6666666666665	0.0
850	2572.6666666666665	0.0
860	2509.0	0.0
870	2539.8333333333335	0.0
880	2332.6666666666665	0.0
890	2533.3333333333335	0.0
900	2825.8333333333335	0.0
910	2816.5	0.0
920	2369.5	0.0
930	2452.0	0.0
940	2488.1666666666665	0.0
950	2590.0	0.0
960	2626.6666666666665	0.0
970	2293.0	0.0
980	1698.3333333333333	0.0
990	1876.3333333333333	0.0
1000	1979.8333333333333	0.0
