0	228.66666666666666	0.0
10	1907.1666666666667	1000.0
20	1952.3333333333333	0.0
30	2153.3333333333335	0.0
40	2156.1666666666665	0.0
50	1955.1666666666667	0.0
60	2116.5	0.0
70	2048.8333333333335	0.0
80	1967.3333333333333	0.0
90	2049.5	0.0
100	2211.3333333333335	0.0
110	2118.8333333333335	0.0
120	2134.6666666666665	0.0
130	2191.6666666666665	0.0
140	2013.6666666666667	0.0
150	2108.8333333333335	0.0
160	2262.6666666666665	0.0
170	2250.6666666666665	0.0
180	2238.1666666666665	0.0
190	2201.6666666666665	0.0
200	2028.1666666666667	0.0
210	2170.5	0.0
220	2237.1666666666665	0.0
230	2561.3333333333335	0.0
240	2474.6666666666665	0.0
250	2221.5	0.0
260	2324.0	0.0
270	2474.5	0.0
280	2447.3333333333335	0.0
290	2292.5	0.0
300	2432.5	0.0
310	2358.3333333333335	0.0
320	2496.3333333333335	0.0
330	2634.0	0.0
340	2506.6666666666665	0.0
350	2344.5	0.0
360	2399.3333333333335	0.0
370	2308.5	0.0
380	2697.3333333333335	0.0
390	2741.5	0.0
400	2706.1666666666665	0.0
410	2541.3333333333335	0.0
420	2537.5	0.0
430	2365.1666666666665	0.0
440	2600.1666666666665	0.0
450	2354.0	0.0
460	2479.3333333333335	0.0
470	2606.8333333333335	0.0
480	2567.3333333333335	0.0
490	2388.5	0.0
500	2305.1666666666665	0.0
510	2534.8333333333335	0.0
520	2844.6666666666665	0.0
530	2632.0	0.0
540	2614.0	0.0
550	2707.8333333333335	0.0
560	2679.5	0.0
570	2434.6666666666665	0.0
580	2754.5	0.0
590	2789.0	0.0
600	2486.6666666666665	0.0
610	2797.6666666666665	0.0
620	2645.8333333333335	0.0
630	2663.6666666666665	0.0
640	2999.5	0.0
650	2912.8333333333335	0.0
660	2480.3333333333335	0.0
670	2535.8333333333335	0.0
680	2683.3333333333335	0.0
690	2633.8333333333335	0.0
700	2768.5	0.0
710	2494.6666666666665	0.0
720	2796.1666666666665	0.0
730	2733.8333333333335	0.0
740	2587.1666666666665	0.0
750	2740.5	0.0
760	2863.6666666666665	0.0
770	2772.3333333333335	0.0
780	2819.0	0.0
790	2822.8333333333335	0.0
800	2937.6666666666665	0.0
810	2674.3333333333335	0.0
820	2859.0	0.0
830	2628.0	0.0
840	2676.5	0.0
850	2683.5	0.0
860	2843.1666666666665	0.0
870	3044.8333333333335	0.0
880	2777.3333333333335	0.0
890	2983.6666666666665	0.0
900	2920.0	0.0
910	2663.8333333333335	0.0
920	2791.6666666666665	0.0
930	2929.3333333333335	0.0
940	2879.8333333333335	0.0
950	3216.1666666666665	0.0
960	2943.8333333333335	0.0
970	2594.0	0.0
980	2919.3333333333335	0.0
990	2713.5	0.0
1000	3012.3333333333335	0.0
