0	222.66666666666666	0.0
10	2127.5	1000.0
20	2179.8333333333335	0.0
30	1959.3333333333333	0.0
40	1928.3333333333333	0.0
50	1973.1666666666667	0.0
60	2023.8333333333333	0.0
70	2098.5	0.0
80	2149.5	0.0
90	1863.8333333333333	0.0
100	2078.3333333333335	0.0
110	2011.1666666666667	0.0
120	2267.1666666666665	0.0
130	2346.8333333333335	0.0
140	2142.3333333333335	0.0
150	2259.0	0.0
160	2246.1666666666665	0.0
170	2331.3333333333335	0.0
180	2361.8333333333335	0.0
190	2382.1666666666665	0.0
200	2345.3333333333335	0.0
210	2307.3333333333335	0.0
220	2218.5	0.0
230	2255.1666666666665	0.0
240	2460.6666666666665	0.0
250	2486.3333333333335	0.0
260	2167.3333333333335	0.0
270	2407.5	0.0
280	2436.6666666666665	0.0
290	2389.6666666666665	0.0
300	2405.8333333333335	0.0
310	2347.3333333333335	0.0
320	2271.6666666666665	0.0
330	2520.1666666666665	0.0
340	2622.5	0.0
350	2255.3333333333335	0.0
360	2563.0	0.0
370	2579.1666666666665	0.0
380	2387.3333333333335	0.0
390	2522.6666666666665	0.0
400	2467.6666666666665	0.0
410	2604.8333333333335	0.0
420	2831.8333333333335	0.0
430	2692.1666666666665	0.0
440	2689.6666666666665	0.0
450	2419.6666666666665	0.0
460	2491.6666666666665	0.0
470	2465.8333333333335	0.0
480	2448.1666666666665	0.0
490	2522.3333333333335	0.0
500	2359.8333333333335	0.0
510	2594.3333333333335	0.0
520	2571.3333333333335	0.0
530	2707.0	0.0
540	2686.5	0.0
550	2608.0	0.0
560	2478.5	0.0
570	2686.5	0.0
580	2565.3333333333335	0.0
590	2695.3333333333335	0.0
600	2828.8333333333335	0.0
610	2696.3333333333335	0.0
620	2690.0	0.0
630	2646.5	0.0
640	2780.5	0.0
650	2676.8333333333335	0.0
660	2737.8333333333335	0.0
670	2737.6666666666665	0.0
680	2455.8333333333335	0.0
690	2956.0	0.0
700	2884.3333333333335	0.0
710	2914.6666666666665	0.0
720	2744.1666666666665	0.0
730	2668.5	0.0
740	2628.3333333333335	0.0
750	2775.8333333333335	0.0
760	2788.5	0.0
770	2482.8333333333335	0.0
780	2848.1666666666665	0.0
790	2977.6666666666665	0.0
800	2576.3333333333335	0.0
810	2819.6666666666665	0.0
820	2915.5	0.0
830	2722.6666666666665	0.0
840	2906.0	0.0
850	2870.5	0.0
860	2933.1666666666665	0.0
870	2704.8333333333335	0.0
880	2715.8333333333335	0.0
890	2789.6666666666665	0.0
900	2758.0	0.0
910	3228.3333333333335	0.0
920	2826.6666666666665	0.0
930	2963.8333333333335	0.0
940	2931.1666666666665	0.0
950	2845.0	0.0
960	2793.6666666666665	0.0
970	3089.3333333333335	0.0
980	2645.6666666666665	0.0
990	2822.5	0.0
1000	2727.1666666666665	0.0
