0	254.66666666666666	0.0
10	2145.0	1000.0
20	2064.5	0.0
30	2087.8333333333335	0.0
40	2011.5	0.0
50	2069.1666666666665	0.0
60	2052.1666666666665	0.0
70	2309.5	0.0
80	2086.0	0.0
90	2058.8333333333335	0.0
100	2135.5	0.0
110	2088.3333333333335	0.0
120	2222.8333333333335	0.0
130	2169.8333333333335	0.0
140	2154.6666666666665	0.0
150	2284.8333333333335	0.0
160	2134.5	0.0
170	2068.0	0.0
180	2285.1666666666665	0.0
190	2443.5	0.0
200	2249.5	0.0
210	2253.6666666666665	0.0
220	2057.0	0.0
230	2253.8333333333335	0.0
240	2317.0	0.0
250	2429.5	0.0
260	2414.3333333333335	0.0
270	2405.0	0.0
280	2583.3333333333335	0.0
290	2454.3333333333335	0.0
300	2336.5	0.0
310	2416.8333333333335	0.0
320	2571.6666666666665	0.0
330	2450.0	0.0
340	2521.0	0.0
350	2355.3333333333335	0.0
360	2329.0	0.0
370	2517.0	0.0
380	2625.5	0.0
390	2644.5	0.0
400	2558.1666666666665	0.0
410	2410.0	0.0
420	2577.5	0.0
430	2514.1666666666665	0.0
440	2669.0	0.0
450	2621.0	0.0
460	2655.8333333333335	0.0
470	2839.8333333333335	0.0
480	2548.1666666666665	0.0
490	2657.8333333333335	0.0
500	2582.3333333333335	0.0
510	2834.5	0.0
520	2737.5	0.0
530	2727.8333333333335	0.0
540	2725.5	0.0
550	2670.6666666666665	0.0
560	2715.0	0.0
570	2763.8333333333335	0.0
580	2624.6666666666665	0.0
590	2606.6666666666665	0.0
600	2797.0	0.0
610	2642.0	0.0
620	2740.0	0.0
630	2600.3333333333335	0.0
640	2738.3333333333335	0.0
650	2666.6666666666665	0.0
660	2740.3333333333335	0.0
670	2553.6666666666665	0.0
680	2527.8333333333335	0.0
690	2762.5	0.0
700	2805.6666666666665	0.0
710	2582.6666666666665	0.0
720	2902.6666666666665	0.0
730	2859.5	0.0
740	2360.1666666666665	0.0
750	2891.1666666666665	0.0
760	2610.8333333333335	0.0
770	2740.8333333333335	0.0
780	2791.5	0.0
790	2851.0	0.0
800	2886.1666666666665	0.0
810	2943.6666666666665	0.0
820	2618.6666666666665	0.0
830	2986.5	0.0
840	2708.0	0.0
850	2917.5	0.0
860	3024.6666666666665	0.0
870	2834.5	0.0
880	2943.3333333333335	0.0
890	3066.8333333333335	0.0
900	2791.0	0.0
910	2728.3333333333335	0.0
920	2788.1666666666665	0.0
930	3098.8333333333335	0.0
940	2960.1666666666665	0.0
950	2723.1666666666665	0.0
960	3197.6666666666665	0.0
970	2595.0	0.0
980	3211.1666666666665	0.0
990	2991.6666666666665	0.0
1000	2901.0	0.0
