0	266.0	0.0
10	1902.8333333333333	1000.0
20	2145.3333333333335	0.0
30	2129.5	0.0
40	2177.0	0.0
50	2086.5	0.0
60	1988.8333333333333	0.0
70	2017.1666666666667	0.0
80	2046.8333333333333	0.0
90	2072.8333333333335	0.0
100	2148.6666666666665	0.0
110	2120.5	0.0
120	2213.5	0.0
130	2097.6666666666665	0.0
140	2172.6666666666665	0.0
150	2162.5	0.0
160	2310.6666666666665	0.0
170	2046.3333333333333	0.0
180	2395.8333333333335	0.0
190	2368.5	0.0
200	2386.3333333333335	0.0
210	2378.6666666666665	0.0
220	2152.5	0.0
230	2361.6666666666665	0.0
240	2389.8333333333335	0.0
250	2401.3333333333335	0.0
260	2224.3333333333335	0.0
270	2306.0	0.0
280	2370.5	0.0
290	2468.0	0.0
300	2510.0	0.0
310	2404.6666666666665	0.0
320	2640.8333333333335	0.0
330	2511.8333333333335	0.0
340	2642.0	0.0
350	2637.5	0.0
360	2352.6666666666665	0.0
370	2588.5	0.0
380	2459.5	0.0
390	2791.6666666666665	0.0
400	2703.5	0.0
410	2526.1666666666665	0.0
420	2704.5	0.0
430	2572.3333333333335	0.0
440	2634.6666666666665	0.0
450	2656.1666666666665	0.0
460	2660.1666666666665	0.0
470	2611.3333333333335	0.0
480	2845.3333333333335	0.0
490	2645.3333333333335	0.0
500	2745.6666666666665	0.0
510	2749.3333333333335	0.0
520	2742.6666666666665	0.0
530	2753.5	0.0
540	2818.8333333333335	0.0
550	2658.6666666666665	0.0
560	2704.3333333333335	0.0
570	2586.3333333333335	0.0
580	2568.8333333333335	0.0
590	2604.0	0.0
600	2710.0	0.0
610	2594.0	0.0
620	2753.5	0.0
630	2708.3333333333335	0.0
640	2964.0	0.0
650	2461.5	0.0
660	2904.8333333333335	0.0
670	2491.5	0.0
680	2707.6666666666665	0.0
690	2870.3333333333335	0.0
700	2592.8333333333335	0.0
710	2675.1666666666665	0.0
720	2675.5	0.0
730	2916.1666666666665	0.0
740	2950.8333333333335	0.0
750	3099.6666666666665	0.0
760	3112.0	0.0
770	2785.3333333333335	0.0
780	2862.5	0.0
790	2827.3333333333335	0.0
800	2892.6666666666665	0.0
810	2443.6666666666665	0.0
820	2797.5	0.0
830	2801.6666666666665	0.0
840	2721.5	0.0
850	2983.3333333333335	0.0
860	2771.1666666666665	0.0
870	3144.0	0.0
880	2582.0	0.0
890	2760.1666666666665	0.0
900	2962.5	0.0
910	3027.1666666666665	0.0
920	2731.3333333333335	0.0
930	3219.5	0.0
940	2890.5	0.0
950	3070.8333333333335	0.0
960	3031.1666666666665	0.0
970	3028.5	0.0
980	3109.0	0.0
990	3132.6666666666665	0.0
1000	2875.5	0.0
