0	259.3333333333333	0.0
10	1954.0	1000.0
20	1911.8333333333333	0.0
30	2099.1666666666665	0.0
40	2090.3333333333335	0.0
50	2073.0	0.0
60	2126.3333333333335	0.0
70	2217.5	0.0
80	2192.8333333333335	0.0
90	2072.3333333333335	0.0
100	2070.0	0.0
110	2060.0	0.0
120	2195.0	0.0
130	2188.0	0.0
140	2130.6666666666665	0.0
150	2232.6666666666665	0.0
160	2293.1666666666665	0.0
170	2024.1666666666667	0.0
180	2241.6666666666665	0.0
190	2353.6666666666665	0.0
200	2297.5	0.0
210	2246.0	0.0
220	2300.0	0.0
230	2286.0	0.0
240	2429.5	0.0
250	2524.6666666666665	0.0
260	2406.6666666666665	0.0
270	2336.1666666666665	0.0
280	2174.0	0.0
290	2279.5	0.0
300	2540.0	0.0
310	2408.1666666666665	0.0
320	2441.3333333333335	0.0
330	2484.1666666666665	0.0
340	2410.5	0.0
350	2380.8333333333335	0.0
360	2249.6666666666665	0.0
370	2409.0	0.0
380	2779.6666666666665	0.0
390	2498.8333333333335	0.0
400	2546.1666666666665	0.0
410	2648.3333333333335	0.0
420	2549.0	0.0
430	2590.6666666666665	0.0
440	2586.0	0.0
450	2514.6666666666665	0.0
460	2483.1666666666665	0.0
470	2490.5	0.0
480	2579.6666666666665	0.0
490	2642.6666666666665	0.0
500	2645.3333333333335	0.0
510	2905.3333333333335	0.0
520	2732.0	0.0
530	2760.6666666666665	0.0
540	2673.6666666666665	0.0
550	2744.5	0.0
560	2825.0	0.0
570	2557.1666666666665	0.0
580	2787.8333333333335	0.0
590	2725.3333333333335	0.0
600	2760.1666666666665	0.0
610	2667.5	0.0
620	2977.6666666666665	0.0
630	2967.8333333333335	0.0
640	2686.0	0.0
650	2675.6666666666665	0.0
660	2807.3333333333335	0.0
670	2545.6666666666665	0.0
680	2304.1666666666665	0.0
690	2796.0	0.0
700	2915.3333333333335	0.0
710	2996.3333333333335	0.0
720	2625.5	0.0
730	3041.0	0.0
740	2983.6666666666665	0.0
750	2859.5	0.0
760	2836.0	0.0
770	2976.1666666666665	0.0
780	2830.6666666666665	0.0
790	3003.3333333333335	0.0
800	2993.6666666666665	0.0
810	2884.5	0.0
820	3011.3333333333335	0.0
830	2951.3333333333335	0.0
840	3085.3333333333335	0.0
850	3038.6666666666665	0.0
860	2967.5	0.0
870	2862.5	0.0
880	2858.6666666666665	0.0
890	2693.3333333333335	0.0
900	3067.8333333333335	0.0
910	2814.0	0.0
920	2890.8333333333335	0.0
930	2903.0	0.0
940	3004.0	0.0
950	3140.5	0.0
960	2953.6666666666665	0.0
970	3253.1666666666665	0.0
980	2969.8333333333335	0.0
990	3182.0	0.0
1000	2856.5	0.0
