0	246.66666666666666	0.0
10	2043.1666666666667	1000.0
20	2045.6666666666667	0.0
30	2165.3333333333335	0.0
40	2037.8333333333333	0.0
50	1910.5	0.0
60	2074.6666666666665	0.0
70	2050.6666666666665	0.0
80	2220.6666666666665	0.0
90	2110.5	0.0
100	2124.6666666666665	0.0
110	2149.6666666666665	0.0
120	2098.1666666666665	0.0
130	2177.8333333333335	0.0
140	2224.8333333333335	0.0
150	2363.8333333333335	0.0
160	1926.3333333333333	0.0
170	2253.3333333333335	0.0
180	2281.8333333333335	0.0
190	2140.8333333333335	0.0
200	2099.5	0.0
210	2357.5	0.0
220	2246.3333333333335	0.0
230	2336.8333333333335	0.0
240	2297.1666666666665	0.0
250	2097.3333333333335	0.0
260	2359.5	0.0
270	2014.0	0.0
280	2101.1666666666665	0.0
290	2383.3333333333335	0.0
300	2473.8333333333335	0.0
310	2419.6666666666665	0.0
320	2474.1666666666665	0.0
330	2246.1666666666665	0.0
340	2376.8333333333335	0.0
350	2316.3333333333335	0.0
360	2392.6666666666665	0.0
370	2589.6666666666665	0.0
380	2402.6666666666665	0.0
390	2593.0	0.0
400	2617.3333333333335	0.0
410	2294.5	0.0
420	2712.0	0.0
430	2514.3333333333335	0.0
440	2605.1666666666665	0.0
450	2314.1666666666665	0.0
460	2581.5	0.0
470	2439.5	0.0
480	2422.6666666666665	0.0
490	2793.6666666666665	0.0
500	2765.3333333333335	0.0
510	2245.0	0.0
520	2599.6666666666665	0.0
530	2423.3333333333335	0.0
540	2690.1666666666665	0.0
550	2931.0	0.0
560	2909.1666666666665	0.0
570	2604.6666666666665	0.0
580	2850.6666666666665	0.0
590	2623.6666666666665	0.0
600	2625.3333333333335	0.0
610	2696.5	0.0
620	2621.0	0.0
630	2503.5	0.0
640	2583.6666666666665	0.0
650	2723.3333333333335	0.0
660	2694.5	0.0
670	2621.1666666666665	0.0
680	2570.8333333333335	0.0
690	2733.5	0.0
700	2778.5	0.0
710	2487.0	0.0
720	2963.1666666666665	0.0
730	2692.3333333333335	0.0
740	2747.6666666666665	0.0
750	2815.8333333333335	0.0
760	2766.0	0.0
770	2660.3333333333335	0.0
780	2833.5	0.0
790	2941.5	0.0
800	2776.0	0.0
810	2979.0	0.0
820	2860.6666666666665	0.0
830	2685.3333333333335	0.0
840	2676.3333333333335	0.0
850	2887.0	0.0
860	2787.5	0.0
870	3059.1666666666665	0.0
880	2688.8333333333335	0.0
890	2857.6666666666665	0.0
900	2783.0	0.0
910	2843.1666666666665	0.0
920	2942.8333333333335	0.0
930	2689.1666666666665	0.0
940	2929.0	0.0
950	2731.3333333333335	0.0
960	3059.3333333333335	0.0
970	3108.8333333333335	0.0
980	2900.6666666666665	0.0
990	3045.5	0.0
1000	2855.0	0.0
