0	312.6666666666667	0.0
10	1699.5	1000.0
20	2116.0	0.0
30	1990.5	0.0
40	2078.3333333333335	0.0
50	1976.5	0.0
60	2124.6666666666665	0.0
70	2108.1666666666665	0.0
80	1934.3333333333333	0.0
90	2131.1666666666665	0.0
100	2097.1666666666665	0.0
110	2106.8333333333335	0.0
120	2152.1666666666665	0.0
130	2172.6666666666665	0.0
140	2359.0	0.0
150	1848.6666666666667	0.0
160	2210.1666666666665	0.0
170	2186.0	0.0
180	2221.3333333333335	0.0
190	2322.0	0.0
200	2172.6666666666665	0.0
210	2126.3333333333335	0.0
220	2239.1666666666665	0.0
230	2327.5	0.0
240	2444.5	0.0
250	2078.6666666666665	0.0
260	2511.1666666666665	0.0
270	2383.3333333333335	0.0
280	2452.1666666666665	0.0
290	2447.0	0.0
300	2538.3333333333335	0.0
310	2522.5	0.0
320	2329.3333333333335	0.0
330	2287.6666666666665	0.0
340	2617.3333333333335	0.0
350	2347.3333333333335	0.0
360	2486.0	0.0
370	2749.6666666666665	0.0
380	2574.8333333333335	0.0
390	2506.5	0.0
400	2291.3333333333335	0.0
410	2593.3333333333335	0.0
420	2208.3333333333335	0.0
430	2423.5	0.0
440	2552.1666666666665	0.0
450	2471.1666666666665	0.0
460	2840.6666666666665	0.0
470	2689.1666666666665	0.0
480	2423.0	0.0
490	2417.1666666666665	0.0
500	2788.6666666666665	0.0
510	2565.0	0.0
520	2555.1666666666665	0.0
530	2961.8333333333335	0.0
540	2752.5	0.0
550	2435.3333333333335	0.0
560	2499.5	0.0
570	2546.6666666666665	0.0
580	2772.5	0.0
590	2693.6666666666665	0.0
600	2436.5	0.0
610	2692.8333333333335	0.0
620	2396.5	0.0
630	2503.0	0.0
640	2524.1666666666665	0.0
650	2726.1666666666665	0.0
660	2649.6666666666665	0.0
670	2637.3333333333335	0.0
680	2558.6666666666665	0.0
690	2611.1666666666665	0.0
700	2504.8333333333335	0.0
710	2597.5	0.0
720	2640.8333333333335	0.0
730	2557.1666666666665	0.0
740	2545.1666666666665	0.0
750	2709.3333333333335	0.0
760	2598.5	0.0
770	2710.0	0.0
780	2946.0	0.0
790	2730.0	0.0
800	2859.5	0.0
810	2850.6666666666665	0.0
820	2541.0	0.0
830	3028.0	0.0
840	2812.3333333333335	0.0
850	2747.0	0.0
860	2675.0	0.0
870	2689.0	0.0
880	2738.6666666666665	0.0
890	2798.3333333333335	0.0
900	2841.1666666666665	0.0
910	3031.3333333333335	0.0
920	2742.5	0.0
930	2697.5	0.0
940	2660.3333333333335	0.0
950	2567.6666666666665	0.0
960	2739.3333333333335	0.0
970	2633.0	0.0
980	2757.8333333333335	0.0
990	2866.0	0.0
1000	2648.1666666666665	0.0
