0	251.66666666666666	0.0	0.0	0.0	0.0	0.0	0.0
10	1859.3333333333333	1000.0	6019.0	897.0	649.0	491.0	351.0
20	1936.0	0.0	0.0	0.0	0.0	0.0	0.0
30	1979.0	0.0	0.0	0.0	0.0	0.0	0.0
40	1937.1666666666667	0.0	0.0	0.0	0.0	0.0	0.0
50	2225.6666666666665	0.0	0.0	0.0	0.0	0.0	0.0
60	2185.1666666666665	0.0	0.0	0.0	0.0	0.0	0.0
70	1950.1666666666667	0.0	0.0	0.0	0.0	0.0	0.0
80	2444.6666666666665	0.0	0.0	0.0	0.0	0.0	0.0
90	2301.0	0.0	0.0	0.0	0.0	0.0	0.0
100	2211.1666666666665	0.0	0.0	0.0	0.0	0.0	0.0
110	2505.5	0.0	0.0	0.0	0.0	0.0	0.0
120	2726.8333333333335	0.0	0.0	0.0	0.0	0.0	0.0
130	2475.8333333333335	0.0	0.0	0.0	0.0	0.0	0.0
140	2554.1666666666665	0.0	0.0	0.0	0.0	0.0	0.0
150	2318.8333333333335	0.0	0.0	0.0	0.0	0.0	0.0
160	2364.1666666666665	0.0	0.0	0.0	0.0	0.0	0.0
170	2122.3333333333335	0.0	0.0	0.0	0.0	0.0	0.0
180	2380.5	0.0	0.0	0.0	0.0	0.0	0.0
190	2903.6666666666665	0.0	0.0	0.0	0.0	0.0	0.0
200	3056.5	0.0	0.0	0.0	0.0	0.0	0.0
210	2800.3333333333335	0.0	0.0	0.0	0.0	0.0	0.0
220	2889.3333333333335	0.0	0.0	0.0	0.0	0.0	0.0
230	2720.8333333333335	0.0	0.0	0.0	0.0	0.0	0.0
240	2954.8333333333335	0.0	0.0	0.0	0.0	0.0	0.0
250	3090.8333333333335	0.0	0.0	0.0	0.0	0.0	0.0
260	2826.0	0.0	0.0	0.0	0.0	0.0	0.0
270	2698.3333333333335	0.0	0.0	0.0	0.0	0.0	0.0
280	2623.6666666666665	0.0	0.0	0.0	0.0	0.0	0.0
290	2709.0	0.0	0.0	0.0	0.0	0.0	0.0
300	2517.3333333333335	0.0	0.0	0.0	0.0	0.0	0.0
310	2872.8333333333335	0.0	0.0	0.0	0.0	0.0	0.0
320	2777.3333333333335	0.0	0.0	0.0	0.0	0.0	0.0
330	3159.1666666666665	0.0	0.0	0.0	0.0	0.0	0.0
340	3440.1666666666665	0.0	0.0	0.0	0.0	0.0	0.0
350	3381.3333333333335	0.0	0.0	0.0	0.0	0.0	0.0
360	3421.3333333333335	0.0	0.0	0.0	0.0	0.0	0.0
370	3168.1666666666665	0.0	0.0	0.0	0.0	0.0	0.0
380	3555.5	0.0	0.0	0.0	0.0	0.0	0.0
390	3283.3333333333335	0.0	0.0	0.0	0.0	0.0	0.0
400	3727.6666666666665	0.0	0.0	0.0	0.0	0.0	0.0
410	3512.8333333333335	0.0	0.0	0.0	0.0	0.0	0.0
420	3037.5	0.0	0.0	0.0	0.0	0.0	0.0
430	3181.3333333333335	0.0	0.0	0.0	0.0	0.0	0.0
440	3128.5	0.0	0.0	0.0	0.0	0.0	0.0
450	3072.6666666666665	0.0	0.0	0.0	0.0	0.0	0.0
460	3670.5	0.0	0.0	0.0	0.0	0.0	0.0
470	3754.8333333333335	0.0	0.0	0.0	0.0	0.0	0.0
480	3311.1666666666665	0.0	0.0	0.0	0.0	0.0	0.0
490	3284.0	0.0	0.0	0.0	0.0	0.0	0.0
500	3448.1666666666665	0.0	0.0	0.0	0.0	0.0	0.0
510	3632.6666666666665	0.0	0.0	0.0	0.0	0.0	0.0
520	3711.3333333333335	0.0	0.0	0.0	0.0	0.0	0.0
530	3916.1666666666665	0.0	0.0	0.0	0.0	0.0	0.0
540	3642.0	0.0	0.0	0.0	0.0	0.0	0.0
550	3218.3333333333335	0.0	0.0	0.0	0.0	0.0	0.0
560	3412.8333333333335	0.0	0.0	0.0	0.0	0.0	0.0
570	2898.0	0.0	0.0	0.0	0.0	0.0	0.0
580	3258.0	0.0	0.0	0.0	0.0	0.0	0.0
590	4010.0	0.0	0.0	0.0	0.0	0.0	0.0
600	3150.5	0.0	0.0	0.0	0.0	0.0	0.0
610	3818.0	0.0	0.0	0.0	0.0	0.0	0.0
620	3223.1666666666665	0.0	0.0	0.0	0.0	0.0	0.0
630	4041.3333333333335	0.0	0.0	0.0	0.0	0.0	0.0
640	3046.6666666666665	0.0	0.0	0.0	0.0	0.0	0.0
650	3800.3333333333335	0.0	0.0	0.0	0.0	0.0	0.0
660	3528.6666666666665	0.0	0.0	0.0	0.0	0.0	0.0
670	2921.6666666666665	0.0	0.0	0.0	0.0	0.0	0.0
680	3323.8333333333335	0.0	0.0	0.0	0.0	0.0	0.0
690	3418.5	0.0	0.0	0.0	0.0	0.0	0.0
700	4057.8333333333335	0.0	0.0	0.0	0.0	0.0	0.0
710	3688.6666666666665	0.0	0.0	0.0	0.0	0.0	0.0
720	3714.5	0.0	0.0	0.0	0.0	0.0	0.0
730	3906.3333333333335	0.0	0.0	0.0	0.0	0.0	0.0
740	3675.8333333333335	0.0	0.0	0.0	0.0	0.0	0.0
750	3541.0	0.0	0.0	0.0	0.0	0.0	0.0
760	3747.5	0.0	0.0	0.0	0.0	0.0	0.0
770	3700.6666666666665	0.0	0.0	0.0	0.0	0.0	0.0
780	3870.0	0.0	0.0	0.0	0.0	0.0	0.0
790	3860.6666666666665	0.0	0.0	0.0	0.0	0.0	0.0
800	3599.5	0.0	0.0	0.0	0.0	0.0	0.0
810	3486.6666666666665	0.0	0.0	0.0	0.0	0.0	0.0
820	3105.3333333333335	0.0	0.0	0.0	0.0	0.0	0.0
830	3871.8333333333335	0.0	0.0	0.0	0.0	0.0	0.0
840	3844.5	0.0	0.0	0.0	0.0	0.0	0.0
850	4224.833333333333	0.0	0.0	0.0	0.0	0.0	0.0
860	3602.0	0.0	0.0	0.0	0.0	0.0	0.0
870	3726.6666666666665	0.0	0.0	0.0	0.0	0.0	0.0
880	3117.0	0.0	0.0	0.0	0.0	0.0	0.0
890	3367.6666666666665	0.0	0.0	0.0	0.0	0.0	0.0
900	3820.1666666666665	0.0	0.0	0.0	0.0	0.0	0.0
910	4101.5	0.0	0.0	0.0	0.0	0.0	0.0
920	4055.6666666666665	0.0	0.0	0.0	0.0	0.0	0.0
930	3745.3333333333335	0.0	0.0	0.0	0.0	0.0	0.0
940	3908.3333333333335	0.0	0.0	0.0	0.0	0.0	0.0
950	3953.5	0.0	0.0	0.0	0.0	0.0	0.0
960	3492.0	0.0	0.0	0.0	0.0	0.0	0.0
970	3640.3333333333335	0.0	0.0	0.0	0.0	0.0	0.0
980	3694.1666666666665	0.0	0.0	0.0	0.0	0.0	0.0
990	4164.666666666667	0.0	0.0	0.0	0.0	0.0	0.0
1000	3822.5	0.0	0.0	0.0	0.0	0.0	0.0
