0	254.0	0.0	0.0	0.0	0.0	0.0	0.0
10	1821.8333333333333	1000.0	6059.0	726.0	822.0	545.0	178.0
20	2091.3333333333335	0.0	0.0	0.0	0.0	0.0	0.0
30	2225.3333333333335	0.0	0.0	0.0	0.0	0.0	0.0
40	2004.8333333333333	0.0	0.0	0.0	0.0	0.0	0.0
50	2254.1666666666665	0.0	0.0	0.0	0.0	0.0	0.0
60	1700.3333333333333	0.0	0.0	0.0	0.0	0.0	0.0
70	2076.5	0.0	0.0	0.0	0.0	0.0	0.0
80	2124.5	0.0	0.0	0.0	0.0	0.0	0.0
90	2093.1666666666665	0.0	0.0	0.0	0.0	0.0	0.0
100	2114.3333333333335	0.0	0.0	0.0	0.0	0.0	0.0
110	2150.1666666666665	0.0	0.0	0.0	0.0	0.0	0.0
120	2183.3333333333335	0.0	0.0	0.0	0.0	0.0	0.0
130	2404.3333333333335	0.0	0.0	0.0	0.0	0.0	0.0
140	2022.5	0.0	0.0	0.0	0.0	0.0	0.0
150	2112.3333333333335	0.0	0.0	0.0	0.0	0.0	0.0
160	2153.5	0.0	0.0	0.0	0.0	0.0	0.0
170	2128.8333333333335	0.0	0.0	0.0	0.0	0.0	0.0
180	2399.1666666666665	0.0	0.0	0.0	0.0	0.0	0.0
190	2580.6666666666665	0.0	0.0	0.0	0.0	0.0	0.0
200	2644.6666666666665	0.0	0.0	0.0	0.0	0.0	0.0
210	2745.1666666666665	0.0	0.0	0.0	0.0	0.0	0.0
220	2772.3333333333335	0.0	0.0	0.0	0.0	0.0	0.0
230	2683.5	0.0	0.0	0.0	0.0	0.0	0.0
240	2775.5	0.0	0.0	0.0	0.0	0.0	0.0
250	2926.6666666666665	0.0	0.0	0.0	0.0	0.0	0.0
260	3031.0	0.0	0.0	0.0	0.0	0.0	0.0
270	3002.5	0.0	0.0	0.0	0.0	0.0	0.0
280	2685.3333333333335	0.0	0.0	0.0	0.0	0.0	0.0
290	2937.8333333333335	0.0	0.0	0.0	0.0	0.0	0.0
300	2600.8333333333335	0.0	0.0	0.0	0.0	0.0	0.0
310	2819.5	0.0	0.0	0.0	0.0	0.0	0.0
320	2729.6666666666665	0.0	0.0	0.0	0.0	0.0	0.0
330	2512.5	0.0	0.0	0.0	0.0	0.0	0.0
340	2741.8333333333335	0.0	0.0	0.0	0.0	0.0	0.0
350	3127.8333333333335	0.0	0.0	0.0	0.0	0.0	0.0
360	2741.5	0.0	0.0	0.0	0.0	0.0	0.0
370	3120.1666666666665	0.0	0.0	0.0	0.0	0.0	0.0
380	3079.3333333333335	0.0	0.0	0.0	0.0	0.0	0.0
390	3104.8333333333335	0.0	0.0	0.0	0.0	0.0	0.0
400	3538.0	0.0	0.0	0.0	0.0	0.0	0.0
410	3527.0	0.0	0.0	0.0	0.0	0.0	0.0
420	3179.3333333333335	0.0	0.0	0.0	0.0	0.0	0.0
430	3551.5	0.0	0.0	0.0	0.0	0.0	0.0
440	3368.6666666666665	0.0	0.0	0.0	0.0	0.0	0.0
450	3548.6666666666665	0.0	0.0	0.0	0.0	0.0	0.0
460	3945.5	0.0	0.0	0.0	0.0	0.0	0.0
470	2707.5	0.0	0.0	0.0	0.0	0.0	0.0
480	3380.3333333333335	0.0	0.0	0.0	0.0	0.0	0.0
490	2992.8333333333335	0.0	0.0	0.0	0.0	0.0	0.0
500	3823.6666666666665	0.0	0.0	0.0	0.0	0.0	0.0
510	3570.0	0.0	0.0	0.0	0.0	0.0	0.0
520	3243.8333333333335	0.0	0.0	0.0	0.0	0.0	0.0
530	3386.3333333333335	0.0	0.0	0.0	0.0	0.0	0.0
540	3621.5	0.0	0.0	0.0	0.0	0.0	0.0
550	3249.8333333333335	0.0	0.0	0.0	0.0	0.0	0.0
560	3477.6666666666665	0.0	0.0	0.0	0.0	0.0	0.0
570	3579.1666666666665	0.0	0.0	0.0	0.0	0.0	0.0
580	3296.0	0.0	0.0	0.0	0.0	0.0	0.0
590	3590.0	0.0	0.0	0.0	0.0	0.0	0.0
600	3468.1666666666665	0.0	0.0	0.0	0.0	0.0	0.0
610	4003.5	0.0	0.0	0.0	0.0	0.0	0.0
620	4008.6666666666665	0.0	0.0	0.0	0.0	0.0	0.0
630	3401.6666666666665	0.0	0.0	0.0	0.0	0.0	0.0
640	3768.0	0.0	0.0	0.0	0.0	0.0	0.0
650	3926.5	0.0	0.0	0.0	0.0	0.0	0.0
660	3811.8333333333335	0.0	0.0	0.0	0.0	0.0	0.0
670	3549.3333333333335	0.0	0.0	0.0	0.0	0.0	0.0
680	3685.6666666666665	0.0	0.0	0.0	0.0	0.0	0.0
690	3771.8333333333335	0.0	0.0	0.0	0.0	0.0	0.0
700	3212.6666666666665	0.0	0.0	0.0	0.0	0.0	0.0
710	3557.3333333333335	0.0	0.0	0.0	0.0	0.0	0.0
720	3558.3333333333335	0.0	0.0	0.0	0.0	0.0	0.0
730	3825.3333333333335	0.0	0.0	0.0	0.0	0.0	0.0
740	3888.1666666666665	0.0	0.0	0.0	0.0	0.0	0.0
750	3719.0	0.0	0.0	0.0	0.0	0.0	0.0
760	3533.1666666666665	0.0	0.0	0.0	0.0	0.0	0.0
770	3421.8333333333335	0.0	0.0	0.0	0.0	0.0	0.0
780	3591.8333333333335	0.0	0.0	0.0	0.0	0.0	0.0
790	3704.0	0.0	0.0	0.0	0.0	0.0	0.0
800	3740.5	0.0	0.0	0.0	0.0	0.0	0.0
810	3898.0	0.0	0.0	0.0	0.0	0.0	0.0
820	3659.6666666666665	0.0	0.0	0.0	0.0	0.0	0.0
830	3560.8333333333335	0.0	0.0	0.0	0.0	0.0	0.0
840	3626.8333333333335	0.0	0.0	0.0	0.0	0.0	0.0
850	3911.0	0.0	0.0	0.0	0.0	0.0	0.0
860	3989.8333333333335	0.0	0.0	0.0	0.0	0.0	0.0
870	3920.6666666666665	0.0	0.0	0.0	0.0	0.0	0.0
880	3398.0	0.0	0.0	0.0	0.0	0.0	0.0
890	3981.0	0.0	0.0	0.0	0.0	0.0	0.0
900	3889.0	0.0	0.0	0.0	0.0	0.0	0.0
910	4018.8333333333335	0.0	0.0	0.0	0.0	0.0	0.0
920	3683.1666666666665	0.0	0.0	0.0	0.0	0.0	0.0
930	3742.3333333333335	0.0	0.0	0.0	0.0	0.0	0.0
940	3472.8333333333335	0.0	0.0	0.0	0.0	0.0	0.0
950	3919.3333333333335	0.0	0.0	0.0	0.0	0.0	0.0
960	3675.5	0.0	0.0	0.0	0.0	0.0	0.0
970	3748.5	0.0	0.0	0.0	0.0	0.0	0.0
980	3808.5	0.0	0.0	0.0	0.0	0.0	0.0
990	3788.5	0.0	0.0	0.0	0.0	0.0	0.0
1000	3914.5	0.0	0.0	0.0	0.0	0.0	0.0
