0	245.66666666666666	0.0	0.0	0.0	0.0	0.0	0.0
10	1960.1666666666667	1000.0	5746.0	660.0	838.0	497.0	162.0
20	1862.1666666666667	0.0	0.0	0.0	0.0	0.0	0.0
30	1831.5	0.0	0.0	0.0	0.0	0.0	0.0
40	2130.3333333333335	0.0	0.0	0.0	0.0	0.0	0.0
50	2301.0	0.0	0.0	0.0	0.0	0.0	0.0
60	2183.0	0.0	0.0	0.0	0.0	0.0	0.0
70	2345.0	0.0	0.0	0.0	0.0	0.0	0.0
80	2448.8333333333335	0.0	0.0	0.0	0.0	0.0	0.0
90	2447.1666666666665	0.0	0.0	0.0	0.0	0.0	0.0
100	2444.6666666666665	0.0	0.0	0.0	0.0	0.0	0.0
110	2540.8333333333335	0.0	0.0	0.0	0.0	0.0	0.0
120	2702.6666666666665	0.0	0.0	0.0	0.0	0.0	0.0
130	2463.5	0.0	0.0	0.0	0.0	0.0	0.0
140	2669.8333333333335	0.0	0.0	0.0	0.0	0.0	0.0
150	2613.5	0.0	0.0	0.0	0.0	0.0	0.0
160	2437.0	0.0	0.0	0.0	0.0	0.0	0.0
170	2443.6666666666665	0.0	0.0	0.0	0.0	0.0	0.0
180	2607.3333333333335	0.0	0.0	0.0	0.0	0.0	0.0
190	2268.0	0.0	0.0	0.0	0.0	0.0	0.0
200	2229.5	0.0	0.0	0.0	0.0	0.0	0.0
210	2679.0	0.0	0.0	0.0	0.0	0.0	0.0
220	2069.6666666666665	0.0	0.0	0.0	0.0	0.0	0.0
230	2186.5	0.0	0.0	0.0	0.0	0.0	0.0
240	2784.3333333333335	0.0	0.0	0.0	0.0	0.0	0.0
250	2875.0	0.0	0.0	0.0	0.0	0.0	0.0
260	2570.3333333333335	0.0	0.0	0.0	0.0	0.0	0.0
270	2697.1666666666665	0.0	0.0	0.0	0.0	0.0	0.0
280	2311.3333333333335	0.0	0.0	0.0	0.0	0.0	0.0
290	2555.3333333333335	0.0	0.0	0.0	0.0	0.0	0.0
300	2140.8333333333335	0.0	0.0	0.0	0.0	0.0	0.0
310	2706.3333333333335	0.0	0.0	0.0	0.0	0.0	0.0
320	2640.6666666666665	0.0	0.0	0.0	0.0	0.0	0.0
330	2490.5	0.0	0.0	0.0	0.0	0.0	0.0
340	2498.0	0.0	0.0	0.0	0.0	0.0	0.0
350	2562.0	0.0	0.0	0.0	0.0	0.0	0.0
360	2797.3333333333335	0.0	0.0	0.0	0.0	0.0	0.0
370	2847.6666666666665	0.0	0.0	0.0	0.0	0.0	0.0
380	2796.5	0.0	0.0	0.0	0.0	0.0	0.0
390	2720.1666666666665	0.0	0.0	0.0	0.0	0.0	0.0
400	2815.5	0.0	0.0	0.0	0.0	0.0	0.0
410	3208.6666666666665	0.0	0.0	0.0	0.0	0.0	0.0
420	2950.8333333333335	0.0	0.0	0.0	0.0	0.0	0.0
430	2751.5	0.0	0.0	0.0	0.0	0.0	0.0
440	2632.0	0.0	0.0	0.0	0.0	0.0	0.0
450	3195.3333333333335	0.0	0.0	0.0	0.0	0.0	0.0
460	2926.5	0.0	0.0	0.0	0.0	0.0	0.0
470	2966.0	0.0	0.0	0.0	0.0	0.0	0.0
480	3171.8333333333335	0.0	0.0	0.0	0.0	0.0	0.0
490	3595.5	0.0	0.0	0.0	0.0	0.0	0.0
500	3448.3333333333335	0.0	0.0	0.0	0.0	0.0	0.0
510	3317.0	0.0	0.0	0.0	0.0	0.0	0.0
520	3775.5	0.0	0.0	0.0	0.0	0.0	0.0
530	3389.3333333333335	0.0	0.0	0.0	0.0	0.0	0.0
540	3585.6666666666665	0.0	0.0	0.0	0.0	0.0	0.0
550	3354.0	0.0	0.0	0.0	0.0	0.0	0.0
560	3407.0	0.0	0.0	0.0	0.0	0.0	0.0
570	3815.5	0.0	0.0	0.0	0.0	0.0	0.0
580	3255.6666666666665	0.0	0.0	0.0	0.0	0.0	0.0
590	3650.6666666666665	0.0	0.0	0.0	0.0	0.0	0.0
600	3618.0	0.0	0.0	0.0	0.0	0.0	0.0
610	3466.8333333333335	0.0	0.0	0.0	0.0	0.0	0.0
620	3606.0	0.0	0.0	0.0	0.0	0.0	0.0
630	3433.8333333333335	0.0	0.0	0.0	0.0	0.0	0.0
640	3603.3333333333335	0.0	0.0	0.0	0.0	0.0	0.0
650	3496.0	0.0	0.0	0.0	0.0	0.0	0.0
660	3768.3333333333335	0.0	0.0	0.0	0.0	0.0	0.0
670	3535.6666666666665	0.0	0.0	0.0	0.0	0.0	0.0
680	3625.5	0.0	0.0	0.0	0.0	0.0	0.0
690	3670.0	0.0	0.0	0.0	0.0	0.0	0.0
700	3750.3333333333335	0.0	0.0	0.0	0.0	0.0	0.0
710	3855.8333333333335	0.0	0.0	0.0	0.0	0.0	0.0
720	3548.0	0.0	0.0	0.0	0.0	0.0	0.0
730	3609.0	0.0	0.0	0.0	0.0	0.0	0.0
740	3423.1666666666665	0.0	0.0	0.0	0.0	0.0	0.0
750	3738.0	0.0	0.0	0.0	0.0	0.0	0.0
760	3750.8333333333335	0.0	0.0	0.0	0.0	0.0	0.0
770	3655.8333333333335	0.0	0.0	0.0	0.0	0.0	0.0
780	3681.5	0.0	0.0	0.0	0.0	0.0	0.0
790	3749.5	0.0	0.0	0.0	0.0	0.0	0.0
800	3159.8333333333335	0.0	0.0	0.0	0.0	0.0	0.0
810	3707.8333333333335	0.0	0.0	0.0	0.0	0.0	0.0
820	3748.8333333333335	0.0	0.0	0.0	0.0	0.0	0.0
830	3800.1666666666665	0.0	0.0	0.0	0.0	0.0	0.0
840	3716.3333333333335	0.0	0.0	0.0	0.0	0.0	0.0
850	3804.6666666666665	0.0	0.0	0.0	0.0	0.0	0.0
860	3603.5	0.0	0.0	0.0	0.0	0.0	0.0
870	3929.6666666666665	0.0	0.0	0.0	0.0	0.0	0.0
880	3954.0	0.0	0.0	0.0	0.0	0.0	0.0
890	3649.0	0.0	0.0	0.0	0.0	0.0	0.0
900	3790.1666666666665	0.0	0.0	0.0	0.0	0.0	0.0
910	3803.1666666666665	0.0	0.0	0.0	0.0	0.0	0.0
920	3503.5	0.0	0.0	0.0	0.0	0.0	0.0
930	3958.0	0.0	0.0	0.0	0.0	0.0	0.0
940	4075.5	0.0	0.0	0.0	0.0	0.0	0.0
950	3636.0	0.0	0.0	0.0	0.0	0.0	0.0
960	3613.5	0.0	0.0	0.0	0.0	0.0	0.0
970	3658.6666666666665	0.0	0.0	0.0	0.0	0.0	0.0
980	3487.5	0.0	0.0	0.0	0.0	0.0	0.0
990	3893.8333333333335	0.0	0.0	0.0	0.0	0.0	0.0
1000	3663.1666666666665	0.0	0.0	0.0	0.0	0.0	0.0
