0	256.0	0.0	0.0	0.0	0.0	0.0	0.0
10	2155.1666666666665	1000.0	5587.0	624.0	897.0	513.0	103.0
20	2065.0	0.0	0.0	0.0	0.0	0.0	0.0
30	2113.8333333333335	0.0	0.0	0.0	0.0	0.0	0.0
40	2205.3333333333335	0.0	0.0	0.0	0.0	0.0	0.0
50	2169.1666666666665	0.0	0.0	0.0	0.0	0.0	0.0
60	2122.5	0.0	0.0	0.0	0.0	0.0	0.0
70	2257.6666666666665	0.0	0.0	0.0	0.0	0.0	0.0
80	2297.5	0.0	0.0	0.0	0.0	0.0	0.0
90	2302.3333333333335	0.0	0.0	0.0	0.0	0.0	0.0
100	2297.3333333333335	0.0	0.0	0.0	0.0	0.0	0.0
110	2240.3333333333335	0.0	0.0	0.0	0.0	0.0	0.0
120	2573.8333333333335	0.0	0.0	0.0	0.0	0.0	0.0
130	2613.6666666666665	0.0	0.0	0.0	0.0	0.0	0.0
140	2888.0	0.0	0.0	0.0	0.0	0.0	0.0
150	2549.6666666666665	0.0	0.0	0.0	0.0	0.0	0.0
160	2571.6666666666665	0.0	0.0	0.0	0.0	0.0	0.0
170	2431.5	0.0	0.0	0.0	0.0	0.0	0.0
180	2834.5	0.0	0.0	0.0	0.0	0.0	0.0
190	2729.0	0.0	0.0	0.0	0.0	0.0	0.0
200	2497.3333333333335	0.0	0.0	0.0	0.0	0.0	0.0
210	2444.3333333333335	0.0	0.0	0.0	0.0	0.0	0.0
220	2596.5	0.0	0.0	0.0	0.0	0.0	0.0
230	2624.1666666666665	0.0	0.0	0.0	0.0	0.0	0.0
240	2698.5	0.0	0.0	0.0	0.0	0.0	0.0
250	2604.5	0.0	0.0	0.0	0.0	0.0	0.0
260	2540.8333333333335	0.0	0.0	0.0	0.0	0.0	0.0
270	2557.1666666666665	0.0	0.0	0.0	0.0	0.0	0.0
280	2368.3333333333335	0.0	0.0	0.0	0.0	0.0	0.0
290	2987.5	0.0	0.0	0.0	0.0	0.0	0.0
300	2734.6666666666665	0.0	0.0	0.0	0.0	0.0	0.0
310	2619.6666666666665	0.0	0.0	0.0	0.0	0.0	0.0
320	2778.3333333333335	0.0	0.0	0.0	0.0	0.0	0.0
330	2835.5	0.0	0.0	0.0	0.0	0.0	0.0
340	2661.0	0.0	0.0	0.0	0.0	0.0	0.0
350	3007.5	0.0	0.0	0.0	0.0	0.0	0.0
360	3012.0	0.0	0.0	0.0	0.0	0.0	0.0
370	2781.0	0.0	0.0	0.0	0.0	0.0	0.0
380	3080.8333333333335	0.0	0.0	0.0	0.0	0.0	0.0
390	3290.3333333333335	0.0	0.0	0.0	0.0	0.0	0.0
400	3289.3333333333335	0.0	0.0	0.0	0.0	0.0	0.0
410	3262.6666666666665	0.0	0.0	0.0	0.0	0.0	0.0
420	3336.5	0.0	0.0	0.0	0.0	0.0	0.0
430	3145.0	0.0	0.0	0.0	0.0	0.0	0.0
440	2909.0	0.0	0.0	0.0	0.0	0.0	0.0
450	3390.8333333333335	0.0	0.0	0.0	0.0	0.0	0.0
460	3431.6666666666665	0.0	0.0	0.0	0.0	0.0	0.0
470	3438.5	0.0	0.0	0.0	0.0	0.0	0.0
480	2869.5	0.0	0.0	0.0	0.0	0.0	0.0
490	3731.1666666666665	0.0	0.0	0.0	0.0	0.0	0.0
500	3278.6666666666665	0.0	0.0	0.0	0.0	0.0	0.0
510	3447.0	0.0	0.0	0.0	0.0	0.0	0.0
520	3367.0	0.0	0.0	0.0	0.0	0.0	0.0
530	3503.3333333333335	0.0	0.0	0.0	0.0	0.0	0.0
540	3470.3333333333335	0.0	0.0	0.0	0.0	0.0	0.0
550	3493.0	0.0	0.0	0.0	0.0	0.0	0.0
560	3047.3333333333335	0.0	0.0	0.0	0.0	0.0	0.0
570	4109.666666666667	0.0	0.0	0.0	0.0	0.0	0.0
580	3711.0	0.0	0.0	0.0	0.0	0.0	0.0
590	3484.5	0.0	0.0	0.0	0.0	0.0	0.0
600	3185.5	0.0	0.0	0.0	0.0	0.0	0.0
610	3561.6666666666665	0.0	0.0	0.0	0.0	0.0	0.0
620	3727.5	0.0	0.0	0.0	0.0	0.0	0.0
630	3412.0	0.0	0.0	0.0	0.0	0.0	0.0
640	3570.0	0.0	0.0	0.0	0.0	0.0	0.0
650	3563.0	0.0	0.0	0.0	0.0	0.0	0.0
660	3220.3333333333335	0.0	0.0	0.0	0.0	0.0	0.0
670	3908.1666666666665	0.0	0.0	0.0	0.0	0.0	0.0
680	3518.3333333333335	0.0	0.0	0.0	0.0	0.0	0.0
690	3513.6666666666665	0.0	0.0	0.0	0.0	0.0	0.0
700	3773.6666666666665	0.0	0.0	0.0	0.0	0.0	0.0
710	3380.6666666666665	0.0	0.0	0.0	0.0	0.0	0.0
720	3533.1666666666665	0.0	0.0	0.0	0.0	0.0	0.0
730	3647.3333333333335	0.0	0.0	0.0	0.0	0.0	0.0
740	3993.1666666666665	0.0	0.0	0.0	0.0	0.0	0.0
750	3339.3333333333335	0.0	0.0	0.0	0.0	0.0	0.0
760	3207.8333333333335	0.0	0.0	0.0	0.0	0.0	0.0
770	3400.5	0.0	0.0	0.0	0.0	0.0	0.0
780	3892.0	0.0	0.0	0.0	0.0	0.0	0.0
790	3729.8333333333335	0.0	0.0	0.0	0.0	0.0	0.0
800	3855.5	0.0	0.0	0.0	0.0	0.0	0.0
810	3754.1666666666665	0.0	0.0	0.0	0.0	0.0	0.0
820	3779.3333333333335	0.0	0.0	0.0	0.0	0.0	0.0
830	3464.1666666666665	0.0	0.0	0.0	0.0	0.0	0.0
840	3558.0	0.0	0.0	0.0	0.0	0.0	0.0
850	3404.5	0.0	0.0	0.0	0.0	0.0	0.0
860	4121.0	0.0	0.0	0.0	0.0	0.0	0.0
870	3455.5	0.0	0.0	0.0	0.0	0.0	0.0
880	4038.8333333333335	0.0	0.0	0.0	0.0	0.0	0.0
890	3756.6666666666665	0.0	0.0	0.0	0.0	0.0	0.0
900	3694.3333333333335	0.0	0.0	0.0	0.0	0.0	0.0
910	3818.1666666666665	0.0	0.0	0.0	0.0	0.0	0.0
920	3783.3333333333335	0.0	0.0	0.0	0.0	0.0	0.0
930	3833.3333333333335	0.0	0.0	0.0	0.0	0.0	0.0
940	3374.3333333333335	0.0	0.0	0.0	0.0	0.0	0.0
950	3733.5	0.0	0.0	0.0	0.0	0.0	0.0
960	3527.1666666666665	0.0	0.0	0.0	0.0	0.0	0.0
970	3613.1666666666665	0.0	0.0	0.0	0.0	0.0	0.0
980	3793.3333333333335	0.0	0.0	0.0	0.0	0.0	0.0
990	3797.6666666666665	0.0	0.0	0.0	0.0	0.0	0.0
1000	3648.8333333333335	0.0	0.0	0.0	0.0	0.0	0.0
