0	299.3333333333333	0.0	0.0	0.0	0.0	0.0	0.0
10	1604.8333333333333	896.0	7316.0	619.0	768.0	489.0	128.0
20	1928.5	104.0	1189.0	54.0	87.0	37.0	17.0
30	2079.0	0.0	0.0	0.0	0.0	0.0	0.0
40	2020.5	0.0	0.0	0.0	0.0	0.0	0.0
50	2165.3333333333335	0.0	0.0	0.0	0.0	0.0	0.0
60	2062.1666666666665	0.0	0.0	0.0	0.0	0.0	0.0
70	2286.3333333333335	0.0	0.0	0.0	0.0	0.0	0.0
80	2173.8333333333335	0.0	0.0	0.0	0.0	0.0	0.0
90	2318.0	0.0	0.0	0.0	0.0	0.0	0.0
100	2451.0	0.0	0.0	0.0	0.0	0.0	0.0
110	2335.1666666666665	0.0	0.0	0.0	0.0	0.0	0.0
120	1991.6666666666667	0.0	0.0	0.0	0.0	0.0	0.0
130	2102.1666666666665	0.0	0.0	0.0	0.0	0.0	0.0
140	2323.5	0.0	0.0	0.0	0.0	0.0	0.0
150	2470.5	0.0	0.0	0.0	0.0	0.0	0.0
160	2312.8333333333335	0.0	0.0	0.0	0.0	0.0	0.0
170	2533.0	0.0	0.0	0.0	0.0	0.0	0.0
180	2557.6666666666665	0.0	0.0	0.0	0.0	0.0	0.0
190	2729.3333333333335	0.0	0.0	0.0	0.0	0.0	0.0
200	2424.3333333333335	0.0	0.0	0.0	0.0	0.0	0.0
210	2393.8333333333335	0.0	0.0	0.0	0.0	0.0	0.0
220	2668.0	0.0	0.0	0.0	0.0	0.0	0.0
230	2498.1666666666665	0.0	0.0	0.0	0.0	0.0	0.0
240	2545.1666666666665	0.0	0.0	0.0	0.0	0.0	0.0
250	2669.8333333333335	0.0	0.0	0.0	0.0	0.0	0.0
260	2375.1666666666665	0.0	0.0	0.0	0.0	0.0	0.0
270	3095.8333333333335	0.0	0.0	0.0	0.0	0.0	0.0
280	2851.1666666666665	0.0	0.0	0.0	0.0	0.0	0.0
290	2836.3333333333335	0.0	0.0	0.0	0.0	0.0	0.0
300	2861.6666666666665	0.0	0.0	0.0	0.0	0.0	0.0
310	2563.8333333333335	0.0	0.0	0.0	0.0	0.0	0.0
320	3241.8333333333335	0.0	0.0	0.0	0.0	0.0	0.0
330	2660.6666666666665	0.0	0.0	0.0	0.0	0.0	0.0
340	2900.8333333333335	0.0	0.0	0.0	0.0	0.0	0.0
350	3172.0	0.0	0.0	0.0	0.0	0.0	0.0
360	2975.6666666666665	0.0	0.0	0.0	0.0	0.0	0.0
370	3238.1666666666665	0.0	0.0	0.0	0.0	0.0	0.0
380	2884.1666666666665	0.0	0.0	0.0	0.0	0.0	0.0
390	2810.6666666666665	0.0	0.0	0.0	0.0	0.0	0.0
400	2951.6666666666665	0.0	0.0	0.0	0.0	0.0	0.0
410	3788.8333333333335	0.0	0.0	0.0	0.0	0.0	0.0
420	3258.1666666666665	0.0	0.0	0.0	0.0	0.0	0.0
430	3406.8333333333335	0.0	0.0	0.0	0.0	0.0	0.0
440	2678.3333333333335	0.0	0.0	0.0	0.0	0.0	0.0
450	3086.8333333333335	0.0	0.0	0.0	0.0	0.0	0.0
460	3518.0	0.0	0.0	0.0	0.0	0.0	0.0
470	3146.6666666666665	0.0	0.0	0.0	0.0	0.0	0.0
480	3895.5	0.0	0.0	0.0	0.0	0.0	0.0
490	3899.8333333333335	0.0	0.0	0.0	0.0	0.0	0.0
500	3065.0	0.0	0.0	0.0	0.0	0.0	0.0
510	3370.0	0.0	0.0	0.0	0.0	0.0	0.0
520	3480.8333333333335	0.0	0.0	0.0	0.0	0.0	0.0
530	3317.8333333333335	0.0	0.0	0.0	0.0	0.0	0.0
540	3597.5	0.0	0.0	0.0	0.0	0.0	0.0
550	3482.0	0.0	0.0	0.0	0.0	0.0	0.0
560	3755.3333333333335	0.0	0.0	0.0	0.0	0.0	0.0
570	3481.1666666666665	0.0	0.0	0.0	0.0	0.0	0.0
580	2890.3333333333335	0.0	0.0	0.0	0.0	0.0	0.0
590	3209.8333333333335	0.0	0.0	0.0	0.0	0.0	0.0
600	4041.3333333333335	0.0	0.0	0.0	0.0	0.0	0.0
610	3672.8333333333335	0.0	0.0	0.0	0.0	0.0	0.0
620	3143.0	0.0	0.0	0.0	0.0	0.0	0.0
630	3481.3333333333335	0.0	0.0	0.0	0.0	0.0	0.0
640	4125.5	0.0	0.0	0.0	0.0	0.0	0.0
650	3517.5	0.0	0.0	0.0	0.0	0.0	0.0
660	3633.6666666666665	0.0	0.0	0.0	0.0	0.0	0.0
670	3703.5	0.0	0.0	0.0	0.0	0.0	0.0
680	3560.6666666666665	0.0	0.0	0.0	0.0	0.0	0.0
690	3472.5	0.0	0.0	0.0	0.0	0.0	0.0
700	3982.6666666666665	0.0	0.0	0.0	0.0	0.0	0.0
710	3749.3333333333335	0.0	0.0	0.0	0.0	0.0	0.0
720	3735.6666666666665	0.0	0.0	0.0	0.0	0.0	0.0
730	3618.3333333333335	0.0	0.0	0.0	0.0	0.0	0.0
740	3716.3333333333335	0.0	0.0	0.0	0.0	0.0	0.0
750	3867.8333333333335	0.0	0.0	0.0	0.0	0.0	0.0
760	3891.5	0.0	0.0	0.0	0.0	0.0	0.0
770	3881.8333333333335	0.0	0.0	0.0	0.0	0.0	0.0
780	3565.5	0.0	0.0	0.0	0.0	0.0	0.0
790	3824.5	0.0	0.0	0.0	0.0	0.0	0.0
800	3844.5	0.0	0.0	0.0	0.0	0.0	0.0
810	3804.5	0.0	0.0	0.0	0.0	0.0	0.0
820	3721.5	0.0	0.0	0.0	0.0	0.0	0.0
830	3722.8333333333335	0.0	0.0	0.0	0.0	0.0	0.0
840	3738.3333333333335	0.0	0.0	0.0	0.0	0.0	0.0
850	3931.1666666666665	0.0	0.0	0.0	0.0	0.0	0.0
860	3940.1666666666665	0.0	0.0	0.0	0.0	0.0	0.0
870	3528.5	0.0	0.0	0.0	0.0	0.0	0.0
880	3785.0	0.0	0.0	0.0	0.0	0.0	0.0
890	4033.8333333333335	0.0	0.0	0.0	0.0	0.0	0.0
900	4033.3333333333335	0.0	0.0	0.0	0.0	0.0	0.0
910	4022.8333333333335	0.0	0.0	0.0	0.0	0.0	0.0
920	4201.0	0.0	0.0	0.0	0.0	0.0	0.0
930	3939.5	0.0	0.0	0.0	0.0	0.0	0.0
940	3892.3333333333335	0.0	0.0	0.0	0.0	0.0	0.0
950	4043.8333333333335	0.0	0.0	0.0	0.0	0.0	0.0
960	3918.5	0.0	0.0	0.0	0.0	0.0	0.0
970	3726.1666666666665	0.0	0.0	0.0	0.0	0.0	0.0
980	3917.1666666666665	0.0	0.0	0.0	0.0	0.0	0.0
990	3778.8333333333335	0.0	0.0	0.0	0.0	0.0	0.0
1000	3895.6666666666665	0.0	0.0	0.0	0.0	0.0	0.0
