0	261.3333333333333	0.0	0.0	0.0	0.0	0.0	0.0
10	2012.6666666666667	828.0	7158.0	645.0	637.0	448.0	191.0
20	2158.1666666666665	172.0	1447.0	92.0	133.0	53.0	39.0
30	1931.6666666666667	0.0	0.0	0.0	0.0	0.0	0.0
40	1829.3333333333333	0.0	0.0	0.0	0.0	0.0	0.0
50	1800.5	0.0	0.0	0.0	0.0	0.0	0.0
60	2051.6666666666665	0.0	0.0	0.0	0.0	0.0	0.0
70	2031.8333333333333	0.0	0.0	0.0	0.0	0.0	0.0
80	2064.6666666666665	0.0	0.0	0.0	0.0	0.0	0.0
90	2200.5	0.0	0.0	0.0	0.0	0.0	0.0
100	2311.6666666666665	0.0	0.0	0.0	0.0	0.0	0.0
110	2232.0	0.0	0.0	0.0	0.0	0.0	0.0
120	2468.8333333333335	0.0	0.0	0.0	0.0	0.0	0.0
130	2532.5	0.0	0.0	0.0	0.0	0.0	0.0
140	2382.5	0.0	0.0	0.0	0.0	0.0	0.0
150	2674.8333333333335	0.0	0.0	0.0	0.0	0.0	0.0
160	2570.5	0.0	0.0	0.0	0.0	0.0	0.0
170	2759.0	0.0	0.0	0.0	0.0	0.0	0.0
180	2639.5	0.0	0.0	0.0	0.0	0.0	0.0
190	2393.5	0.0	0.0	0.0	0.0	0.0	0.0
200	2705.8333333333335	0.0	0.0	0.0	0.0	0.0	0.0
210	2155.5	0.0	0.0	0.0	0.0	0.0	0.0
220	2814.3333333333335	0.0	0.0	0.0	0.0	0.0	0.0
230	2713.1666666666665	0.0	0.0	0.0	0.0	0.0	0.0
240	2476.0	0.0	0.0	0.0	0.0	0.0	0.0
250	2712.1666666666665	0.0	0.0	0.0	0.0	0.0	0.0
260	2602.5	0.0	0.0	0.0	0.0	0.0	0.0
270	2733.8333333333335	0.0	0.0	0.0	0.0	0.0	0.0
280	2611.6666666666665	0.0	0.0	0.0	0.0	0.0	0.0
290	2327.0	0.0	0.0	0.0	0.0	0.0	0.0
300	2352.8333333333335	0.0	0.0	0.0	0.0	0.0	0.0
310	2665.0	0.0	0.0	0.0	0.0	0.0	0.0
320	2543.8333333333335	0.0	0.0	0.0	0.0	0.0	0.0
330	2707.1666666666665	0.0	0.0	0.0	0.0	0.0	0.0
340	2884.1666666666665	0.0	0.0	0.0	0.0	0.0	0.0
350	2571.5	0.0	0.0	0.0	0.0	0.0	0.0
360	2591.0	0.0	0.0	0.0	0.0	0.0	0.0
370	2250.5	0.0	0.0	0.0	0.0	0.0	0.0
380	2509.5	0.0	0.0	0.0	0.0	0.0	0.0
390	2602.5	0.0	0.0	0.0	0.0	0.0	0.0
400	2923.3333333333335	0.0	0.0	0.0	0.0	0.0	0.0
410	2471.3333333333335	0.0	0.0	0.0	0.0	0.0	0.0
420	3245.6666666666665	0.0	0.0	0.0	0.0	0.0	0.0
430	2827.1666666666665	0.0	0.0	0.0	0.0	0.0	0.0
440	2726.5	0.0	0.0	0.0	0.0	0.0	0.0
450	3191.5	0.0	0.0	0.0	0.0	0.0	0.0
460	2534.1666666666665	0.0	0.0	0.0	0.0	0.0	0.0
470	2713.3333333333335	0.0	0.0	0.0	0.0	0.0	0.0
480	2927.6666666666665	0.0	0.0	0.0	0.0	0.0	0.0
490	2600.1666666666665	0.0	0.0	0.0	0.0	0.0	0.0
500	2808.3333333333335	0.0	0.0	0.0	0.0	0.0	0.0
510	3078.1666666666665	0.0	0.0	0.0	0.0	0.0	0.0
520	3339.5	0.0	0.0	0.0	0.0	0.0	0.0
530	3200.6666666666665	0.0	0.0	0.0	0.0	0.0	0.0
540	2836.6666666666665	0.0	0.0	0.0	0.0	0.0	0.0
550	3440.8333333333335	0.0	0.0	0.0	0.0	0.0	0.0
560	2769.6666666666665	0.0	0.0	0.0	0.0	0.0	0.0
570	3515.5	0.0	0.0	0.0	0.0	0.0	0.0
580	3307.0	0.0	0.0	0.0	0.0	0.0	0.0
590	2971.1666666666665	0.0	0.0	0.0	0.0	0.0	0.0
600	2919.3333333333335	0.0	0.0	0.0	0.0	0.0	0.0
610	3498.0	0.0	0.0	0.0	0.0	0.0	0.0
620	3413.1666666666665	0.0	0.0	0.0	0.0	0.0	0.0
630	3462.6666666666665	0.0	0.0	0.0	0.0	0.0	0.0
640	3562.6666666666665	0.0	0.0	0.0	0.0	0.0	0.0
650	3447.1666666666665	0.0	0.0	0.0	0.0	0.0	0.0
660	3694.5	0.0	0.0	0.0	0.0	0.0	0.0
670	3678.6666666666665	0.0	0.0	0.0	0.0	0.0	0.0
680	3679.3333333333335	0.0	0.0	0.0	0.0	0.0	0.0
690	3497.5	0.0	0.0	0.0	0.0	0.0	0.0
700	3837.6666666666665	0.0	0.0	0.0	0.0	0.0	0.0
710	3598.0	0.0	0.0	0.0	0.0	0.0	0.0
720	3690.0	0.0	0.0	0.0	0.0	0.0	0.0
730	3945.6666666666665	0.0	0.0	0.0	0.0	0.0	0.0
740	3645.1666666666665	0.0	0.0	0.0	0.0	0.0	0.0
750	3622.5	0.0	0.0	0.0	0.0	0.0	0.0
760	3484.0	0.0	0.0	0.0	0.0	0.0	0.0
770	3850.3333333333335	0.0	0.0	0.0	0.0	0.0	0.0
780	3430.1666666666665	0.0	0.0	0.0	0.0	0.0	0.0
790	3455.3333333333335	0.0	0.0	0.0	0.0	0.0	0.0
800	3308.8333333333335	0.0	0.0	0.0	0.0	0.0	0.0
810	3678.5	0.0	0.0	0.0	0.0	0.0	0.0
820	3821.3333333333335	0.0	0.0	0.0	0.0	0.0	0.0
830	3814.6666666666665	0.0	0.0	0.0	0.0	0.0	0.0
840	3810.3333333333335	0.0	0.0	0.0	0.0	0.0	0.0
850	3716.6666666666665	0.0	0.0	0.0	0.0	0.0	0.0
860	3318.5	0.0	0.0	0.0	0.0	0.0	0.0
870	3969.8333333333335	0.0	0.0	0.0	0.0	0.0	0.0
880	3825.6666666666665	0.0	0.0	0.0	0.0	0.0	0.0
890	4000.6666666666665	0.0	0.0	0.0	0.0	0.0	0.0
900	3765.3333333333335	0.0	0.0	0.0	0.0	0.0	0.0
910	3920.3333333333335	0.0	0.0	0.0	0.0	0.0	0.0
920	4032.5	0.0	0.0	0.0	0.0	0.0	0.0
930	3719.3333333333335	0.0	0.0	0.0	0.0	0.0	0.0
940	3769.6666666666665	0.0	0.0	0.0	0.0	0.0	0.0
950	3515.6666666666665	0.0	0.0	0.0	0.0	0.0	0.0
960	3917.3333333333335	0.0	0.0	0.0	0.0	0.0	0.0
970	3945.1666666666665	0.0	0.0	0.0	0.0	0.0	0.0
980	3893.3333333333335	0.0	0.0	0.0	0.0	0.0	0.0
990	3589.0	0.0	0.0	0.0	0.0	0.0	0.0
1000	4189.5	0.0	0.0	0.0	0.0	0.0	0.0
