0	258.1888888888888	0.0
10	169.14444444444447	1000.0
20	140.34444444444443	0.0
30	184.25555555555556	0.0
40	589.4944444444444	0.0
50	733.261111111111	0.0
60	1063.6444444444446	0.0
70	1135.0166666666667	0.0
80	1491.5166666666667	0.0
90	1680.8444444444442	0.0
100	1807.7555555555555	0.0
110	1968.311111111111	0.0
120	2166.3777777777777	0.0
130	2193.6055555555563	0.0
140	2269.983333333333	0.0
150	2306.794444444445	0.0
160	2308.7999999999997	0.0
170	2290.0611111111107	0.0
180	2302.8722222222223	0.0
190	2332.972222222223	0.0
200	2296.844444444445	0.0
210	2325.6611111111115	0.0
220	2304.6	0.0
230	2340.7166666666662	0.0
240	2307.233333333333	0.0
250	2286.011111111111	0.0
260	2337.105555555556	0.0
270	2246.433333333333	0.0
280	2155.883333333333	0.0
290	2236.738888888889	0.0
300	2125.1222222222223	0.0
310	2074.3166666666666	0.0
320	2092.855555555556	0.0
330	2145.733333333334	0.0
340	2043.1833333333334	0.0
350	1980.4666666666672	0.0
360	2082.7111111111108	0.0
370	2053.9222222222224	0.0
380	1994.5000000000002	0.0
390	2052.733333333333	0.0
400	1951.4333333333336	0.0
410	2016.8944444444446	0.0
420	1941.2555555555557	0.0
430	1973.3722222222218	0.0
440	2002.1944444444446	0.0
450	1932.7388888888888	0.0
460	1922.711111111111	0.0
470	1967.961111111111	0.0
480	2003.4333333333338	0.0
490	1993.1499999999999	0.0
500	1955.7944444444443	0.0
510	2057.1666666666665	0.0
520	1945.9444444444443	0.0
530	2156.7611111111105	0.0
540	2156.65	0.0
550	2148.7499999999995	0.0
560	2167.138888888889	0.0
570	2195.116666666667	0.0
580	2294.3666666666663	0.0
590	2250.483333333334	0.0
600	2252.2944444444447	0.0
610	2259.75	0.0
620	2138.383333333333	0.0
630	2221.744444444444	0.0
640	2266.888888888889	0.0
650	2260.1611111111115	0.0
660	2278.3055555555557	0.0
670	2252.9055555555556	0.0
680	2255.6222222222223	0.0
690	2301.888888888889	0.0
700	2319.0611111111116	0.0
710	2233.611111111111	0.0
720	2261.216666666667	0.0
730	2256.222222222222	0.0
740	2249.705555555555	0.0
750	2176.1222222222223	0.0
760	2199.5833333333335	0.0
770	2223.572222222223	0.0
780	2104.194444444445	0.0
790	2202.8333333333335	0.0
800	2237.644444444444	0.0
810	2301.233333333333	0.0
820	2230.8722222222223	0.0
830	2263.7277777777776	0.0
840	2222.088888888889	0.0
850	2261.888888888889	0.0
860	2272.6500000000005	0.0
870	2238.555555555555	0.0
880	2194.5777777777776	0.0
890	2159.5055555555555	0.0
900	2228.7	0.0
910	2183.15	0.0
920	2204.811111111111	0.0
930	2173.577777777778	0.0
940	2225.483333333333	0.0
950	2267.255555555555	0.0
960	2261.3611111111113	0.0
970	2270.872222222222	0.0
980	2350.9166666666665	0.0
990	2309.944444444445	0.0
1000	2289.3166666666666	0.0
