0	216.0	0.0
10	82.0	1000.0
20	70.0	0.0
30	70.66666666666667	0.0
40	859.6666666666666	0.0
50	1373.3333333333333	0.0
60	1520.6666666666667	0.0
70	1951.1666666666667	0.0
80	1967.6666666666667	0.0
90	2139.8333333333335	0.0
100	2127.0	0.0
110	1920.6666666666667	0.0
120	2201.6666666666665	0.0
130	2349.8333333333335	0.0
140	2670.1666666666665	0.0
150	2528.8333333333335	0.0
160	2508.0	0.0
170	2386.3333333333335	0.0
180	2362.5	0.0
190	2448.0	0.0
200	1935.8333333333333	0.0
210	2336.5	0.0
220	2494.0	0.0
230	2615.3333333333335	0.0
240	2509.1666666666665	0.0
250	2301.6666666666665	0.0
260	2486.0	0.0
270	2444.1666666666665	0.0
280	2293.6666666666665	0.0
290	2395.3333333333335	0.0
300	2043.0	0.0
310	1717.0	0.0
320	1972.3333333333333	0.0
330	2373.3333333333335	0.0
340	1930.3333333333333	0.0
350	2048.0	0.0
360	1986.6666666666667	0.0
370	1586.3333333333333	0.0
380	2351.0	0.0
390	1748.6666666666667	0.0
400	1417.3333333333333	0.0
410	2065.6666666666665	0.0
420	1782.6666666666667	0.0
430	2311.8333333333335	0.0
440	2641.0	0.0
450	1787.6666666666667	0.0
460	1899.3333333333333	0.0
470	1871.6666666666667	0.0
480	2398.8333333333335	0.0
490	1834.0	0.0
500	1975.0	0.0
510	2332.6666666666665	0.0
520	1739.6666666666667	0.0
530	1855.6666666666667	0.0
540	1764.5	0.0
550	1853.1666666666667	0.0
560	2059.0	0.0
570	2511.0	0.0
580	2324.0	0.0
590	2538.5	0.0
600	2372.3333333333335	0.0
610	2494.6666666666665	0.0
620	1694.6666666666667	0.0
630	2690.3333333333335	0.0
640	2707.3333333333335	0.0
650	2446.3333333333335	0.0
660	2431.6666666666665	0.0
670	2433.3333333333335	0.0
680	2679.5	0.0
690	1952.3333333333333	0.0
700	1819.6666666666667	0.0
710	1822.3333333333333	0.0
720	2412.0	0.0
730	2521.0	0.0
740	1846.1666666666667	0.0
750	1755.6666666666667	0.0
760	1855.3333333333333	0.0
770	2302.6666666666665	0.0
780	1589.3333333333333	0.0
790	1845.0	0.0
800	1931.0	0.0
810	2041.8333333333333	0.0
820	1660.3333333333333	0.0
830	2032.5	0.0
840	2618.5	0.0
850	2423.1666666666665	0.0
860	2790.3333333333335	0.0
870	2297.1666666666665	0.0
880	2299.6666666666665	0.0
890	2292.6666666666665	0.0
900	2466.5	0.0
910	2459.0	0.0
920	2640.5	0.0
930	1803.3333333333333	0.0
940	1964.8333333333333	0.0
950	1936.1666666666667	0.0
960	2149.8333333333335	0.0
970	1858.3333333333333	0.0
980	1867.0	0.0
990	1917.1666666666667	0.0
1000	2382.3333333333335	0.0
