0	246.33333333333334	0.0
10	95.0	1000.0
20	70.0	0.0
30	70.0	0.0
40	70.0	0.0
50	1422.5	0.0
60	279.6666666666667	0.0
70	419.0	0.0
80	1490.6666666666667	0.0
90	456.0	0.0
100	149.66666666666666	0.0
110	955.6666666666666	0.0
120	1864.3333333333333	0.0
130	1909.6666666666667	0.0
140	2178.6666666666665	0.0
150	2191.0	0.0
160	2391.1666666666665	0.0
170	1862.0	0.0
180	2314.3333333333335	0.0
190	2246.3333333333335	0.0
200	1955.3333333333333	0.0
210	2387.3333333333335	0.0
220	2268.3333333333335	0.0
230	2443.6666666666665	0.0
240	2117.3333333333335	0.0
250	2573.6666666666665	0.0
260	2240.0	0.0
270	2319.6666666666665	0.0
280	2277.1666666666665	0.0
290	2280.0	0.0
300	2480.8333333333335	0.0
310	2367.1666666666665	0.0
320	2271.0	0.0
330	2294.6666666666665	0.0
340	2005.0	0.0
350	2435.6666666666665	0.0
360	2498.0	0.0
370	2509.0	0.0
380	2194.0	0.0
390	1762.0	0.0
400	2008.5	0.0
410	2189.6666666666665	0.0
420	2426.8333333333335	0.0
430	2369.6666666666665	0.0
440	1751.0	0.0
450	2639.3333333333335	0.0
460	2426.3333333333335	0.0
470	2367.0	0.0
480	2408.1666666666665	0.0
490	2364.3333333333335	0.0
500	2567.3333333333335	0.0
510	2290.6666666666665	0.0
520	2643.5	0.0
530	2686.3333333333335	0.0
540	2323.3333333333335	0.0
550	2041.6666666666667	0.0
560	2244.0	0.0
570	2405.6666666666665	0.0
580	2468.6666666666665	0.0
590	1921.3333333333333	0.0
600	1799.8333333333333	0.0
610	2168.3333333333335	0.0
620	2090.0	0.0
630	2149.6666666666665	0.0
640	2158.5	0.0
650	1992.5	0.0
660	1738.0	0.0
670	1805.6666666666667	0.0
680	2386.0	0.0
690	2636.0	0.0
700	2424.3333333333335	0.0
710	2486.3333333333335	0.0
720	2413.5	0.0
730	2442.6666666666665	0.0
740	2074.3333333333335	0.0
750	2234.3333333333335	0.0
760	2497.0	0.0
770	2455.3333333333335	0.0
780	2229.6666666666665	0.0
790	2054.6666666666665	0.0
800	2378.5	0.0
810	2298.6666666666665	0.0
820	2366.3333333333335	0.0
830	2164.5	0.0
840	2652.6666666666665	0.0
850	2605.6666666666665	0.0
860	2273.8333333333335	0.0
870	1691.3333333333333	0.0
880	2026.5	0.0
890	2408.8333333333335	0.0
900	2184.6666666666665	0.0
910	1871.0	0.0
920	2272.3333333333335	0.0
930	2318.6666666666665	0.0
940	2347.8333333333335	0.0
950	2350.1666666666665	0.0
960	2390.3333333333335	0.0
970	1661.0	0.0
980	2743.0	0.0
990	2424.0	0.0
1000	2307.0	0.0
