0	255.33333333333334	0.0
10	80.33333333333333	1000.0
20	70.0	0.0
30	70.0	0.0
40	72.33333333333333	0.0
50	72.66666666666667	0.0
60	264.6666666666667	0.0
70	111.66666666666667	0.0
80	1276.3333333333333	0.0
90	1785.6666666666667	0.0
100	1981.0	0.0
110	1967.0	0.0
120	2129.1666666666665	0.0
130	2216.3333333333335	0.0
140	2214.5	0.0
150	2216.0	0.0
160	2373.6666666666665	0.0
170	2315.6666666666665	0.0
180	2304.0	0.0
190	2441.0	0.0
200	2218.6666666666665	0.0
210	2247.3333333333335	0.0
220	2397.0	0.0
230	2018.5	0.0
240	1920.0	0.0
250	2203.3333333333335	0.0
260	2414.5	0.0
270	1749.0	0.0
280	1990.1666666666667	0.0
290	1999.8333333333333	0.0
300	1810.3333333333333	0.0
310	1892.3333333333333	0.0
320	1747.8333333333333	0.0
330	2560.0	0.0
340	2418.1666666666665	0.0
350	2077.3333333333335	0.0
360	1784.0	0.0
370	2092.0	0.0
380	1543.6666666666667	0.0
390	1490.3333333333333	0.0
400	1388.3333333333333	0.0
410	1560.3333333333333	0.0
420	1157.5	0.0
430	1701.1666666666667	0.0
440	1934.3333333333333	0.0
450	1318.5	0.0
460	1578.0	0.0
470	1206.6666666666667	0.0
480	1577.6666666666667	0.0
490	1366.0	0.0
500	1835.8333333333333	0.0
510	1583.6666666666667	0.0
520	1488.3333333333333	0.0
530	2285.0	0.0
540	2407.3333333333335	0.0
550	2291.0	0.0
560	2255.3333333333335	0.0
570	2291.3333333333335	0.0
580	2423.0	0.0
590	2220.0	0.0
600	2325.3333333333335	0.0
610	2334.3333333333335	0.0
620	1961.6666666666667	0.0
630	2050.5	0.0
640	2065.6666666666665	0.0
650	2412.3333333333335	0.0
660	1944.5	0.0
670	1821.6666666666667	0.0
680	2343.6666666666665	0.0
690	2527.1666666666665	0.0
700	2490.3333333333335	0.0
710	2365.0	0.0
720	2551.3333333333335	0.0
730	1635.3333333333333	0.0
740	2336.6666666666665	0.0
750	1831.8333333333333	0.0
760	2471.6666666666665	0.0
770	2530.0	0.0
780	2338.3333333333335	0.0
790	2627.8333333333335	0.0
800	2453.6666666666665	0.0
810	2288.0	0.0
820	2494.6666666666665	0.0
830	2729.0	0.0
840	1936.3333333333333	0.0
850	1934.6666666666667	0.0
860	1696.3333333333333	0.0
870	1997.3333333333333	0.0
880	1930.5	0.0
890	2232.0	0.0
900	1679.3333333333333	0.0
910	1755.3333333333333	0.0
920	2149.5	0.0
930	2003.3333333333333	0.0
940	2402.6666666666665	0.0
950	1998.0	0.0
960	2378.8333333333335	0.0
970	2199.1666666666665	0.0
980	2352.3333333333335	0.0
990	2431.6666666666665	0.0
1000	2411.1666666666665	0.0
