0	249.66666666666666	0.0
10	101.33333333333333	1000.0
20	81.66666666666667	0.0
30	70.33333333333333	0.0
40	70.0	0.0
50	71.66666666666667	0.0
60	1192.0	0.0
70	1908.6666666666667	0.0
80	1746.3333333333333	0.0
90	1304.3333333333333	0.0
100	1529.5	0.0
110	1986.0	0.0
120	2193.0	0.0
130	2510.8333333333335	0.0
140	2130.3333333333335	0.0
150	2391.0	0.0
160	2055.0	0.0
170	2469.3333333333335	0.0
180	2317.0	0.0
190	2280.3333333333335	0.0
200	2289.3333333333335	0.0
210	2214.6666666666665	0.0
220	2168.3333333333335	0.0
230	2199.6666666666665	0.0
240	2195.3333333333335	0.0
250	2458.8333333333335	0.0
260	1970.5	0.0
270	2093.0	0.0
280	2433.6666666666665	0.0
290	2462.1666666666665	0.0
300	2754.5	0.0
310	2310.3333333333335	0.0
320	2350.1666666666665	0.0
330	1313.0	0.0
340	1449.3333333333333	0.0
350	1647.3333333333333	0.0
360	2209.0	0.0
370	1829.3333333333333	0.0
380	2040.6666666666667	0.0
390	1987.8333333333333	0.0
400	1441.6666666666667	0.0
410	1974.0	0.0
420	1645.6666666666667	0.0
430	1265.0	0.0
440	2319.6666666666665	0.0
450	2128.1666666666665	0.0
460	1491.5	0.0
470	1567.3333333333333	0.0
480	2139.8333333333335	0.0
490	2204.3333333333335	0.0
500	2127.8333333333335	0.0
510	1582.6666666666667	0.0
520	1247.6666666666667	0.0
530	1498.6666666666667	0.0
540	2455.3333333333335	0.0
550	1632.1666666666667	0.0
560	2063.3333333333335	0.0
570	1918.0	0.0
580	1872.5	0.0
590	1794.1666666666667	0.0
600	2505.6666666666665	0.0
610	2521.5	0.0
620	2566.5	0.0
630	2402.0	0.0
640	1783.1666666666667	0.0
650	2229.6666666666665	0.0
660	2229.0	0.0
670	2175.0	0.0
680	1467.6666666666667	0.0
690	1757.6666666666667	0.0
700	1995.0	0.0
710	1994.3333333333333	0.0
720	2257.3333333333335	0.0
730	2358.6666666666665	0.0
740	2324.0	0.0
750	2418.1666666666665	0.0
760	1873.6666666666667	0.0
770	2446.0	0.0
780	2567.3333333333335	0.0
790	1484.3333333333333	0.0
800	2308.6666666666665	0.0
810	2289.0	0.0
820	2477.6666666666665	0.0
830	2514.3333333333335	0.0
840	2377.3333333333335	0.0
850	2351.1666666666665	0.0
860	2395.5	0.0
870	2425.3333333333335	0.0
880	1767.6666666666667	0.0
890	1812.8333333333333	0.0
900	1840.0	0.0
910	1785.6666666666667	0.0
920	2351.0	0.0
930	2542.3333333333335	0.0
940	2500.6666666666665	0.0
950	2308.0	0.0
960	2466.0	0.0
970	2427.1666666666665	0.0
980	2493.0	0.0
990	2616.0	0.0
1000	1896.0	0.0
