0	283.3333333333333	0.0
10	128.33333333333334	1000.0
20	70.0	0.0
30	721.6666666666666	0.0
40	1686.3333333333333	0.0
50	256.0	0.0
60	127.0	0.0
70	1985.3333333333333	0.0
80	2079.5	0.0
90	2189.6666666666665	0.0
100	2332.3333333333335	0.0
110	2332.5	0.0
120	2209.1666666666665	0.0
130	2178.1666666666665	0.0
140	2459.8333333333335	0.0
150	2403.8333333333335	0.0
160	2210.0	0.0
170	2330.0	0.0
180	1872.0	0.0
190	2307.3333333333335	0.0
200	2317.6666666666665	0.0
210	1765.0	0.0
220	1948.1666666666667	0.0
230	1802.1666666666667	0.0
240	1584.3333333333333	0.0
250	2292.0	0.0
260	2731.5	0.0
270	2360.6666666666665	0.0
280	2409.0	0.0
290	1871.8333333333333	0.0
300	1825.6666666666667	0.0
310	1670.6666666666667	0.0
320	2308.3333333333335	0.0
330	2154.3333333333335	0.0
340	2298.3333333333335	0.0
350	2356.6666666666665	0.0
360	2306.0	0.0
370	2390.3333333333335	0.0
380	2433.0	0.0
390	1955.6666666666667	0.0
400	2540.3333333333335	0.0
410	1513.5	0.0
420	1757.3333333333333	0.0
430	1860.5	0.0
440	1714.3333333333333	0.0
450	1662.1666666666667	0.0
460	1571.5	0.0
470	2109.3333333333335	0.0
480	2420.0	0.0
490	1912.6666666666667	0.0
500	2023.3333333333333	0.0
510	1789.3333333333333	0.0
520	1908.0	0.0
530	1554.6666666666667	0.0
540	1729.6666666666667	0.0
550	1622.1666666666667	0.0
560	1857.3333333333333	0.0
570	1560.0	0.0
580	2600.6666666666665	0.0
590	2293.3333333333335	0.0
600	2426.8333333333335	0.0
610	2377.0	0.0
620	2628.6666666666665	0.0
630	2429.0	0.0
640	2244.1666666666665	0.0
650	2454.3333333333335	0.0
660	2670.3333333333335	0.0
670	2272.8333333333335	0.0
680	1759.6666666666667	0.0
690	1911.3333333333333	0.0
700	2287.8333333333335	0.0
710	2283.5	0.0
720	2050.1666666666665	0.0
730	1767.6666666666667	0.0
740	2603.6666666666665	0.0
750	2260.6666666666665	0.0
760	2016.3333333333333	0.0
770	2384.8333333333335	0.0
780	2347.0	0.0
790	2446.3333333333335	0.0
800	2389.5	0.0
810	2366.0	0.0
820	2178.3333333333335	0.0
830	2373.6666666666665	0.0
840	2419.6666666666665	0.0
850	2376.3333333333335	0.0
860	2383.5	0.0
870	2502.1666666666665	0.0
880	2407.6666666666665	0.0
890	2378.3333333333335	0.0
900	2528.6666666666665	0.0
910	2156.0	0.0
920	2422.0	0.0
930	2539.0	0.0
940	2731.1666666666665	0.0
950	2662.6666666666665	0.0
960	2302.3333333333335	0.0
970	2412.1666666666665	0.0
980	2498.3333333333335	0.0
990	2617.5	0.0
1000	2550.3333333333335	0.0
