0	261.3333333333333	0.0	0.0	0.0	0.0	0.0	0.0
10	70.0	0.0	0.0	0.0	0.0	0.0	0.0
20	70.0	0.0	0.0	0.0	0.0	0.0	0.0
30	70.0	0.0	0.0	0.0	0.0	0.0	0.0
40	70.0	0.0	0.0	0.0	0.0	0.0	0.0
50	70.0	0.0	0.0	0.0	0.0	0.0	0.0
60	70.0	0.0	0.0	0.0	0.0	0.0	0.0
70	70.0	0.0	0.0	0.0	0.0	0.0	0.0
80	70.0	0.0	0.0	0.0	0.0	0.0	0.0
90	70.0	0.0	0.0	0.0	0.0	0.0	0.0
100	70.0	0.0	0.0	0.0	0.0	0.0	0.0
110	70.0	0.0	0.0	0.0	0.0	0.0	0.0
120	70.0	0.0	0.0	0.0	0.0	0.0	0.0
130	70.0	0.0	0.0	0.0	0.0	0.0	0.0
140	70.0	0.0	0.0	0.0	0.0	0.0	0.0
150	70.33333333333333	0.0	0.0	0.0	0.0	0.0	0.0
160	70.0	0.0	0.0	0.0	0.0	0.0	0.0
170	70.0	0.0	0.0	0.0	0.0	0.0	0.0
180	70.0	0.0	0.0	0.0	0.0	0.0	0.0
190	71.66666666666667	0.0	0.0	0.0	0.0	0.0	0.0
200	71.0	0.0	0.0	0.0	0.0	0.0	0.0
210	73.66666666666667	0.0	0.0	0.0	0.0	0.0	0.0
220	73.66666666666667	0.0	0.0	0.0	0.0	0.0	0.0
230	72.0	0.0	0.0	0.0	0.0	0.0	0.0
240	97.33333333333333	0.0	0.0	0.0	0.0	0.0	0.0
250	144.33333333333334	0.0	0.0	0.0	0.0	0.0	0.0
260	172.66666666666666	0.0	0.0	0.0	0.0	0.0	0.0
270	323.0	0.0	0.0	0.0	0.0	0.0	0.0
280	165.0	0.0	0.0	0.0	0.0	0.0	0.0
290	130.0	28.0	27.0	28.0	2.0	2.0	26.0
300	131.0	3.0	52.0	7.0	3.0	5.0	0.0
310	130.0	0.0	0.0	0.0	0.0	0.0	0.0
320	131.0	39.0	4.0	35.0	4.0	0.0	35.0
330	156.0	0.0	0.0	0.0	0.0	0.0	0.0
340	230.0	0.0	0.0	0.0	0.0	0.0	0.0
350	186.33333333333334	0.0	0.0	0.0	0.0	0.0	0.0
360	244.0	0.0	0.0	0.0	0.0	0.0	0.0
370	241.0	0.0	24.0	1.0	0.0	1.0	0.0
380	422.3333333333333	37.0	2.0	35.0	2.0	0.0	35.0
390	757.6666666666666	25.0	48.0	31.0	4.0	9.0	21.0
400	1098.6666666666667	2.0	1.0	2.0	0.0	0.0	2.0
410	928.3333333333334	16.0	15.0	21.0	1.0	5.0	15.0
420	1281.6666666666667	10.0	66.0	17.0	0.0	7.0	10.0
430	1641.0	1.0	42.0	3.0	0.0	2.0	1.0
440	1491.6666666666667	1.0	48.0	2.0	0.0	1.0	1.0
450	2273.5	4.0	48.0	13.0	0.0	9.0	4.0
460	2276.0	1.0	234.0	7.0	0.0	6.0	1.0
470	1907.0	0.0	151.0	5.0	0.0	5.0	0.0
480	1895.6666666666667	7.0	124.0	17.0	0.0	10.0	7.0
490	2127.6666666666665	5.0	112.0	9.0	0.0	4.0	5.0
500	1605.0	17.0	35.0	18.0	2.0	1.0	15.0
510	2024.6666666666667	3.0	72.0	7.0	1.0	5.0	2.0
520	2070.6666666666665	1.0	15.0	1.0	0.0	0.0	1.0
530	2374.3333333333335	0.0	139.0	4.0	0.0	4.0	0.0
540	2248.3333333333335	8.0	94.0	19.0	0.0	11.0	8.0
550	2182.6666666666665	4.0	74.0	7.0	1.0	4.0	3.0
560	2256.5	0.0	94.0	3.0	0.0	3.0	0.0
570	2201.0	0.0	42.0	3.0	0.0	3.0	0.0
580	2401.3333333333335	0.0	46.0	0.0	0.0	0.0	0.0
590	2440.0	0.0	71.0	9.0	0.0	9.0	0.0
600	2563.6666666666665	0.0	57.0	1.0	0.0	1.0	0.0
610	2504.6666666666665	0.0	34.0	5.0	0.0	5.0	0.0
620	2313.5	2.0	76.0	10.0	1.0	9.0	1.0
630	2543.0	0.0	35.0	4.0	0.0	4.0	0.0
640	2514.3333333333335	0.0	31.0	0.0	0.0	0.0	0.0
650	2672.5	1.0	36.0	4.0	0.0	3.0	1.0
660	2541.6666666666665	0.0	25.0	2.0	0.0	2.0	0.0
670	2537.6666666666665	1.0	25.0	2.0	0.0	1.0	1.0
680	2696.6666666666665	0.0	13.0	0.0	0.0	0.0	0.0
690	2579.8333333333335	0.0	68.0	5.0	0.0	5.0	0.0
700	2692.5	4.0	39.0	5.0	0.0	1.0	4.0
710	2636.6666666666665	0.0	14.0	0.0	0.0	0.0	0.0
720	2452.0	0.0	0.0	0.0	0.0	0.0	0.0
730	2523.1666666666665	1.0	92.0	5.0	0.0	4.0	1.0
740	2727.5	0.0	51.0	3.0	0.0	3.0	0.0
750	2697.1666666666665	1.0	49.0	1.0	1.0	1.0	0.0
760	2357.1666666666665	1.0	46.0	7.0	0.0	6.0	1.0
770	2416.3333333333335	3.0	177.0	14.0	1.0	12.0	2.0
780	2618.5	0.0	48.0	10.0	0.0	10.0	0.0
790	2537.8333333333335	0.0	77.0	2.0	0.0	2.0	0.0
800	2424.0	3.0	135.0	8.0	2.0	7.0	1.0
810	2534.3333333333335	0.0	108.0	4.0	0.0	4.0	0.0
820	2735.3333333333335	1.0	34.0	1.0	1.0	1.0	0.0
830	2512.1666666666665	0.0	34.0	0.0	0.0	0.0	0.0
840	2580.1666666666665	1.0	52.0	6.0	0.0	5.0	1.0
850	2755.6666666666665	0.0	10.0	2.0	0.0	2.0	0.0
860	2271.1666666666665	1.0	53.0	2.0	1.0	2.0	0.0
870	2780.0	12.0	91.0	13.0	0.0	1.0	12.0
880	2832.1666666666665	0.0	113.0	4.0	0.0	4.0	0.0
890	2986.3333333333335	3.0	122.0	5.0	0.0	2.0	3.0
900	2517.3333333333335	0.0	67.0	3.0	0.0	3.0	0.0
910	2767.6666666666665	3.0	145.0	10.0	0.0	7.0	3.0
920	2619.1666666666665	0.0	161.0	2.0	0.0	2.0	0.0
930	2602.3333333333335	2.0	99.0	3.0	1.0	2.0	1.0
940	2635.6666666666665	1.0	48.0	2.0	1.0	2.0	0.0
950	2687.3333333333335	1.0	136.0	7.0	0.0	6.0	1.0
960	2680.3333333333335	2.0	107.0	5.0	0.0	3.0	2.0
970	2680.1666666666665	0.0	123.0	3.0	0.0	3.0	0.0
980	2851.8333333333335	5.0	141.0	7.0	0.0	2.0	5.0
990	2398.3333333333335	0.0	133.0	4.0	0.0	4.0	0.0
1000	2752.8333333333335	2.0	90.0	5.0	1.0	4.0	1.0
