0	236.66666666666666	0.0	0.0	0.0	0.0	0.0	0.0
10	70.0	0.0	0.0	0.0	0.0	0.0	0.0
20	70.0	0.0	0.0	0.0	0.0	0.0	0.0
30	70.0	0.0	0.0	0.0	0.0	0.0	0.0
40	70.0	0.0	0.0	0.0	0.0	0.0	0.0
50	70.0	0.0	0.0	0.0	0.0	0.0	0.0
60	70.0	0.0	0.0	0.0	0.0	0.0	0.0
70	70.0	0.0	0.0	0.0	0.0	0.0	0.0
80	70.0	0.0	0.0	0.0	0.0	0.0	0.0
90	70.0	0.0	0.0	0.0	0.0	0.0	0.0
100	70.0	0.0	0.0	0.0	0.0	0.0	0.0
110	70.0	0.0	0.0	0.0	0.0	0.0	0.0
120	70.0	0.0	0.0	0.0	0.0	0.0	0.0
130	70.0	0.0	0.0	0.0	0.0	0.0	0.0
140	70.0	0.0	0.0	0.0	0.0	0.0	0.0
150	70.0	0.0	0.0	0.0	0.0	0.0	0.0
160	70.0	0.0	0.0	0.0	0.0	0.0	0.0
170	70.0	0.0	0.0	0.0	0.0	0.0	0.0
180	70.0	0.0	0.0	0.0	0.0	0.0	0.0
190	71.33333333333333	0.0	0.0	0.0	0.0	0.0	0.0
200	70.0	0.0	0.0	0.0	0.0	0.0	0.0
210	72.0	0.0	0.0	0.0	0.0	0.0	0.0
220	72.33333333333333	0.0	0.0	0.0	0.0	0.0	0.0
230	70.66666666666667	0.0	0.0	0.0	0.0	0.0	0.0
240	73.66666666666667	0.0	0.0	0.0	0.0	0.0	0.0
250	129.33333333333334	0.0	0.0	0.0	0.0	0.0	0.0
260	160.33333333333334	1.0	28.0	0.0	1.0	0.0	0.0
270	270.3333333333333	2.0	43.0	1.0	2.0	1.0	0.0
280	228.33333333333334	27.0	3.0	27.0	4.0	1.0	23.0
290	161.0	0.0	0.0	0.0	0.0	0.0	0.0
300	201.33333333333334	0.0	2.0	0.0	0.0	0.0	0.0
310	187.66666666666666	0.0	0.0	0.0	0.0	0.0	0.0
320	154.66666666666666	0.0	1.0	2.0	0.0	2.0	0.0
330	155.0	1.0	2.0	0.0	1.0	0.0	0.0
340	146.66666666666666	19.0	25.0	18.0	2.0	1.0	17.0
350	162.0	26.0	13.0	34.0	4.0	11.0	22.0
360	190.66666666666666	0.0	22.0	0.0	0.0	0.0	0.0
370	195.66666666666666	0.0	30.0	6.0	0.0	6.0	0.0
380	556.3333333333334	0.0	0.0	0.0	0.0	0.0	0.0
390	597.0	11.0	2.0	10.0	2.0	0.0	9.0
400	528.0	0.0	11.0	10.0	0.0	10.0	0.0
410	751.6666666666666	1.0	27.0	2.0	1.0	2.0	0.0
420	816.0	1.0	40.0	14.0	0.0	13.0	1.0
430	1245.0	0.0	14.0	2.0	0.0	2.0	0.0
440	1062.0	1.0	114.0	8.0	0.0	7.0	1.0
450	1500.0	2.0	61.0	4.0	0.0	2.0	2.0
460	1676.3333333333333	0.0	61.0	4.0	0.0	4.0	0.0
470	1804.0	0.0	37.0	1.0	0.0	1.0	0.0
480	1354.6666666666667	36.0	99.0	36.0	3.0	2.0	33.0
490	1535.3333333333333	7.0	82.0	14.0	1.0	8.0	6.0
500	1912.3333333333333	2.0	91.0	6.0	1.0	5.0	1.0
510	2075.5	28.0	96.0	32.0	2.0	5.0	26.0
520	2156.3333333333335	2.0	137.0	12.0	0.0	10.0	2.0
530	2074.3333333333335	0.0	166.0	11.0	0.0	11.0	0.0
540	1988.0	0.0	44.0	2.0	0.0	2.0	0.0
550	2159.8333333333335	1.0	90.0	5.0	0.0	4.0	1.0
560	2002.5	0.0	84.0	5.0	0.0	5.0	0.0
570	2320.0	0.0	86.0	2.0	0.0	2.0	0.0
580	1740.3333333333333	0.0	8.0	1.0	0.0	1.0	0.0
590	2180.0	0.0	55.0	2.0	0.0	2.0	0.0
600	2568.0	1.0	25.0	3.0	1.0	2.0	0.0
610	2180.0	0.0	7.0	4.0	0.0	4.0	0.0
620	2557.6666666666665	0.0	50.0	12.0	0.0	12.0	0.0
630	2451.3333333333335	0.0	26.0	3.0	0.0	3.0	0.0
640	2481.3333333333335	0.0	79.0	1.0	0.0	1.0	0.0
650	2113.3333333333335	1.0	67.0	4.0	0.0	3.0	1.0
660	2649.6666666666665	1.0	62.0	5.0	0.0	4.0	1.0
670	2593.3333333333335	1.0	24.0	4.0	0.0	3.0	1.0
680	2440.3333333333335	5.0	80.0	3.0	4.0	2.0	1.0
690	2634.0	0.0	109.0	4.0	0.0	4.0	0.0
700	2595.6666666666665	0.0	12.0	1.0	0.0	1.0	0.0
710	2700.0	1.0	35.0	2.0	0.0	1.0	1.0
720	2498.0	4.0	66.0	6.0	1.0	3.0	3.0
730	2533.1666666666665	0.0	60.0	1.0	0.0	1.0	0.0
740	2528.3333333333335	0.0	34.0	2.0	0.0	2.0	0.0
750	2627.8333333333335	1.0	65.0	5.0	1.0	4.0	0.0
760	2729.1666666666665	5.0	106.0	11.0	1.0	7.0	4.0
770	2742.6666666666665	0.0	36.0	4.0	0.0	4.0	0.0
780	2754.3333333333335	0.0	2.0	0.0	0.0	0.0	0.0
790	2852.3333333333335	0.0	53.0	1.0	0.0	1.0	0.0
800	2773.3333333333335	1.0	83.0	7.0	0.0	6.0	1.0
810	2673.5	0.0	46.0	3.0	0.0	3.0	0.0
820	2714.3333333333335	16.0	44.0	17.0	0.0	1.0	16.0
830	2493.6666666666665	1.0	78.0	2.0	0.0	1.0	1.0
840	2618.8333333333335	9.0	83.0	10.0	0.0	1.0	9.0
850	2478.3333333333335	0.0	70.0	8.0	0.0	8.0	0.0
860	2436.3333333333335	0.0	81.0	3.0	0.0	3.0	0.0
870	2424.3333333333335	2.0	67.0	5.0	0.0	3.0	2.0
880	2360.0	4.0	75.0	7.0	0.0	3.0	4.0
890	2461.1666666666665	0.0	36.0	0.0	0.0	0.0	0.0
900	2532.6666666666665	0.0	45.0	2.0	0.0	2.0	0.0
910	2459.0	0.0	16.0	1.0	0.0	1.0	0.0
920	2553.8333333333335	2.0	96.0	3.0	1.0	2.0	1.0
930	2532.0	0.0	21.0	1.0	0.0	1.0	0.0
940	2727.6666666666665	0.0	97.0	3.0	0.0	3.0	0.0
950	2437.1666666666665	0.0	49.0	1.0	0.0	1.0	0.0
960	2447.5	0.0	105.0	4.0	0.0	4.0	0.0
970	2359.3333333333335	0.0	30.0	0.0	0.0	0.0	0.0
980	2577.8333333333335	1.0	35.0	4.0	0.0	3.0	1.0
990	2390.5	7.0	31.0	12.0	0.0	5.0	7.0
1000	2619.6666666666665	0.0	13.0	4.0	0.0	4.0	0.0
