0	298.6666666666667	0.0	0.0	0.0	0.0	0.0	0.0
10	70.0	0.0	0.0	0.0	0.0	0.0	0.0
20	70.0	0.0	0.0	0.0	0.0	0.0	0.0
30	70.0	0.0	0.0	0.0	0.0	0.0	0.0
40	70.0	0.0	0.0	0.0	0.0	0.0	0.0
50	70.0	0.0	0.0	0.0	0.0	0.0	0.0
60	70.0	0.0	0.0	0.0	0.0	0.0	0.0
70	70.0	0.0	0.0	0.0	0.0	0.0	0.0
80	70.0	0.0	0.0	0.0	0.0	0.0	0.0
90	70.0	0.0	0.0	0.0	0.0	0.0	0.0
100	70.0	0.0	0.0	0.0	0.0	0.0	0.0
110	70.0	0.0	0.0	0.0	0.0	0.0	0.0
120	70.0	0.0	0.0	0.0	0.0	0.0	0.0
130	70.0	0.0	0.0	0.0	0.0	0.0	0.0
140	70.0	0.0	0.0	0.0	0.0	0.0	0.0
150	70.0	0.0	0.0	0.0	0.0	0.0	0.0
160	70.0	0.0	0.0	0.0	0.0	0.0	0.0
170	70.0	0.0	0.0	0.0	0.0	0.0	0.0
180	70.0	0.0	0.0	0.0	0.0	0.0	0.0
190	70.33333333333333	0.0	0.0	0.0	0.0	0.0	0.0
200	70.66666666666667	0.0	0.0	0.0	0.0	0.0	0.0
210	71.0	0.0	0.0	0.0	0.0	0.0	0.0
220	85.33333333333333	0.0	0.0	0.0	0.0	0.0	0.0
230	70.33333333333333	0.0	0.0	0.0	0.0	0.0	0.0
240	106.66666666666667	0.0	0.0	0.0	0.0	0.0	0.0
250	140.33333333333334	0.0	0.0	0.0	0.0	0.0	0.0
260	171.33333333333334	0.0	0.0	1.0	0.0	1.0	0.0
270	156.66666666666666	0.0	0.0	2.0	0.0	2.0	0.0
280	156.0	0.0	0.0	1.0	0.0	1.0	0.0
290	145.66666666666666	1.0	25.0	7.0	1.0	6.0	0.0
300	163.0	24.0	1.0	23.0	1.0	0.0	23.0
310	153.66666666666666	0.0	0.0	0.0	0.0	0.0	0.0
320	146.66666666666666	0.0	0.0	0.0	0.0	0.0	0.0
330	193.0	0.0	0.0	0.0	0.0	0.0	0.0
340	130.0	13.0	1.0	13.0	1.0	1.0	12.0
350	162.33333333333334	0.0	0.0	0.0	0.0	0.0	0.0
360	169.66666666666666	13.0	19.0	13.0	1.0	1.0	12.0
370	229.66666666666666	35.0	25.0	41.0	4.0	9.0	31.0
380	179.0	2.0	4.0	1.0	1.0	0.0	1.0
390	263.3333333333333	0.0	0.0	0.0	0.0	0.0	0.0
400	139.0	1.0	21.0	8.0	0.0	7.0	1.0
410	255.33333333333334	2.0	54.0	5.0	2.0	3.0	0.0
420	497.6666666666667	0.0	0.0	3.0	0.0	3.0	0.0
430	457.0	0.0	0.0	0.0	0.0	0.0	0.0
440	626.0	26.0	1.0	30.0	1.0	5.0	25.0
450	938.6666666666666	6.0	2.0	6.0	0.0	0.0	6.0
460	571.6666666666666	0.0	48.0	3.0	0.0	3.0	0.0
470	970.6666666666666	1.0	0.0	2.0	0.0	1.0	1.0
480	916.0	8.0	36.0	9.0	0.0	1.0	8.0
490	897.6666666666666	0.0	55.0	0.0	0.0	0.0	0.0
500	1278.6666666666667	19.0	40.0	20.0	2.0	2.0	17.0
510	1388.8333333333333	4.0	56.0	11.0	4.0	8.0	0.0
520	1926.6666666666667	0.0	74.0	5.0	0.0	5.0	0.0
530	1404.3333333333333	0.0	39.0	1.0	0.0	1.0	0.0
540	1912.6666666666667	30.0	195.0	37.0	13.0	8.0	17.0
550	2198.3333333333335	1.0	86.0	5.0	0.0	4.0	1.0
560	1675.0	1.0	94.0	10.0	0.0	9.0	1.0
570	2248.6666666666665	0.0	105.0	11.0	0.0	11.0	0.0
580	2208.3333333333335	1.0	21.0	1.0	0.0	0.0	1.0
590	1953.3333333333333	1.0	81.0	10.0	1.0	9.0	0.0
600	1844.3333333333333	0.0	22.0	2.0	0.0	2.0	0.0
610	2155.8333333333335	1.0	11.0	0.0	1.0	0.0	0.0
620	1954.6666666666667	1.0	42.0	20.0	0.0	19.0	1.0
630	2122.6666666666665	5.0	47.0	10.0	5.0	5.0	0.0
640	2192.1666666666665	2.0	35.0	2.0	1.0	1.0	1.0
650	1873.6666666666667	2.0	102.0	12.0	0.0	10.0	2.0
660	2525.8333333333335	0.0	72.0	11.0	0.0	11.0	0.0
670	2356.3333333333335	0.0	6.0	0.0	0.0	0.0	0.0
680	2522.6666666666665	1.0	57.0	17.0	0.0	16.0	1.0
690	2429.0	2.0	55.0	7.0	0.0	5.0	2.0
700	2455.3333333333335	0.0	56.0	0.0	0.0	0.0	0.0
710	2648.0	0.0	34.0	2.0	0.0	2.0	0.0
720	2510.0	0.0	0.0	1.0	0.0	1.0	0.0
730	2607.3333333333335	1.0	25.0	1.0	0.0	0.0	1.0
740	2711.1666666666665	0.0	98.0	4.0	0.0	4.0	0.0
750	2496.8333333333335	0.0	53.0	2.0	0.0	2.0	0.0
760	2651.8333333333335	0.0	104.0	6.0	0.0	6.0	0.0
770	2515.5	1.0	71.0	3.0	0.0	2.0	1.0
780	2435.0	3.0	94.0	9.0	2.0	6.0	1.0
790	2582.3333333333335	0.0	48.0	4.0	0.0	4.0	0.0
800	2392.6666666666665	0.0	71.0	1.0	0.0	1.0	0.0
810	2676.0	0.0	41.0	1.0	0.0	1.0	0.0
820	2557.8333333333335	0.0	77.0	3.0	0.0	3.0	0.0
830	2640.1666666666665	0.0	13.0	2.0	0.0	2.0	0.0
840	2696.0	0.0	3.0	0.0	0.0	0.0	0.0
850	2558.1666666666665	0.0	39.0	4.0	0.0	4.0	0.0
860	2606.6666666666665	0.0	14.0	9.0	0.0	9.0	0.0
870	2527.8333333333335	1.0	14.0	0.0	1.0	0.0	0.0
880	2765.1666666666665	1.0	31.0	5.0	0.0	4.0	1.0
890	2655.0	4.0	64.0	6.0	0.0	2.0	4.0
900	2568.3333333333335	0.0	42.0	2.0	0.0	2.0	0.0
910	2606.5	0.0	25.0	9.0	0.0	9.0	0.0
920	2156.8333333333335	0.0	61.0	5.0	0.0	5.0	0.0
930	2598.3333333333335	0.0	109.0	7.0	0.0	7.0	0.0
940	2641.0	0.0	2.0	1.0	0.0	1.0	0.0
950	2537.0	1.0	42.0	4.0	1.0	3.0	0.0
960	2611.1666666666665	1.0	35.0	12.0	1.0	12.0	0.0
970	2246.8333333333335	0.0	19.0	1.0	0.0	1.0	0.0
980	2997.3333333333335	0.0	2.0	0.0	0.0	0.0	0.0
990	2705.3333333333335	1.0	120.0	7.0	1.0	7.0	0.0
1000	2646.6666666666665	8.0	127.0	12.0	0.0	4.0	8.0
