0	216.66666666666666	0.0	0.0	0.0	0.0	0.0	0.0
10	70.0	0.0	0.0	0.0	0.0	0.0	0.0
20	70.0	0.0	0.0	0.0	0.0	0.0	0.0
30	70.0	0.0	0.0	0.0	0.0	0.0	0.0
40	70.0	0.0	0.0	0.0	0.0	0.0	0.0
50	70.0	0.0	0.0	0.0	0.0	0.0	0.0
60	70.0	0.0	0.0	0.0	0.0	0.0	0.0
70	70.0	0.0	0.0	0.0	0.0	0.0	0.0
80	70.0	0.0	0.0	0.0	0.0	0.0	0.0
90	70.0	0.0	0.0	0.0	0.0	0.0	0.0
100	70.0	0.0	0.0	0.0	0.0	0.0	0.0
110	70.0	0.0	0.0	0.0	0.0	0.0	0.0
120	70.0	0.0	0.0	0.0	0.0	0.0	0.0
130	70.0	0.0	0.0	0.0	0.0	0.0	0.0
140	70.0	0.0	0.0	0.0	0.0	0.0	0.0
150	70.0	0.0	0.0	0.0	0.0	0.0	0.0
160	70.0	0.0	0.0	0.0	0.0	0.0	0.0
170	70.66666666666667	0.0	0.0	0.0	0.0	0.0	0.0
180	71.33333333333333	0.0	0.0	0.0	0.0	0.0	0.0
190	70.0	0.0	0.0	0.0	0.0	0.0	0.0
200	72.33333333333333	0.0	0.0	0.0	0.0	0.0	0.0
210	73.33333333333333	0.0	0.0	0.0	0.0	0.0	0.0
220	70.66666666666667	0.0	0.0	0.0	0.0	0.0	0.0
230	144.0	0.0	0.0	0.0	0.0	0.0	0.0
240	117.0	0.0	0.0	0.0	0.0	0.0	0.0
250	167.0	0.0	0.0	0.0	0.0	0.0	0.0
260	189.0	2.0	64.0	12.0	2.0	12.0	0.0
270	189.66666666666666	1.0	20.0	2.0	1.0	1.0	0.0
280	130.0	1.0	1.0	1.0	1.0	1.0	0.0
290	131.0	0.0	0.0	4.0	0.0	4.0	0.0
300	139.33333333333334	0.0	0.0	1.0	0.0	1.0	0.0
310	138.33333333333334	19.0	5.0	19.0	1.0	0.0	18.0
320	130.0	48.0	3.0	45.0	3.0	0.0	45.0
330	184.66666666666666	1.0	11.0	7.0	1.0	6.0	0.0
340	155.66666666666666	0.0	0.0	0.0	0.0	0.0	0.0
350	225.0	67.0	15.0	88.0	17.0	23.0	50.0
360	435.0	1.0	6.0	6.0	1.0	6.0	0.0
370	456.6666666666667	27.0	94.0	28.0	2.0	2.0	25.0
380	629.6666666666666	0.0	15.0	3.0	0.0	3.0	0.0
390	719.6666666666666	0.0	26.0	4.0	0.0	4.0	0.0
400	619.0	6.0	18.0	11.0	0.0	5.0	6.0
410	1026.0	0.0	42.0	6.0	0.0	6.0	0.0
420	1433.1666666666667	2.0	46.0	4.0	0.0	2.0	2.0
430	1423.0	1.0	33.0	2.0	0.0	1.0	1.0
440	1080.0	7.0	56.0	8.0	0.0	1.0	7.0
450	1214.0	0.0	54.0	8.0	0.0	8.0	0.0
460	1800.0	2.0	53.0	3.0	0.0	1.0	2.0
470	1326.6666666666667	1.0	44.0	1.0	0.0	0.0	1.0
480	1858.6666666666667	1.0	13.0	0.0	1.0	0.0	0.0
490	2041.3333333333333	42.0	72.0	46.0	0.0	4.0	42.0
500	2025.6666666666667	0.0	84.0	4.0	0.0	4.0	0.0
510	1650.1666666666667	0.0	151.0	4.0	0.0	4.0	0.0
520	2446.6666666666665	0.0	62.0	2.0	0.0	2.0	0.0
530	2194.5	0.0	146.0	4.0	0.0	4.0	0.0
540	1978.6666666666667	3.0	169.0	3.0	2.0	2.0	1.0
550	1923.6666666666667	1.0	70.0	3.0	0.0	2.0	1.0
560	2246.8333333333335	2.0	41.0	4.0	0.0	2.0	2.0
570	2109.0	8.0	19.0	6.0	4.0	1.0	4.0
580	2164.5	2.0	48.0	3.0	1.0	2.0	1.0
590	1908.3333333333333	1.0	33.0	15.0	0.0	14.0	1.0
600	2288.3333333333335	2.0	97.0	3.0	2.0	3.0	0.0
610	2254.8333333333335	0.0	35.0	3.0	0.0	3.0	0.0
620	2198.5	12.0	135.0	14.0	2.0	4.0	10.0
630	2019.0	0.0	90.0	5.0	0.0	5.0	0.0
640	2355.5	0.0	7.0	0.0	0.0	0.0	0.0
650	2479.3333333333335	8.0	100.0	13.0	4.0	9.0	4.0
660	2352.0	0.0	67.0	2.0	0.0	2.0	0.0
670	2611.1666666666665	2.0	11.0	2.0	2.0	1.0	0.0
680	2450.0	0.0	59.0	2.0	0.0	2.0	0.0
690	2238.0	14.0	74.0	18.0	0.0	4.0	14.0
700	2455.5	0.0	34.0	3.0	0.0	3.0	0.0
710	2779.0	0.0	97.0	7.0	0.0	7.0	0.0
720	2464.0	0.0	27.0	5.0	0.0	5.0	0.0
730	2614.3333333333335	0.0	19.0	6.0	0.0	6.0	0.0
740	2660.5	0.0	87.0	4.0	0.0	4.0	0.0
750	2555.5	1.0	69.0	9.0	1.0	8.0	0.0
760	2756.8333333333335	0.0	110.0	5.0	0.0	5.0	0.0
770	2429.3333333333335	1.0	36.0	3.0	0.0	2.0	1.0
780	2812.0	0.0	4.0	0.0	0.0	0.0	0.0
790	2897.3333333333335	3.0	80.0	4.0	1.0	2.0	2.0
800	2674.5	2.0	110.0	4.0	0.0	2.0	2.0
810	2268.3333333333335	1.0	31.0	4.0	1.0	4.0	0.0
820	2394.8333333333335	5.0	95.0	5.0	4.0	4.0	1.0
830	2778.3333333333335	9.0	65.0	12.0	1.0	4.0	8.0
840	2690.8333333333335	43.0	151.0	46.0	2.0	5.0	41.0
850	3067.8333333333335	0.0	135.0	9.0	0.0	9.0	0.0
860	2601.6666666666665	11.0	160.0	20.0	0.0	9.0	11.0
870	2806.5	0.0	95.0	3.0	0.0	3.0	0.0
880	2750.3333333333335	0.0	128.0	3.0	0.0	3.0	0.0
890	2629.6666666666665	0.0	137.0	4.0	0.0	4.0	0.0
900	2565.0	3.0	80.0	4.0	0.0	1.0	3.0
910	2704.3333333333335	0.0	48.0	1.0	0.0	1.0	0.0
920	2147.6666666666665	1.0	63.0	5.0	0.0	4.0	1.0
930	2671.5	0.0	18.0	0.0	0.0	0.0	0.0
940	2780.3333333333335	0.0	22.0	0.0	0.0	0.0	0.0
950	2752.6666666666665	0.0	47.0	0.0	0.0	0.0	0.0
960	2751.0	0.0	17.0	0.0	0.0	0.0	0.0
970	2010.6666666666667	0.0	110.0	1.0	0.0	1.0	0.0
980	2311.5	0.0	55.0	2.0	0.0	2.0	0.0
990	2122.5	7.0	58.0	9.0	0.0	2.0	7.0
1000	2044.3333333333333	0.0	66.0	4.0	0.0	4.0	0.0
