0	236.66666666666666	0.0	0.0	0.0	0.0	0.0	0.0
10	70.0	0.0	0.0	0.0	0.0	0.0	0.0
20	70.0	0.0	0.0	0.0	0.0	0.0	0.0
30	70.0	0.0	0.0	0.0	0.0	0.0	0.0
40	70.0	0.0	0.0	0.0	0.0	0.0	0.0
50	70.0	0.0	0.0	0.0	0.0	0.0	0.0
60	70.0	0.0	0.0	0.0	0.0	0.0	0.0
70	70.0	0.0	0.0	0.0	0.0	0.0	0.0
80	70.0	0.0	0.0	0.0	0.0	0.0	0.0
90	70.0	0.0	0.0	0.0	0.0	0.0	0.0
100	70.0	0.0	0.0	0.0	0.0	0.0	0.0
110	70.0	0.0	0.0	0.0	0.0	0.0	0.0
120	70.0	0.0	0.0	0.0	0.0	0.0	0.0
130	70.0	0.0	0.0	0.0	0.0	0.0	0.0
140	70.0	0.0	0.0	0.0	0.0	0.0	0.0
150	70.0	0.0	0.0	0.0	0.0	0.0	0.0
160	70.33333333333333	0.0	0.0	0.0	0.0	0.0	0.0
170	70.0	0.0	0.0	0.0	0.0	0.0	0.0
180	70.0	0.0	0.0	0.0	0.0	0.0	0.0
190	71.0	0.0	0.0	0.0	0.0	0.0	0.0
200	71.66666666666667	0.0	0.0	0.0	0.0	0.0	0.0
210	73.0	0.0	0.0	0.0	0.0	0.0	0.0
220	71.66666666666667	0.0	0.0	0.0	0.0	0.0	0.0
230	79.33333333333333	0.0	0.0	0.0	0.0	0.0	0.0
240	92.33333333333333	0.0	0.0	0.0	0.0	0.0	0.0
250	356.3333333333333	0.0	0.0	0.0	0.0	0.0	0.0
260	153.33333333333334	1.0	22.0	1.0	1.0	1.0	0.0
270	134.66666666666666	21.0	10.0	21.0	1.0	1.0	20.0
280	130.33333333333334	17.0	29.0	26.0	2.0	10.0	15.0
290	130.0	1.0	23.0	3.0	0.0	2.0	1.0
300	130.66666666666666	5.0	24.0	8.0	3.0	3.0	2.0
310	130.33333333333334	0.0	0.0	1.0	0.0	1.0	0.0
320	130.0	0.0	0.0	0.0	0.0	0.0	0.0
330	227.33333333333334	1.0	0.0	1.0	0.0	0.0	1.0
340	154.0	3.0	17.0	5.0	1.0	3.0	2.0
350	131.0	24.0	1.0	23.0	1.0	0.0	23.0
360	217.66666666666666	7.0	1.0	7.0	0.0	0.0	7.0
370	248.0	2.0	11.0	5.0	0.0	3.0	2.0
380	688.3333333333334	22.0	10.0	21.0	1.0	0.0	21.0
390	521.0	2.0	9.0	4.0	0.0	2.0	2.0
400	879.6666666666666	0.0	0.0	0.0	0.0	0.0	0.0
410	851.6666666666666	1.0	43.0	3.0	1.0	2.0	0.0
420	894.0	23.0	30.0	27.0	0.0	4.0	23.0
430	1103.6666666666667	3.0	95.0	7.0	1.0	5.0	2.0
440	1450.0	0.0	25.0	5.0	0.0	5.0	0.0
450	1202.3333333333333	0.0	56.0	5.0	0.0	5.0	0.0
460	1867.0	0.0	31.0	0.0	0.0	0.0	0.0
470	1870.0	0.0	30.0	13.0	0.0	13.0	0.0
480	1526.0	0.0	105.0	6.0	0.0	6.0	0.0
490	2123.6666666666665	3.0	61.0	7.0	0.0	4.0	3.0
500	1706.6666666666667	4.0	61.0	8.0	0.0	4.0	4.0
510	2019.3333333333333	8.0	18.0	9.0	0.0	1.0	8.0
520	1855.3333333333333	1.0	45.0	3.0	1.0	3.0	0.0
530	2111.6666666666665	11.0	91.0	16.0	0.0	5.0	11.0
540	2040.6666666666667	17.0	73.0	22.0	0.0	5.0	17.0
550	2049.0	38.0	78.0	46.0	0.0	8.0	38.0
560	2055.0	1.0	200.0	4.0	0.0	3.0	1.0
570	2260.3333333333335	21.0	156.0	25.0	1.0	5.0	20.0
580	1555.0	1.0	130.0	6.0	1.0	6.0	0.0
590	1748.0	0.0	94.0	6.0	0.0	6.0	0.0
600	2150.3333333333335	1.0	129.0	5.0	0.0	4.0	1.0
610	2406.0	9.0	78.0	19.0	0.0	10.0	9.0
620	2028.5	3.0	53.0	9.0	1.0	6.0	2.0
630	2454.6666666666665	1.0	78.0	6.0	1.0	6.0	0.0
640	2423.3333333333335	1.0	136.0	10.0	0.0	9.0	1.0
650	2453.0	0.0	41.0	1.0	0.0	1.0	0.0
660	2524.3333333333335	2.0	37.0	8.0	0.0	6.0	2.0
670	2579.1666666666665	1.0	59.0	2.0	0.0	1.0	1.0
680	2620.5	1.0	58.0	7.0	0.0	6.0	1.0
690	2527.3333333333335	0.0	31.0	5.0	0.0	5.0	0.0
700	2541.6666666666665	1.0	131.0	6.0	0.0	5.0	1.0
710	2486.3333333333335	1.0	43.0	10.0	0.0	9.0	1.0
720	2711.0	0.0	70.0	3.0	0.0	3.0	0.0
730	2650.8333333333335	0.0	29.0	0.0	0.0	0.0	0.0
740	2382.0	1.0	22.0	3.0	0.0	2.0	1.0
750	2502.3333333333335	1.0	18.0	1.0	0.0	0.0	1.0
760	2440.3333333333335	0.0	38.0	1.0	0.0	1.0	0.0
770	2542.6666666666665	1.0	33.0	4.0	0.0	3.0	1.0
780	2623.0	3.0	78.0	22.0	1.0	19.0	2.0
790	2603.8333333333335	0.0	79.0	4.0	0.0	4.0	0.0
800	2661.0	0.0	21.0	1.0	0.0	1.0	0.0
810	2331.0	0.0	31.0	5.0	0.0	5.0	0.0
820	2276.6666666666665	1.0	15.0	4.0	1.0	4.0	0.0
830	2636.6666666666665	0.0	61.0	0.0	0.0	0.0	0.0
840	2645.5	0.0	83.0	0.0	0.0	0.0	0.0
850	2628.0	0.0	67.0	3.0	0.0	3.0	0.0
860	2613.0	0.0	52.0	3.0	0.0	3.0	0.0
870	2684.0	0.0	48.0	2.0	0.0	2.0	0.0
880	2421.0	0.0	17.0	0.0	0.0	0.0	0.0
890	2658.5	1.0	25.0	8.0	1.0	7.0	0.0
900	2627.8333333333335	0.0	56.0	8.0	0.0	8.0	0.0
910	2629.0	0.0	63.0	2.0	0.0	2.0	0.0
920	2577.0	0.0	37.0	1.0	0.0	1.0	0.0
930	2448.8333333333335	0.0	11.0	0.0	0.0	0.0	0.0
940	2468.0	0.0	43.0	2.0	0.0	2.0	0.0
950	2537.5	1.0	122.0	20.0	1.0	19.0	0.0
960	2532.6666666666665	0.0	7.0	0.0	0.0	0.0	0.0
970	2892.1666666666665	0.0	76.0	4.0	0.0	4.0	0.0
980	2776.8333333333335	1.0	89.0	2.0	0.0	1.0	1.0
990	2356.1666666666665	2.0	67.0	3.0	0.0	1.0	2.0
1000	2434.3333333333335	3.0	85.0	9.0	0.0	6.0	3.0
