0	306.0	0.0	0.0	0.0	0.0	0.0	0.0
10	82.33333333333333	1000.0	3449.0	466.0	718.0	182.0	282.0
20	70.0	0.0	0.0	0.0	0.0	0.0	0.0
30	70.33333333333333	0.0	0.0	0.0	0.0	0.0	0.0
40	1086.3333333333333	0.0	0.0	0.0	0.0	0.0	0.0
50	827.0	0.0	0.0	0.0	0.0	0.0	0.0
60	1440.6666666666667	0.0	0.0	0.0	0.0	0.0	0.0
70	1674.6666666666667	0.0	0.0	0.0	0.0	0.0	0.0
80	1857.0	0.0	0.0	0.0	0.0	0.0	0.0
90	2285.3333333333335	0.0	0.0	0.0	0.0	0.0	0.0
100	2261.3333333333335	0.0	0.0	0.0	0.0	0.0	0.0
110	2212.3333333333335	0.0	0.0	0.0	0.0	0.0	0.0
120	2216.0	0.0	0.0	0.0	0.0	0.0	0.0
130	2355.0	0.0	0.0	0.0	0.0	0.0	0.0
140	2287.6666666666665	0.0	0.0	0.0	0.0	0.0	0.0
150	2436.6666666666665	0.0	0.0	0.0	0.0	0.0	0.0
160	2192.0	0.0	0.0	0.0	0.0	0.0	0.0
170	2489.0	0.0	0.0	0.0	0.0	0.0	0.0
180	2429.3333333333335	0.0	0.0	0.0	0.0	0.0	0.0
190	2429.0	0.0	0.0	0.0	0.0	0.0	0.0
200	2480.0	0.0	0.0	0.0	0.0	0.0	0.0
210	2346.3333333333335	0.0	0.0	0.0	0.0	0.0	0.0
220	2431.5	0.0	0.0	0.0	0.0	0.0	0.0
230	2288.6666666666665	0.0	0.0	0.0	0.0	0.0	0.0
240	2326.6666666666665	0.0	0.0	0.0	0.0	0.0	0.0
250	2121.3333333333335	0.0	0.0	0.0	0.0	0.0	0.0
260	2097.3333333333335	0.0	0.0	0.0	0.0	0.0	0.0
270	2380.3333333333335	0.0	0.0	0.0	0.0	0.0	0.0
280	2516.0	0.0	0.0	0.0	0.0	0.0	0.0
290	2342.3333333333335	0.0	0.0	0.0	0.0	0.0	0.0
300	2569.1666666666665	0.0	0.0	0.0	0.0	0.0	0.0
310	2144.5	0.0	0.0	0.0	0.0	0.0	0.0
320	2442.6666666666665	0.0	0.0	0.0	0.0	0.0	0.0
330	2408.0	0.0	0.0	0.0	0.0	0.0	0.0
340	2371.3333333333335	0.0	0.0	0.0	0.0	0.0	0.0
350	2427.3333333333335	0.0	0.0	0.0	0.0	0.0	0.0
360	1804.1666666666667	0.0	0.0	0.0	0.0	0.0	0.0
370	1624.6666666666667	0.0	0.0	0.0	0.0	0.0	0.0
380	2078.1666666666665	0.0	0.0	0.0	0.0	0.0	0.0
390	1975.6666666666667	0.0	0.0	0.0	0.0	0.0	0.0
400	2138.0	0.0	0.0	0.0	0.0	0.0	0.0
410	2286.3333333333335	0.0	0.0	0.0	0.0	0.0	0.0
420	1965.8333333333333	0.0	0.0	0.0	0.0	0.0	0.0
430	2064.3333333333335	0.0	0.0	0.0	0.0	0.0	0.0
440	2076.8333333333335	0.0	0.0	0.0	0.0	0.0	0.0
450	1910.3333333333333	0.0	0.0	0.0	0.0	0.0	0.0
460	1891.6666666666667	0.0	0.0	0.0	0.0	0.0	0.0
470	1402.3333333333333	0.0	0.0	0.0	0.0	0.0	0.0
480	1430.0	0.0	0.0	0.0	0.0	0.0	0.0
490	1393.5	0.0	0.0	0.0	0.0	0.0	0.0
500	1997.3333333333333	0.0	0.0	0.0	0.0	0.0	0.0
510	2005.0	0.0	0.0	0.0	0.0	0.0	0.0
520	1913.8333333333333	0.0	0.0	0.0	0.0	0.0	0.0
530	1335.0	0.0	0.0	0.0	0.0	0.0	0.0
540	1522.5	0.0	0.0	0.0	0.0	0.0	0.0
550	2053.8333333333335	0.0	0.0	0.0	0.0	0.0	0.0
560	1986.5	0.0	0.0	0.0	0.0	0.0	0.0
570	2270.5	0.0	0.0	0.0	0.0	0.0	0.0
580	2083.5	0.0	0.0	0.0	0.0	0.0	0.0
590	2048.8333333333335	0.0	0.0	0.0	0.0	0.0	0.0
600	1988.6666666666667	0.0	0.0	0.0	0.0	0.0	0.0
610	2176.0	0.0	0.0	0.0	0.0	0.0	0.0
620	2478.0	0.0	0.0	0.0	0.0	0.0	0.0
630	2248.3333333333335	0.0	0.0	0.0	0.0	0.0	0.0
640	2596.3333333333335	0.0	0.0	0.0	0.0	0.0	0.0
650	2020.5	0.0	0.0	0.0	0.0	0.0	0.0
660	2163.3333333333335	0.0	0.0	0.0	0.0	0.0	0.0
670	2524.0	0.0	0.0	0.0	0.0	0.0	0.0
680	2500.5	0.0	0.0	0.0	0.0	0.0	0.0
690	2094.0	0.0	0.0	0.0	0.0	0.0	0.0
700	2444.6666666666665	0.0	0.0	0.0	0.0	0.0	0.0
710	2165.3333333333335	0.0	0.0	0.0	0.0	0.0	0.0
720	2436.3333333333335	0.0	0.0	0.0	0.0	0.0	0.0
730	2260.5	0.0	0.0	0.0	0.0	0.0	0.0
740	2476.1666666666665	0.0	0.0	0.0	0.0	0.0	0.0
750	2384.0	0.0	0.0	0.0	0.0	0.0	0.0
760	2292.0	0.0	0.0	0.0	0.0	0.0	0.0
770	2294.0	0.0	0.0	0.0	0.0	0.0	0.0
780	2430.1666666666665	0.0	0.0	0.0	0.0	0.0	0.0
790	2546.1666666666665	0.0	0.0	0.0	0.0	0.0	0.0
800	2455.8333333333335	0.0	0.0	0.0	0.0	0.0	0.0
810	2315.1666666666665	0.0	0.0	0.0	0.0	0.0	0.0
820	2353.1666666666665	0.0	0.0	0.0	0.0	0.0	0.0
830	2357.3333333333335	0.0	0.0	0.0	0.0	0.0	0.0
840	2561.0	0.0	0.0	0.0	0.0	0.0	0.0
850	2345.3333333333335	0.0	0.0	0.0	0.0	0.0	0.0
860	2648.3333333333335	0.0	0.0	0.0	0.0	0.0	0.0
870	2334.6666666666665	0.0	0.0	0.0	0.0	0.0	0.0
880	2333.0	0.0	0.0	0.0	0.0	0.0	0.0
890	2583.8333333333335	0.0	0.0	0.0	0.0	0.0	0.0
900	2548.1666666666665	0.0	0.0	0.0	0.0	0.0	0.0
910	2400.0	0.0	0.0	0.0	0.0	0.0	0.0
920	2510.3333333333335	0.0	0.0	0.0	0.0	0.0	0.0
930	2490.0	0.0	0.0	0.0	0.0	0.0	0.0
940	2711.0	0.0	0.0	0.0	0.0	0.0	0.0
950	2394.5	0.0	0.0	0.0	0.0	0.0	0.0
960	1932.3333333333333	0.0	0.0	0.0	0.0	0.0	0.0
970	2183.8333333333335	0.0	0.0	0.0	0.0	0.0	0.0
980	2123.1666666666665	0.0	0.0	0.0	0.0	0.0	0.0
990	1801.6666666666667	0.0	0.0	0.0	0.0	0.0	0.0
1000	1895.6666666666667	0.0	0.0	0.0	0.0	0.0	0.0
