0	249.33333333333334	0.0	0.0	0.0	0.0	0.0	0.0
10	171.66666666666666	1000.0	2082.0	491.0	633.0	120.0	367.0
20	74.33333333333333	0.0	0.0	0.0	0.0	0.0	0.0
30	150.0	0.0	0.0	0.0	0.0	0.0	0.0
40	1666.0	0.0	0.0	0.0	0.0	0.0	0.0
50	1826.0	0.0	0.0	0.0	0.0	0.0	0.0
60	2107.6666666666665	0.0	0.0	0.0	0.0	0.0	0.0
70	2147.3333333333335	0.0	0.0	0.0	0.0	0.0	0.0
80	2277.0	0.0	0.0	0.0	0.0	0.0	0.0
90	2499.6666666666665	0.0	0.0	0.0	0.0	0.0	0.0
100	2078.8333333333335	0.0	0.0	0.0	0.0	0.0	0.0
110	2187.8333333333335	0.0	0.0	0.0	0.0	0.0	0.0
120	2210.5	0.0	0.0	0.0	0.0	0.0	0.0
130	2326.3333333333335	0.0	0.0	0.0	0.0	0.0	0.0
140	2281.8333333333335	0.0	0.0	0.0	0.0	0.0	0.0
150	2051.3333333333335	0.0	0.0	0.0	0.0	0.0	0.0
160	2256.3333333333335	0.0	0.0	0.0	0.0	0.0	0.0
170	2161.0	0.0	0.0	0.0	0.0	0.0	0.0
180	2654.0	0.0	0.0	0.0	0.0	0.0	0.0
190	2455.3333333333335	0.0	0.0	0.0	0.0	0.0	0.0
200	2334.1666666666665	0.0	0.0	0.0	0.0	0.0	0.0
210	2375.3333333333335	0.0	0.0	0.0	0.0	0.0	0.0
220	2672.6666666666665	0.0	0.0	0.0	0.0	0.0	0.0
230	2359.3333333333335	0.0	0.0	0.0	0.0	0.0	0.0
240	1862.0	0.0	0.0	0.0	0.0	0.0	0.0
250	1753.3333333333333	0.0	0.0	0.0	0.0	0.0	0.0
260	1689.6666666666667	0.0	0.0	0.0	0.0	0.0	0.0
270	1917.1666666666667	0.0	0.0	0.0	0.0	0.0	0.0
280	1665.3333333333333	0.0	0.0	0.0	0.0	0.0	0.0
290	2526.5	0.0	0.0	0.0	0.0	0.0	0.0
300	2484.0	0.0	0.0	0.0	0.0	0.0	0.0
310	1749.0	0.0	0.0	0.0	0.0	0.0	0.0
320	2520.3333333333335	0.0	0.0	0.0	0.0	0.0	0.0
330	2468.0	0.0	0.0	0.0	0.0	0.0	0.0
340	2556.0	0.0	0.0	0.0	0.0	0.0	0.0
350	2508.0	0.0	0.0	0.0	0.0	0.0	0.0
360	2213.3333333333335	0.0	0.0	0.0	0.0	0.0	0.0
370	2386.0	0.0	0.0	0.0	0.0	0.0	0.0
380	2357.0	0.0	0.0	0.0	0.0	0.0	0.0
390	2319.0	0.0	0.0	0.0	0.0	0.0	0.0
400	2717.0	0.0	0.0	0.0	0.0	0.0	0.0
410	1831.0	0.0	0.0	0.0	0.0	0.0	0.0
420	2368.3333333333335	0.0	0.0	0.0	0.0	0.0	0.0
430	2308.5	0.0	0.0	0.0	0.0	0.0	0.0
440	2098.5	0.0	0.0	0.0	0.0	0.0	0.0
450	2003.1666666666667	0.0	0.0	0.0	0.0	0.0	0.0
460	2037.1666666666667	0.0	0.0	0.0	0.0	0.0	0.0
470	2393.6666666666665	0.0	0.0	0.0	0.0	0.0	0.0
480	1996.1666666666667	0.0	0.0	0.0	0.0	0.0	0.0
490	2247.3333333333335	0.0	0.0	0.0	0.0	0.0	0.0
500	2334.1666666666665	0.0	0.0	0.0	0.0	0.0	0.0
510	2083.3333333333335	0.0	0.0	0.0	0.0	0.0	0.0
520	1987.6666666666667	0.0	0.0	0.0	0.0	0.0	0.0
530	2478.5	0.0	0.0	0.0	0.0	0.0	0.0
540	1638.3333333333333	0.0	0.0	0.0	0.0	0.0	0.0
550	2269.3333333333335	0.0	0.0	0.0	0.0	0.0	0.0
560	2149.0	0.0	0.0	0.0	0.0	0.0	0.0
570	2051.8333333333335	0.0	0.0	0.0	0.0	0.0	0.0
580	2167.3333333333335	0.0	0.0	0.0	0.0	0.0	0.0
590	2036.0	0.0	0.0	0.0	0.0	0.0	0.0
600	1892.6666666666667	0.0	0.0	0.0	0.0	0.0	0.0
610	2190.5	0.0	0.0	0.0	0.0	0.0	0.0
620	2629.5	0.0	0.0	0.0	0.0	0.0	0.0
630	2581.8333333333335	0.0	0.0	0.0	0.0	0.0	0.0
640	2163.8333333333335	0.0	0.0	0.0	0.0	0.0	0.0
650	2115.5	0.0	0.0	0.0	0.0	0.0	0.0
660	1976.1666666666667	0.0	0.0	0.0	0.0	0.0	0.0
670	2423.8333333333335	0.0	0.0	0.0	0.0	0.0	0.0
680	2399.8333333333335	0.0	0.0	0.0	0.0	0.0	0.0
690	2581.1666666666665	0.0	0.0	0.0	0.0	0.0	0.0
700	2410.3333333333335	0.0	0.0	0.0	0.0	0.0	0.0
710	2751.0	0.0	0.0	0.0	0.0	0.0	0.0
720	2487.3333333333335	0.0	0.0	0.0	0.0	0.0	0.0
730	2540.3333333333335	0.0	0.0	0.0	0.0	0.0	0.0
740	2117.6666666666665	0.0	0.0	0.0	0.0	0.0	0.0
750	2606.3333333333335	0.0	0.0	0.0	0.0	0.0	0.0
760	2230.6666666666665	0.0	0.0	0.0	0.0	0.0	0.0
770	2808.6666666666665	0.0	0.0	0.0	0.0	0.0	0.0
780	2343.3333333333335	0.0	0.0	0.0	0.0	0.0	0.0
790	2495.1666666666665	0.0	0.0	0.0	0.0	0.0	0.0
800	2372.6666666666665	0.0	0.0	0.0	0.0	0.0	0.0
810	2104.6666666666665	0.0	0.0	0.0	0.0	0.0	0.0
820	2360.8333333333335	0.0	0.0	0.0	0.0	0.0	0.0
830	2010.3333333333333	0.0	0.0	0.0	0.0	0.0	0.0
840	1563.6666666666667	0.0	0.0	0.0	0.0	0.0	0.0
850	1935.6666666666667	0.0	0.0	0.0	0.0	0.0	0.0
860	2028.0	0.0	0.0	0.0	0.0	0.0	0.0
870	2454.5	0.0	0.0	0.0	0.0	0.0	0.0
880	2451.1666666666665	0.0	0.0	0.0	0.0	0.0	0.0
890	2311.6666666666665	0.0	0.0	0.0	0.0	0.0	0.0
900	2468.0	0.0	0.0	0.0	0.0	0.0	0.0
910	2360.0	0.0	0.0	0.0	0.0	0.0	0.0
920	2496.8333333333335	0.0	0.0	0.0	0.0	0.0	0.0
930	2446.6666666666665	0.0	0.0	0.0	0.0	0.0	0.0
940	1976.8333333333333	0.0	0.0	0.0	0.0	0.0	0.0
950	1874.6666666666667	0.0	0.0	0.0	0.0	0.0	0.0
960	1812.6666666666667	0.0	0.0	0.0	0.0	0.0	0.0
970	2213.3333333333335	0.0	0.0	0.0	0.0	0.0	0.0
980	2317.5	0.0	0.0	0.0	0.0	0.0	0.0
990	2023.1666666666667	0.0	0.0	0.0	0.0	0.0	0.0
1000	1613.3333333333333	0.0	0.0	0.0	0.0	0.0	0.0
