0	264.9222222222222	0.0
10	1985.8666666666666	177.56666666666666
20	2040.1833333333334	190.8
30	2086.1555555555556	164.9
40	2146.0055555555555	179.83333333333334
50	2253.766666666666	141.5
60	2331.4277777777775	91.93333333333334
70	2421.7388888888886	40.56666666666667
80	2455.583333333333	8.9
90	2492.188888888888	4.0
100	2498.7111111111108	0.0
110	2538.972222222222	0.0
120	2572.0000000000005	0.0
130	2586.9222222222234	0.0
140	2539.027777777778	0.0
150	2569.133333333334	0.0
160	2647.5166666666673	0.0
170	2665.416666666666	0.0
180	2646.555555555556	0.0
190	2626.894444444444	0.0
200	2616.6666666666665	0.0
210	2611.6055555555554	0.0
220	2619.4777777777776	0.0
230	2646.8166666666666	0.0
240	2633.8499999999995	0.0
250	2666.6277777777777	0.0
260	2687.283333333333	0.0
270	2715.85	0.0
280	2781.3611111111113	0.0
290	2928.388888888889	0.0
300	2936.9888888888886	0.0
310	2967.522222222222	0.0
320	3085.377777777779	0.0
330	3070.2444444444436	0.0
340	3116.066666666666	0.0
350	3152.927777777778	0.0
360	3137.566666666667	0.0
370	3258.172222222222	0.0
380	3211.666666666666	0.0
390	3240.988888888889	0.0
400	3339.0277777777783	0.0
410	3323.1333333333328	0.0
420	3384.8444444444453	0.0
430	3340.266666666668	0.0
440	3472.466666666667	0.0
450	3420.3333333333326	0.0
460	3402.405555555555	0.0
470	3466.0944444444444	0.0
480	3514.9277777777775	0.0
490	3446.005555555556	0.0
500	3454.450000000001	0.0
510	3473.649999999999	0.0
520	3501.038888888889	0.0
530	3509.666666666666	0.0
540	3600.583333333333	0.0
550	3497.9777777777786	0.0
560	3574.85	0.0
570	3657.2277777777776	0.0
580	3622.022222222223	0.0
590	3612.1333333333328	0.0
600	3707.711111111112	0.0
610	3663.850000000001	0.0
620	3639.4611111111126	0.0
630	3660.7166666666662	0.0
640	3740.888888888889	0.0
650	3700.483333333333	0.0
660	3664.016666666666	0.0
670	3651.3944444444437	0.0
680	3656.577777777778	0.0
690	3708.7833333333338	0.0
700	3641.6611111111124	0.0
710	3644.1166666666677	0.0
720	3705.516666666667	0.0
730	3694.15	0.0
740	3701.1222222222223	0.0
750	3688.7888888888892	0.0
760	3766.6888888888893	0.0
770	3720.305555555555	0.0
780	3742.861111111111	0.0
790	3708.277777777778	0.0
800	3747.8166666666666	0.0
810	3658.355555555556	0.0
820	3810.361111111111	0.0
830	3814.8888888888896	0.0
840	3796.2833333333338	0.0
850	3738.977777777778	0.0
860	3726.622222222222	0.0
870	3756.416666666666	0.0
880	3698.083333333334	0.0
890	3725.422222222222	0.0
900	3811.722222222223	0.0
910	3727.061111111112	0.0
920	3725.077777777778	0.0
930	3768.7999999999997	0.0
940	3776.0222222222233	0.0
950	3787.4833333333327	0.0
960	3737.688888888889	0.0
970	3799.4	0.0
980	3772.0555555555557	0.0
990	3820.5555555555557	0.0
1000	3743.4666666666662	0.0
