0	290.6666666666667	0.0
10	2115.1666666666665	107.0
20	2007.5	68.0
30	1964.8333333333333	160.0
40	2175.0	91.0
50	2045.8333333333333	278.0
60	2141.1666666666665	144.0
70	2410.5	152.0
80	2148.5	0.0
90	2347.1666666666665	0.0
100	2374.6666666666665	0.0
110	2434.8333333333335	0.0
120	2533.6666666666665	0.0
130	2657.0	0.0
140	2604.5	0.0
150	2721.3333333333335	0.0
160	2656.3333333333335	0.0
170	2852.3333333333335	0.0
180	3197.1666666666665	0.0
190	2664.0	0.0
200	2474.8333333333335	0.0
210	3056.3333333333335	0.0
220	2900.6666666666665	0.0
230	2719.5	0.0
240	2831.8333333333335	0.0
250	2667.6666666666665	0.0
260	3044.0	0.0
270	3056.6666666666665	0.0
280	2844.3333333333335	0.0
290	2869.3333333333335	0.0
300	2825.6666666666665	0.0
310	3021.3333333333335	0.0
320	2732.5	0.0
330	3159.0	0.0
340	2808.8333333333335	0.0
350	3020.8333333333335	0.0
360	3060.5	0.0
370	3306.6666666666665	0.0
380	3386.0	0.0
390	3365.5	0.0
400	3742.3333333333335	0.0
410	3675.3333333333335	0.0
420	3811.5	0.0
430	3746.3333333333335	0.0
440	3854.0	0.0
450	3156.8333333333335	0.0
460	3613.6666666666665	0.0
470	3341.1666666666665	0.0
480	3736.6666666666665	0.0
490	3499.3333333333335	0.0
500	3508.0	0.0
510	3284.0	0.0
520	3224.3333333333335	0.0
530	3748.3333333333335	0.0
540	3806.5	0.0
550	3493.8333333333335	0.0
560	3537.3333333333335	0.0
570	3146.8333333333335	0.0
580	3455.5	0.0
590	3229.5	0.0
600	3917.0	0.0
610	3878.8333333333335	0.0
620	3891.6666666666665	0.0
630	4250.666666666667	0.0
640	3409.5	0.0
650	4007.8333333333335	0.0
660	3894.1666666666665	0.0
670	3823.3333333333335	0.0
680	3147.5	0.0
690	3967.5	0.0
700	3720.0	0.0
710	3358.3333333333335	0.0
720	3478.3333333333335	0.0
730	3210.8333333333335	0.0
740	3597.0	0.0
750	3430.6666666666665	0.0
760	3947.0	0.0
770	3519.6666666666665	0.0
780	3637.8333333333335	0.0
790	3550.0	0.0
800	3543.8333333333335	0.0
810	3591.6666666666665	0.0
820	3698.8333333333335	0.0
830	3651.6666666666665	0.0
840	3954.8333333333335	0.0
850	3737.8333333333335	0.0
860	3948.1666666666665	0.0
870	3418.3333333333335	0.0
880	3859.0	0.0
890	3646.1666666666665	0.0
900	3983.1666666666665	0.0
910	3477.8333333333335	0.0
920	3822.1666666666665	0.0
930	3674.6666666666665	0.0
940	3830.5	0.0
950	3857.3333333333335	0.0
960	3405.6666666666665	0.0
970	3766.5	0.0
980	3865.5	0.0
990	3889.3333333333335	0.0
1000	3599.0	0.0
