0	266.0	0.0
10	1925.8333333333333	211.0
20	2060.3333333333335	124.0
30	2123.0	404.0
40	1978.3333333333333	103.0
50	1833.6666666666667	158.0
60	1772.0	0.0
70	2182.3333333333335	0.0
80	1977.5	0.0
90	2395.8333333333335	0.0
100	2650.0	0.0
110	2351.3333333333335	0.0
120	2829.3333333333335	0.0
130	2590.3333333333335	0.0
140	1845.8333333333333	0.0
150	2793.6666666666665	0.0
160	2720.1666666666665	0.0
170	2600.1666666666665	0.0
180	2867.3333333333335	0.0
190	2742.0	0.0
200	2590.0	0.0
210	2516.3333333333335	0.0
220	2371.0	0.0
230	2261.8333333333335	0.0
240	3074.5	0.0
250	2345.3333333333335	0.0
260	2477.8333333333335	0.0
270	2596.0	0.0
280	2685.0	0.0
290	2878.1666666666665	0.0
300	2395.6666666666665	0.0
310	3265.6666666666665	0.0
320	2675.8333333333335	0.0
330	3004.3333333333335	0.0
340	2949.1666666666665	0.0
350	3391.3333333333335	0.0
360	3027.8333333333335	0.0
370	3212.1666666666665	0.0
380	3159.3333333333335	0.0
390	3041.6666666666665	0.0
400	3035.6666666666665	0.0
410	3313.8333333333335	0.0
420	3185.5	0.0
430	3582.8333333333335	0.0
440	3003.6666666666665	0.0
450	3494.0	0.0
460	3639.5	0.0
470	3738.3333333333335	0.0
480	3885.6666666666665	0.0
490	3924.8333333333335	0.0
500	3481.6666666666665	0.0
510	3355.5	0.0
520	3843.6666666666665	0.0
530	3965.1666666666665	0.0
540	3739.5	0.0
550	3679.1666666666665	0.0
560	3679.1666666666665	0.0
570	3923.0	0.0
580	3254.0	0.0
590	3739.0	0.0
600	3511.5	0.0
610	3838.0	0.0
620	3312.6666666666665	0.0
630	4007.0	0.0
640	3986.0	0.0
650	3960.1666666666665	0.0
660	3321.3333333333335	0.0
670	3654.8333333333335	0.0
680	3683.3333333333335	0.0
690	3541.3333333333335	0.0
700	3560.6666666666665	0.0
710	3534.6666666666665	0.0
720	4116.833333333333	0.0
730	3930.0	0.0
740	3629.3333333333335	0.0
750	3887.3333333333335	0.0
760	3895.5	0.0
770	3940.3333333333335	0.0
780	3919.8333333333335	0.0
790	3992.6666666666665	0.0
800	3871.5	0.0
810	3648.6666666666665	0.0
820	3361.3333333333335	0.0
830	3830.8333333333335	0.0
840	3329.6666666666665	0.0
850	3799.0	0.0
860	3730.5	0.0
870	2921.0	0.0
880	3599.5	0.0
890	3837.5	0.0
900	3558.3333333333335	0.0
910	3980.3333333333335	0.0
920	3801.1666666666665	0.0
930	3840.0	0.0
940	3789.6666666666665	0.0
950	3774.6666666666665	0.0
960	3876.8333333333335	0.0
970	3660.5	0.0
980	3804.3333333333335	0.0
990	3774.5	0.0
1000	3766.3333333333335	0.0
