0	269.0	0.0	0.0
10	1940.6666666666667	46.0	9672.0
20	1835.8333333333333	87.0	11916.0
30	2016.0	76.0	9653.0
40	1749.5	93.0	12796.0
50	2133.1666666666665	20.0	7872.0
60	2208.5	72.0	12245.0
70	2266.3333333333335	26.0	11340.0
80	2299.8333333333335	71.0	14336.0
90	2412.3333333333335	60.0	13272.0
100	2403.0	46.0	11017.0
110	2477.0	29.0	10353.0
120	2292.8333333333335	75.0	11764.0
130	2531.6666666666665	34.0	11124.0
140	2309.6666666666665	32.0	8217.0
150	2391.0	42.0	12081.0
160	2576.6666666666665	34.0	11668.0
170	2667.0	47.0	11717.0
180	2455.8333333333335	68.0	9574.0
190	2687.8333333333335	41.0	10234.0
200	2535.6666666666665	1.0	12668.0
210	2471.0	0.0	10197.0
220	2516.1666666666665	0.0	7326.0
230	2720.3333333333335	0.0	8545.0
240	2755.1666666666665	0.0	9699.0
250	2772.5	0.0	10832.0
260	2754.1666666666665	0.0	7914.0
270	2637.6666666666665	0.0	7321.0
280	2556.8333333333335	0.0	10473.0
290	3036.5	0.0	9980.0
300	2907.1666666666665	0.0	8932.0
310	2659.6666666666665	0.0	8791.0
320	2801.0	0.0	9704.0
330	2852.0	0.0	8562.0
340	2774.3333333333335	0.0	5365.0
350	3000.3333333333335	0.0	10778.0
360	2720.1666666666665	0.0	9597.0
370	2907.8333333333335	0.0	7398.0
380	3097.0	0.0	11316.0
390	2669.3333333333335	0.0	9026.0
400	2687.8333333333335	0.0	10671.0
410	2751.0	0.0	11363.0
420	2677.1666666666665	0.0	8605.0
430	2778.5	0.0	12459.0
440	2950.5	0.0	9159.0
450	2935.1666666666665	0.0	10260.0
460	3071.1666666666665	0.0	8011.0
470	2811.8333333333335	0.0	8298.0
480	2935.0	0.0	10689.0
490	3169.0	0.0	9765.0
500	2942.1666666666665	0.0	9398.0
510	2863.8333333333335	0.0	9782.0
520	2962.0	0.0	8208.0
530	2953.6666666666665	0.0	8348.0
540	3081.6666666666665	0.0	10788.0
550	2844.0	0.0	10125.0
560	3182.6666666666665	0.0	11359.0
570	3053.5	0.0	8705.0
580	2990.5	0.0	8979.0
590	3070.6666666666665	0.0	7777.0
600	3173.0	0.0	10282.0
610	2828.6666666666665	0.0	9164.0
620	3480.3333333333335	0.0	7421.0
630	3140.0	0.0	10958.0
640	3139.5	0.0	8435.0
650	3047.8333333333335	0.0	12014.0
660	3322.3333333333335	0.0	9402.0
670	3197.0	0.0	10854.0
680	3213.6666666666665	0.0	8239.0
690	3105.6666666666665	0.0	14074.0
700	3090.5	0.0	7426.0
710	3213.8333333333335	0.0	8070.0
720	3049.3333333333335	0.0	12952.0
730	2996.0	0.0	12232.0
740	3384.1666666666665	0.0	11351.0
750	3371.3333333333335	0.0	10312.0
760	3261.6666666666665	0.0	9297.0
770	3379.6666666666665	0.0	8451.0
780	3174.6666666666665	0.0	9072.0
790	3308.8333333333335	0.0	9754.0
800	3398.3333333333335	0.0	10386.0
810	3425.0	0.0	11914.0
820	3136.8333333333335	0.0	9533.0
830	3218.5	0.0	8286.0
840	3295.1666666666665	0.0	10057.0
850	3152.0	0.0	9599.0
860	3144.0	0.0	12991.0
870	3101.5	0.0	11334.0
880	3094.6666666666665	0.0	10775.0
890	3345.8333333333335	0.0	10763.0
900	3310.8333333333335	0.0	12595.0
910	3388.5	0.0	10894.0
920	3184.0	0.0	12207.0
930	3305.1666666666665	0.0	9698.0
940	3413.8333333333335	0.0	12603.0
950	3385.8333333333335	0.0	11103.0
960	3244.1666666666665	0.0	7828.0
970	3431.3333333333335	0.0	9557.0
980	3587.8333333333335	0.0	11605.0
990	3479.0	0.0	9024.0
1000	3563.1666666666665	0.0	7387.0
