0	224.66666666666666	0.0	0.0
10	2242.5	69.0	10270.0
20	1885.0	48.0	9612.0
30	2046.5	129.0	15441.0
40	1802.5	81.0	13120.0
50	1731.8333333333333	40.0	7648.0
60	2055.6666666666665	31.0	10458.0
70	2143.1666666666665	106.0	9695.0
80	2302.0	30.0	8202.0
90	2231.5	15.0	5356.0
100	2256.0	56.0	10639.0
110	2271.8333333333335	73.0	12309.0
120	2456.8333333333335	69.0	12330.0
130	2267.6666666666665	63.0	10079.0
140	2505.0	78.0	9179.0
150	2477.8333333333335	82.0	10187.0
160	2507.6666666666665	23.0	7158.0
170	2491.1666666666665	7.0	11287.0
180	2650.5	0.0	9300.0
190	2496.8333333333335	0.0	7563.0
200	2706.3333333333335	0.0	8019.0
210	2445.5	0.0	8431.0
220	2536.6666666666665	0.0	5524.0
230	2573.0	0.0	8899.0
240	2860.6666666666665	0.0	7622.0
250	2477.8333333333335	0.0	10956.0
260	2443.8333333333335	0.0	7772.0
270	2688.8333333333335	0.0	10436.0
280	2516.5	0.0	7625.0
290	2447.8333333333335	0.0	10101.0
300	2641.1666666666665	0.0	10553.0
310	2838.3333333333335	0.0	10251.0
320	2669.0	0.0	9611.0
330	2934.8333333333335	0.0	12595.0
340	2550.0	0.0	7814.0
350	2982.8333333333335	0.0	8976.0
360	2714.5	0.0	10008.0
370	2755.5	0.0	11518.0
380	2789.5	0.0	10071.0
390	2708.8333333333335	0.0	10870.0
400	2765.0	0.0	10845.0
410	2766.5	0.0	8953.0
420	2575.0	0.0	7236.0
430	2728.6666666666665	0.0	10371.0
440	3139.6666666666665	0.0	10467.0
450	2945.8333333333335	0.0	12137.0
460	2717.3333333333335	0.0	7985.0
470	2971.5	0.0	10639.0
480	2997.3333333333335	0.0	7425.0
490	2959.0	0.0	5730.0
500	3036.5	0.0	12717.0
510	2822.3333333333335	0.0	8123.0
520	2841.0	0.0	8082.0
530	2952.6666666666665	0.0	11231.0
540	2949.3333333333335	0.0	12543.0
550	2991.3333333333335	0.0	10434.0
560	2757.5	0.0	9585.0
570	2886.5	0.0	8291.0
580	3005.3333333333335	0.0	6746.0
590	2904.1666666666665	0.0	10182.0
600	3152.6666666666665	0.0	9432.0
610	2904.8333333333335	0.0	9542.0
620	2942.6666666666665	0.0	6995.0
630	2821.0	0.0	9725.0
640	2930.1666666666665	0.0	7470.0
650	2776.1666666666665	0.0	9750.0
660	3037.1666666666665	0.0	8238.0
670	3005.0	0.0	9999.0
680	3179.6666666666665	0.0	11214.0
690	3052.8333333333335	0.0	8717.0
700	3343.1666666666665	0.0	11150.0
710	3256.8333333333335	0.0	7096.0
720	2894.8333333333335	0.0	11699.0
730	2889.0	0.0	11529.0
740	3396.8333333333335	0.0	5830.0
750	2837.5	0.0	10465.0
760	3310.8333333333335	0.0	9431.0
770	3345.1666666666665	0.0	10781.0
780	2999.1666666666665	0.0	9806.0
790	3030.0	0.0	11604.0
800	3134.1666666666665	0.0	10001.0
810	3028.0	0.0	9445.0
820	3142.3333333333335	0.0	5789.0
830	3036.8333333333335	0.0	7297.0
840	2889.5	0.0	11046.0
850	3004.1666666666665	0.0	5605.0
860	3322.6666666666665	0.0	7863.0
870	2639.6666666666665	0.0	10376.0
880	3085.5	0.0	6807.0
890	3221.3333333333335	0.0	8773.0
900	3362.0	0.0	10250.0
910	3197.6666666666665	0.0	9343.0
920	3080.8333333333335	0.0	7361.0
930	3260.1666666666665	0.0	10833.0
940	2920.3333333333335	0.0	9770.0
950	3454.3333333333335	0.0	7560.0
960	3309.3333333333335	0.0	6835.0
970	3288.6666666666665	0.0	9817.0
980	3156.5	0.0	12277.0
990	3421.3333333333335	0.0	12034.0
1000	3531.3333333333335	0.0	11191.0
