0	268.0	0.0	0.0
10	1907.8333333333333	94.0	11727.0
20	1885.0	26.0	7629.0
30	1757.6666666666667	75.0	13702.0
40	2046.5	47.0	7464.0
50	2108.6666666666665	107.0	13963.0
60	2045.6666666666667	31.0	11152.0
70	2153.8333333333335	85.0	11896.0
80	2209.1666666666665	51.0	9632.0
90	2298.1666666666665	106.0	12823.0
100	2424.1666666666665	68.0	11755.0
110	2260.3333333333335	88.0	9118.0
120	2286.6666666666665	35.0	9307.0
130	2235.5	62.0	13443.0
140	2508.0	41.0	9479.0
150	2487.6666666666665	84.0	11152.0
160	2451.6666666666665	0.0	7765.0
170	2563.6666666666665	0.0	8439.0
180	2551.3333333333335	0.0	13202.0
190	2455.3333333333335	0.0	9297.0
200	2201.1666666666665	0.0	7972.0
210	2524.3333333333335	0.0	9081.0
220	2442.5	0.0	8600.0
230	2510.0	0.0	6587.0
240	2636.5	0.0	6510.0
250	2675.8333333333335	0.0	9950.0
260	2578.0	0.0	6873.0
270	2562.1666666666665	0.0	5707.0
280	2610.8333333333335	0.0	8671.0
290	2703.3333333333335	0.0	6492.0
300	2663.0	0.0	10341.0
310	2878.1666666666665	0.0	8494.0
320	2513.1666666666665	0.0	6462.0
330	2771.6666666666665	0.0	6149.0
340	2642.1666666666665	0.0	6411.0
350	2550.3333333333335	0.0	10727.0
360	2628.3333333333335	0.0	11633.0
370	2737.5	0.0	7909.0
380	2916.5	0.0	10505.0
390	2729.1666666666665	0.0	8335.0
400	2634.1666666666665	0.0	8946.0
410	2747.3333333333335	0.0	7793.0
420	2885.3333333333335	0.0	9143.0
430	2513.0	0.0	8143.0
440	2447.5	0.0	5981.0
450	2782.5	0.0	8004.0
460	2538.0	0.0	12176.0
470	2744.6666666666665	0.0	10506.0
480	2727.0	0.0	7298.0
490	2693.3333333333335	0.0	11673.0
500	2826.5	0.0	7289.0
510	2334.8333333333335	0.0	10845.0
520	2792.3333333333335	0.0	13341.0
530	2916.0	0.0	12724.0
540	2884.6666666666665	0.0	10171.0
550	2629.3333333333335	0.0	9829.0
560	3012.3333333333335	0.0	9368.0
570	2800.3333333333335	0.0	8843.0
580	2580.6666666666665	0.0	12104.0
590	2818.3333333333335	0.0	10052.0
600	2914.1666666666665	0.0	10107.0
610	2778.5	0.0	6024.0
620	2926.0	0.0	11582.0
630	2837.0	0.0	7375.0
640	3213.1666666666665	0.0	9600.0
650	2972.0	0.0	9503.0
660	2929.1666666666665	0.0	10057.0
670	3181.1666666666665	0.0	10918.0
680	3309.1666666666665	0.0	9651.0
690	2936.6666666666665	0.0	8396.0
700	2920.5	0.0	11128.0
710	3071.6666666666665	0.0	8175.0
720	3007.8333333333335	0.0	10937.0
730	2601.6666666666665	0.0	8720.0
740	2875.6666666666665	0.0	5698.0
750	2884.8333333333335	0.0	11123.0
760	3141.0	0.0	10055.0
770	3253.1666666666665	0.0	11348.0
780	2884.5	0.0	7275.0
790	2963.3333333333335	0.0	6220.0
800	3004.3333333333335	0.0	8332.0
810	3266.8333333333335	0.0	10984.0
820	3196.6666666666665	0.0	11763.0
830	3112.8333333333335	0.0	15083.0
840	3077.0	0.0	10494.0
850	3238.5	0.0	13471.0
860	3275.3333333333335	0.0	12234.0
870	3128.3333333333335	0.0	8651.0
880	3365.8333333333335	0.0	10824.0
890	3050.5	0.0	10527.0
900	3268.1666666666665	0.0	10767.0
910	3121.6666666666665	0.0	11500.0
920	3279.0	0.0	11765.0
930	3415.3333333333335	0.0	11648.0
940	3140.3333333333335	0.0	8902.0
950	3004.1666666666665	0.0	8929.0
960	3583.1666666666665	0.0	8046.0
970	3181.6666666666665	0.0	11128.0
980	3336.1666666666665	0.0	10023.0
990	3235.8333333333335	0.0	12046.0
1000	3182.3333333333335	0.0	10359.0
