0	240.33333333333334	0.0	0.0
10	1937.8333333333333	60.0	11816.0
20	1798.1666666666667	141.0	9952.0
30	1849.3333333333333	74.0	10316.0
40	1948.0	60.0	9213.0
50	2248.6666666666665	83.0	14809.0
60	2247.8333333333335	62.0	12417.0
70	2086.0	52.0	6762.0
80	2139.6666666666665	65.0	12315.0
90	2155.0	68.0	12234.0
100	2222.6666666666665	70.0	12889.0
110	2443.6666666666665	53.0	9008.0
120	2265.5	124.0	12235.0
130	2047.8333333333333	51.0	8475.0
140	2687.0	37.0	12854.0
150	2820.3333333333335	0.0	8773.0
160	2644.0	0.0	10981.0
170	2698.8333333333335	0.0	9795.0
180	2618.1666666666665	0.0	10478.0
190	2474.5	0.0	11474.0
200	2604.5	0.0	7243.0
210	2551.8333333333335	0.0	10021.0
220	2575.6666666666665	0.0	11697.0
230	2689.6666666666665	0.0	10905.0
240	2791.6666666666665	0.0	10047.0
250	2661.6666666666665	0.0	8719.0
260	2621.1666666666665	0.0	9653.0
270	2583.1666666666665	0.0	10376.0
280	2797.8333333333335	0.0	7482.0
290	2650.6666666666665	0.0	12882.0
300	2789.3333333333335	0.0	6186.0
310	2616.5	0.0	8316.0
320	2815.1666666666665	0.0	10235.0
330	2619.8333333333335	0.0	7668.0
340	2656.1666666666665	0.0	9819.0
350	2739.5	0.0	6683.0
360	2456.1666666666665	0.0	8608.0
370	2804.6666666666665	0.0	8304.0
380	2654.8333333333335	0.0	10246.0
390	2855.3333333333335	0.0	6438.0
400	2859.8333333333335	0.0	9223.0
410	2626.1666666666665	0.0	9127.0
420	2921.0	0.0	11795.0
430	2878.1666666666665	0.0	9419.0
440	2981.1666666666665	0.0	9560.0
450	2899.3333333333335	0.0	9311.0
460	2900.5	0.0	7739.0
470	2822.5	0.0	5871.0
480	3113.6666666666665	0.0	10756.0
490	2992.0	0.0	10468.0
500	2781.0	0.0	11007.0
510	2942.8333333333335	0.0	7428.0
520	2687.5	0.0	8066.0
530	3150.3333333333335	0.0	8596.0
540	2732.6666666666665	0.0	12539.0
550	2716.5	0.0	10478.0
560	2792.3333333333335	0.0	10202.0
570	2855.3333333333335	0.0	10637.0
580	3258.0	0.0	8253.0
590	2876.5	0.0	10456.0
600	3086.8333333333335	0.0	10511.0
610	3094.0	0.0	9349.0
620	2832.5	0.0	10716.0
630	3092.3333333333335	0.0	9254.0
640	2594.6666666666665	0.0	8023.0
650	2927.3333333333335	0.0	12233.0
660	3236.5	0.0	7419.0
670	3291.6666666666665	0.0	9456.0
680	2995.6666666666665	0.0	9322.0
690	3051.8333333333335	0.0	8690.0
700	2888.0	0.0	11455.0
710	3141.5	0.0	9566.0
720	3195.5	0.0	7102.0
730	3035.0	0.0	12810.0
740	2886.6666666666665	0.0	9149.0
750	3176.5	0.0	8848.0
760	2814.0	0.0	10793.0
770	2990.5	0.0	9788.0
780	3149.3333333333335	0.0	9990.0
790	2883.8333333333335	0.0	13121.0
800	3358.0	0.0	8626.0
810	3274.3333333333335	0.0	10460.0
820	3336.5	0.0	10353.0
830	3269.5	0.0	6817.0
840	3070.5	0.0	10629.0
850	2998.5	0.0	7402.0
860	3394.5	0.0	12336.0
870	3348.6666666666665	0.0	10548.0
880	3167.6666666666665	0.0	11542.0
890	2885.1666666666665	0.0	8798.0
900	3203.3333333333335	0.0	11443.0
910	3537.0	0.0	12687.0
920	3312.0	0.0	12097.0
930	2967.5	0.0	10039.0
940	3318.0	0.0	13788.0
950	2961.5	0.0	11305.0
960	3238.1666666666665	0.0	8369.0
970	2863.1666666666665	0.0	7207.0
980	2990.0	0.0	10612.0
990	3482.8333333333335	0.0	8844.0
1000	3182.6666666666665	0.0	11178.0
