0	287.3333333333333	0.0
10	2089.3333333333335	41.0
20	1691.1666666666667	26.0
30	2057.6666666666665	49.0
40	2174.1666666666665	2.0
50	2213.6666666666665	30.0
60	2304.3333333333335	37.0
70	2486.0	17.0
80	2285.0	73.0
90	2553.1666666666665	3.0
100	2402.6666666666665	13.0
110	2538.3333333333335	31.0
120	2700.0	32.0
130	2711.6666666666665	26.0
140	2341.6666666666665	20.0
150	2428.5	13.0
160	2388.3333333333335	17.0
170	2532.0	12.0
180	2996.6666666666665	13.0
190	2839.8333333333335	9.0
200	2709.3333333333335	6.0
210	2958.0	10.0
220	2779.3333333333335	11.0
230	3316.1666666666665	4.0
240	3065.6666666666665	8.0
250	2754.5	12.0
260	3386.8333333333335	11.0
270	2705.3333333333335	23.0
280	3338.3333333333335	13.0
290	3201.5	6.0
300	3234.5	11.0
310	2888.1666666666665	12.0
320	3530.3333333333335	16.0
330	3563.3333333333335	9.0
340	3754.5	5.0
350	3155.6666666666665	9.0
360	3840.0	15.0
370	3453.3333333333335	18.0
380	3337.5	6.0
390	3699.1666666666665	5.0
400	3966.6666666666665	14.0
410	3474.6666666666665	23.0
420	3821.0	17.0
430	3467.8333333333335	13.0
440	3760.3333333333335	16.0
450	3920.0	16.0
460	3948.6666666666665	12.0
470	3843.1666666666665	17.0
480	3654.0	10.0
490	3899.8333333333335	15.0
500	3813.5	12.0
510	3589.0	4.0
520	3366.5	8.0
530	4035.3333333333335	14.0
540	3727.6666666666665	14.0
550	3418.5	12.0
560	3895.0	9.0
570	3749.5	20.0
580	3954.0	13.0
590	3555.8333333333335	20.0
600	3999.6666666666665	15.0
610	3934.8333333333335	15.0
620	3707.8333333333335	15.0
630	3712.0	2.0
640	3581.0	0.0
650	3621.8333333333335	0.0
660	3845.3333333333335	0.0
670	3637.1666666666665	0.0
680	3514.0	0.0
690	3664.3333333333335	0.0
700	3561.6666666666665	0.0
710	3861.0	0.0
720	3828.1666666666665	0.0
730	3776.5	0.0
740	3905.8333333333335	0.0
750	3458.6666666666665	0.0
760	3801.5	0.0
770	3610.1666666666665	0.0
780	3717.1666666666665	0.0
790	3664.0	0.0
800	3802.6666666666665	0.0
810	4066.0	0.0
820	3564.0	0.0
830	4085.0	0.0
840	3785.0	0.0
850	3794.3333333333335	0.0
860	3852.5	0.0
870	3758.5	0.0
880	3952.1666666666665	0.0
890	3983.0	0.0
900	3822.6666666666665	0.0
910	3811.5	0.0
920	3979.3333333333335	0.0
930	3828.3333333333335	0.0
940	4263.0	0.0
950	3814.8333333333335	0.0
960	3390.0	0.0
970	3772.8333333333335	0.0
980	3928.6666666666665	0.0
990	3911.8333333333335	0.0
1000	4025.6666666666665	0.0
