0	254.0	0.0
10	1933.1666666666667	9.0
20	1963.5	60.0
30	2241.6666666666665	32.0
40	2158.8333333333335	10.0
50	2278.8333333333335	17.0
60	2321.8333333333335	81.0
70	2274.1666666666665	58.0
80	2308.0	40.0
90	2481.1666666666665	22.0
100	2372.5	56.0
110	2772.8333333333335	30.0
120	2621.1666666666665	26.0
130	2807.5	11.0
140	2871.6666666666665	31.0
150	2740.8333333333335	54.0
160	2511.5	19.0
170	2371.6666666666665	5.0
180	2367.5	9.0
190	2762.0	7.0
200	2824.5	7.0
210	3001.5	6.0
220	2460.5	13.0
230	2864.8333333333335	10.0
240	3113.6666666666665	8.0
250	3101.8333333333335	18.0
260	3297.6666666666665	9.0
270	3565.6666666666665	9.0
280	3557.8333333333335	17.0
290	3419.3333333333335	8.0
300	3606.8333333333335	22.0
310	3330.1666666666665	9.0
320	3206.3333333333335	14.0
330	3376.0	7.0
340	3404.0	16.0
350	3396.1666666666665	7.0
360	3281.3333333333335	11.0
370	3844.8333333333335	18.0
380	3279.6666666666665	17.0
390	3504.3333333333335	14.0
400	3173.6666666666665	19.0
410	3784.8333333333335	16.0
420	3739.1666666666665	12.0
430	3464.0	10.0
440	3704.5	21.0
450	3444.6666666666665	12.0
460	3669.3333333333335	12.0
470	4003.8333333333335	12.0
480	3858.8333333333335	15.0
490	3570.8333333333335	10.0
500	3653.1666666666665	14.0
510	4004.5	21.0
520	3680.3333333333335	9.0
530	3975.0	0.0
540	3716.3333333333335	0.0
550	3140.3333333333335	0.0
560	3479.1666666666665	0.0
570	3830.3333333333335	0.0
580	3702.1666666666665	0.0
590	3185.5	0.0
600	3729.1666666666665	0.0
610	3238.1666666666665	0.0
620	3871.8333333333335	0.0
630	3842.8333333333335	0.0
640	3979.3333333333335	0.0
650	4078.3333333333335	0.0
660	3758.5	0.0
670	3949.1666666666665	0.0
680	3889.3333333333335	0.0
690	3716.5	0.0
700	3647.0	0.0
710	3698.5	0.0
720	3600.5	0.0
730	3755.0	0.0
740	4159.5	0.0
750	4114.166666666667	0.0
760	3867.5	0.0
770	3783.0	0.0
780	3700.3333333333335	0.0
790	3655.0	0.0
800	3772.5	0.0
810	3975.6666666666665	0.0
820	3829.5	0.0
830	3791.3333333333335	0.0
840	3902.0	0.0
850	4074.5	0.0
860	3678.6666666666665	0.0
870	4062.8333333333335	0.0
880	3796.3333333333335	0.0
890	3650.0	0.0
900	3688.3333333333335	0.0
910	3831.1666666666665	0.0
920	3972.6666666666665	0.0
930	3703.0	0.0
940	3628.8333333333335	0.0
950	3952.8333333333335	0.0
960	3666.3333333333335	0.0
970	3875.5	0.0
980	3815.1666666666665	0.0
990	3953.6666666666665	0.0
1000	3977.8333333333335	0.0
