0	262.0	0.0
10	1587.3333333333333	32.0
20	1996.5	53.0
30	2075.1666666666665	18.0
40	2053.1666666666665	7.0
50	2095.0	15.0
60	2242.3333333333335	48.0
70	2175.1666666666665	26.0
80	2529.5	22.0
90	2501.5	99.0
100	2719.8333333333335	21.0
110	2398.3333333333335	19.0
120	2296.5	41.0
130	2367.0	8.0
140	2075.8333333333335	12.0
150	2420.6666666666665	23.0
160	2921.1666666666665	18.0
170	2957.1666666666665	7.0
180	2772.6666666666665	20.0
190	2780.1666666666665	5.0
200	3080.3333333333335	5.0
210	2654.5	8.0
220	3157.6666666666665	8.0
230	2666.6666666666665	7.0
240	3430.6666666666665	6.0
250	3532.6666666666665	11.0
260	3539.0	29.0
270	3305.6666666666665	11.0
280	2985.1666666666665	14.0
290	2973.6666666666665	9.0
300	3427.3333333333335	17.0
310	3921.1666666666665	16.0
320	3480.6666666666665	5.0
330	3075.5	4.0
340	3280.6666666666665	11.0
350	3862.8333333333335	10.0
360	3051.3333333333335	14.0
370	3520.5	16.0
380	3461.3333333333335	14.0
390	3526.8333333333335	12.0
400	3753.8333333333335	18.0
410	3522.8333333333335	9.0
420	3551.6666666666665	9.0
430	3298.0	13.0
440	3491.6666666666665	16.0
450	3856.3333333333335	12.0
460	3510.1666666666665	18.0
470	3691.3333333333335	14.0
480	4155.333333333333	18.0
490	3857.0	16.0
500	3065.1666666666665	16.0
510	3018.3333333333335	24.0
520	3619.6666666666665	16.0
530	3613.0	8.0
540	3970.6666666666665	17.0
550	3843.5	13.0
560	3382.3333333333335	19.0
570	3667.0	17.0
580	3702.8333333333335	6.0
590	3803.3333333333335	0.0
600	3916.5	0.0
610	3511.1666666666665	0.0
620	3454.5	0.0
630	3726.0	0.0
640	3675.1666666666665	0.0
650	3843.0	0.0
660	3726.3333333333335	0.0
670	3880.6666666666665	0.0
680	3474.5	0.0
690	3441.5	0.0
700	3952.5	0.0
710	3903.5	0.0
720	3793.8333333333335	0.0
730	3520.3333333333335	0.0
740	3335.6666666666665	0.0
750	4151.0	0.0
760	3818.0	0.0
770	3528.3333333333335	0.0
780	3730.1666666666665	0.0
790	3856.8333333333335	0.0
800	4082.8333333333335	0.0
810	3760.5	0.0
820	3830.8333333333335	0.0
830	3912.5	0.0
840	3401.0	0.0
850	3432.6666666666665	0.0
860	3784.1666666666665	0.0
870	4182.333333333333	0.0
880	3970.5	0.0
890	3795.1666666666665	0.0
900	3583.6666666666665	0.0
910	3915.6666666666665	0.0
920	4022.6666666666665	0.0
930	3874.8333333333335	0.0
940	3813.3333333333335	0.0
950	3532.0	0.0
960	3937.6666666666665	0.0
970	3867.5	0.0
980	3732.6666666666665	0.0
990	3546.1666666666665	0.0
1000	3937.6666666666665	0.0
