0	251.66666666666666	0.0
10	1934.0	123.0
20	1942.0	169.0
30	2086.8333333333335	395.0
40	2285.3333333333335	236.0
50	2382.1666666666665	77.0
60	2242.1666666666665	0.0
70	2266.5	0.0
80	2463.8333333333335	0.0
90	2005.5	0.0
100	2425.8333333333335	0.0
110	2644.5	0.0
120	2751.1666666666665	0.0
130	2861.3333333333335	0.0
140	2550.6666666666665	0.0
150	2730.3333333333335	0.0
160	2238.3333333333335	0.0
170	2484.8333333333335	0.0
180	2951.5	0.0
190	3053.3333333333335	0.0
200	2611.1666666666665	0.0
210	2362.3333333333335	0.0
220	2500.8333333333335	0.0
230	2928.6666666666665	0.0
240	3164.6666666666665	0.0
250	3107.3333333333335	0.0
260	2889.5	0.0
270	2945.1666666666665	0.0
280	2916.5	0.0
290	3035.3333333333335	0.0
300	3284.0	0.0
310	2974.5	0.0
320	3082.8333333333335	0.0
330	3398.0	0.0
340	2917.0	0.0
350	3026.0	0.0
360	3065.6666666666665	0.0
370	3575.0	0.0
380	3067.8333333333335	0.0
390	3338.5	0.0
400	3475.3333333333335	0.0
410	3372.8333333333335	0.0
420	3321.8333333333335	0.0
430	2866.5	0.0
440	3025.6666666666665	0.0
450	3697.6666666666665	0.0
460	3243.1666666666665	0.0
470	3218.1666666666665	0.0
480	2918.3333333333335	0.0
490	3548.5	0.0
500	3338.5	0.0
510	3255.8333333333335	0.0
520	3572.8333333333335	0.0
530	3954.6666666666665	0.0
540	3399.8333333333335	0.0
550	3199.3333333333335	0.0
560	3951.8333333333335	0.0
570	3126.8333333333335	0.0
580	3466.5	0.0
590	3799.6666666666665	0.0
600	3774.1666666666665	0.0
610	3698.3333333333335	0.0
620	3610.3333333333335	0.0
630	3664.1666666666665	0.0
640	3996.3333333333335	0.0
650	3805.8333333333335	0.0
660	3560.6666666666665	0.0
670	3761.0	0.0
680	3666.6666666666665	0.0
690	3935.0	0.0
700	3690.5	0.0
710	3728.6666666666665	0.0
720	3977.5	0.0
730	3244.3333333333335	0.0
740	3339.6666666666665	0.0
750	3773.5	0.0
760	3701.3333333333335	0.0
770	3478.6666666666665	0.0
780	3573.8333333333335	0.0
790	3960.6666666666665	0.0
800	4095.5	0.0
810	4015.8333333333335	0.0
820	3528.5	0.0
830	3699.0	0.0
840	3436.3333333333335	0.0
850	3824.1666666666665	0.0
860	3942.3333333333335	0.0
870	3812.8333333333335	0.0
880	3877.8333333333335	0.0
890	4099.0	0.0
900	3733.8333333333335	0.0
910	3853.6666666666665	0.0
920	3686.6666666666665	0.0
930	3872.6666666666665	0.0
940	3901.8333333333335	0.0
950	3874.3333333333335	0.0
960	3494.5	0.0
970	2904.3333333333335	0.0
980	3720.1666666666665	0.0
990	3370.0	0.0
1000	3648.1666666666665	0.0
