0	286.6666666666667	0.0
10	2065.0	230.0
20	2092.5	63.0
30	1979.5	304.0
40	2070.5	231.0
50	2310.8333333333335	172.0
60	2213.3333333333335	0.0
70	2395.8333333333335	0.0
80	2396.1666666666665	0.0
90	2173.1666666666665	0.0
100	2430.5	0.0
110	2712.0	0.0
120	2457.3333333333335	0.0
130	2516.8333333333335	0.0
140	2517.0	0.0
150	2666.1666666666665	0.0
160	2519.0	0.0
170	2715.0	0.0
180	2209.3333333333335	0.0
190	2482.8333333333335	0.0
200	2307.1666666666665	0.0
210	2544.1666666666665	0.0
220	2645.8333333333335	0.0
230	2903.5	0.0
240	2652.1666666666665	0.0
250	2436.5	0.0
260	2532.5	0.0
270	2341.8333333333335	0.0
280	2293.8333333333335	0.0
290	2658.8333333333335	0.0
300	2742.6666666666665	0.0
310	2481.6666666666665	0.0
320	3492.0	0.0
330	2620.3333333333335	0.0
340	2360.8333333333335	0.0
350	2992.3333333333335	0.0
360	3432.3333333333335	0.0
370	3896.3333333333335	0.0
380	3662.0	0.0
390	3763.5	0.0
400	3643.8333333333335	0.0
410	3604.6666666666665	0.0
420	3556.8333333333335	0.0
430	3205.1666666666665	0.0
440	3261.3333333333335	0.0
450	3461.6666666666665	0.0
460	3560.3333333333335	0.0
470	3317.5	0.0
480	3630.8333333333335	0.0
490	3378.1666666666665	0.0
500	3478.1666666666665	0.0
510	2909.6666666666665	0.0
520	3751.8333333333335	0.0
530	3438.1666666666665	0.0
540	3455.1666666666665	0.0
550	3207.8333333333335	0.0
560	3683.3333333333335	0.0
570	3443.8333333333335	0.0
580	3830.5	0.0
590	3871.1666666666665	0.0
600	3850.1666666666665	0.0
610	3778.6666666666665	0.0
620	3460.6666666666665	0.0
630	3873.6666666666665	0.0
640	3915.1666666666665	0.0
650	3554.8333333333335	0.0
660	3765.6666666666665	0.0
670	3598.5	0.0
680	3870.6666666666665	0.0
690	3991.5	0.0
700	3867.3333333333335	0.0
710	3707.1666666666665	0.0
720	3651.3333333333335	0.0
730	3787.1666666666665	0.0
740	3737.3333333333335	0.0
750	3841.1666666666665	0.0
760	3649.6666666666665	0.0
770	3466.1666666666665	0.0
780	3714.1666666666665	0.0
790	3505.5	0.0
800	4161.666666666667	0.0
810	3391.5	0.0
820	3807.3333333333335	0.0
830	3996.1666666666665	0.0
840	4121.0	0.0
850	3430.5	0.0
860	3896.5	0.0
870	4130.833333333333	0.0
880	3814.3333333333335	0.0
890	3983.3333333333335	0.0
900	3669.8333333333335	0.0
910	3821.1666666666665	0.0
920	3640.1666666666665	0.0
930	3828.3333333333335	0.0
940	3267.3333333333335	0.0
950	3223.3333333333335	0.0
960	4024.6666666666665	0.0
970	3335.8333333333335	0.0
980	3887.8333333333335	0.0
990	3970.0	0.0
1000	3569.0	0.0
