0	257.6666666666667	0.0
10	2118.8333333333335	260.0
20	1870.0	357.0
30	1866.6666666666667	200.0
40	1981.8333333333333	183.0
50	2125.1666666666665	0.0
60	2574.1666666666665	0.0
70	2344.5	0.0
80	2608.1666666666665	0.0
90	1812.0	0.0
100	2566.5	0.0
110	2826.3333333333335	0.0
120	2258.6666666666665	0.0
130	2378.0	0.0
140	2848.0	0.0
150	2795.5	0.0
160	2701.1666666666665	0.0
170	2915.5	0.0
180	2417.0	0.0
190	2141.0	0.0
200	3025.1666666666665	0.0
210	2804.0	0.0
220	3133.0	0.0
230	2872.0	0.0
240	2478.5	0.0
250	2701.6666666666665	0.0
260	2448.6666666666665	0.0
270	2565.1666666666665	0.0
280	2951.8333333333335	0.0
290	2818.3333333333335	0.0
300	2945.1666666666665	0.0
310	3069.5	0.0
320	2967.0	0.0
330	2903.5	0.0
340	3192.3333333333335	0.0
350	3428.3333333333335	0.0
360	3002.8333333333335	0.0
370	3367.5	0.0
380	3732.8333333333335	0.0
390	3136.8333333333335	0.0
400	3504.8333333333335	0.0
410	3795.5	0.0
420	3119.5	0.0
430	2616.5	0.0
440	3242.8333333333335	0.0
450	3157.6666666666665	0.0
460	3496.5	0.0
470	3134.0	0.0
480	3379.5	0.0
490	3343.6666666666665	0.0
500	3836.6666666666665	0.0
510	3654.1666666666665	0.0
520	3318.0	0.0
530	3210.0	0.0
540	3747.8333333333335	0.0
550	3305.0	0.0
560	3703.6666666666665	0.0
570	3609.3333333333335	0.0
580	3388.5	0.0
590	3554.3333333333335	0.0
600	3760.6666666666665	0.0
610	3758.0	0.0
620	3632.5	0.0
630	3621.6666666666665	0.0
640	3285.1666666666665	0.0
650	3402.0	0.0
660	3650.0	0.0
670	3713.3333333333335	0.0
680	3855.1666666666665	0.0
690	3893.1666666666665	0.0
700	3617.3333333333335	0.0
710	4034.5	0.0
720	3701.5	0.0
730	3786.1666666666665	0.0
740	3858.5	0.0
750	3900.3333333333335	0.0
760	3985.8333333333335	0.0
770	3588.3333333333335	0.0
780	3937.5	0.0
790	3887.0	0.0
800	3842.5	0.0
810	3461.5	0.0
820	3957.1666666666665	0.0
830	3553.1666666666665	0.0
840	3779.3333333333335	0.0
850	3996.1666666666665	0.0
860	3555.1666666666665	0.0
870	4016.1666666666665	0.0
880	3903.5	0.0
890	4077.1666666666665	0.0
900	4022.3333333333335	0.0
910	3672.5	0.0
920	3933.8333333333335	0.0
930	3661.6666666666665	0.0
940	3806.0	0.0
950	3609.6666666666665	0.0
960	3314.5	0.0
970	4091.5	0.0
980	3904.6666666666665	0.0
990	3352.0	0.0
1000	3754.1666666666665	0.0
