0	235.33333333333334	0.0
10	1728.3333333333333	372.0
20	1933.6666666666667	322.0
30	1936.1666666666667	147.0
40	2110.8333333333335	159.0
50	2195.5	0.0
60	2448.3333333333335	0.0
70	2525.3333333333335	0.0
80	2582.1666666666665	0.0
90	2465.3333333333335	0.0
100	2605.8333333333335	0.0
110	2432.8333333333335	0.0
120	2727.1666666666665	0.0
130	2426.0	0.0
140	2466.1666666666665	0.0
150	2730.6666666666665	0.0
160	2778.1666666666665	0.0
170	2797.0	0.0
180	2993.8333333333335	0.0
190	2797.6666666666665	0.0
200	2911.1666666666665	0.0
210	2789.1666666666665	0.0
220	2791.1666666666665	0.0
230	2944.1666666666665	0.0
240	2602.6666666666665	0.0
250	2941.0	0.0
260	2713.1666666666665	0.0
270	3126.5	0.0
280	3334.3333333333335	0.0
290	2912.1666666666665	0.0
300	2781.8333333333335	0.0
310	3143.5	0.0
320	3286.1666666666665	0.0
330	2649.0	0.0
340	2826.5	0.0
350	2852.8333333333335	0.0
360	3015.3333333333335	0.0
370	2956.6666666666665	0.0
380	2711.8333333333335	0.0
390	3382.5	0.0
400	2857.3333333333335	0.0
410	3567.8333333333335	0.0
420	3778.0	0.0
430	3456.6666666666665	0.0
440	3439.5	0.0
450	3602.3333333333335	0.0
460	3329.5	0.0
470	3057.1666666666665	0.0
480	3555.5	0.0
490	3622.8333333333335	0.0
500	3561.3333333333335	0.0
510	3561.6666666666665	0.0
520	3582.8333333333335	0.0
530	3247.8333333333335	0.0
540	3388.5	0.0
550	3989.8333333333335	0.0
560	3662.1666666666665	0.0
570	3438.8333333333335	0.0
580	3436.8333333333335	0.0
590	3744.1666666666665	0.0
600	3667.5	0.0
610	3482.0	0.0
620	3294.3333333333335	0.0
630	3861.5	0.0
640	3756.6666666666665	0.0
650	3644.3333333333335	0.0
660	3943.6666666666665	0.0
670	3719.5	0.0
680	3521.3333333333335	0.0
690	3479.5	0.0
700	3784.3333333333335	0.0
710	3572.1666666666665	0.0
720	3682.8333333333335	0.0
730	3416.8333333333335	0.0
740	3802.1666666666665	0.0
750	3877.0	0.0
760	3848.0	0.0
770	4040.6666666666665	0.0
780	4131.166666666667	0.0
790	3900.3333333333335	0.0
800	3858.8333333333335	0.0
810	3942.8333333333335	0.0
820	3807.1666666666665	0.0
830	3919.3333333333335	0.0
840	3975.8333333333335	0.0
850	4062.5	0.0
860	3747.6666666666665	0.0
870	4039.0	0.0
880	3779.1666666666665	0.0
890	3850.3333333333335	0.0
900	3517.3333333333335	0.0
910	3509.0	0.0
920	3705.5	0.0
930	3681.3333333333335	0.0
940	3381.3333333333335	0.0
950	3767.1666666666665	0.0
960	3960.1666666666665	0.0
970	3947.3333333333335	0.0
980	3508.1666666666665	0.0
990	3809.6666666666665	0.0
1000	3664.8333333333335	0.0
