0	291.3333333333333	0.0
10	70.0	0.0
20	70.0	1.0
30	70.0	0.0
40	70.0	0.0
50	70.0	0.0
60	70.0	2.0
70	70.0	0.0
80	70.0	0.0
90	79.33333333333333	0.0
100	76.66666666666667	48.0
110	76.66666666666667	0.0
120	375.0	0.0
130	135.33333333333334	82.0
140	167.0	31.0
150	617.8333333333334	0.0
160	122.66666666666667	40.0
170	141.33333333333334	34.0
180	124.0	49.0
190	590.0	134.0
200	624.6666666666666	45.0
210	838.3333333333334	85.0
220	1238.0	107.0
230	1431.1666666666667	320.0
240	2343.3333333333335	22.0
250	2390.0	0.0
260	2347.3333333333335	0.0
270	2511.6666666666665	0.0
280	2569.1666666666665	0.0
290	2293.3333333333335	0.0
300	2301.3333333333335	0.0
310	2578.0	0.0
320	2484.5	0.0
330	2400.1666666666665	0.0
340	2306.3333333333335	0.0
350	2629.0	0.0
360	2436.6666666666665	0.0
370	2530.3333333333335	0.0
380	2283.6666666666665	0.0
390	2414.6666666666665	0.0
400	2651.8333333333335	0.0
410	2032.0	0.0
420	1710.0	0.0
430	1645.6666666666667	0.0
440	2019.8333333333333	0.0
450	2130.1666666666665	0.0
460	1574.3333333333333	0.0
470	1295.3333333333333	0.0
480	1759.8333333333333	0.0
490	2233.8333333333335	0.0
500	2127.3333333333335	0.0
510	2184.6666666666665	0.0
520	1902.0	0.0
530	2174.6666666666665	0.0
540	2142.1666666666665	0.0
550	2281.5	0.0
560	1714.3333333333333	0.0
570	1837.6666666666667	0.0
580	2219.5	0.0
590	2039.0	0.0
600	2367.6666666666665	0.0
610	2088.8333333333335	0.0
620	2252.5	0.0
630	1947.0	0.0
640	2120.3333333333335	0.0
650	2332.0	0.0
660	1999.1666666666667	0.0
670	2380.3333333333335	0.0
680	2274.6666666666665	0.0
690	1662.8333333333333	0.0
700	2454.0	0.0
710	2706.8333333333335	0.0
720	2328.6666666666665	0.0
730	1896.3333333333333	0.0
740	2052.0	0.0
750	1913.6666666666667	0.0
760	1504.0	0.0
770	1489.6666666666667	0.0
780	2392.0	0.0
790	2486.3333333333335	0.0
800	2456.8333333333335	0.0
810	2432.3333333333335	0.0
820	2440.1666666666665	0.0
830	2339.0	0.0
840	2476.3333333333335	0.0
850	2227.6666666666665	0.0
860	2434.5	0.0
870	2139.0	0.0
880	2336.6666666666665	0.0
890	2295.6666666666665	0.0
900	2255.3333333333335	0.0
910	2587.8333333333335	0.0
920	2365.3333333333335	0.0
930	2507.1666666666665	0.0
940	2258.3333333333335	0.0
950	2393.3333333333335	0.0
960	2482.3333333333335	0.0
970	2438.8333333333335	0.0
980	2348.3333333333335	0.0
990	2347.6666666666665	0.0
1000	2753.0	0.0
