0	257.6666666666667	0.0
10	70.0	0.0
20	70.0	1.0
30	70.0	0.0
40	70.0	1.0
50	70.0	2.0
60	70.0	0.0
70	70.0	0.0
80	70.0	0.0
90	88.66666666666667	3.0
100	75.66666666666667	0.0
110	85.33333333333333	12.0
120	279.0	0.0
130	70.66666666666667	87.0
140	98.0	6.0
150	373.0	93.0
160	129.33333333333334	66.0
170	103.66666666666667	17.0
180	138.0	14.0
190	359.0	29.0
200	475.3333333333333	27.0
210	367.6666666666667	32.0
220	362.3333333333333	182.0
230	373.3333333333333	115.0
240	498.3333333333333	124.0
250	1194.6666666666667	159.0
260	542.6666666666666	30.0
270	1839.1666666666667	0.0
280	1720.0	0.0
290	2574.8333333333335	0.0
300	2568.3333333333335	0.0
310	2079.6666666666665	0.0
320	2220.0	0.0
330	2325.5	0.0
340	2345.0	0.0
350	2524.5	0.0
360	2079.0	0.0
370	2442.8333333333335	0.0
380	2444.6666666666665	0.0
390	2442.3333333333335	0.0
400	2687.0	0.0
410	2352.6666666666665	0.0
420	1802.0	0.0
430	1810.6666666666667	0.0
440	2443.6666666666665	0.0
450	2445.0	0.0
460	2264.6666666666665	0.0
470	1708.3333333333333	0.0
480	2579.0	0.0
490	1721.0	0.0
500	1833.5	0.0
510	1810.6666666666667	0.0
520	1662.6666666666667	0.0
530	1655.0	0.0
540	2249.0	0.0
550	2099.0	0.0
560	2122.3333333333335	0.0
570	2343.5	0.0
580	2289.6666666666665	0.0
590	2181.1666666666665	0.0
600	2153.3333333333335	0.0
610	1706.0	0.0
620	2015.0	0.0
630	1978.0	0.0
640	1751.3333333333333	0.0
650	1717.3333333333333	0.0
660	2283.3333333333335	0.0
670	1971.3333333333333	0.0
680	1853.0	0.0
690	1910.5	0.0
700	2294.0	0.0
710	2550.6666666666665	0.0
720	2545.5	0.0
730	2583.6666666666665	0.0
740	2490.5	0.0
750	2503.8333333333335	0.0
760	2511.6666666666665	0.0
770	2583.5	0.0
780	2534.8333333333335	0.0
790	2349.3333333333335	0.0
800	2512.3333333333335	0.0
810	1856.0	0.0
820	2021.1666666666667	0.0
830	2267.1666666666665	0.0
840	1743.5	0.0
850	2182.6666666666665	0.0
860	2330.3333333333335	0.0
870	2495.3333333333335	0.0
880	2637.3333333333335	0.0
890	1932.0	0.0
900	2422.3333333333335	0.0
910	1877.3333333333333	0.0
920	2003.3333333333333	0.0
930	1735.3333333333333	0.0
940	1796.1666666666667	0.0
950	1955.6666666666667	0.0
960	2289.1666666666665	0.0
970	2340.3333333333335	0.0
980	2531.0	0.0
990	1733.3333333333333	0.0
1000	2530.5	0.0
