0	278.0	0.0
10	70.0	3.0
20	70.0	0.0
30	70.0	4.0
40	70.0	0.0
50	70.0	0.0
60	70.0	0.0
70	70.0	1.0
80	70.0	0.0
90	72.66666666666667	1.0
100	119.33333333333333	1.0
110	73.33333333333333	0.0
120	77.33333333333333	23.0
130	87.66666666666667	6.0
140	175.0	46.0
150	308.6666666666667	6.0
160	438.6666666666667	36.0
170	119.66666666666667	110.0
180	161.33333333333334	61.0
190	130.66666666666666	50.0
200	195.0	0.0
210	696.3333333333334	0.0
220	400.6666666666667	200.0
230	612.3333333333334	62.0
240	634.6666666666666	198.0
250	1031.3333333333333	63.0
260	2096.0	129.0
270	2350.8333333333335	0.0
280	1818.0	0.0
290	1494.3333333333333	0.0
300	2236.3333333333335	0.0
310	2340.1666666666665	0.0
320	2241.1666666666665	0.0
330	2499.0	0.0
340	2504.3333333333335	0.0
350	2329.1666666666665	0.0
360	2434.6666666666665	0.0
370	2348.0	0.0
380	2296.3333333333335	0.0
390	2321.0	0.0
400	2251.0	0.0
410	2023.3333333333333	0.0
420	2183.0	0.0
430	2323.3333333333335	0.0
440	2537.8333333333335	0.0
450	2440.0	0.0
460	2447.3333333333335	0.0
470	2439.3333333333335	0.0
480	1562.3333333333333	0.0
490	1619.3333333333333	0.0
500	1740.0	0.0
510	2262.0	0.0
520	2221.6666666666665	0.0
530	2207.5	0.0
540	1647.8333333333333	0.0
550	1852.3333333333333	0.0
560	1948.6666666666667	0.0
570	2267.3333333333335	0.0
580	2085.0	0.0
590	2216.6666666666665	0.0
600	2582.0	0.0
610	2168.3333333333335	0.0
620	2029.3333333333333	0.0
630	1796.6666666666667	0.0
640	1966.6666666666667	0.0
650	1901.1666666666667	0.0
660	1755.8333333333333	0.0
670	1383.0	0.0
680	2295.6666666666665	0.0
690	2173.0	0.0
700	2023.8333333333333	0.0
710	2069.0	0.0
720	1734.5	0.0
730	1991.5	0.0
740	2121.5	0.0
750	1745.6666666666667	0.0
760	2384.0	0.0
770	2221.3333333333335	0.0
780	2251.0	0.0
790	1851.3333333333333	0.0
800	2431.3333333333335	0.0
810	2169.1666666666665	0.0
820	2484.6666666666665	0.0
830	2491.8333333333335	0.0
840	1897.3333333333333	0.0
850	2317.0	0.0
860	1946.5	0.0
870	1767.6666666666667	0.0
880	2151.5	0.0
890	1726.0	0.0
900	2136.3333333333335	0.0
910	2266.8333333333335	0.0
920	2431.6666666666665	0.0
930	2187.0	0.0
940	1793.6666666666667	0.0
950	2176.5	0.0
960	2281.8333333333335	0.0
970	2500.0	0.0
980	2645.1666666666665	0.0
990	2686.1666666666665	0.0
1000	2331.3333333333335	0.0
