0	264.0	0.0
10	70.0	1000.0
20	70.0	0.0
30	70.0	0.0
40	70.0	0.0
50	70.0	0.0
60	70.0	0.0
70	70.0	0.0
80	70.0	0.0
90	70.0	0.0
100	70.0	0.0
110	70.0	0.0
120	70.0	0.0
130	70.0	0.0
140	70.0	0.0
150	70.0	0.0
160	70.0	0.0
170	70.0	0.0
180	70.66666666666667	0.0
190	72.66666666666667	0.0
200	80.33333333333333	0.0
210	99.33333333333333	0.0
220	493.0	0.0
230	189.33333333333334	0.0
240	214.66666666666666	0.0
250	163.66666666666666	0.0
260	185.33333333333334	0.0
270	129.66666666666666	0.0
280	130.0	0.0
290	180.66666666666666	0.0
300	145.33333333333334	0.0
310	464.6666666666667	0.0
320	580.3333333333334	0.0
330	526.0	0.0
340	880.3333333333334	0.0
350	689.6666666666666	0.0
360	895.3333333333334	0.0
370	1001.0	0.0
380	1197.3333333333333	0.0
390	1258.6666666666667	0.0
400	1132.0	0.0
410	1601.0	0.0
420	1257.3333333333333	0.0
430	2376.3333333333335	0.0
440	2122.3333333333335	0.0
450	2068.6666666666665	0.0
460	2190.6666666666665	0.0
470	2246.0	0.0
480	2163.0	0.0
490	2172.5	0.0
500	2291.0	0.0
510	1913.3333333333333	0.0
520	2307.6666666666665	0.0
530	2455.3333333333335	0.0
540	2548.5	0.0
550	2477.1666666666665	0.0
560	2452.6666666666665	0.0
570	2289.6666666666665	0.0
580	2316.1666666666665	0.0
590	2304.6666666666665	0.0
600	2316.5	0.0
610	2594.6666666666665	0.0
620	2367.0	0.0
630	2593.8333333333335	0.0
640	2698.3333333333335	0.0
650	2647.5	0.0
660	2656.6666666666665	0.0
670	2672.8333333333335	0.0
680	2201.3333333333335	0.0
690	2521.6666666666665	0.0
700	2217.8333333333335	0.0
710	2409.8333333333335	0.0
720	2560.6666666666665	0.0
730	2424.3333333333335	0.0
740	2532.0	0.0
750	2441.6666666666665	0.0
760	2635.6666666666665	0.0
770	2594.8333333333335	0.0
780	2642.5	0.0
790	2330.3333333333335	0.0
800	2723.0	0.0
810	2589.0	0.0
820	2732.5	0.0
830	2338.6666666666665	0.0
840	1996.0	0.0
850	3155.3333333333335	0.0
860	2601.6666666666665	0.0
870	2859.1666666666665	0.0
880	2651.5	0.0
890	2975.0	0.0
900	2916.5	0.0
910	2668.6666666666665	0.0
920	2887.0	0.0
930	2692.5	0.0
940	2735.3333333333335	0.0
950	2643.6666666666665	0.0
960	2656.0	0.0
970	2491.3333333333335	0.0
980	2616.3333333333335	0.0
990	2494.1666666666665	0.0
1000	2798.0	0.0
