0	255.33333333333334	0.0
10	70.0	1000.0
20	70.0	0.0
30	70.0	0.0
40	70.0	0.0
50	70.0	0.0
60	70.0	0.0
70	70.0	0.0
80	70.0	0.0
90	70.0	0.0
100	70.0	0.0
110	70.0	0.0
120	70.0	0.0
130	70.0	0.0
140	70.0	0.0
150	70.0	0.0
160	71.0	0.0
170	70.33333333333333	0.0
180	71.33333333333333	0.0
190	71.66666666666667	0.0
200	76.66666666666667	0.0
210	71.66666666666667	0.0
220	78.66666666666667	0.0
230	81.0	0.0
240	108.33333333333333	0.0
250	181.33333333333334	0.0
260	113.66666666666667	0.0
270	282.0	0.0
280	402.0	0.0
290	185.66666666666666	0.0
300	369.0	0.0
310	358.3333333333333	0.0
320	190.0	0.0
330	129.0	0.0
340	129.0	0.0
350	138.0	0.0
360	189.33333333333334	0.0
370	268.0	0.0
380	293.0	0.0
390	253.0	0.0
400	273.6666666666667	0.0
410	857.3333333333334	0.0
420	816.6666666666666	0.0
430	711.0	0.0
440	1223.0	0.0
450	1144.3333333333333	0.0
460	1369.6666666666667	0.0
470	1393.0	0.0
480	2024.3333333333333	0.0
490	1499.3333333333333	0.0
500	2181.3333333333335	0.0
510	2038.3333333333333	0.0
520	1808.0	0.0
530	2140.6666666666665	0.0
540	2324.0	0.0
550	2583.0	0.0
560	2282.1666666666665	0.0
570	2359.6666666666665	0.0
580	2417.6666666666665	0.0
590	2180.0	0.0
600	2183.3333333333335	0.0
610	2252.1666666666665	0.0
620	2233.3333333333335	0.0
630	2345.3333333333335	0.0
640	2513.0	0.0
650	2337.1666666666665	0.0
660	2308.3333333333335	0.0
670	2342.3333333333335	0.0
680	2520.0	0.0
690	2333.0	0.0
700	2458.6666666666665	0.0
710	2650.3333333333335	0.0
720	2440.6666666666665	0.0
730	2476.6666666666665	0.0
740	2351.5	0.0
750	2590.8333333333335	0.0
760	2645.6666666666665	0.0
770	2538.8333333333335	0.0
780	2799.6666666666665	0.0
790	2444.3333333333335	0.0
800	2598.0	0.0
810	2676.3333333333335	0.0
820	2669.0	0.0
830	2683.0	0.0
840	2594.3333333333335	0.0
850	2478.3333333333335	0.0
860	2571.6666666666665	0.0
870	2473.3333333333335	0.0
880	2021.3333333333333	0.0
890	2163.3333333333335	0.0
900	2567.6666666666665	0.0
910	2327.6666666666665	0.0
920	1995.0	0.0
930	2531.3333333333335	0.0
940	2677.0	0.0
950	2490.3333333333335	0.0
960	2584.5	0.0
970	2345.6666666666665	0.0
980	2719.8333333333335	0.0
990	2883.0	0.0
1000	2671.8333333333335	0.0
