0	248.0	0.0
10	70.0	0.0
20	70.0	0.0
30	70.0	0.0
40	70.0	0.0
50	70.0	0.0
60	70.0	0.0
70	70.0	0.0
80	70.0	0.0
90	70.0	0.0
100	70.0	0.0
110	70.0	0.0
120	70.0	0.0
130	70.0	0.0
140	70.0	0.0
150	70.0	0.0
160	70.0	0.0
170	70.0	0.0
180	70.0	0.0
190	72.0	0.0
200	70.66666666666667	0.0
210	71.33333333333333	0.0
220	70.66666666666667	0.0
230	94.0	0.0
240	109.33333333333333	0.0
250	128.33333333333334	0.0
260	247.33333333333334	4.0
270	187.66666666666666	6.0
280	118.33333333333333	7.0
290	108.0	2.0
300	133.66666666666666	4.0
310	152.33333333333334	5.0
320	173.33333333333334	7.0
330	163.33333333333334	19.0
340	441.3333333333333	10.0
350	531.6666666666666	1.0
360	620.3333333333334	9.0
370	736.3333333333334	7.0
380	604.0	6.0
390	963.0	3.0
400	792.3333333333334	6.0
410	1438.0	4.0
420	1604.3333333333333	4.0
430	1189.0	6.0
440	1899.6666666666667	3.0
450	1932.0	7.0
460	1993.6666666666667	10.0
470	2151.3333333333335	7.0
480	2007.3333333333333	12.0
490	2102.0	1.0
500	2114.0	8.0
510	1874.3333333333333	14.0
520	1991.3333333333333	12.0
530	2266.6666666666665	0.0
540	2145.3333333333335	4.0
550	2387.0	8.0
560	2430.5	7.0
570	2590.0	13.0
580	2320.0	14.0
590	2299.1666666666665	3.0
600	2092.3333333333335	3.0
610	2484.6666666666665	4.0
620	2370.8333333333335	4.0
630	2832.0	16.0
640	2567.6666666666665	2.0
650	2644.5	6.0
660	2569.5	6.0
670	2663.0	9.0
680	2539.3333333333335	3.0
690	2444.8333333333335	3.0
700	2572.3333333333335	11.0
710	2261.5	4.0
720	2619.3333333333335	15.0
730	2540.0	1.0
740	2621.0	3.0
750	2640.6666666666665	0.0
760	2614.0	4.0
770	2432.6666666666665	12.0
780	2607.6666666666665	14.0
790	2572.3333333333335	8.0
800	2700.0	2.0
810	2756.6666666666665	6.0
820	2532.0	21.0
830	2592.0	2.0
840	2643.3333333333335	8.0
850	2835.6666666666665	3.0
860	2497.6666666666665	6.0
870	2606.6666666666665	7.0
880	2800.5	4.0
890	2565.8333333333335	4.0
900	2344.3333333333335	3.0
910	2074.0	3.0
920	1980.6666666666667	5.0
930	1995.5	2.0
940	2424.6666666666665	13.0
950	2808.1666666666665	3.0
960	2691.8333333333335	6.0
970	2550.5	7.0
980	2657.3333333333335	10.0
990	2511.5	8.0
1000	2543.6666666666665	7.0
