0	257.6666666666667	0.0
10	70.0	0.0
20	70.0	0.0
30	70.0	0.0
40	70.0	0.0
50	70.0	0.0
60	70.0	0.0
70	70.0	0.0
80	70.0	0.0
90	70.0	0.0
100	70.0	0.0
110	70.0	0.0
120	70.0	0.0
130	70.0	0.0
140	70.0	0.0
150	70.0	0.0
160	70.0	0.0
170	70.0	0.0
180	71.33333333333333	0.0
190	71.0	0.0
200	71.66666666666667	0.0
210	71.0	0.0
220	72.33333333333333	0.0
230	77.0	0.0
240	112.0	0.0
250	97.66666666666667	1.0
260	283.3333333333333	0.0
270	134.66666666666666	12.0
280	131.0	5.0
290	119.66666666666667	4.0
300	159.0	7.0
310	171.0	8.0
320	164.66666666666666	1.0
330	130.0	4.0
340	187.0	8.0
350	592.6666666666666	4.0
360	1231.0	9.0
370	1153.6666666666667	6.0
380	1567.3333333333333	14.0
390	1106.0	21.0
400	1773.6666666666667	5.0
410	1842.6666666666667	22.0
420	1614.3333333333333	6.0
430	1550.0	2.0
440	1562.3333333333333	4.0
450	2087.6666666666665	36.0
460	1608.6666666666667	12.0
470	1865.3333333333333	7.0
480	2328.3333333333335	22.0
490	2118.3333333333335	17.0
500	1988.6666666666667	7.0
510	2190.6666666666665	9.0
520	2145.6666666666665	2.0
530	2280.0	13.0
540	2163.6666666666665	5.0
550	2507.8333333333335	12.0
560	2184.6666666666665	6.0
570	2287.6666666666665	6.0
580	2340.8333333333335	38.0
590	2310.3333333333335	10.0
600	2295.0	10.0
610	2207.0	0.0
620	2209.3333333333335	4.0
630	2276.6666666666665	1.0
640	2499.8333333333335	21.0
650	2701.3333333333335	13.0
660	2419.5	4.0
670	2309.1666666666665	5.0
680	2651.3333333333335	2.0
690	2342.0	9.0
700	2508.3333333333335	21.0
710	2609.5	3.0
720	2470.3333333333335	3.0
730	2517.6666666666665	16.0
740	2805.5	10.0
750	2617.3333333333335	2.0
760	2540.5	21.0
770	2752.6666666666665	5.0
780	2685.6666666666665	3.0
790	2663.3333333333335	13.0
800	2573.8333333333335	1.0
810	2551.1666666666665	6.0
820	2778.5	4.0
830	2642.6666666666665	4.0
840	2214.0	8.0
850	2342.6666666666665	4.0
860	2449.0	6.0
870	2664.0	5.0
880	2489.5	5.0
890	2643.0	15.0
900	2758.5	4.0
910	2457.3333333333335	1.0
920	2554.1666666666665	4.0
930	2878.1666666666665	6.0
940	2376.3333333333335	3.0
950	2508.8333333333335	1.0
960	2671.1666666666665	10.0
970	2512.6666666666665	2.0
980	2468.3333333333335	3.0
990	2478.0	3.0
1000	2386.6666666666665	4.0
