0	226.33333333333334	0.0
10	352.3333333333333	1000.0
20	975.6666666666666	0.0
30	991.3333333333334	0.0
40	1668.0	0.0
50	1866.6666666666667	0.0
60	2067.3333333333335	0.0
70	2093.3333333333335	0.0
80	2105.3333333333335	0.0
90	2307.0	0.0
100	1983.5	0.0
110	2161.0	0.0
120	2343.0	0.0
130	2519.0	0.0
140	2312.0	0.0
150	2293.0	0.0
160	2397.5	0.0
170	2343.5	0.0
180	2290.6666666666665	0.0
190	2288.0	0.0
200	2114.3333333333335	0.0
210	2121.3333333333335	0.0
220	2247.0	0.0
230	2218.6666666666665	0.0
240	2483.3333333333335	0.0
250	2479.3333333333335	0.0
260	1850.6666666666667	0.0
270	1497.3333333333333	0.0
280	1722.3333333333333	0.0
290	1844.1666666666667	0.0
300	1974.5	0.0
310	2300.8333333333335	0.0
320	1824.3333333333333	0.0
330	2242.6666666666665	0.0
340	1885.3333333333333	0.0
350	2158.0	0.0
360	1591.0	0.0
370	1522.8333333333333	0.0
380	1475.3333333333333	0.0
390	1531.3333333333333	0.0
400	1387.6666666666667	0.0
410	1826.0	0.0
420	2117.8333333333335	0.0
430	2031.6666666666667	0.0
440	2154.0	0.0
450	2167.6666666666665	0.0
460	1963.0	0.0
470	1956.0	0.0
480	2403.5	0.0
490	2037.3333333333333	0.0
500	2288.0	0.0
510	2449.6666666666665	0.0
520	2316.1666666666665	0.0
530	1857.6666666666667	0.0
540	1667.6666666666667	0.0
550	1489.6666666666667	0.0
560	2477.3333333333335	0.0
570	2515.3333333333335	0.0
580	2281.3333333333335	0.0
590	2609.0	0.0
600	2343.3333333333335	0.0
610	2292.0	0.0
620	2360.0	0.0
630	2371.3333333333335	0.0
640	2331.6666666666665	0.0
650	2251.0	0.0
660	2375.3333333333335	0.0
670	2448.0	0.0
680	2496.6666666666665	0.0
690	2624.6666666666665	0.0
700	2534.8333333333335	0.0
710	2353.3333333333335	0.0
720	2540.0	0.0
730	2328.6666666666665	0.0
740	2160.0	0.0
750	2211.3333333333335	0.0
760	2360.3333333333335	0.0
770	2517.1666666666665	0.0
780	2524.3333333333335	0.0
790	2386.0	0.0
800	2528.3333333333335	0.0
810	2303.8333333333335	0.0
820	2364.0	0.0
830	2210.0	0.0
840	2306.0	0.0
850	1646.1666666666667	0.0
860	1679.3333333333333	0.0
870	1659.3333333333333	0.0
880	2334.5	0.0
890	2474.1666666666665	0.0
900	2440.0	0.0
910	2505.6666666666665	0.0
920	2589.5	0.0
930	2564.3333333333335	0.0
940	2356.5	0.0
950	2729.6666666666665	0.0
960	2508.6666666666665	0.0
970	2457.1666666666665	0.0
980	1795.1666666666667	0.0
990	1859.1666666666667	0.0
1000	1908.0	0.0
