0	224.0	0.0
10	130.33333333333334	847.0
20	1294.6666666666667	153.0
30	702.0	0.0
40	1332.6666666666667	0.0
50	1665.0	0.0
60	1931.0	0.0
70	2140.5	0.0
80	1887.0	0.0
90	2001.3333333333333	0.0
100	2061.8333333333335	0.0
110	2312.0	0.0
120	2093.3333333333335	0.0
130	2029.3333333333333	0.0
140	2287.3333333333335	0.0
150	2357.3333333333335	0.0
160	2098.0	0.0
170	2397.8333333333335	0.0
180	2477.6666666666665	0.0
190	2256.6666666666665	0.0
200	2389.1666666666665	0.0
210	2348.0	0.0
220	2494.3333333333335	0.0
230	2518.3333333333335	0.0
240	2375.1666666666665	0.0
250	2542.3333333333335	0.0
260	1305.0	0.0
270	1712.0	0.0
280	1850.1666666666667	0.0
290	1711.3333333333333	0.0
300	1670.5	0.0
310	2085.1666666666665	0.0
320	1631.1666666666667	0.0
330	1838.6666666666667	0.0
340	2099.0	0.0
350	2009.0	0.0
360	1799.6666666666667	0.0
370	1805.0	0.0
380	2127.6666666666665	0.0
390	2077.6666666666665	0.0
400	1912.3333333333333	0.0
410	2220.0	0.0
420	1992.5	0.0
430	2149.8333333333335	0.0
440	2233.1666666666665	0.0
450	2335.5	0.0
460	2115.6666666666665	0.0
470	2192.6666666666665	0.0
480	2033.3333333333333	0.0
490	2080.5	0.0
500	1856.0	0.0
510	1761.6666666666667	0.0
520	1837.0	0.0
530	2157.3333333333335	0.0
540	2181.6666666666665	0.0
550	2332.6666666666665	0.0
560	2420.0	0.0
570	2181.6666666666665	0.0
580	2034.0	0.0
590	2492.3333333333335	0.0
600	2649.0	0.0
610	2280.0	0.0
620	2209.3333333333335	0.0
630	2504.6666666666665	0.0
640	2255.1666666666665	0.0
650	2747.0	0.0
660	2337.0	0.0
670	2026.3333333333333	0.0
680	1875.3333333333333	0.0
690	2568.8333333333335	0.0
700	2724.6666666666665	0.0
710	2364.5	0.0
720	2381.6666666666665	0.0
730	2608.3333333333335	0.0
740	2421.5	0.0
750	2477.3333333333335	0.0
760	2055.5	0.0
770	2381.1666666666665	0.0
780	1868.6666666666667	0.0
790	1633.8333333333333	0.0
800	2304.8333333333335	0.0
810	2438.3333333333335	0.0
820	1676.3333333333333	0.0
830	2325.1666666666665	0.0
840	1922.3333333333333	0.0
850	2510.6666666666665	0.0
860	2521.0	0.0
870	1681.3333333333333	0.0
880	2632.8333333333335	0.0
890	2537.0	0.0
900	2450.3333333333335	0.0
910	2395.8333333333335	0.0
920	2627.6666666666665	0.0
930	2406.0	0.0
940	2542.3333333333335	0.0
950	2659.6666666666665	0.0
960	2576.5	0.0
970	2326.3333333333335	0.0
980	2324.0	0.0
990	2610.6666666666665	0.0
1000	2406.0	0.0
