0	247.33333333333334	0.0
10	914.0	599.0
20	1090.0	401.0
30	1423.6666666666667	0.0
40	1745.6666666666667	0.0
50	1466.0	0.0
60	1899.0	0.0
70	2132.3333333333335	0.0
80	1889.0	0.0
90	2384.1666666666665	0.0
100	2067.1666666666665	0.0
110	2220.0	0.0
120	2186.3333333333335	0.0
130	2320.6666666666665	0.0
140	2496.6666666666665	0.0
150	2435.0	0.0
160	2124.6666666666665	0.0
170	2460.3333333333335	0.0
180	2561.8333333333335	0.0
190	2087.6666666666665	0.0
200	2049.3333333333335	0.0
210	2213.6666666666665	0.0
220	2373.5	0.0
230	2390.3333333333335	0.0
240	1795.8333333333333	0.0
250	1963.3333333333333	0.0
260	1820.6666666666667	0.0
270	2197.0	0.0
280	1976.1666666666667	0.0
290	1791.3333333333333	0.0
300	1926.6666666666667	0.0
310	1933.0	0.0
320	1997.8333333333333	0.0
330	1896.8333333333333	0.0
340	1743.0	0.0
350	2238.3333333333335	0.0
360	2029.0	0.0
370	1861.6666666666667	0.0
380	2290.0	0.0
390	1756.6666666666667	0.0
400	1780.5	0.0
410	2030.8333333333333	0.0
420	2059.0	0.0
430	2692.6666666666665	0.0
440	2306.6666666666665	0.0
450	2288.5	0.0
460	2277.6666666666665	0.0
470	2073.6666666666665	0.0
480	1633.6666666666667	0.0
490	1614.0	0.0
500	1957.0	0.0
510	2328.1666666666665	0.0
520	1947.8333333333333	0.0
530	2310.6666666666665	0.0
540	2244.0	0.0
550	2407.6666666666665	0.0
560	2329.5	0.0
570	2570.6666666666665	0.0
580	2061.0	0.0
590	1882.6666666666667	0.0
600	2664.3333333333335	0.0
610	2522.0	0.0
620	2208.0	0.0
630	2438.0	0.0
640	2621.5	0.0
650	2365.3333333333335	0.0
660	2349.3333333333335	0.0
670	2227.1666666666665	0.0
680	2787.1666666666665	0.0
690	2827.0	0.0
700	2343.1666666666665	0.0
710	2504.3333333333335	0.0
720	2617.0	0.0
730	2090.0	0.0
740	2331.6666666666665	0.0
750	2284.8333333333335	0.0
760	2463.0	0.0
770	2317.6666666666665	0.0
780	2451.3333333333335	0.0
790	2360.0	0.0
800	2429.3333333333335	0.0
810	2333.0	0.0
820	2397.5	0.0
830	1864.0	0.0
840	1913.0	0.0
850	1968.3333333333333	0.0
860	2096.0	0.0
870	2625.1666666666665	0.0
880	2304.0	0.0
890	2259.5	0.0
900	1896.3333333333333	0.0
910	1981.5	0.0
920	2470.0	0.0
930	1865.3333333333333	0.0
940	1415.6666666666667	0.0
950	1682.0	0.0
960	2545.8333333333335	0.0
970	2691.5	0.0
980	1834.3333333333333	0.0
990	1802.6666666666667	0.0
1000	1840.3333333333333	0.0
