0	255.0	0.0
10	1404.0	794.0
20	212.66666666666666	206.0
30	259.6666666666667	0.0
40	1451.0	0.0
50	1068.6666666666667	0.0
60	2098.3333333333335	0.0
70	1986.3333333333333	0.0
80	2134.5	0.0
90	2087.6666666666665	0.0
100	2540.3333333333335	0.0
110	2040.0	0.0
120	2491.1666666666665	0.0
130	2252.8333333333335	0.0
140	2375.0	0.0
150	2549.0	0.0
160	2516.0	0.0
170	2415.0	0.0
180	2107.3333333333335	0.0
190	2426.6666666666665	0.0
200	2269.6666666666665	0.0
210	2383.0	0.0
220	2457.5	0.0
230	2094.0	0.0
240	2467.5	0.0
250	2099.0	0.0
260	2341.8333333333335	0.0
270	2526.6666666666665	0.0
280	2204.3333333333335	0.0
290	2555.0	0.0
300	2502.5	0.0
310	1748.6666666666667	0.0
320	1484.6666666666667	0.0
330	2165.8333333333335	0.0
340	2121.0	0.0
350	2215.3333333333335	0.0
360	2534.3333333333335	0.0
370	2305.6666666666665	0.0
380	2398.0	0.0
390	2607.3333333333335	0.0
400	2314.8333333333335	0.0
410	2278.0	0.0
420	2418.6666666666665	0.0
430	2427.3333333333335	0.0
440	2043.3333333333333	0.0
450	1686.3333333333333	0.0
460	1984.6666666666667	0.0
470	1733.0	0.0
480	1961.3333333333333	0.0
490	2312.3333333333335	0.0
500	2297.6666666666665	0.0
510	2324.5	0.0
520	2324.6666666666665	0.0
530	2343.1666666666665	0.0
540	2095.8333333333335	0.0
550	2361.8333333333335	0.0
560	2321.0	0.0
570	2475.6666666666665	0.0
580	1890.3333333333333	0.0
590	2356.5	0.0
600	2413.3333333333335	0.0
610	1796.3333333333333	0.0
620	1867.8333333333333	0.0
630	1695.5	0.0
640	2525.1666666666665	0.0
650	2419.5	0.0
660	2332.8333333333335	0.0
670	2405.3333333333335	0.0
680	2373.6666666666665	0.0
690	2323.3333333333335	0.0
700	2290.5	0.0
710	2204.3333333333335	0.0
720	2390.3333333333335	0.0
730	1911.5	0.0
740	2182.3333333333335	0.0
750	1663.3333333333333	0.0
760	1806.1666666666667	0.0
770	1866.1666666666667	0.0
780	1683.3333333333333	0.0
790	1822.3333333333333	0.0
800	1981.5	0.0
810	2214.0	0.0
820	2153.0	0.0
830	1992.6666666666667	0.0
840	2167.6666666666665	0.0
850	2103.8333333333335	0.0
860	1762.1666666666667	0.0
870	2474.3333333333335	0.0
880	2433.8333333333335	0.0
890	2440.6666666666665	0.0
900	2468.3333333333335	0.0
910	2443.1666666666665	0.0
920	2277.6666666666665	0.0
930	2339.1666666666665	0.0
940	2409.5	0.0
950	2269.6666666666665	0.0
960	2654.0	0.0
970	2341.6666666666665	0.0
980	2731.5	0.0
990	2643.3333333333335	0.0
1000	2450.8333333333335	0.0
