0	214.33333333333334	0.0
10	143.33333333333334	679.0
20	132.66666666666666	321.0
30	117.0	0.0
40	112.66666666666667	0.0
50	419.0	0.0
60	1634.0	0.0
70	953.3333333333334	0.0
80	1523.6666666666667	0.0
90	1781.6666666666667	0.0
100	1973.6666666666667	0.0
110	2104.5	0.0
120	2227.6666666666665	0.0
130	2313.3333333333335	0.0
140	2429.5	0.0
150	2464.3333333333335	0.0
160	2522.3333333333335	0.0
170	2225.3333333333335	0.0
180	2246.3333333333335	0.0
190	2284.0	0.0
200	2199.5	0.0
210	1965.5	0.0
220	2544.6666666666665	0.0
230	2324.0	0.0
240	2402.6666666666665	0.0
250	2531.6666666666665	0.0
260	1860.6666666666667	0.0
270	2263.1666666666665	0.0
280	2427.6666666666665	0.0
290	1814.0	0.0
300	2024.0	0.0
310	1894.3333333333333	0.0
320	1793.1666666666667	0.0
330	1661.6666666666667	0.0
340	2088.1666666666665	0.0
350	1941.0	0.0
360	2097.5	0.0
370	1794.0	0.0
380	2489.6666666666665	0.0
390	2261.6666666666665	0.0
400	1934.6666666666667	0.0
410	1831.6666666666667	0.0
420	2074.1666666666665	0.0
430	2299.8333333333335	0.0
440	1507.0	0.0
450	1378.3333333333333	0.0
460	1534.6666666666667	0.0
470	1460.1666666666667	0.0
480	2173.8333333333335	0.0
490	2359.8333333333335	0.0
500	2084.3333333333335	0.0
510	2654.6666666666665	0.0
520	2243.0	0.0
530	1690.3333333333333	0.0
540	2296.6666666666665	0.0
550	2335.3333333333335	0.0
560	2348.5	0.0
570	2508.0	0.0
580	2201.8333333333335	0.0
590	2267.1666666666665	0.0
600	2208.0	0.0
610	2622.0	0.0
620	2576.6666666666665	0.0
630	2382.3333333333335	0.0
640	2303.6666666666665	0.0
650	2560.6666666666665	0.0
660	2152.3333333333335	0.0
670	2356.1666666666665	0.0
680	1769.1666666666667	0.0
690	1715.0	0.0
700	2454.5	0.0
710	2443.3333333333335	0.0
720	2429.0	0.0
730	2428.0	0.0
740	2486.3333333333335	0.0
750	2156.0	0.0
760	2350.6666666666665	0.0
770	2086.3333333333335	0.0
780	1922.3333333333333	0.0
790	2039.5	0.0
800	2211.3333333333335	0.0
810	1888.6666666666667	0.0
820	2194.3333333333335	0.0
830	1811.0	0.0
840	1812.0	0.0
850	2102.3333333333335	0.0
860	2617.6666666666665	0.0
870	2624.6666666666665	0.0
880	2309.0	0.0
890	2266.1666666666665	0.0
900	2568.3333333333335	0.0
910	2553.8333333333335	0.0
920	2332.3333333333335	0.0
930	2470.3333333333335	0.0
940	2405.3333333333335	0.0
950	2277.3333333333335	0.0
960	2422.0	0.0
970	2464.1666666666665	0.0
980	2813.1666666666665	0.0
990	2258.6666666666665	0.0
1000	1999.0	0.0
