0	236.66666666666666	0.0
10	70.0	0.0
20	70.0	0.0
30	70.0	0.0
40	70.0	0.0
50	70.0	0.0
60	70.0	1.0
70	70.0	1.0
80	70.0	0.0
90	72.66666666666667	1.0
100	111.33333333333333	0.0
110	139.0	0.0
120	273.0	0.0
130	453.0	1.0
140	72.33333333333333	5.0
150	133.33333333333334	0.0
160	302.6666666666667	1.0
170	312.6666666666667	2.0
180	295.6666666666667	1.0
190	295.0	3.0
200	135.66666666666666	0.0
210	314.0	1.0
220	278.6666666666667	1.0
230	406.3333333333333	2.0
240	395.0	4.0
250	350.3333333333333	3.0
260	485.3333333333333	2.0
270	460.3333333333333	2.0
280	433.0	3.0
290	643.6666666666666	0.0
300	722.0	10.0
310	2105.8333333333335	2.0
320	2452.3333333333335	4.0
330	2157.3333333333335	10.0
340	2189.0	6.0
350	2735.0	3.0
360	2371.3333333333335	4.0
370	2395.3333333333335	10.0
380	2289.0	7.0
390	2422.6666666666665	4.0
400	2331.6666666666665	13.0
410	2439.3333333333335	4.0
420	2522.3333333333335	14.0
430	2006.5	9.0
440	2215.3333333333335	1.0
450	2421.3333333333335	15.0
460	2328.3333333333335	8.0
470	1946.0	13.0
480	1966.0	9.0
490	2157.6666666666665	7.0
500	2091.0	8.0
510	2307.0	7.0
520	1991.0	2.0
530	1862.0	12.0
540	1845.1666666666667	12.0
550	2157.6666666666665	11.0
560	1901.6666666666667	8.0
570	2206.6666666666665	8.0
580	2180.5	3.0
590	2095.6666666666665	6.0
600	1834.3333333333333	6.0
610	1801.3333333333333	15.0
620	2164.5	7.0
630	2024.3333333333333	12.0
640	1784.0	15.0
650	1921.6666666666667	1.0
660	2405.5	4.0
670	1918.8333333333333	6.0
680	1730.0	9.0
690	1745.1666666666667	3.0
700	1879.1666666666667	2.0
710	2312.6666666666665	6.0
720	2507.6666666666665	7.0
730	2655.1666666666665	12.0
740	2272.3333333333335	4.0
750	2241.1666666666665	0.0
760	2265.8333333333335	5.0
770	2441.6666666666665	11.0
780	2303.1666666666665	11.0
790	1988.6666666666667	3.0
800	2048.3333333333335	11.0
810	2360.3333333333335	8.0
820	2434.6666666666665	13.0
830	2494.6666666666665	11.0
840	2279.6666666666665	16.0
850	2407.6666666666665	1.0
860	1934.1666666666667	8.0
870	2438.1666666666665	14.0
880	2412.6666666666665	6.0
890	2372.3333333333335	11.0
900	2440.6666666666665	6.0
910	2363.3333333333335	5.0
920	2527.3333333333335	5.0
930	2219.6666666666665	3.0
940	2505.3333333333335	4.0
950	2374.0	7.0
960	2179.0	4.0
970	2246.0	11.0
980	1636.0	6.0
990	1855.8333333333333	6.0
1000	2108.1666666666665	9.0
