0	260.6666666666667	0.0
10	70.0	0.0
20	70.0	0.0
30	70.0	0.0
40	70.0	0.0
50	70.0	0.0
60	70.0	0.0
70	70.0	0.0
80	70.0	0.0
90	75.66666666666667	0.0
100	77.0	0.0
110	138.33333333333334	0.0
120	75.66666666666667	0.0
130	189.66666666666666	0.0
140	208.33333333333334	8.0
150	95.0	2.0
160	474.6666666666667	3.0
170	360.6666666666667	3.0
180	462.3333333333333	1.0
190	710.0	0.0
200	202.0	2.0
210	266.3333333333333	6.0
220	371.3333333333333	2.0
230	1293.8333333333333	1.0
240	736.3333333333334	1.0
250	696.6666666666666	4.0
260	779.0	3.0
270	833.3333333333334	2.0
280	1183.5	4.0
290	1495.6666666666667	1.0
300	1665.6666666666667	6.0
310	1492.0	9.0
320	2114.0	8.0
330	1911.0	5.0
340	2530.3333333333335	5.0
350	2659.3333333333335	14.0
360	2607.0	4.0
370	2413.0	4.0
380	1846.3333333333333	4.0
390	2331.5	6.0
400	2460.0	9.0
410	2520.0	9.0
420	2186.6666666666665	5.0
430	2671.3333333333335	15.0
440	2080.6666666666665	3.0
450	1887.3333333333333	3.0
460	1767.0	4.0
470	2445.3333333333335	5.0
480	1552.6666666666667	10.0
490	2364.5	7.0
500	1522.0	9.0
510	1688.6666666666667	6.0
520	2020.6666666666667	14.0
530	1827.0	4.0
540	1935.0	10.0
550	2525.6666666666665	13.0
560	2032.5	8.0
570	2090.1666666666665	13.0
580	2315.0	13.0
590	2284.0	11.0
600	2002.6666666666667	5.0
610	2166.8333333333335	6.0
620	2055.5	10.0
630	2150.0	9.0
640	2598.1666666666665	5.0
650	2109.3333333333335	5.0
660	1300.0	21.0
670	1989.1666666666667	8.0
680	2118.0	4.0
690	1690.1666666666667	6.0
700	2549.0	1.0
710	2551.8333333333335	1.0
720	2431.6666666666665	4.0
730	2350.3333333333335	2.0
740	2477.0	2.0
750	1869.6666666666667	0.0
760	2474.0	17.0
770	2313.3333333333335	7.0
780	2017.5	7.0
790	1908.6666666666667	4.0
800	1793.1666666666667	11.0
810	1784.1666666666667	4.0
820	1846.6666666666667	11.0
830	2445.0	5.0
840	2518.6666666666665	5.0
850	2387.6666666666665	2.0
860	2511.3333333333335	5.0
870	2575.5	5.0
880	2366.0	9.0
890	2535.3333333333335	3.0
900	2173.6666666666665	1.0
910	2246.3333333333335	5.0
920	2464.6666666666665	8.0
930	2241.3333333333335	5.0
940	2513.3333333333335	15.0
950	2576.3333333333335	3.0
960	1833.5	1.0
970	1952.3333333333333	4.0
980	1964.5	17.0
990	2285.3333333333335	3.0
1000	2394.3333333333335	2.0
