0	262.0	0.0
10	1651.3333333333333	1000.0
20	2168.6666666666665	0.0
30	1977.5	0.0
40	1985.0	0.0
50	2366.8333333333335	0.0
60	2008.6666666666667	0.0
70	1861.3333333333333	0.0
80	2116.3333333333335	0.0
90	2154.0	0.0
100	2144.1666666666665	0.0
110	2191.0	0.0
120	2261.1666666666665	0.0
130	2218.6666666666665	0.0
140	2176.6666666666665	0.0
150	2173.6666666666665	0.0
160	2120.8333333333335	0.0
170	2144.6666666666665	0.0
180	2273.8333333333335	0.0
190	2414.8333333333335	0.0
200	2348.0	0.0
210	2370.0	0.0
220	2094.8333333333335	0.0
230	2389.3333333333335	0.0
240	2509.6666666666665	0.0
250	2295.6666666666665	0.0
260	2544.1666666666665	0.0
270	2484.8333333333335	0.0
280	2433.6666666666665	0.0
290	2542.3333333333335	0.0
300	2331.8333333333335	0.0
310	2514.0	0.0
320	2497.0	0.0
330	2409.1666666666665	0.0
340	2564.6666666666665	0.0
350	2517.8333333333335	0.0
360	2440.3333333333335	0.0
370	2260.8333333333335	0.0
380	2383.8333333333335	0.0
390	2657.8333333333335	0.0
400	2439.3333333333335	0.0
410	2725.0	0.0
420	2468.3333333333335	0.0
430	2616.5	0.0
440	2561.0	0.0
450	2463.0	0.0
460	2507.1666666666665	0.0
470	2837.6666666666665	0.0
480	2534.0	0.0
490	2647.5	0.0
500	2516.8333333333335	0.0
510	2604.3333333333335	0.0
520	2809.3333333333335	0.0
530	2792.1666666666665	0.0
540	2826.3333333333335	0.0
550	2702.0	0.0
560	2599.8333333333335	0.0
570	2700.8333333333335	0.0
580	2551.6666666666665	0.0
590	2607.5	0.0
600	2762.8333333333335	0.0
610	3020.8333333333335	0.0
620	2800.1666666666665	0.0
630	2797.8333333333335	0.0
640	2721.0	0.0
650	2727.0	0.0
660	2708.1666666666665	0.0
670	2798.6666666666665	0.0
680	2848.0	0.0
690	2729.1666666666665	0.0
700	2807.3333333333335	0.0
710	2720.3333333333335	0.0
720	2702.5	0.0
730	2691.3333333333335	0.0
740	2943.8333333333335	0.0
750	2751.6666666666665	0.0
760	2692.3333333333335	0.0
770	2972.1666666666665	0.0
780	2800.0	0.0
790	2797.5	0.0
800	3140.3333333333335	0.0
810	2848.6666666666665	0.0
820	2829.0	0.0
830	3059.3333333333335	0.0
840	2961.8333333333335	0.0
850	2697.8333333333335	0.0
860	2720.1666666666665	0.0
870	2969.1666666666665	0.0
880	3086.6666666666665	0.0
890	3072.6666666666665	0.0
900	2715.3333333333335	0.0
910	3025.6666666666665	0.0
920	2915.1666666666665	0.0
930	3249.6666666666665	0.0
940	3168.8333333333335	0.0
950	2941.5	0.0
960	3010.1666666666665	0.0
970	2921.6666666666665	0.0
980	2753.0	0.0
990	2927.6666666666665	0.0
1000	3043.5	0.0
