0	218.0	0.0
10	1816.1666666666667	1000.0
20	2115.3333333333335	0.0
30	2212.8333333333335	0.0
40	2037.3333333333333	0.0
50	2024.5	0.0
60	2041.8333333333333	0.0
70	2071.3333333333335	0.0
80	1973.3333333333333	0.0
90	2058.5	0.0
100	1976.1666666666667	0.0
110	2088.1666666666665	0.0
120	2083.8333333333335	0.0
130	2128.8333333333335	0.0
140	2216.6666666666665	0.0
150	2222.5	0.0
160	2369.8333333333335	0.0
170	2216.0	0.0
180	2158.1666666666665	0.0
190	2148.1666666666665	0.0
200	2437.6666666666665	0.0
210	2417.6666666666665	0.0
220	2390.5	0.0
230	2239.8333333333335	0.0
240	2186.1666666666665	0.0
250	2291.1666666666665	0.0
260	2326.3333333333335	0.0
270	2261.1666666666665	0.0
280	2263.8333333333335	0.0
290	2572.3333333333335	0.0
300	2439.3333333333335	0.0
310	2312.6666666666665	0.0
320	2468.1666666666665	0.0
330	2600.1666666666665	0.0
340	2513.5	0.0
350	2338.3333333333335	0.0
360	2375.6666666666665	0.0
370	2570.8333333333335	0.0
380	2497.5	0.0
390	2522.5	0.0
400	2540.1666666666665	0.0
410	2448.6666666666665	0.0
420	2634.5	0.0
430	2428.8333333333335	0.0
440	2764.0	0.0
450	2779.3333333333335	0.0
460	2783.0	0.0
470	2711.8333333333335	0.0
480	2740.8333333333335	0.0
490	2603.1666666666665	0.0
500	2534.3333333333335	0.0
510	2625.8333333333335	0.0
520	2781.0	0.0
530	2908.1666666666665	0.0
540	2702.8333333333335	0.0
550	2667.1666666666665	0.0
560	2664.5	0.0
570	2551.5	0.0
580	2672.5	0.0
590	2614.0	0.0
600	2576.8333333333335	0.0
610	2743.1666666666665	0.0
620	2743.1666666666665	0.0
630	2667.3333333333335	0.0
640	2808.1666666666665	0.0
650	2774.8333333333335	0.0
660	2801.6666666666665	0.0
670	2680.5	0.0
680	2760.0	0.0
690	2643.8333333333335	0.0
700	2758.6666666666665	0.0
710	2780.0	0.0
720	2894.1666666666665	0.0
730	2671.1666666666665	0.0
740	2692.8333333333335	0.0
750	2855.6666666666665	0.0
760	2724.0	0.0
770	2924.6666666666665	0.0
780	2820.1666666666665	0.0
790	2919.0	0.0
800	2792.5	0.0
810	2785.8333333333335	0.0
820	2667.8333333333335	0.0
830	2576.3333333333335	0.0
840	2702.0	0.0
850	2714.8333333333335	0.0
860	2635.5	0.0
870	3001.1666666666665	0.0
880	2807.1666666666665	0.0
890	2626.0	0.0
900	3060.0	0.0
910	2675.3333333333335	0.0
920	2989.8333333333335	0.0
930	2854.3333333333335	0.0
940	2990.1666666666665	0.0
950	3063.5	0.0
960	3244.8333333333335	0.0
970	3039.1666666666665	0.0
980	3038.3333333333335	0.0
990	3224.5	0.0
1000	2983.3333333333335	0.0
