0	251.0	0.0
10	1995.5	1000.0
20	1671.1666666666667	0.0
30	2015.0	0.0
40	2086.3333333333335	0.0
50	2120.3333333333335	0.0
60	2152.1666666666665	0.0
70	2128.3333333333335	0.0
80	2087.3333333333335	0.0
90	2105.1666666666665	0.0
100	2124.5	0.0
110	2114.3333333333335	0.0
120	2165.0	0.0
130	2253.3333333333335	0.0
140	2239.8333333333335	0.0
150	2058.6666666666665	0.0
160	2307.0	0.0
170	2375.0	0.0
180	2474.8333333333335	0.0
190	2384.1666666666665	0.0
200	2271.0	0.0
210	2409.0	0.0
220	2248.0	0.0
230	2271.1666666666665	0.0
240	2413.6666666666665	0.0
250	2579.8333333333335	0.0
260	2433.3333333333335	0.0
270	2342.6666666666665	0.0
280	2214.0	0.0
290	2572.6666666666665	0.0
300	2401.8333333333335	0.0
310	2328.3333333333335	0.0
320	2516.1666666666665	0.0
330	2214.1666666666665	0.0
340	2520.1666666666665	0.0
350	2358.0	0.0
360	2493.0	0.0
370	2516.0	0.0
380	2429.3333333333335	0.0
390	2726.1666666666665	0.0
400	2751.5	0.0
410	2454.3333333333335	0.0
420	2545.3333333333335	0.0
430	2442.3333333333335	0.0
440	2241.5	0.0
450	2529.0	0.0
460	2375.5	0.0
470	2474.8333333333335	0.0
480	2658.8333333333335	0.0
490	2725.8333333333335	0.0
500	2270.0	0.0
510	2635.0	0.0
520	2608.3333333333335	0.0
530	2294.5	0.0
540	2608.8333333333335	0.0
550	2397.3333333333335	0.0
560	2212.8333333333335	0.0
570	2629.0	0.0
580	2527.0	0.0
590	2363.0	0.0
600	2514.0	0.0
610	2534.5	0.0
620	2546.6666666666665	0.0
630	2631.0	0.0
640	2899.1666666666665	0.0
650	2628.5	0.0
660	2598.0	0.0
670	2490.3333333333335	0.0
680	2830.3333333333335	0.0
690	2499.0	0.0
700	2705.0	0.0
710	2731.3333333333335	0.0
720	2675.6666666666665	0.0
730	2485.6666666666665	0.0
740	2927.6666666666665	0.0
750	2866.0	0.0
760	2701.3333333333335	0.0
770	2816.3333333333335	0.0
780	2809.8333333333335	0.0
790	2787.3333333333335	0.0
800	2680.5	0.0
810	2735.8333333333335	0.0
820	2530.8333333333335	0.0
830	2963.6666666666665	0.0
840	2733.6666666666665	0.0
850	2712.6666666666665	0.0
860	2852.0	0.0
870	2744.3333333333335	0.0
880	2649.5	0.0
890	3013.8333333333335	0.0
900	3064.5	0.0
910	2578.0	0.0
920	2978.5	0.0
930	2646.1666666666665	0.0
940	3016.6666666666665	0.0
950	2832.3333333333335	0.0
960	2541.0	0.0
970	3156.1666666666665	0.0
980	3122.1666666666665	0.0
990	2992.6666666666665	0.0
1000	2926.6666666666665	0.0
