0	304.0	0.0
10	1889.5	1000.0
20	1952.6666666666667	0.0
30	1858.0	0.0
40	2004.6666666666667	0.0
50	2094.3333333333335	0.0
60	2167.8333333333335	0.0
70	1905.5	0.0
80	2136.1666666666665	0.0
90	2021.5	0.0
100	2144.5	0.0
110	2156.3333333333335	0.0
120	2363.8333333333335	0.0
130	2114.3333333333335	0.0
140	2211.1666666666665	0.0
150	2183.0	0.0
160	2349.3333333333335	0.0
170	2080.8333333333335	0.0
180	2261.6666666666665	0.0
190	2379.8333333333335	0.0
200	2486.1666666666665	0.0
210	2154.0	0.0
220	2311.5	0.0
230	2393.8333333333335	0.0
240	2420.3333333333335	0.0
250	2456.3333333333335	0.0
260	2390.1666666666665	0.0
270	2451.8333333333335	0.0
280	2372.1666666666665	0.0
290	2346.1666666666665	0.0
300	2341.3333333333335	0.0
310	2490.1666666666665	0.0
320	2285.5	0.0
330	2586.1666666666665	0.0
340	2271.5	0.0
350	2252.0	0.0
360	2459.5	0.0
370	2681.5	0.0
380	2448.3333333333335	0.0
390	2800.1666666666665	0.0
400	2738.0	0.0
410	2771.3333333333335	0.0
420	2816.3333333333335	0.0
430	2607.3333333333335	0.0
440	2607.0	0.0
450	2564.8333333333335	0.0
460	2998.3333333333335	0.0
470	2665.3333333333335	0.0
480	2619.8333333333335	0.0
490	2298.3333333333335	0.0
500	2608.3333333333335	0.0
510	2654.3333333333335	0.0
520	2565.6666666666665	0.0
530	2566.5	0.0
540	2768.0	0.0
550	2750.1666666666665	0.0
560	2853.3333333333335	0.0
570	2727.5	0.0
580	2690.1666666666665	0.0
590	2591.5	0.0
600	2997.1666666666665	0.0
610	2740.1666666666665	0.0
620	2949.5	0.0
630	2711.6666666666665	0.0
640	2698.5	0.0
650	2740.0	0.0
660	2743.8333333333335	0.0
670	2508.8333333333335	0.0
680	2975.6666666666665	0.0
690	2625.3333333333335	0.0
700	2809.8333333333335	0.0
710	2735.0	0.0
720	2790.6666666666665	0.0
730	2759.6666666666665	0.0
740	2924.0	0.0
750	2819.5	0.0
760	2952.6666666666665	0.0
770	2848.5	0.0
780	2695.6666666666665	0.0
790	2814.8333333333335	0.0
800	2742.6666666666665	0.0
810	2854.1666666666665	0.0
820	2929.5	0.0
830	2740.0	0.0
840	3164.6666666666665	0.0
850	3227.5	0.0
860	3024.6666666666665	0.0
870	2735.8333333333335	0.0
880	3012.1666666666665	0.0
890	3258.3333333333335	0.0
900	2980.0	0.0
910	3087.1666666666665	0.0
920	2858.0	0.0
930	3000.0	0.0
940	3194.5	0.0
950	2921.5	0.0
960	3009.3333333333335	0.0
970	3043.1666666666665	0.0
980	2828.0	0.0
990	3183.1666666666665	0.0
1000	3194.8333333333335	0.0
