0	261.0777777777778	0.0
10	97.43333333333334	1000.0
20	100.2	0.0
30	89.56666666666666	0.0
40	84.25555555555555	0.0
50	189.66666666666666	0.0
60	362.22222222222223	0.0
70	518.9555555555556	0.0
80	599.5444444444445	0.0
90	689.6222222222224	0.0
100	930.2777777777777	0.0
110	1162.6333333333334	0.0
120	1324.5444444444445	0.0
130	1529.2499999999998	0.0
140	1608.5111111111112	0.0
150	1570.9444444444446	0.0
160	1816.7611111111112	0.0
170	1846.4	0.0
180	1933.0333333333333	0.0
190	1992.616666666667	0.0
200	2014.761111111111	0.0
210	2075.7722222222214	0.0
220	2125.9222222222224	0.0
230	2115.7333333333327	0.0
240	2182.311111111111	0.0
250	2118.5611111111107	0.0
260	2215.2	0.0
270	2184.9222222222224	0.0
280	2190.683333333334	0.0
290	2188.2166666666662	0.0
300	2119.2000000000003	0.0
310	2151.9611111111108	0.0
320	2126.744444444445	0.0
330	2106.111111111111	0.0
340	2142.733333333333	0.0
350	2090.4111111111115	0.0
360	2077.461111111111	0.0
370	2083.316666666667	0.0
380	2028.3499999999997	0.0
390	2067.7333333333336	0.0
400	2053.7944444444447	0.0
410	2080.961111111111	0.0
420	2058.6499999999996	0.0
430	2071.2611111111105	0.0
440	2073.188888888889	0.0
450	2004.0222222222221	0.0
460	1982.7055555555555	0.0
470	2031.1388888888894	0.0
480	2014.9888888888893	0.0
490	2009.0111111111114	0.0
500	2042.1833333333336	0.0
510	2046.238888888889	0.0
520	2051.35	0.0
530	1939.1666666666665	0.0
540	2014.9944444444445	0.0
550	2014.9555555555557	0.0
560	2068.9555555555553	0.0
570	2133.538888888889	0.0
580	2083.9611111111108	0.0
590	2117.9833333333327	0.0
600	2160.7388888888886	0.0
610	2205.9555555555557	0.0
620	2196.3722222222223	0.0
630	2188.077777777778	0.0
640	2218.011111111111	0.0
650	2183.6111111111113	0.0
660	2178.072222222223	0.0
670	2236.5555555555557	0.0
680	2194.527777777777	0.0
690	2180.2333333333336	0.0
700	2198.0222222222224	0.0
710	2299.972222222222	0.0
720	2330.038888888889	0.0
730	2212.9277777777775	0.0
740	2180.7111111111108	0.0
750	2265.0555555555557	0.0
760	2281.583333333334	0.0
770	2229.9222222222224	0.0
780	2257.9722222222217	0.0
790	2308.6944444444443	0.0
800	2321.5222222222224	0.0
810	2307.7944444444443	0.0
820	2378.733333333333	0.0
830	2307.1722222222224	0.0
840	2323.4166666666665	0.0
850	2252.0833333333335	0.0
860	2265.5333333333333	0.0
870	2277.6999999999994	0.0
880	2207.311111111111	0.0
890	2158.2611111111105	0.0
900	2214.911111111111	0.0
910	2120.083333333333	0.0
920	2187.2833333333333	0.0
930	2248.555555555556	0.0
940	2232.494444444445	0.0
950	2213.4333333333334	0.0
960	2237.35	0.0
970	2195.8777777777773	0.0
980	2212.611111111111	0.0
990	2154.055555555555	0.0
1000	2214.2777777777783	0.0
