0	269.3333333333333	0.0
10	70.0	1000.0
20	70.0	0.0
30	70.0	0.0
40	70.0	0.0
50	70.0	0.0
60	70.66666666666667	0.0
70	84.0	0.0
80	386.0	0.0
90	84.0	0.0
100	282.6666666666667	0.0
110	390.6666666666667	0.0
120	1223.0	0.0
130	1296.0	0.0
140	1431.3333333333333	0.0
150	1700.3333333333333	0.0
160	1854.0	0.0
170	2076.5	0.0
180	2147.8333333333335	0.0
190	2379.6666666666665	0.0
200	2435.0	0.0
210	2233.8333333333335	0.0
220	2484.0	0.0
230	2374.0	0.0
240	2287.6666666666665	0.0
250	2384.8333333333335	0.0
260	2384.6666666666665	0.0
270	2580.1666666666665	0.0
280	2325.5	0.0
290	2614.0	0.0
300	1538.0	0.0
310	1051.1666666666667	0.0
320	2217.6666666666665	0.0
330	1953.0	0.0
340	1666.0	0.0
350	1901.3333333333333	0.0
360	1945.1666666666667	0.0
370	1920.1666666666667	0.0
380	2430.5	0.0
390	1779.8333333333333	0.0
400	2032.0	0.0
410	1904.3333333333333	0.0
420	1799.6666666666667	0.0
430	1547.0	0.0
440	2295.3333333333335	0.0
450	1916.0	0.0
460	1721.0	0.0
470	1761.8333333333333	0.0
480	2066.0	0.0
490	1463.5	0.0
500	1681.3333333333333	0.0
510	2014.3333333333333	0.0
520	1971.8333333333333	0.0
530	1769.3333333333333	0.0
540	1424.3333333333333	0.0
550	1764.6666666666667	0.0
560	2584.0	0.0
570	2019.0	0.0
580	2533.6666666666665	0.0
590	2328.3333333333335	0.0
600	2442.6666666666665	0.0
610	1692.3333333333333	0.0
620	2230.3333333333335	0.0
630	2345.0	0.0
640	1835.3333333333333	0.0
650	2045.6666666666667	0.0
660	2511.1666666666665	0.0
670	2481.3333333333335	0.0
680	1885.3333333333333	0.0
690	1840.6666666666667	0.0
700	2013.6666666666667	0.0
710	2478.3333333333335	0.0
720	2345.6666666666665	0.0
730	2424.5	0.0
740	2394.6666666666665	0.0
750	2531.8333333333335	0.0
760	2364.6666666666665	0.0
770	2566.3333333333335	0.0
780	2437.8333333333335	0.0
790	2629.1666666666665	0.0
800	2370.0	0.0
810	2524.6666666666665	0.0
820	2347.6666666666665	0.0
830	2486.3333333333335	0.0
840	2623.0	0.0
850	2267.5	0.0
860	2095.5	0.0
870	1811.6666666666667	0.0
880	1845.5	0.0
890	2403.0	0.0
900	2527.6666666666665	0.0
910	1531.6666666666667	0.0
920	1811.0	0.0
930	1815.0	0.0
940	2006.1666666666667	0.0
950	2592.3333333333335	0.0
960	1882.6666666666667	0.0
970	1820.1666666666667	0.0
980	1451.6666666666667	0.0
990	2114.0	0.0
1000	2688.6666666666665	0.0
