0	256.6666666666667	0.0
10	70.0	1000.0
20	70.0	0.0
30	70.0	0.0
40	71.66666666666667	0.0
50	81.33333333333333	0.0
60	627.3333333333334	0.0
70	71.0	0.0
80	353.0	0.0
90	867.6666666666666	0.0
100	829.6666666666666	0.0
110	763.3333333333334	0.0
120	1647.6666666666667	0.0
130	1593.3333333333333	0.0
140	2165.3333333333335	0.0
150	2224.6666666666665	0.0
160	2149.6666666666665	0.0
170	2089.8333333333335	0.0
180	2127.0	0.0
190	2352.5	0.0
200	1628.0	0.0
210	2636.5	0.0
220	2247.0	0.0
230	1799.0	0.0
240	2573.1666666666665	0.0
250	1875.0	0.0
260	1709.3333333333333	0.0
270	2217.5	0.0
280	2547.3333333333335	0.0
290	2275.6666666666665	0.0
300	2220.6666666666665	0.0
310	2335.8333333333335	0.0
320	2714.5	0.0
330	2520.3333333333335	0.0
340	2245.6666666666665	0.0
350	2317.8333333333335	0.0
360	2055.1666666666665	0.0
370	1796.1666666666667	0.0
380	2026.0	0.0
390	2586.8333333333335	0.0
400	2569.5	0.0
410	2404.0	0.0
420	2293.1666666666665	0.0
430	1977.6666666666667	0.0
440	2393.3333333333335	0.0
450	2560.1666666666665	0.0
460	2511.3333333333335	0.0
470	2697.3333333333335	0.0
480	1936.3333333333333	0.0
490	1724.6666666666667	0.0
500	2496.6666666666665	0.0
510	2588.3333333333335	0.0
520	2624.6666666666665	0.0
530	1573.3333333333333	0.0
540	1867.6666666666667	0.0
550	2102.3333333333335	0.0
560	2003.0	0.0
570	1710.3333333333333	0.0
580	2156.6666666666665	0.0
590	1997.5	0.0
600	2146.3333333333335	0.0
610	2467.8333333333335	0.0
620	2413.0	0.0
630	2435.0	0.0
640	2414.0	0.0
650	2662.6666666666665	0.0
660	2402.3333333333335	0.0
670	2010.6666666666667	0.0
680	2565.5	0.0
690	2188.6666666666665	0.0
700	2280.1666666666665	0.0
710	1900.6666666666667	0.0
720	2383.0	0.0
730	2333.8333333333335	0.0
740	1713.0	0.0
750	2191.5	0.0
760	1906.3333333333333	0.0
770	2126.3333333333335	0.0
780	2068.6666666666665	0.0
790	1764.3333333333333	0.0
800	2332.0	0.0
810	2272.0	0.0
820	2587.6666666666665	0.0
830	2424.6666666666665	0.0
840	2500.0	0.0
850	2411.3333333333335	0.0
860	2360.0	0.0
870	2457.6666666666665	0.0
880	2458.0	0.0
890	2296.6666666666665	0.0
900	2567.5	0.0
910	2037.3333333333333	0.0
920	2624.0	0.0
930	2415.5	0.0
940	2433.6666666666665	0.0
950	2518.8333333333335	0.0
960	2398.6666666666665	0.0
970	2191.6666666666665	0.0
980	1792.3333333333333	0.0
990	1715.0	0.0
1000	1815.3333333333333	0.0
