0	263.0	0.0	0.0	0.0	0.0	0.0	0.0
10	70.0	0.0	0.0	0.0	0.0	0.0	0.0
20	70.0	0.0	0.0	0.0	0.0	0.0	0.0
30	70.0	0.0	0.0	0.0	0.0	0.0	0.0
40	70.0	0.0	0.0	0.0	0.0	0.0	0.0
50	70.0	0.0	0.0	0.0	0.0	0.0	0.0
60	70.0	0.0	0.0	0.0	0.0	0.0	0.0
70	70.0	0.0	0.0	0.0	0.0	0.0	0.0
80	70.0	0.0	0.0	0.0	0.0	0.0	0.0
90	70.0	0.0	0.0	0.0	0.0	0.0	0.0
100	70.0	0.0	0.0	0.0	0.0	0.0	0.0
110	70.0	0.0	0.0	0.0	0.0	0.0	0.0
120	70.0	0.0	0.0	0.0	0.0	0.0	0.0
130	70.0	0.0	0.0	0.0	0.0	0.0	0.0
140	70.0	0.0	0.0	0.0	0.0	0.0	0.0
150	70.0	0.0	0.0	0.0	0.0	0.0	0.0
160	70.0	0.0	0.0	0.0	0.0	0.0	0.0
170	70.0	0.0	0.0	0.0	0.0	0.0	0.0
180	70.0	0.0	0.0	0.0	0.0	0.0	0.0
190	70.0	0.0	0.0	0.0	0.0	0.0	0.0
200	70.66666666666667	0.0	0.0	0.0	0.0	0.0	0.0
210	74.0	0.0	0.0	0.0	0.0	0.0	0.0
220	70.66666666666667	0.0	0.0	0.0	0.0	0.0	0.0
230	73.33333333333333	0.0	0.0	0.0	0.0	0.0	0.0
240	70.0	0.0	0.0	0.0	0.0	0.0	0.0
250	137.0	0.0	0.0	0.0	0.0	0.0	0.0
260	146.33333333333334	0.0	0.0	0.0	0.0	0.0	0.0
270	141.66666666666666	0.0	0.0	0.0	0.0	0.0	0.0
280	271.3333333333333	0.0	0.0	0.0	0.0	0.0	0.0
290	280.3333333333333	0.0	0.0	1.0	0.0	1.0	0.0
300	164.0	0.0	0.0	0.0	0.0	0.0	0.0
310	190.66666666666666	0.0	0.0	0.0	0.0	0.0	0.0
320	162.33333333333334	0.0	0.0	1.0	0.0	1.0	0.0
330	146.0	27.0	1.0	28.0	1.0	2.0	26.0
340	130.0	23.0	0.0	23.0	1.0	0.0	22.0
350	130.0	0.0	0.0	0.0	0.0	0.0	0.0
360	146.0	0.0	0.0	0.0	0.0	0.0	0.0
370	146.0	0.0	0.0	0.0	0.0	0.0	0.0
380	195.66666666666666	0.0	0.0	1.0	0.0	1.0	0.0
390	305.3333333333333	18.0	1.0	17.0	1.0	0.0	17.0
400	303.0	0.0	0.0	0.0	0.0	0.0	0.0
410	201.0	19.0	10.0	18.0	1.0	0.0	18.0
420	224.66666666666666	0.0	0.0	0.0	0.0	0.0	0.0
430	690.3333333333334	0.0	15.0	0.0	0.0	0.0	0.0
440	355.6666666666667	0.0	12.0	0.0	0.0	0.0	0.0
450	684.3333333333334	0.0	2.0	0.0	0.0	0.0	0.0
460	837.6666666666666	0.0	0.0	0.0	0.0	0.0	0.0
470	1203.5	0.0	0.0	0.0	0.0	0.0	0.0
480	1121.3333333333333	0.0	12.0	1.0	0.0	1.0	0.0
490	1863.3333333333333	0.0	18.0	2.0	0.0	2.0	0.0
500	1767.6666666666667	0.0	3.0	1.0	0.0	1.0	0.0
510	1915.6666666666667	7.0	14.0	7.0	0.0	0.0	7.0
520	1594.0	0.0	19.0	1.0	0.0	1.0	0.0
530	1861.0	0.0	23.0	0.0	0.0	0.0	0.0
540	2301.6666666666665	1.0	0.0	2.0	0.0	1.0	1.0
550	2189.5	2.0	94.0	4.0	0.0	2.0	2.0
560	1901.3333333333333	0.0	68.0	4.0	0.0	4.0	0.0
570	2288.0	0.0	25.0	1.0	0.0	1.0	0.0
580	2095.3333333333335	3.0	55.0	13.0	1.0	11.0	2.0
590	1952.6666666666667	0.0	34.0	0.0	0.0	0.0	0.0
600	2343.0	0.0	11.0	2.0	0.0	2.0	0.0
610	2125.0	1.0	46.0	3.0	0.0	2.0	1.0
620	2574.3333333333335	3.0	12.0	3.0	0.0	0.0	3.0
630	2349.6666666666665	4.0	52.0	5.0	0.0	1.0	4.0
640	2509.0	0.0	31.0	1.0	0.0	1.0	0.0
650	2326.8333333333335	1.0	40.0	1.0	1.0	1.0	0.0
660	2241.0	0.0	32.0	2.0	0.0	2.0	0.0
670	1698.6666666666667	0.0	24.0	1.0	0.0	1.0	0.0
680	2296.3333333333335	1.0	70.0	4.0	1.0	4.0	0.0
690	2399.3333333333335	1.0	10.0	9.0	0.0	8.0	1.0
700	2534.3333333333335	0.0	1.0	0.0	0.0	0.0	0.0
710	2699.5	0.0	5.0	0.0	0.0	0.0	0.0
720	2685.6666666666665	0.0	4.0	0.0	0.0	0.0	0.0
730	2751.5	0.0	2.0	0.0	0.0	0.0	0.0
740	2361.1666666666665	0.0	52.0	1.0	0.0	1.0	0.0
750	2418.6666666666665	0.0	25.0	0.0	0.0	0.0	0.0
760	2441.3333333333335	0.0	25.0	0.0	0.0	0.0	0.0
770	2509.3333333333335	0.0	57.0	0.0	0.0	0.0	0.0
780	2709.0	0.0	0.0	0.0	0.0	0.0	0.0
790	2756.0	0.0	19.0	0.0	0.0	0.0	0.0
800	2638.5	0.0	14.0	3.0	0.0	3.0	0.0
810	2693.1666666666665	0.0	57.0	3.0	0.0	3.0	0.0
820	2304.6666666666665	0.0	19.0	1.0	0.0	1.0	0.0
830	2794.5	0.0	0.0	0.0	0.0	0.0	0.0
840	2819.6666666666665	0.0	5.0	0.0	0.0	0.0	0.0
850	2783.1666666666665	0.0	20.0	1.0	0.0	1.0	0.0
860	2645.0	0.0	35.0	1.0	0.0	1.0	0.0
870	2749.5	0.0	26.0	0.0	0.0	0.0	0.0
880	2788.3333333333335	0.0	60.0	1.0	0.0	1.0	0.0
890	2653.6666666666665	0.0	18.0	0.0	0.0	0.0	0.0
900	2668.0	0.0	40.0	1.0	0.0	1.0	0.0
910	2553.1666666666665	0.0	3.0	0.0	0.0	0.0	0.0
920	2554.6666666666665	0.0	3.0	0.0	0.0	0.0	0.0
930	2639.3333333333335	0.0	28.0	1.0	0.0	1.0	0.0
940	2651.0	0.0	1.0	0.0	0.0	0.0	0.0
950	2797.0	0.0	20.0	0.0	0.0	0.0	0.0
960	2758.6666666666665	0.0	6.0	1.0	0.0	1.0	0.0
970	2681.1666666666665	0.0	20.0	1.0	0.0	1.0	0.0
980	2639.5	0.0	1.0	0.0	0.0	0.0	0.0
990	2842.5	0.0	21.0	0.0	0.0	0.0	0.0
1000	2589.3333333333335	0.0	22.0	0.0	0.0	0.0	0.0
