0	243.33333333333334	0.0	0.0	0.0	0.0	0.0	0.0
10	70.0	0.0	0.0	0.0	0.0	0.0	0.0
20	70.0	0.0	0.0	0.0	0.0	0.0	0.0
30	70.0	0.0	0.0	0.0	0.0	0.0	0.0
40	70.0	0.0	0.0	0.0	0.0	0.0	0.0
50	70.0	0.0	0.0	0.0	0.0	0.0	0.0
60	70.0	0.0	0.0	0.0	0.0	0.0	0.0
70	70.0	0.0	0.0	0.0	0.0	0.0	0.0
80	70.0	0.0	0.0	0.0	0.0	0.0	0.0
90	70.0	0.0	0.0	0.0	0.0	0.0	0.0
100	70.0	0.0	0.0	0.0	0.0	0.0	0.0
110	70.0	0.0	0.0	0.0	0.0	0.0	0.0
120	70.0	0.0	0.0	0.0	0.0	0.0	0.0
130	70.0	0.0	0.0	0.0	0.0	0.0	0.0
140	70.0	0.0	0.0	0.0	0.0	0.0	0.0
150	70.0	0.0	0.0	0.0	0.0	0.0	0.0
160	70.0	0.0	0.0	0.0	0.0	0.0	0.0
170	70.0	0.0	0.0	0.0	0.0	0.0	0.0
180	71.33333333333333	0.0	0.0	0.0	0.0	0.0	0.0
190	70.33333333333333	0.0	0.0	0.0	0.0	0.0	0.0
200	71.66666666666667	0.0	0.0	0.0	0.0	0.0	0.0
210	72.33333333333333	0.0	0.0	0.0	0.0	0.0	0.0
220	70.0	0.0	0.0	0.0	0.0	0.0	0.0
230	78.33333333333333	0.0	0.0	0.0	0.0	0.0	0.0
240	77.33333333333333	0.0	0.0	0.0	0.0	0.0	0.0
250	141.33333333333334	0.0	0.0	0.0	0.0	0.0	0.0
260	356.0	0.0	0.0	0.0	0.0	0.0	0.0
270	219.0	6.0	20.0	5.0	1.0	0.0	5.0
280	180.33333333333334	5.0	19.0	7.0	3.0	5.0	2.0
290	172.0	0.0	0.0	0.0	0.0	0.0	0.0
300	164.33333333333334	0.0	0.0	0.0	0.0	0.0	0.0
310	138.33333333333334	0.0	0.0	2.0	0.0	2.0	0.0
320	146.0	0.0	0.0	0.0	0.0	0.0	0.0
330	189.66666666666666	0.0	0.0	3.0	0.0	3.0	0.0
340	164.33333333333334	0.0	0.0	0.0	0.0	0.0	0.0
350	334.6666666666667	5.0	1.0	4.0	1.0	0.0	4.0
360	243.0	40.0	21.0	38.0	3.0	0.0	37.0
370	162.33333333333334	28.0	7.0	29.0	2.0	3.0	26.0
380	138.0	0.0	0.0	0.0	0.0	0.0	0.0
390	277.0	0.0	0.0	0.0	0.0	0.0	0.0
400	289.0	0.0	0.0	1.0	0.0	1.0	0.0
410	251.33333333333334	15.0	0.0	15.0	1.0	0.0	14.0
420	200.66666666666666	1.0	21.0	1.0	1.0	1.0	0.0
430	234.66666666666666	0.0	0.0	0.0	0.0	0.0	0.0
440	429.3333333333333	1.0	21.0	2.0	0.0	1.0	1.0
450	676.3333333333334	11.0	28.0	10.0	2.0	0.0	9.0
460	919.3333333333334	0.0	0.0	0.0	0.0	0.0	0.0
470	1011.0	0.0	4.0	1.0	0.0	1.0	0.0
480	962.8333333333334	0.0	79.0	1.0	0.0	1.0	0.0
490	909.0	0.0	0.0	0.0	0.0	0.0	0.0
500	1632.0	0.0	19.0	2.0	0.0	2.0	0.0
510	1528.1666666666667	0.0	28.0	1.0	0.0	1.0	0.0
520	934.6666666666666	0.0	21.0	0.0	0.0	0.0	0.0
530	1512.3333333333333	2.0	39.0	3.0	0.0	1.0	2.0
540	1054.3333333333333	3.0	2.0	3.0	1.0	0.0	2.0
550	858.3333333333334	0.0	33.0	0.0	0.0	0.0	0.0
560	1124.3333333333333	2.0	19.0	2.0	0.0	0.0	2.0
570	1148.3333333333333	0.0	40.0	1.0	0.0	1.0	0.0
580	1947.3333333333333	1.0	24.0	1.0	0.0	0.0	1.0
590	1934.0	35.0	23.0	34.0	1.0	0.0	34.0
600	2403.8333333333335	0.0	44.0	0.0	0.0	0.0	0.0
610	1711.0	3.0	16.0	4.0	0.0	1.0	3.0
620	2064.3333333333335	2.0	11.0	2.0	0.0	0.0	2.0
630	1929.3333333333333	0.0	5.0	0.0	0.0	0.0	0.0
640	1902.3333333333333	0.0	0.0	0.0	0.0	0.0	0.0
650	1968.3333333333333	5.0	33.0	7.0	0.0	2.0	5.0
660	2219.3333333333335	0.0	71.0	4.0	0.0	4.0	0.0
670	2204.3333333333335	0.0	21.0	0.0	0.0	0.0	0.0
680	2482.0	0.0	19.0	2.0	0.0	2.0	0.0
690	2641.6666666666665	0.0	60.0	2.0	0.0	2.0	0.0
700	2493.1666666666665	0.0	9.0	2.0	0.0	2.0	0.0
710	2376.5	0.0	83.0	2.0	0.0	2.0	0.0
720	2618.3333333333335	0.0	24.0	0.0	0.0	0.0	0.0
730	2382.6666666666665	0.0	0.0	0.0	0.0	0.0	0.0
740	2460.6666666666665	0.0	22.0	0.0	0.0	0.0	0.0
750	2460.5	0.0	18.0	1.0	0.0	1.0	0.0
760	2521.0	0.0	22.0	0.0	0.0	0.0	0.0
770	2484.3333333333335	0.0	9.0	0.0	0.0	0.0	0.0
780	2383.3333333333335	0.0	22.0	0.0	0.0	0.0	0.0
790	2686.8333333333335	0.0	21.0	2.0	0.0	2.0	0.0
800	2460.8333333333335	7.0	2.0	7.0	0.0	0.0	7.0
810	2645.0	0.0	23.0	1.0	0.0	1.0	0.0
820	2346.3333333333335	1.0	10.0	1.0	0.0	0.0	1.0
830	2510.1666666666665	0.0	4.0	2.0	0.0	2.0	0.0
840	2312.6666666666665	0.0	15.0	3.0	0.0	3.0	0.0
850	2501.5	0.0	22.0	1.0	0.0	1.0	0.0
860	2430.3333333333335	0.0	7.0	0.0	0.0	0.0	0.0
870	2492.0	0.0	1.0	0.0	0.0	0.0	0.0
880	2585.6666666666665	0.0	0.0	0.0	0.0	0.0	0.0
890	2695.1666666666665	0.0	13.0	1.0	0.0	1.0	0.0
900	2753.0	0.0	17.0	2.0	0.0	2.0	0.0
910	2578.1666666666665	0.0	9.0	0.0	0.0	0.0	0.0
920	2506.3333333333335	1.0	1.0	1.0	0.0	0.0	1.0
930	2739.0	0.0	18.0	1.0	0.0	1.0	0.0
940	2488.1666666666665	0.0	29.0	2.0	0.0	2.0	0.0
950	2393.1666666666665	0.0	35.0	0.0	0.0	0.0	0.0
960	2574.1666666666665	0.0	13.0	1.0	0.0	1.0	0.0
970	2381.1666666666665	0.0	25.0	9.0	0.0	9.0	0.0
980	2554.0	1.0	27.0	3.0	0.0	2.0	1.0
990	2577.1666666666665	0.0	13.0	8.0	0.0	8.0	0.0
1000	2418.0	3.0	47.0	3.0	2.0	1.0	1.0
