0	271.6666666666667	0.0	0.0	0.0	0.0	0.0	0.0
10	70.0	0.0	0.0	0.0	0.0	0.0	0.0
20	70.0	0.0	0.0	0.0	0.0	0.0	0.0
30	70.0	0.0	0.0	0.0	0.0	0.0	0.0
40	70.0	0.0	0.0	0.0	0.0	0.0	0.0
50	70.0	0.0	0.0	0.0	0.0	0.0	0.0
60	70.0	0.0	0.0	0.0	0.0	0.0	0.0
70	70.0	0.0	0.0	0.0	0.0	0.0	0.0
80	70.0	0.0	0.0	0.0	0.0	0.0	0.0
90	70.0	0.0	0.0	0.0	0.0	0.0	0.0
100	70.0	0.0	0.0	0.0	0.0	0.0	0.0
110	70.0	0.0	0.0	0.0	0.0	0.0	0.0
120	70.0	0.0	0.0	0.0	0.0	0.0	0.0
130	70.0	0.0	0.0	0.0	0.0	0.0	0.0
140	70.0	0.0	0.0	0.0	0.0	0.0	0.0
150	70.0	0.0	0.0	0.0	0.0	0.0	0.0
160	70.0	0.0	0.0	0.0	0.0	0.0	0.0
170	70.0	0.0	0.0	0.0	0.0	0.0	0.0
180	70.0	0.0	0.0	0.0	0.0	0.0	0.0
190	71.0	0.0	0.0	0.0	0.0	0.0	0.0
200	71.66666666666667	0.0	0.0	0.0	0.0	0.0	0.0
210	72.33333333333333	0.0	0.0	0.0	0.0	0.0	0.0
220	72.33333333333333	0.0	0.0	0.0	0.0	0.0	0.0
230	70.0	0.0	0.0	0.0	0.0	0.0	0.0
240	71.33333333333333	0.0	0.0	1.0	0.0	1.0	0.0
250	72.66666666666667	0.0	0.0	0.0	0.0	0.0	0.0
260	73.33333333333333	0.0	0.0	0.0	0.0	0.0	0.0
270	171.66666666666666	0.0	0.0	0.0	0.0	0.0	0.0
280	188.66666666666666	0.0	0.0	0.0	0.0	0.0	0.0
290	313.3333333333333	0.0	0.0	0.0	0.0	0.0	0.0
300	333.0	2.0	45.0	1.0	2.0	1.0	0.0
310	191.0	0.0	0.0	0.0	0.0	0.0	0.0
320	148.66666666666666	1.0	20.0	0.0	1.0	0.0	0.0
330	133.0	0.0	0.0	0.0	0.0	0.0	0.0
340	162.66666666666666	1.0	23.0	3.0	1.0	3.0	0.0
350	130.0	40.0	9.0	37.0	3.0	0.0	37.0
360	146.66666666666666	0.0	0.0	0.0	0.0	0.0	0.0
370	237.33333333333334	0.0	0.0	0.0	0.0	0.0	0.0
380	203.0	27.0	0.0	27.0	1.0	0.0	26.0
390	227.66666666666666	0.0	0.0	0.0	0.0	0.0	0.0
400	194.66666666666666	0.0	0.0	1.0	0.0	1.0	0.0
410	253.66666666666666	0.0	1.0	0.0	0.0	0.0	0.0
420	251.0	2.0	15.0	8.0	0.0	6.0	2.0
430	715.3333333333334	0.0	0.0	0.0	0.0	0.0	0.0
440	563.6666666666666	0.0	5.0	0.0	0.0	0.0	0.0
450	875.6666666666666	0.0	1.0	0.0	0.0	0.0	0.0
460	736.0	0.0	2.0	2.0	0.0	2.0	0.0
470	714.6666666666666	0.0	0.0	0.0	0.0	0.0	0.0
480	907.6666666666666	17.0	6.0	17.0	0.0	0.0	17.0
490	1028.6666666666667	0.0	4.0	0.0	0.0	0.0	0.0
500	1165.0	0.0	0.0	0.0	0.0	0.0	0.0
510	1627.8333333333333	0.0	0.0	2.0	0.0	2.0	0.0
520	1483.0	0.0	9.0	1.0	0.0	1.0	0.0
530	1379.3333333333333	0.0	35.0	3.0	0.0	3.0	0.0
540	1380.3333333333333	8.0	26.0	9.0	1.0	2.0	7.0
550	1811.6666666666667	0.0	0.0	0.0	0.0	0.0	0.0
560	2244.6666666666665	12.0	15.0	12.0	0.0	0.0	12.0
570	2167.3333333333335	6.0	11.0	8.0	0.0	2.0	6.0
580	2362.6666666666665	0.0	25.0	2.0	0.0	2.0	0.0
590	2057.0	1.0	25.0	1.0	0.0	0.0	1.0
600	1784.3333333333333	1.0	42.0	1.0	0.0	0.0	1.0
610	2115.5	0.0	34.0	3.0	0.0	3.0	0.0
620	2007.3333333333333	0.0	30.0	2.0	0.0	2.0	0.0
630	2065.3333333333335	0.0	32.0	4.0	0.0	4.0	0.0
640	2085.0	0.0	13.0	0.0	0.0	0.0	0.0
650	2177.6666666666665	0.0	19.0	0.0	0.0	0.0	0.0
660	2137.8333333333335	4.0	40.0	3.0	3.0	2.0	1.0
670	2413.3333333333335	0.0	6.0	0.0	0.0	0.0	0.0
680	2347.1666666666665	0.0	5.0	0.0	0.0	0.0	0.0
690	2291.1666666666665	0.0	0.0	0.0	0.0	0.0	0.0
700	2637.5	1.0	51.0	2.0	0.0	1.0	1.0
710	2766.6666666666665	0.0	17.0	1.0	0.0	1.0	0.0
720	2633.6666666666665	6.0	0.0	7.0	4.0	1.0	2.0
730	2663.1666666666665	0.0	8.0	1.0	0.0	1.0	0.0
740	2647.5	0.0	8.0	1.0	0.0	1.0	0.0
750	2588.5	0.0	17.0	0.0	0.0	0.0	0.0
760	2783.0	0.0	5.0	1.0	0.0	1.0	0.0
770	2652.6666666666665	0.0	6.0	0.0	0.0	0.0	0.0
780	2610.3333333333335	0.0	78.0	3.0	0.0	3.0	0.0
790	2503.6666666666665	0.0	44.0	1.0	0.0	1.0	0.0
800	2578.1666666666665	0.0	11.0	0.0	0.0	0.0	0.0
810	1980.3333333333333	0.0	12.0	0.0	0.0	0.0	0.0
820	2443.1666666666665	1.0	22.0	3.0	1.0	2.0	0.0
830	2612.5	0.0	35.0	5.0	0.0	5.0	0.0
840	2599.1666666666665	0.0	0.0	0.0	0.0	0.0	0.0
850	2622.0	0.0	20.0	0.0	0.0	0.0	0.0
860	2663.3333333333335	0.0	22.0	1.0	0.0	1.0	0.0
870	2582.3333333333335	0.0	7.0	0.0	0.0	0.0	0.0
880	2151.0	0.0	14.0	0.0	0.0	0.0	0.0
890	2265.5	2.0	43.0	5.0	1.0	4.0	1.0
900	2395.0	1.0	5.0	2.0	0.0	1.0	1.0
910	3294.3333333333335	0.0	13.0	0.0	0.0	0.0	0.0
920	2512.1666666666665	0.0	27.0	1.0	0.0	1.0	0.0
930	2805.0	0.0	11.0	0.0	0.0	0.0	0.0
940	2614.6666666666665	1.0	23.0	3.0	0.0	2.0	1.0
950	2669.5	0.0	9.0	0.0	0.0	0.0	0.0
960	2674.6666666666665	0.0	83.0	5.0	0.0	5.0	0.0
970	2483.6666666666665	0.0	14.0	0.0	0.0	0.0	0.0
980	2390.5	5.0	24.0	6.0	0.0	1.0	5.0
990	2852.3333333333335	0.0	10.0	0.0	0.0	0.0	0.0
1000	2548.0	0.0	17.0	1.0	0.0	1.0	0.0
