0	246.33333333333334	0.0	0.0	0.0	0.0	0.0	0.0
10	70.0	0.0	0.0	0.0	0.0	0.0	0.0
20	70.0	0.0	0.0	0.0	0.0	0.0	0.0
30	70.0	0.0	0.0	0.0	0.0	0.0	0.0
40	70.0	0.0	0.0	0.0	0.0	0.0	0.0
50	70.0	0.0	0.0	0.0	0.0	0.0	0.0
60	70.0	0.0	0.0	0.0	0.0	0.0	0.0
70	70.0	0.0	0.0	0.0	0.0	0.0	0.0
80	70.0	0.0	0.0	0.0	0.0	0.0	0.0
90	70.0	0.0	0.0	0.0	0.0	0.0	0.0
100	70.0	0.0	0.0	0.0	0.0	0.0	0.0
110	70.0	0.0	0.0	0.0	0.0	0.0	0.0
120	70.0	0.0	0.0	0.0	0.0	0.0	0.0
130	70.0	0.0	0.0	0.0	0.0	0.0	0.0
140	70.0	0.0	0.0	0.0	0.0	0.0	0.0
150	70.0	0.0	0.0	0.0	0.0	0.0	0.0
160	70.0	0.0	0.0	0.0	0.0	0.0	0.0
170	70.66666666666667	0.0	0.0	0.0	0.0	0.0	0.0
180	70.33333333333333	0.0	0.0	0.0	0.0	0.0	0.0
190	70.33333333333333	0.0	0.0	0.0	0.0	0.0	0.0
200	70.66666666666667	0.0	0.0	0.0	0.0	0.0	0.0
210	74.33333333333333	0.0	0.0	0.0	0.0	0.0	0.0
220	70.66666666666667	0.0	0.0	0.0	0.0	0.0	0.0
230	72.0	0.0	0.0	0.0	0.0	0.0	0.0
240	80.33333333333333	0.0	0.0	0.0	0.0	0.0	0.0
250	115.33333333333333	0.0	0.0	0.0	0.0	0.0	0.0
260	369.0	0.0	0.0	0.0	0.0	0.0	0.0
270	374.0	0.0	0.0	0.0	0.0	0.0	0.0
280	223.0	7.0	0.0	8.0	0.0	1.0	7.0
290	195.66666666666666	0.0	0.0	0.0	0.0	0.0	0.0
300	163.33333333333334	0.0	0.0	0.0	0.0	0.0	0.0
310	146.0	47.0	4.0	43.0	4.0	0.0	43.0
320	138.0	28.0	19.0	27.0	2.0	0.0	26.0
330	130.0	2.0	1.0	6.0	1.0	5.0	1.0
340	131.0	2.0	9.0	4.0	0.0	2.0	2.0
350	194.66666666666666	0.0	0.0	0.0	0.0	0.0	0.0
360	536.6666666666666	0.0	0.0	0.0	0.0	0.0	0.0
370	419.6666666666667	0.0	0.0	0.0	0.0	0.0	0.0
380	570.3333333333334	1.0	45.0	2.0	1.0	1.0	0.0
390	807.3333333333334	0.0	7.0	0.0	0.0	0.0	0.0
400	631.6666666666666	0.0	9.0	0.0	0.0	0.0	0.0
410	850.6666666666666	0.0	11.0	0.0	0.0	0.0	0.0
420	886.3333333333334	0.0	15.0	2.0	0.0	2.0	0.0
430	768.3333333333334	0.0	6.0	0.0	0.0	0.0	0.0
440	756.0	0.0	11.0	0.0	0.0	0.0	0.0
450	1530.3333333333333	0.0	1.0	0.0	0.0	0.0	0.0
460	1261.3333333333333	0.0	29.0	3.0	0.0	3.0	0.0
470	1411.3333333333333	6.0	35.0	6.0	0.0	0.0	6.0
480	1910.3333333333333	2.0	33.0	5.0	0.0	3.0	2.0
490	1872.3333333333333	1.0	98.0	7.0	0.0	6.0	1.0
500	1992.0	1.0	8.0	2.0	0.0	1.0	1.0
510	1883.6666666666667	0.0	16.0	2.0	0.0	2.0	0.0
520	2171.6666666666665	7.0	22.0	6.0	1.0	0.0	6.0
530	1941.3333333333333	0.0	25.0	0.0	0.0	0.0	0.0
540	2099.6666666666665	0.0	23.0	0.0	0.0	0.0	0.0
550	1640.3333333333333	1.0	16.0	0.0	1.0	0.0	0.0
560	2416.6666666666665	0.0	34.0	3.0	0.0	3.0	0.0
570	2060.3333333333335	1.0	22.0	3.0	0.0	2.0	1.0
580	2392.1666666666665	0.0	10.0	1.0	0.0	1.0	0.0
590	1768.6666666666667	0.0	81.0	2.0	0.0	2.0	0.0
600	2022.3333333333333	1.0	37.0	1.0	0.0	0.0	1.0
610	2083.0	0.0	32.0	0.0	0.0	0.0	0.0
620	1871.0	0.0	27.0	0.0	0.0	0.0	0.0
630	1902.6666666666667	0.0	37.0	0.0	0.0	0.0	0.0
640	2204.3333333333335	0.0	10.0	6.0	0.0	6.0	0.0
650	2152.6666666666665	0.0	29.0	0.0	0.0	0.0	0.0
660	2451.0	0.0	46.0	3.0	0.0	3.0	0.0
670	2202.0	0.0	16.0	0.0	0.0	0.0	0.0
680	2547.8333333333335	0.0	33.0	0.0	0.0	0.0	0.0
690	2324.5	0.0	16.0	4.0	0.0	4.0	0.0
700	2542.0	0.0	42.0	3.0	0.0	3.0	0.0
710	2565.3333333333335	0.0	34.0	0.0	0.0	0.0	0.0
720	2693.3333333333335	0.0	10.0	0.0	0.0	0.0	0.0
730	2464.0	0.0	35.0	2.0	0.0	2.0	0.0
740	2664.8333333333335	0.0	3.0	0.0	0.0	0.0	0.0
750	2543.1666666666665	0.0	10.0	0.0	0.0	0.0	0.0
760	2413.0	0.0	1.0	2.0	0.0	2.0	0.0
770	2850.1666666666665	0.0	67.0	3.0	0.0	3.0	0.0
780	2809.0	0.0	6.0	6.0	0.0	6.0	0.0
790	2563.6666666666665	0.0	1.0	0.0	0.0	0.0	0.0
800	2502.1666666666665	0.0	20.0	0.0	0.0	0.0	0.0
810	2761.8333333333335	0.0	7.0	0.0	0.0	0.0	0.0
820	2755.8333333333335	0.0	23.0	1.0	0.0	1.0	0.0
830	2356.8333333333335	0.0	0.0	0.0	0.0	0.0	0.0
840	2805.0	0.0	6.0	0.0	0.0	0.0	0.0
850	2322.6666666666665	1.0	34.0	0.0	1.0	0.0	0.0
860	2309.6666666666665	0.0	37.0	1.0	0.0	1.0	0.0
870	2534.8333333333335	0.0	1.0	0.0	0.0	0.0	0.0
880	2643.6666666666665	0.0	9.0	0.0	0.0	0.0	0.0
890	2366.3333333333335	0.0	37.0	0.0	0.0	0.0	0.0
900	2564.3333333333335	0.0	7.0	1.0	0.0	1.0	0.0
910	2424.6666666666665	0.0	0.0	0.0	0.0	0.0	0.0
920	2396.6666666666665	0.0	21.0	1.0	0.0	1.0	0.0
930	2526.1666666666665	1.0	3.0	1.0	0.0	0.0	1.0
940	2603.0	0.0	12.0	0.0	0.0	0.0	0.0
950	2599.3333333333335	0.0	2.0	0.0	0.0	0.0	0.0
960	2609.3333333333335	0.0	44.0	2.0	0.0	2.0	0.0
970	2596.3333333333335	2.0	16.0	2.0	0.0	0.0	2.0
980	2266.0	0.0	7.0	5.0	0.0	5.0	0.0
990	2549.1666666666665	0.0	21.0	1.0	0.0	1.0	0.0
1000	2459.3333333333335	0.0	54.0	4.0	0.0	4.0	0.0
