0	237.66666666666666	0.0
10	1938.8333333333333	0.0
20	1832.1666666666667	7.0
30	1914.5	1.0
40	2030.8333333333333	0.0
50	2220.3333333333335	3.0
60	2317.3333333333335	3.0
70	2115.6666666666665	0.0
80	2267.0	0.0
90	2245.3333333333335	0.0
100	2240.8333333333335	1.0
110	2292.8333333333335	1.0
120	2322.5	1.0
130	2368.5	1.0
140	2551.0	0.0
150	1991.3333333333333	3.0
160	2182.5	1.0
170	2421.8333333333335	0.0
180	2545.0	1.0
190	2450.5	1.0
200	2205.1666666666665	2.0
210	2631.6666666666665	0.0
220	2493.3333333333335	2.0
230	2711.8333333333335	1.0
240	2518.8333333333335	2.0
250	2543.3333333333335	0.0
260	2492.6666666666665	3.0
270	2747.6666666666665	3.0
280	2303.6666666666665	0.0
290	3006.5	0.0
300	2525.6666666666665	4.0
310	2898.8333333333335	1.0
320	2692.5	0.0
330	2499.0	1.0
340	2663.5	0.0
350	2557.3333333333335	0.0
360	2605.3333333333335	4.0
370	3083.5	0.0
380	3035.6666666666665	1.0
390	3113.8333333333335	0.0
400	3268.6666666666665	0.0
410	3130.6666666666665	2.0
420	3285.0	0.0
430	3051.0	2.0
440	3075.8333333333335	0.0
450	3011.0	1.0
460	3481.8333333333335	1.0
470	2883.3333333333335	0.0
480	3484.6666666666665	0.0
490	2947.6666666666665	1.0
500	3556.8333333333335	3.0
510	3754.6666666666665	0.0
520	3189.8333333333335	3.0
530	3130.3333333333335	4.0
540	3558.1666666666665	0.0
550	3383.6666666666665	0.0
560	3537.3333333333335	1.0
570	3569.3333333333335	0.0
580	3479.8333333333335	2.0
590	3834.0	1.0
600	3648.5	0.0
610	3707.0	1.0
620	3491.6666666666665	0.0
630	3892.3333333333335	2.0
640	3946.8333333333335	1.0
650	3212.5	0.0
660	3131.1666666666665	1.0
670	3789.0	0.0
680	3735.0	0.0
690	3451.1666666666665	0.0
700	3824.6666666666665	2.0
710	3558.0	1.0
720	4019.3333333333335	0.0
730	3832.0	2.0
740	3788.3333333333335	3.0
750	4115.833333333333	1.0
760	3790.5	0.0
770	3424.8333333333335	0.0
780	3433.8333333333335	1.0
790	3676.1666666666665	0.0
800	3483.3333333333335	0.0
810	3729.3333333333335	0.0
820	3718.3333333333335	3.0
830	3977.3333333333335	0.0
840	3853.5	1.0
850	3370.1666666666665	4.0
860	3966.6666666666665	1.0
870	3434.5	1.0
880	3830.3333333333335	0.0
890	4016.8333333333335	3.0
900	3468.8333333333335	0.0
910	3816.6666666666665	0.0
920	3651.3333333333335	5.0
930	3125.5	0.0
940	3748.1666666666665	2.0
950	4082.6666666666665	0.0
960	3838.5	1.0
970	3674.3333333333335	0.0
980	3763.0	0.0
990	3439.6666666666665	0.0
1000	3686.8333333333335	0.0
