0	287.3333333333333	0.0
10	2105.3333333333335	0.0
20	1951.3333333333333	0.0
30	2101.6666666666665	0.0
40	2110.5	2.0
50	2056.3333333333335	3.0
60	2057.3333333333335	1.0
70	1993.1666666666667	1.0
80	2094.3333333333335	1.0
90	2167.6666666666665	0.0
100	2037.1666666666667	1.0
110	2400.8333333333335	1.0
120	2390.5	1.0
130	2259.3333333333335	1.0
140	2433.3333333333335	2.0
150	2273.0	0.0
160	2405.5	0.0
170	2772.0	1.0
180	2538.6666666666665	3.0
190	2717.6666666666665	2.0
200	2515.5	0.0
210	2424.5	0.0
220	2575.8333333333335	1.0
230	2253.5	1.0
240	2627.6666666666665	2.0
250	2438.5	1.0
260	2380.0	0.0
270	2713.0	1.0
280	2699.3333333333335	0.0
290	2847.6666666666665	2.0
300	2712.5	0.0
310	2967.8333333333335	1.0
320	2462.1666666666665	1.0
330	2579.1666666666665	2.0
340	2469.3333333333335	2.0
350	2625.5	0.0
360	2425.5	1.0
370	2475.3333333333335	0.0
380	2060.8333333333335	2.0
390	2571.6666666666665	0.0
400	2584.6666666666665	1.0
410	2631.8333333333335	0.0
420	2751.6666666666665	4.0
430	2828.3333333333335	2.0
440	2679.3333333333335	0.0
450	2905.8333333333335	0.0
460	2782.3333333333335	0.0
470	3120.8333333333335	0.0
480	2821.1666666666665	0.0
490	3227.8333333333335	0.0
500	3024.3333333333335	0.0
510	2987.1666666666665	0.0
520	2876.3333333333335	1.0
530	2965.0	2.0
540	2738.5	3.0
550	2911.8333333333335	0.0
560	3440.0	1.0
570	3465.6666666666665	0.0
580	3625.5	1.0
590	3822.1666666666665	2.0
600	3317.3333333333335	1.0
610	3633.8333333333335	2.0
620	3551.0	1.0
630	3155.1666666666665	2.0
640	3060.6666666666665	1.0
650	3155.5	2.0
660	3121.8333333333335	3.0
670	4025.8333333333335	1.0
680	3505.8333333333335	1.0
690	3957.8333333333335	0.0
700	3999.5	2.0
710	3340.0	0.0
720	3373.5	1.0
730	3894.8333333333335	0.0
740	3802.3333333333335	0.0
750	3325.0	0.0
760	3598.8333333333335	1.0
770	3542.0	1.0
780	3879.3333333333335	0.0
790	3639.6666666666665	0.0
800	3965.6666666666665	0.0
810	3658.1666666666665	3.0
820	3893.6666666666665	4.0
830	3429.0	0.0
840	3419.1666666666665	1.0
850	3406.8333333333335	0.0
860	3702.3333333333335	4.0
870	3350.3333333333335	0.0
880	3688.3333333333335	0.0
890	3526.8333333333335	4.0
900	3671.0	2.0
910	3782.5	1.0
920	3472.3333333333335	0.0
930	3846.0	1.0
940	3802.0	1.0
950	3804.1666666666665	0.0
960	3737.6666666666665	1.0
970	3850.1666666666665	3.0
980	3915.1666666666665	0.0
990	3496.0	1.0
1000	3782.5	0.0
