0	262.0	0.0
10	2033.0	73.0
20	2092.0	35.0
30	1998.5	85.0
40	2212.5	124.0
50	2225.0	20.0
60	2102.1666666666665	73.0
70	2170.8333333333335	131.0
80	2403.8333333333335	70.0
90	2250.8333333333335	27.0
100	2341.5	145.0
110	2487.6666666666665	31.0
120	2592.3333333333335	98.0
130	2589.6666666666665	88.0
140	2467.6666666666665	0.0
150	2612.6666666666665	0.0
160	2742.3333333333335	0.0
170	2681.8333333333335	0.0
180	2527.3333333333335	0.0
190	3221.8333333333335	0.0
200	2725.3333333333335	0.0
210	2307.5	0.0
220	2568.3333333333335	0.0
230	2574.6666666666665	0.0
240	2669.6666666666665	0.0
250	2421.8333333333335	0.0
260	2437.0	0.0
270	2167.6666666666665	0.0
280	2691.3333333333335	0.0
290	2421.6666666666665	0.0
300	2780.8333333333335	0.0
310	3196.0	0.0
320	3001.3333333333335	0.0
330	2930.6666666666665	0.0
340	3182.5	0.0
350	2821.5	0.0
360	3038.1666666666665	0.0
370	2784.3333333333335	0.0
380	3266.3333333333335	0.0
390	3582.6666666666665	0.0
400	3322.5	0.0
410	3364.0	0.0
420	3163.1666666666665	0.0
430	2963.1666666666665	0.0
440	3010.8333333333335	0.0
450	3745.6666666666665	0.0
460	3654.6666666666665	0.0
470	3254.3333333333335	0.0
480	2888.6666666666665	0.0
490	3278.5	0.0
500	3565.8333333333335	0.0
510	3383.1666666666665	0.0
520	3096.5	0.0
530	3277.3333333333335	0.0
540	3998.6666666666665	0.0
550	3587.0	0.0
560	3554.8333333333335	0.0
570	3716.0	0.0
580	3745.3333333333335	0.0
590	3533.5	0.0
600	3910.1666666666665	0.0
610	3352.3333333333335	0.0
620	3510.3333333333335	0.0
630	3817.0	0.0
640	3436.5	0.0
650	3432.8333333333335	0.0
660	3676.6666666666665	0.0
670	3820.5	0.0
680	3907.8333333333335	0.0
690	3440.6666666666665	0.0
700	3527.5	0.0
710	3655.6666666666665	0.0
720	3876.3333333333335	0.0
730	3591.8333333333335	0.0
740	3801.8333333333335	0.0
750	3586.5	0.0
760	3844.8333333333335	0.0
770	3617.5	0.0
780	3937.8333333333335	0.0
790	3801.3333333333335	0.0
800	3746.5	0.0
810	3675.3333333333335	0.0
820	3827.3333333333335	0.0
830	3921.5	0.0
840	3247.6666666666665	0.0
850	3672.5	0.0
860	4226.333333333333	0.0
870	3556.6666666666665	0.0
880	3688.8333333333335	0.0
890	3678.1666666666665	0.0
900	3699.1666666666665	0.0
910	3837.6666666666665	0.0
920	3865.0	0.0
930	3933.8333333333335	0.0
940	4182.333333333333	0.0
950	4013.3333333333335	0.0
960	4050.3333333333335	0.0
970	3497.3333333333335	0.0
980	3967.1666666666665	0.0
990	3819.0	0.0
1000	3774.1666666666665	0.0
