0	239.0	0.0	0.0	0.0	0.0	0.0	0.0
10	70.0	0.0	0.0	0.0	0.0	0.0	0.0
20	70.0	0.0	0.0	0.0	0.0	0.0	0.0
30	70.0	0.0	0.0	0.0	0.0	0.0	0.0
40	70.0	0.0	0.0	0.0	0.0	0.0	0.0
50	70.0	0.0	0.0	0.0	0.0	0.0	0.0
60	70.0	0.0	0.0	0.0	0.0	0.0	0.0
70	70.0	0.0	0.0	0.0	0.0	0.0	0.0
80	70.0	0.0	0.0	0.0	0.0	0.0	0.0
90	70.0	0.0	0.0	0.0	0.0	0.0	0.0
100	70.0	0.0	0.0	0.0	0.0	0.0	0.0
110	70.0	0.0	0.0	0.0	0.0	0.0	0.0
120	70.0	0.0	0.0	0.0	0.0	0.0	0.0
130	70.0	0.0	0.0	0.0	0.0	0.0	0.0
140	70.0	0.0	0.0	0.0	0.0	0.0	0.0
150	70.0	0.0	0.0	0.0	0.0	0.0	0.0
160	70.0	0.0	0.0	0.0	0.0	0.0	0.0
170	70.0	0.0	0.0	0.0	0.0	0.0	0.0
180	70.0	0.0	0.0	0.0	0.0	0.0	0.0
190	71.33333333333333	0.0	0.0	0.0	0.0	0.0	0.0
200	71.33333333333333	0.0	0.0	0.0	0.0	0.0	0.0
210	72.0	0.0	0.0	0.0	0.0	0.0	0.0
220	70.66666666666667	0.0	0.0	0.0	0.0	0.0	0.0
230	73.33333333333333	0.0	0.0	0.0	0.0	0.0	0.0
240	72.33333333333333	0.0	0.0	0.0	0.0	0.0	0.0
250	86.0	0.0	0.0	0.0	0.0	0.0	0.0
260	285.0	0.0	0.0	0.0	0.0	0.0	0.0
270	311.0	0.0	0.0	0.0	0.0	0.0	0.0
280	159.66666666666666	0.0	23.0	0.0	0.0	0.0	0.0
290	162.66666666666666	0.0	0.0	0.0	0.0	0.0	0.0
300	162.0	0.0	0.0	0.0	0.0	0.0	0.0
310	154.33333333333334	0.0	15.0	1.0	0.0	1.0	0.0
320	140.33333333333334	0.0	0.0	0.0	0.0	0.0	0.0
330	154.33333333333334	0.0	8.0	1.0	0.0	1.0	0.0
340	180.33333333333334	0.0	0.0	0.0	0.0	0.0	0.0
350	211.0	0.0	0.0	0.0	0.0	0.0	0.0
360	268.0	0.0	0.0	0.0	0.0	0.0	0.0
370	162.33333333333334	0.0	13.0	0.0	0.0	0.0	0.0
380	272.6666666666667	0.0	3.0	0.0	0.0	0.0	0.0
390	155.33333333333334	0.0	14.0	1.0	0.0	1.0	0.0
400	185.0	0.0	1.0	0.0	0.0	0.0	0.0
410	271.3333333333333	0.0	10.0	0.0	0.0	0.0	0.0
420	227.33333333333334	0.0	0.0	0.0	0.0	0.0	0.0
430	264.0	0.0	1.0	0.0	0.0	0.0	0.0
440	286.0	0.0	0.0	1.0	0.0	1.0	0.0
450	374.3333333333333	0.0	0.0	0.0	0.0	0.0	0.0
460	299.0	0.0	13.0	2.0	0.0	2.0	0.0
470	243.33333333333334	3.0	39.0	3.0	1.0	1.0	2.0
480	283.6666666666667	0.0	15.0	0.0	0.0	0.0	0.0
490	307.6666666666667	1.0	22.0	0.0	1.0	0.0	0.0
500	321.6666666666667	0.0	0.0	0.0	0.0	0.0	0.0
510	458.6666666666667	0.0	12.0	0.0	0.0	0.0	0.0
520	267.0	0.0	2.0	0.0	0.0	0.0	0.0
530	465.0	0.0	6.0	0.0	0.0	0.0	0.0
540	435.3333333333333	0.0	0.0	0.0	0.0	0.0	0.0
550	630.3333333333334	0.0	12.0	0.0	0.0	0.0	0.0
560	443.3333333333333	0.0	4.0	1.0	0.0	1.0	0.0
570	543.6666666666666	0.0	12.0	1.0	0.0	1.0	0.0
580	501.0	0.0	6.0	0.0	0.0	0.0	0.0
590	413.6666666666667	0.0	9.0	1.0	0.0	1.0	0.0
600	625.6666666666666	0.0	22.0	1.0	0.0	1.0	0.0
610	630.6666666666666	0.0	52.0	0.0	0.0	0.0	0.0
620	1147.6666666666667	40.0	204.0	42.0	3.0	5.0	37.0
630	923.0	2.0	29.0	2.0	0.0	0.0	2.0
640	1166.6666666666667	0.0	28.0	0.0	0.0	0.0	0.0
650	1054.1666666666667	1.0	16.0	1.0	0.0	0.0	1.0
660	1231.0	2.0	22.0	1.0	1.0	0.0	1.0
670	1811.0	0.0	35.0	0.0	0.0	0.0	0.0
680	2115.6666666666665	0.0	35.0	1.0	0.0	1.0	0.0
690	2146.1666666666665	1.0	52.0	2.0	0.0	1.0	1.0
700	2015.3333333333333	1.0	57.0	2.0	0.0	1.0	1.0
710	2088.6666666666665	0.0	24.0	0.0	0.0	0.0	0.0
720	2441.6666666666665	1.0	18.0	1.0	1.0	1.0	0.0
730	2505.3333333333335	0.0	50.0	0.0	0.0	0.0	0.0
740	2595.3333333333335	0.0	52.0	1.0	0.0	1.0	0.0
750	2488.0	1.0	70.0	3.0	0.0	2.0	1.0
760	2050.0	0.0	71.0	4.0	0.0	4.0	0.0
770	2299.8333333333335	1.0	28.0	1.0	0.0	0.0	1.0
780	2207.0	0.0	30.0	1.0	0.0	1.0	0.0
790	2147.5	1.0	72.0	2.0	1.0	2.0	0.0
800	2379.6666666666665	0.0	41.0	3.0	0.0	3.0	0.0
810	2444.3333333333335	0.0	29.0	3.0	0.0	3.0	0.0
820	2541.6666666666665	0.0	11.0	0.0	0.0	0.0	0.0
830	2149.6666666666665	0.0	13.0	2.0	0.0	2.0	0.0
840	2456.8333333333335	2.0	64.0	3.0	1.0	2.0	1.0
850	2947.6666666666665	0.0	9.0	1.0	0.0	1.0	0.0
860	2018.3333333333333	3.0	64.0	3.0	1.0	1.0	2.0
870	2159.0	0.0	103.0	1.0	0.0	1.0	0.0
880	2538.3333333333335	0.0	64.0	4.0	0.0	4.0	0.0
890	2668.1666666666665	0.0	3.0	0.0	0.0	0.0	0.0
900	2362.0	0.0	0.0	0.0	0.0	0.0	0.0
910	2611.0	0.0	18.0	1.0	0.0	1.0	0.0
920	2579.3333333333335	0.0	96.0	3.0	0.0	3.0	0.0
930	2461.0	7.0	23.0	6.0	1.0	0.0	6.0
940	2442.5	1.0	41.0	3.0	0.0	2.0	1.0
950	2677.0	0.0	51.0	2.0	0.0	2.0	0.0
960	2438.6666666666665	0.0	85.0	2.0	0.0	2.0	0.0
970	2319.8333333333335	1.0	63.0	2.0	0.0	1.0	1.0
980	2596.8333333333335	1.0	67.0	2.0	0.0	1.0	1.0
990	2529.0	0.0	20.0	0.0	0.0	0.0	0.0
1000	2537.6666666666665	0.0	11.0	1.0	0.0	1.0	0.0
