0	243.0	0.0	0.0	0.0	0.0	0.0	0.0
10	70.0	0.0	0.0	0.0	0.0	0.0	0.0
20	70.0	0.0	0.0	0.0	0.0	0.0	0.0
30	70.0	0.0	0.0	0.0	0.0	0.0	0.0
40	70.0	0.0	0.0	0.0	0.0	0.0	0.0
50	70.0	0.0	0.0	0.0	0.0	0.0	0.0
60	70.0	0.0	0.0	0.0	0.0	0.0	0.0
70	70.0	0.0	0.0	0.0	0.0	0.0	0.0
80	70.0	0.0	0.0	0.0	0.0	0.0	0.0
90	70.0	0.0	0.0	0.0	0.0	0.0	0.0
100	70.0	0.0	0.0	0.0	0.0	0.0	0.0
110	70.0	0.0	0.0	0.0	0.0	0.0	0.0
120	70.0	0.0	0.0	0.0	0.0	0.0	0.0
130	70.0	0.0	0.0	0.0	0.0	0.0	0.0
140	70.0	0.0	0.0	0.0	0.0	0.0	0.0
150	70.0	0.0	0.0	0.0	0.0	0.0	0.0
160	70.0	0.0	0.0	0.0	0.0	0.0	0.0
170	70.0	0.0	0.0	0.0	0.0	0.0	0.0
180	70.0	0.0	0.0	0.0	0.0	0.0	0.0
190	71.0	0.0	0.0	0.0	0.0	0.0	0.0
200	70.0	0.0	0.0	0.0	0.0	0.0	0.0
210	70.0	0.0	0.0	0.0	0.0	0.0	0.0
220	71.33333333333333	0.0	0.0	0.0	0.0	0.0	0.0
230	74.33333333333333	2.0	0.0	2.0	0.0	0.0	2.0
240	137.0	0.0	0.0	0.0	0.0	0.0	0.0
250	210.66666666666666	0.0	0.0	0.0	0.0	0.0	0.0
260	228.0	0.0	3.0	0.0	0.0	0.0	0.0
270	178.66666666666666	1.0	21.0	1.0	1.0	1.0	0.0
280	144.0	0.0	0.0	0.0	0.0	0.0	0.0
290	141.0	0.0	2.0	1.0	0.0	1.0	0.0
300	162.66666666666666	0.0	0.0	0.0	0.0	0.0	0.0
310	147.0	0.0	0.0	0.0	0.0	0.0	0.0
320	146.33333333333334	0.0	0.0	0.0	0.0	0.0	0.0
330	162.66666666666666	0.0	0.0	0.0	0.0	0.0	0.0
340	146.66666666666666	0.0	0.0	0.0	0.0	0.0	0.0
350	130.0	0.0	6.0	0.0	0.0	0.0	0.0
360	147.0	0.0	0.0	0.0	0.0	0.0	0.0
370	146.33333333333334	0.0	0.0	0.0	0.0	0.0	0.0
380	169.33333333333334	0.0	0.0	0.0	0.0	0.0	0.0
390	259.3333333333333	0.0	0.0	0.0	0.0	0.0	0.0
400	302.3333333333333	1.0	30.0	2.0	0.0	1.0	1.0
410	212.0	0.0	3.0	0.0	0.0	0.0	0.0
420	502.3333333333333	0.0	0.0	0.0	0.0	0.0	0.0
430	569.6666666666666	15.0	17.0	14.0	1.0	0.0	14.0
440	710.3333333333334	0.0	6.0	0.0	0.0	0.0	0.0
450	700.0	4.0	16.0	6.0	0.0	2.0	4.0
460	946.0	4.0	10.0	5.0	0.0	1.0	4.0
470	1358.0	0.0	2.0	0.0	0.0	0.0	0.0
480	1396.0	0.0	85.0	2.0	0.0	2.0	0.0
490	1245.0	0.0	68.0	1.0	0.0	1.0	0.0
500	1851.6666666666667	0.0	4.0	0.0	0.0	0.0	0.0
510	1641.0	0.0	1.0	0.0	0.0	0.0	0.0
520	2281.6666666666665	0.0	25.0	0.0	0.0	0.0	0.0
530	1986.6666666666667	0.0	60.0	1.0	0.0	1.0	0.0
540	2073.3333333333335	1.0	55.0	3.0	0.0	2.0	1.0
550	1727.3333333333333	0.0	25.0	2.0	0.0	2.0	0.0
560	2073.6666666666665	1.0	39.0	5.0	0.0	4.0	1.0
570	1977.6666666666667	0.0	21.0	1.0	0.0	1.0	0.0
580	1912.0	1.0	7.0	1.0	0.0	0.0	1.0
590	2118.0	0.0	6.0	0.0	0.0	0.0	0.0
600	2226.0	0.0	35.0	2.0	0.0	2.0	0.0
610	2103.0	1.0	11.0	1.0	0.0	0.0	1.0
620	2075.3333333333335	1.0	36.0	2.0	0.0	1.0	1.0
630	2410.1666666666665	1.0	58.0	3.0	0.0	2.0	1.0
640	2454.6666666666665	2.0	135.0	0.0	2.0	0.0	0.0
650	2212.6666666666665	0.0	45.0	1.0	0.0	1.0	0.0
660	2284.3333333333335	0.0	6.0	0.0	0.0	0.0	0.0
670	2426.0	1.0	152.0	2.0	1.0	2.0	0.0
680	2370.3333333333335	0.0	1.0	0.0	0.0	0.0	0.0
690	2430.3333333333335	0.0	43.0	3.0	0.0	3.0	0.0
700	2306.0	1.0	63.0	2.0	0.0	1.0	1.0
710	2610.3333333333335	0.0	45.0	1.0	0.0	1.0	0.0
720	2769.6666666666665	4.0	128.0	9.0	0.0	5.0	4.0
730	2371.6666666666665	2.0	118.0	4.0	0.0	2.0	2.0
740	2574.1666666666665	1.0	50.0	5.0	1.0	4.0	0.0
750	2806.6666666666665	1.0	24.0	1.0	0.0	0.0	1.0
760	2442.1666666666665	0.0	38.0	2.0	0.0	2.0	0.0
770	2285.1666666666665	0.0	36.0	2.0	0.0	2.0	0.0
780	2644.1666666666665	0.0	2.0	1.0	0.0	1.0	0.0
790	2464.0	0.0	114.0	7.0	0.0	7.0	0.0
800	2537.1666666666665	0.0	8.0	0.0	0.0	0.0	0.0
810	2363.3333333333335	0.0	63.0	5.0	0.0	5.0	0.0
820	2476.3333333333335	0.0	3.0	0.0	0.0	0.0	0.0
830	2761.0	1.0	47.0	2.0	0.0	1.0	1.0
840	2488.6666666666665	2.0	48.0	3.0	0.0	1.0	2.0
850	2473.0	0.0	9.0	1.0	0.0	1.0	0.0
860	2931.5	18.0	88.0	19.0	0.0	1.0	18.0
870	2794.6666666666665	1.0	34.0	1.0	0.0	0.0	1.0
880	2592.6666666666665	0.0	42.0	3.0	0.0	3.0	0.0
890	2496.0	0.0	2.0	0.0	0.0	0.0	0.0
900	2726.1666666666665	0.0	5.0	0.0	0.0	0.0	0.0
910	2656.6666666666665	1.0	7.0	2.0	0.0	1.0	1.0
920	2583.6666666666665	0.0	0.0	0.0	0.0	0.0	0.0
930	2720.8333333333335	2.0	21.0	2.0	0.0	0.0	2.0
940	2742.8333333333335	0.0	3.0	0.0	0.0	0.0	0.0
950	2575.6666666666665	0.0	15.0	2.0	0.0	2.0	0.0
960	2733.0	0.0	32.0	0.0	0.0	0.0	0.0
970	2491.8333333333335	0.0	3.0	0.0	0.0	0.0	0.0
980	2391.6666666666665	1.0	121.0	2.0	0.0	1.0	1.0
990	2600.8333333333335	0.0	39.0	2.0	0.0	2.0	0.0
1000	2458.3333333333335	2.0	41.0	1.0	1.0	0.0	1.0
