0	242.0	0.0
10	1870.6666666666667	30.0
20	1860.6666666666667	55.0
30	2022.8333333333333	16.0
40	2138.0	26.0
50	1925.8333333333333	37.0
60	2196.8333333333335	41.0
70	2090.3333333333335	34.0
80	2024.3333333333333	25.0
90	1981.0	95.0
100	2128.0	24.0
110	2102.8333333333335	41.0
120	2374.1666666666665	48.0
130	2386.6666666666665	55.0
140	2289.5	38.0
150	2290.0	52.0
160	2497.5	38.0
170	2268.3333333333335	59.0
180	2285.1666666666665	65.0
190	2309.1666666666665	46.0
200	2525.1666666666665	8.0
210	2401.3333333333335	21.0
220	2499.1666666666665	40.0
230	2542.5	11.0
240	2547.6666666666665	17.0
250	2369.0	43.0
260	2713.5	35.0
270	2784.8333333333335	0.0
280	2666.1666666666665	0.0
290	2451.3333333333335	0.0
300	2803.0	0.0
310	2415.6666666666665	0.0
320	2700.1666666666665	0.0
330	2539.1666666666665	0.0
340	2703.0	0.0
350	2712.0	0.0
360	2699.3333333333335	0.0
370	2437.8333333333335	0.0
380	2550.6666666666665	0.0
390	2680.1666666666665	0.0
400	2756.3333333333335	0.0
410	2388.3333333333335	0.0
420	2573.1666666666665	0.0
430	2820.3333333333335	0.0
440	2572.5	0.0
450	2767.0	0.0
460	3219.8333333333335	0.0
470	2989.6666666666665	0.0
480	2771.8333333333335	0.0
490	2610.0	0.0
500	2824.1666666666665	0.0
510	2792.5	0.0
520	2830.6666666666665	0.0
530	2962.5	0.0
540	3117.1666666666665	0.0
550	2750.8333333333335	0.0
560	2779.0	0.0
570	3082.6666666666665	0.0
580	2996.8333333333335	0.0
590	2688.5	0.0
600	2930.6666666666665	0.0
610	2817.1666666666665	0.0
620	2927.6666666666665	0.0
630	2904.6666666666665	0.0
640	2917.6666666666665	0.0
650	2826.0	0.0
660	2819.3333333333335	0.0
670	2951.8333333333335	0.0
680	2621.6666666666665	0.0
690	3036.1666666666665	0.0
700	2803.3333333333335	0.0
710	2800.3333333333335	0.0
720	2958.0	0.0
730	2826.1666666666665	0.0
740	2646.3333333333335	0.0
750	2997.1666666666665	0.0
760	2911.1666666666665	0.0
770	3029.8333333333335	0.0
780	2752.1666666666665	0.0
790	2878.5	0.0
800	3015.0	0.0
810	2977.0	0.0
820	3343.3333333333335	0.0
830	3043.3333333333335	0.0
840	3214.1666666666665	0.0
850	2822.6666666666665	0.0
860	3162.0	0.0
870	3179.3333333333335	0.0
880	2952.0	0.0
890	2927.0	0.0
900	2693.0	0.0
910	3002.1666666666665	0.0
920	3008.3333333333335	0.0
930	3098.0	0.0
940	3062.0	0.0
950	3055.1666666666665	0.0
960	3273.3333333333335	0.0
970	3143.0	0.0
980	2865.5	0.0
990	2876.3333333333335	0.0
1000	3150.0	0.0
