0	232.33333333333334	0.0
10	1930.5	18.0
20	2003.0	33.0
30	2014.5	16.0
40	2048.1666666666665	14.0
50	2211.1666666666665	31.0
60	1898.0	30.0
70	1963.8333333333333	17.0
80	2141.0	33.0
90	2043.3333333333333	22.0
100	2227.1666666666665	34.0
110	1961.5	21.0
120	2061.6666666666665	23.0
130	2077.3333333333335	22.0
140	2224.6666666666665	28.0
150	2079.3333333333335	23.0
160	2226.6666666666665	32.0
170	2149.0	9.0
180	2035.5	41.0
190	2399.6666666666665	32.0
200	2158.8333333333335	65.0
210	2400.6666666666665	5.0
220	2481.3333333333335	58.0
230	2207.6666666666665	15.0
240	2449.8333333333335	76.0
250	2250.3333333333335	26.0
260	2425.1666666666665	91.0
270	2247.1666666666665	13.0
280	2401.8333333333335	35.0
290	2701.1666666666665	38.0
300	2637.3333333333335	48.0
310	2809.5	36.0
320	2606.3333333333335	15.0
330	2807.1666666666665	0.0
340	2353.3333333333335	0.0
350	2348.3333333333335	0.0
360	2591.1666666666665	0.0
370	2748.6666666666665	0.0
380	2622.0	0.0
390	2845.1666666666665	0.0
400	2873.8333333333335	0.0
410	2749.3333333333335	0.0
420	2633.5	0.0
430	2413.3333333333335	0.0
440	2416.6666666666665	0.0
450	2781.1666666666665	0.0
460	2817.0	0.0
470	2829.1666666666665	0.0
480	2552.8333333333335	0.0
490	2803.6666666666665	0.0
500	2521.0	0.0
510	2735.8333333333335	0.0
520	2952.1666666666665	0.0
530	2624.8333333333335	0.0
540	2472.6666666666665	0.0
550	2592.5	0.0
560	2982.0	0.0
570	2718.1666666666665	0.0
580	2794.3333333333335	0.0
590	2609.5	0.0
600	2808.0	0.0
610	2777.5	0.0
620	2639.0	0.0
630	2647.0	0.0
640	2758.1666666666665	0.0
650	2856.5	0.0
660	2791.6666666666665	0.0
670	2789.3333333333335	0.0
680	2917.0	0.0
690	2789.6666666666665	0.0
700	2782.3333333333335	0.0
710	3041.0	0.0
720	2653.1666666666665	0.0
730	2943.5	0.0
740	2759.0	0.0
750	3051.1666666666665	0.0
760	2958.5	0.0
770	3194.6666666666665	0.0
780	2850.1666666666665	0.0
790	2899.0	0.0
800	2765.1666666666665	0.0
810	3174.0	0.0
820	3219.6666666666665	0.0
830	2885.1666666666665	0.0
840	2832.6666666666665	0.0
850	3127.1666666666665	0.0
860	3005.6666666666665	0.0
870	3180.3333333333335	0.0
880	3410.3333333333335	0.0
890	2867.8333333333335	0.0
900	3248.6666666666665	0.0
910	3252.6666666666665	0.0
920	2972.3333333333335	0.0
930	3098.1666666666665	0.0
940	2939.5	0.0
950	2881.6666666666665	0.0
960	3082.8333333333335	0.0
970	3287.5	0.0
980	2970.6666666666665	0.0
990	3017.1666666666665	0.0
1000	3277.8333333333335	0.0
