0	280.0	0.0
10	2154.6666666666665	18.0
20	2064.3333333333335	62.0
30	2039.6666666666667	30.0
40	2118.0	29.0
50	2206.5	25.0
60	1989.1666666666667	26.0
70	2102.8333333333335	86.0
80	2041.6666666666667	27.0
90	2190.1666666666665	18.0
100	2180.6666666666665	31.0
110	2301.6666666666665	53.0
120	2371.1666666666665	52.0
130	2263.6666666666665	41.0
140	2403.3333333333335	21.0
150	2320.5	22.0
160	2502.6666666666665	56.0
170	2389.5	42.0
180	2361.3333333333335	34.0
190	2540.6666666666665	40.0
200	2288.1666666666665	7.0
210	2383.8333333333335	22.0
220	2480.0	8.0
230	2441.8333333333335	28.0
240	2599.6666666666665	41.0
250	2712.6666666666665	47.0
260	2444.0	25.0
270	2725.3333333333335	76.0
280	2760.5	33.0
290	2649.6666666666665	0.0
300	2751.6666666666665	0.0
310	2727.5	0.0
320	2956.1666666666665	0.0
330	2436.0	0.0
340	2678.5	0.0
350	2815.8333333333335	0.0
360	2543.0	0.0
370	2583.8333333333335	0.0
380	2678.3333333333335	0.0
390	2710.6666666666665	0.0
400	2890.0	0.0
410	2979.0	0.0
420	2876.8333333333335	0.0
430	2716.3333333333335	0.0
440	2792.6666666666665	0.0
450	2774.1666666666665	0.0
460	3035.3333333333335	0.0
470	3013.3333333333335	0.0
480	2638.1666666666665	0.0
490	2943.6666666666665	0.0
500	2730.3333333333335	0.0
510	2721.6666666666665	0.0
520	2938.6666666666665	0.0
530	2793.5	0.0
540	2923.6666666666665	0.0
550	2977.3333333333335	0.0
560	2799.3333333333335	0.0
570	3093.3333333333335	0.0
580	2874.3333333333335	0.0
590	2687.6666666666665	0.0
600	3052.1666666666665	0.0
610	2954.6666666666665	0.0
620	2987.1666666666665	0.0
630	3027.6666666666665	0.0
640	3030.3333333333335	0.0
650	2912.6666666666665	0.0
660	2962.6666666666665	0.0
670	2913.5	0.0
680	3139.1666666666665	0.0
690	3307.8333333333335	0.0
700	3215.3333333333335	0.0
710	3245.0	0.0
720	3093.3333333333335	0.0
730	3197.5	0.0
740	2982.3333333333335	0.0
750	3083.3333333333335	0.0
760	2819.0	0.0
770	3331.6666666666665	0.0
780	3378.3333333333335	0.0
790	3342.8333333333335	0.0
800	3399.8333333333335	0.0
810	3250.5	0.0
820	3168.1666666666665	0.0
830	2902.6666666666665	0.0
840	3172.8333333333335	0.0
850	3146.6666666666665	0.0
860	3182.3333333333335	0.0
870	3170.6666666666665	0.0
880	3363.6666666666665	0.0
890	3276.0	0.0
900	3241.6666666666665	0.0
910	3229.6666666666665	0.0
920	2794.3333333333335	0.0
930	3407.3333333333335	0.0
940	3118.0	0.0
950	3433.0	0.0
960	2898.0	0.0
970	3408.8333333333335	0.0
980	3193.3333333333335	0.0
990	3644.1666666666665	0.0
1000	3160.6666666666665	0.0
