0	251.66666666666666	0.0	0.0	0.0	0.0	0.0	0.0
10	2022.5	0.0	21.0	0.0	0.0	0.0	0.0
20	1960.6666666666667	2.0	32.0	1.0	2.0	1.0	0.0
30	2116.5	10.0	44.0	3.0	9.0	2.0	1.0
40	2206.8333333333335	34.0	83.0	5.0	34.0	5.0	0.0
50	2132.5	0.0	33.0	1.0	0.0	1.0	0.0
60	2046.5	18.0	7.0	14.0	5.0	0.0	13.0
70	2007.1666666666667	10.0	27.0	8.0	10.0	3.0	0.0
80	1981.5	1.0	3.0	1.0	0.0	0.0	1.0
90	2083.8333333333335	5.0	28.0	4.0	5.0	4.0	0.0
100	2154.8333333333335	47.0	33.0	29.0	26.0	2.0	21.0
110	2177.3333333333335	0.0	3.0	0.0	0.0	0.0	0.0
120	2045.0	29.0	66.0	17.0	15.0	3.0	14.0
130	2142.3333333333335	18.0	74.0	2.0	17.0	1.0	1.0
140	2057.6666666666665	74.0	241.0	22.0	54.0	1.0	20.0
150	2331.3333333333335	9.0	28.0	5.0	9.0	3.0	0.0
160	2450.5	3.0	71.0	1.0	3.0	1.0	0.0
170	2281.8333333333335	0.0	33.0	0.0	0.0	0.0	0.0
180	2510.5	45.0	93.0	30.0	20.0	3.0	25.0
190	2468.1666666666665	14.0	71.0	2.0	13.0	1.0	1.0
200	2431.3333333333335	9.0	74.0	1.0	9.0	1.0	0.0
210	2251.0	0.0	0.0	0.0	0.0	0.0	0.0
220	2407.8333333333335	8.0	9.0	6.0	2.0	0.0	6.0
230	2587.1666666666665	2.0	39.0	1.0	1.0	0.0	1.0
240	2489.5	2.0	44.0	2.0	2.0	2.0	0.0
250	2389.0	5.0	30.0	8.0	1.0	4.0	4.0
260	2481.5	1.0	27.0	1.0	0.0	0.0	1.0
270	2394.0	0.0	10.0	1.0	0.0	1.0	0.0
280	2486.3333333333335	0.0	0.0	0.0	0.0	0.0	0.0
290	2680.0	19.0	72.0	23.0	18.0	22.0	1.0
300	2576.1666666666665	7.0	113.0	7.0	3.0	3.0	4.0
310	2525.3333333333335	0.0	4.0	0.0	0.0	0.0	0.0
320	2262.6666666666665	1.0	31.0	4.0	0.0	3.0	1.0
330	2565.6666666666665	13.0	42.0	0.0	13.0	0.0	0.0
340	2712.5	4.0	102.0	6.0	0.0	2.0	4.0
350	2410.3333333333335	2.0	5.0	1.0	2.0	0.0	0.0
360	2333.5	6.0	56.0	5.0	5.0	1.0	1.0
370	2367.5	7.0	38.0	1.0	7.0	0.0	0.0
380	2574.8333333333335	17.0	89.0	3.0	14.0	0.0	3.0
390	2652.8333333333335	4.0	86.0	7.0	0.0	3.0	4.0
400	2681.5	2.0	45.0	2.0	2.0	2.0	0.0
410	2373.1666666666665	2.0	27.0	3.0	1.0	2.0	1.0
420	2730.8333333333335	5.0	21.0	1.0	5.0	1.0	0.0
430	2737.5	1.0	98.0	2.0	1.0	2.0	0.0
440	2486.6666666666665	15.0	60.0	6.0	14.0	2.0	1.0
450	2608.0	0.0	54.0	1.0	0.0	1.0	0.0
460	2571.6666666666665	1.0	0.0	1.0	0.0	0.0	1.0
470	2619.8333333333335	5.0	26.0	1.0	4.0	0.0	1.0
480	2810.1666666666665	1.0	45.0	1.0	1.0	1.0	0.0
490	2667.0	0.0	0.0	0.0	0.0	0.0	0.0
500	2641.8333333333335	26.0	54.0	23.0	7.0	2.0	19.0
510	2759.0	25.0	82.0	6.0	20.0	1.0	5.0
520	2746.3333333333335	45.0	172.0	35.0	14.0	4.0	31.0
530	2649.6666666666665	9.0	40.0	4.0	5.0	0.0	4.0
540	2638.0	0.0	0.0	0.0	0.0	0.0	0.0
550	2927.8333333333335	29.0	21.0	17.0	12.0	0.0	17.0
560	2528.5	5.0	90.0	8.0	1.0	4.0	4.0
570	2668.0	2.0	20.0	1.0	2.0	0.0	0.0
580	2538.8333333333335	10.0	141.0	7.0	6.0	3.0	4.0
590	2951.8333333333335	7.0	73.0	5.0	2.0	0.0	5.0
600	3016.1666666666665	8.0	56.0	6.0	2.0	0.0	6.0
610	2654.1666666666665	43.0	67.0	48.0	0.0	5.0	43.0
620	2571.1666666666665	0.0	62.0	2.0	0.0	2.0	0.0
630	2912.8333333333335	32.0	54.0	32.0	1.0	1.0	31.0
640	2671.0	2.0	38.0	2.0	1.0	1.0	1.0
650	2913.0	2.0	35.0	4.0	1.0	2.0	1.0
660	2761.5	2.0	29.0	3.0	0.0	1.0	2.0
670	2917.1666666666665	1.0	75.0	0.0	1.0	0.0	0.0
680	2896.0	2.0	53.0	5.0	0.0	3.0	2.0
690	2877.5	3.0	29.0	3.0	0.0	0.0	3.0
700	2962.1666666666665	1.0	13.0	2.0	1.0	2.0	0.0
710	2914.3333333333335	22.0	98.0	21.0	2.0	1.0	20.0
720	3253.1666666666665	15.0	44.0	14.0	1.0	0.0	14.0
730	3041.5	4.0	71.0	5.0	2.0	3.0	2.0
740	2719.5	7.0	65.0	8.0	1.0	2.0	6.0
750	2919.1666666666665	4.0	77.0	6.0	1.0	3.0	3.0
760	2853.0	0.0	32.0	0.0	0.0	0.0	0.0
770	3125.1666666666665	2.0	37.0	2.0	1.0	1.0	1.0
780	2650.5	0.0	111.0	3.0	0.0	3.0	0.0
790	2816.3333333333335	9.0	115.0	12.0	2.0	5.0	7.0
800	3076.5	0.0	1.0	0.0	0.0	0.0	0.0
810	2767.6666666666665	1.0	92.0	2.0	1.0	2.0	0.0
820	2928.3333333333335	5.0	11.0	5.0	0.0	0.0	5.0
830	2933.1666666666665	12.0	133.0	13.0	2.0	3.0	10.0
840	2894.0	1.0	97.0	2.0	1.0	2.0	0.0
850	2912.6666666666665	1.0	39.0	1.0	0.0	0.0	1.0
860	2835.3333333333335	24.0	111.0	22.0	2.0	0.0	22.0
870	3091.3333333333335	6.0	89.0	6.0	1.0	1.0	5.0
880	2654.6666666666665	62.0	274.0	32.0	48.0	17.0	14.0
890	3174.5	1.0	74.0	3.0	0.0	2.0	1.0
900	3326.1666666666665	1.0	82.0	2.0	0.0	1.0	1.0
910	3062.1666666666665	3.0	66.0	5.0	0.0	2.0	3.0
920	2851.3333333333335	0.0	84.0	2.0	0.0	2.0	0.0
930	3384.3333333333335	1.0	62.0	3.0	0.0	2.0	1.0
940	2731.1666666666665	0.0	45.0	2.0	0.0	2.0	0.0
950	3020.6666666666665	1.0	73.0	5.0	0.0	4.0	1.0
960	3235.6666666666665	2.0	21.0	4.0	0.0	2.0	2.0
970	2906.8333333333335	4.0	20.0	4.0	0.0	0.0	4.0
980	2871.3333333333335	15.0	69.0	17.0	1.0	2.0	14.0
990	2915.0	1.0	48.0	2.0	0.0	1.0	1.0
1000	3106.6666666666665	0.0	53.0	2.0	0.0	2.0	0.0
