0	251.0	0.0	0.0	0.0	0.0	0.0	0.0
10	2056.3333333333335	24.0	74.0	8.0	21.0	5.0	3.0
20	2014.6666666666667	0.0	0.0	0.0	0.0	0.0	0.0
30	2214.5	17.0	51.0	0.0	17.0	0.0	0.0
40	1961.5	0.0	0.0	0.0	0.0	0.0	0.0
50	1944.0	3.0	8.0	1.0	3.0	1.0	0.0
60	1955.6666666666667	2.0	68.0	1.0	2.0	1.0	0.0
70	2228.6666666666665	5.0	26.0	4.0	2.0	1.0	3.0
80	2152.6666666666665	9.0	39.0	2.0	8.0	1.0	1.0
90	1977.6666666666667	13.0	41.0	1.0	12.0	0.0	1.0
100	1965.0	13.0	64.0	2.0	13.0	2.0	0.0
110	2171.1666666666665	5.0	10.0	1.0	4.0	0.0	1.0
120	2081.0	15.0	63.0	6.0	11.0	2.0	4.0
130	2338.5	41.0	94.0	13.0	33.0	4.0	8.0
140	2198.5	4.0	74.0	8.0	3.0	7.0	1.0
150	2205.6666666666665	1.0	41.0	0.0	1.0	0.0	0.0
160	2306.5	13.0	48.0	5.0	8.0	0.0	5.0
170	2193.0	7.0	14.0	1.0	7.0	1.0	0.0
180	2342.6666666666665	12.0	52.0	3.0	12.0	2.0	0.0
190	2277.8333333333335	1.0	48.0	1.0	1.0	1.0	0.0
200	2070.3333333333335	6.0	73.0	2.0	6.0	2.0	0.0
210	2438.1666666666665	2.0	110.0	1.0	2.0	1.0	0.0
220	2426.6666666666665	3.0	52.0	2.0	3.0	2.0	0.0
230	2580.3333333333335	0.0	35.0	0.0	0.0	0.0	0.0
240	2457.8333333333335	20.0	61.0	12.0	12.0	4.0	8.0
250	2475.3333333333335	0.0	0.0	1.0	0.0	1.0	0.0
260	2525.6666666666665	81.0	187.0	9.0	75.0	3.0	6.0
270	2205.0	1.0	23.0	1.0	0.0	0.0	1.0
280	2664.0	2.0	35.0	0.0	2.0	0.0	0.0
290	2306.3333333333335	24.0	114.0	3.0	23.0	2.0	1.0
300	2514.5	16.0	87.0	10.0	10.0	4.0	6.0
310	2496.3333333333335	37.0	131.0	15.0	24.0	2.0	13.0
320	2375.0	4.0	37.0	1.0	3.0	0.0	1.0
330	2513.0	32.0	49.0	21.0	13.0	2.0	19.0
340	2506.5	1.0	14.0	0.0	1.0	0.0	0.0
350	2523.8333333333335	22.0	66.0	12.0	15.0	5.0	7.0
360	2504.8333333333335	5.0	98.0	2.0	5.0	2.0	0.0
370	2226.0	23.0	216.0	16.0	14.0	6.0	9.0
380	2713.5	11.0	79.0	3.0	9.0	1.0	2.0
390	2524.5	24.0	180.0	22.0	17.0	5.0	7.0
400	2831.6666666666665	16.0	112.0	10.0	8.0	1.0	8.0
410	2728.3333333333335	10.0	38.0	6.0	4.0	0.0	6.0
420	2697.5	27.0	112.0	17.0	12.0	2.0	15.0
430	2739.8333333333335	0.0	11.0	0.0	0.0	0.0	0.0
440	2790.5	10.0	51.0	4.0	9.0	3.0	1.0
450	2931.6666666666665	9.0	89.0	5.0	6.0	2.0	3.0
460	2771.0	4.0	69.0	5.0	3.0	3.0	1.0
470	2676.5	10.0	171.0	10.0	3.0	3.0	7.0
480	2958.8333333333335	0.0	18.0	1.0	0.0	1.0	0.0
490	2677.5	20.0	67.0	3.0	19.0	2.0	1.0
500	2751.0	20.0	156.0	17.0	7.0	4.0	13.0
510	2766.0	5.0	81.0	7.0	2.0	4.0	3.0
520	2818.5	11.0	94.0	4.0	9.0	2.0	2.0
530	2697.8333333333335	12.0	60.0	5.0	11.0	3.0	1.0
540	2749.1666666666665	9.0	146.0	8.0	5.0	3.0	4.0
550	2852.6666666666665	10.0	51.0	10.0	2.0	2.0	8.0
560	3061.8333333333335	50.0	54.0	43.0	49.0	1.0	1.0
570	2801.3333333333335	46.0	96.0	16.0	32.0	2.0	14.0
580	2831.8333333333335	0.0	47.0	1.0	0.0	1.0	0.0
590	2891.5	1.0	37.0	2.0	0.0	1.0	1.0
600	2903.3333333333335	11.0	30.0	12.0	1.0	1.0	10.0
610	2955.3333333333335	5.0	42.0	5.0	1.0	1.0	4.0
620	2742.6666666666665	1.0	33.0	2.0	0.0	1.0	1.0
630	3029.0	6.0	25.0	5.0	2.0	1.0	4.0
640	3103.0	6.0	119.0	3.0	3.0	0.0	3.0
650	3020.3333333333335	0.0	75.0	5.0	0.0	5.0	0.0
660	3028.0	7.0	169.0	5.0	4.0	2.0	3.0
670	2881.3333333333335	5.0	93.0	6.0	0.0	1.0	5.0
680	2764.6666666666665	0.0	95.0	5.0	0.0	5.0	0.0
690	2854.6666666666665	0.0	31.0	2.0	0.0	2.0	0.0
700	3044.6666666666665	29.0	179.0	4.0	26.0	1.0	3.0
710	3287.1666666666665	36.0	107.0	36.0	2.0	1.0	34.0
720	3052.3333333333335	11.0	81.0	13.0	0.0	2.0	11.0
730	2819.8333333333335	8.0	91.0	9.0	1.0	2.0	7.0
740	2996.6666666666665	0.0	26.0	2.0	0.0	2.0	0.0
750	2941.6666666666665	38.0	124.0	40.0	0.0	2.0	38.0
760	2968.1666666666665	1.0	111.0	2.0	1.0	2.0	0.0
770	2938.6666666666665	8.0	50.0	4.0	4.0	0.0	4.0
780	3220.8333333333335	18.0	127.0	20.0	1.0	3.0	17.0
790	3028.6666666666665	1.0	4.0	2.0	0.0	1.0	1.0
800	2929.5	8.0	29.0	10.0	0.0	2.0	8.0
810	3043.1666666666665	2.0	163.0	6.0	0.0	4.0	2.0
820	3031.0	15.0	217.0	9.0	9.0	3.0	6.0
830	3048.3333333333335	9.0	64.0	1.0	8.0	0.0	1.0
840	2861.5	2.0	81.0	4.0	0.0	2.0	2.0
850	2892.8333333333335	2.0	21.0	2.0	1.0	1.0	1.0
860	3368.5	2.0	3.0	1.0	2.0	0.0	0.0
870	3064.3333333333335	0.0	0.0	0.0	0.0	0.0	0.0
880	2811.1666666666665	0.0	0.0	0.0	0.0	0.0	0.0
890	3023.8333333333335	0.0	0.0	0.0	0.0	0.0	0.0
900	2950.6666666666665	0.0	0.0	0.0	0.0	0.0	0.0
910	3265.0	0.0	0.0	0.0	0.0	0.0	0.0
920	2957.1666666666665	0.0	0.0	0.0	0.0	0.0	0.0
930	3185.3333333333335	0.0	0.0	0.0	0.0	0.0	0.0
940	3033.8333333333335	0.0	0.0	0.0	0.0	0.0	0.0
950	2874.0	0.0	0.0	0.0	0.0	0.0	0.0
960	3287.1666666666665	0.0	0.0	0.0	0.0	0.0	0.0
970	3077.3333333333335	0.0	0.0	0.0	0.0	0.0	0.0
980	3261.0	0.0	0.0	0.0	0.0	0.0	0.0
990	3074.0	0.0	0.0	0.0	0.0	0.0	0.0
1000	3030.8333333333335	0.0	0.0	0.0	0.0	0.0	0.0
