0	264.3333333333333	0.0	0.0	0.0	0.0	0.0	0.0
10	2090.1666666666665	25.0	162.0	14.0	14.0	2.0	11.0
20	2110.1666666666665	88.0	93.0	36.0	54.0	2.0	34.0
30	1761.5	7.0	44.0	1.0	7.0	1.0	0.0
40	2074.0	13.0	34.0	6.0	12.0	4.0	1.0
50	2246.0	14.0	57.0	17.0	11.0	14.0	3.0
60	1892.1666666666667	23.0	36.0	13.0	12.0	1.0	11.0
70	2159.1666666666665	10.0	29.0	7.0	5.0	2.0	5.0
80	2135.3333333333335	12.0	52.0	5.0	11.0	1.0	1.0
90	2199.8333333333335	8.0	15.0	9.0	1.0	1.0	7.0
100	2110.3333333333335	6.0	116.0	7.0	5.0	6.0	1.0
110	2164.1666666666665	11.0	35.0	14.0	11.0	3.0	0.0
120	2021.8333333333333	1.0	42.0	1.0	0.0	0.0	1.0
130	2229.6666666666665	1.0	3.0	0.0	1.0	0.0	0.0
140	2185.6666666666665	7.0	57.0	8.0	0.0	1.0	7.0
150	2028.3333333333333	49.0	137.0	6.0	48.0	4.0	1.0
160	2202.6666666666665	7.0	9.0	1.0	7.0	0.0	0.0
170	2495.8333333333335	11.0	48.0	3.0	11.0	3.0	0.0
180	2160.8333333333335	25.0	111.0	16.0	11.0	2.0	14.0
190	2250.0	10.0	66.0	4.0	10.0	3.0	0.0
200	2428.1666666666665	1.0	59.0	2.0	1.0	2.0	0.0
210	2174.1666666666665	62.0	120.0	19.0	52.0	7.0	10.0
220	2529.0	6.0	46.0	2.0	6.0	2.0	0.0
230	2174.0	25.0	90.0	14.0	16.0	2.0	9.0
240	2414.3333333333335	1.0	46.0	0.0	1.0	0.0	0.0
250	2526.5	2.0	25.0	0.0	2.0	0.0	0.0
260	2287.5	10.0	159.0	8.0	10.0	8.0	0.0
270	2660.5	5.0	115.0	3.0	5.0	3.0	0.0
280	2541.6666666666665	1.0	33.0	1.0	1.0	1.0	0.0
290	2622.1666666666665	3.0	55.0	3.0	0.0	0.0	3.0
300	2429.6666666666665	13.0	51.0	2.0	13.0	2.0	0.0
310	2512.1666666666665	0.0	13.0	0.0	0.0	0.0	0.0
320	2660.3333333333335	6.0	91.0	2.0	5.0	1.0	1.0
330	2268.8333333333335	0.0	16.0	0.0	0.0	0.0	0.0
340	2420.1666666666665	3.0	38.0	1.0	3.0	1.0	0.0
350	2758.0	1.0	18.0	2.0	0.0	1.0	1.0
360	2823.8333333333335	8.0	49.0	2.0	8.0	2.0	0.0
370	2733.6666666666665	19.0	94.0	6.0	14.0	0.0	5.0
380	2738.1666666666665	38.0	149.0	17.0	25.0	3.0	13.0
390	2723.3333333333335	0.0	8.0	0.0	0.0	0.0	0.0
400	2609.1666666666665	30.0	78.0	32.0	1.0	3.0	29.0
410	2613.0	3.0	56.0	5.0	1.0	2.0	2.0
420	2599.1666666666665	0.0	26.0	1.0	0.0	1.0	0.0
430	2528.8333333333335	0.0	93.0	6.0	0.0	6.0	0.0
440	2712.6666666666665	39.0	105.0	20.0	23.0	2.0	16.0
450	2641.0	1.0	17.0	2.0	0.0	1.0	1.0
460	2848.8333333333335	32.0	74.0	31.0	6.0	1.0	26.0
470	2882.0	20.0	62.0	18.0	3.0	1.0	17.0
480	2947.1666666666665	5.0	81.0	9.0	0.0	4.0	5.0
490	2715.0	10.0	11.0	9.0	1.0	0.0	9.0
500	2597.1666666666665	8.0	137.0	4.0	7.0	3.0	1.0
510	2803.0	12.0	80.0	5.0	8.0	1.0	4.0
520	2989.3333333333335	2.0	42.0	3.0	1.0	1.0	1.0
530	2878.1666666666665	28.0	68.0	24.0	6.0	2.0	22.0
540	2841.1666666666665	4.0	83.0	5.0	2.0	3.0	2.0
550	2872.5	12.0	80.0	7.0	12.0	5.0	0.0
560	2798.6666666666665	1.0	108.0	3.0	0.0	2.0	1.0
570	3164.1666666666665	6.0	79.0	2.0	5.0	1.0	1.0
580	2865.3333333333335	1.0	47.0	0.0	1.0	0.0	0.0
590	2915.0	3.0	29.0	5.0	0.0	2.0	3.0
600	3253.6666666666665	3.0	149.0	8.0	1.0	6.0	2.0
610	3002.1666666666665	4.0	18.0	4.0	0.0	0.0	4.0
620	2809.6666666666665	28.0	79.0	30.0	0.0	2.0	28.0
630	2838.6666666666665	10.0	100.0	11.0	0.0	1.0	10.0
640	2939.3333333333335	7.0	42.0	8.0	1.0	2.0	6.0
650	3096.6666666666665	9.0	81.0	7.0	3.0	1.0	6.0
660	2971.8333333333335	10.0	48.0	7.0	9.0	2.0	1.0
670	2917.8333333333335	1.0	40.0	1.0	1.0	1.0	0.0
680	2909.8333333333335	2.0	64.0	5.0	0.0	3.0	2.0
690	2969.3333333333335	35.0	87.0	36.0	1.0	2.0	34.0
700	3060.3333333333335	16.0	78.0	13.0	6.0	2.0	10.0
710	3107.5	3.0	168.0	8.0	0.0	5.0	3.0
720	2981.1666666666665	10.0	107.0	17.0	1.0	8.0	9.0
730	2916.3333333333335	5.0	46.0	4.0	2.0	1.0	3.0
740	2928.3333333333335	20.0	96.0	3.0	19.0	2.0	1.0
750	2987.5	3.0	88.0	3.0	2.0	1.0	1.0
760	2934.0	6.0	100.0	8.0	1.0	3.0	5.0
770	2888.5	23.0	131.0	22.0	7.0	5.0	16.0
780	3001.1666666666665	12.0	51.0	13.0	0.0	1.0	12.0
790	2883.3333333333335	2.0	102.0	4.0	0.0	2.0	2.0
800	3139.3333333333335	0.0	38.0	0.0	0.0	0.0	0.0
810	2934.5	10.0	69.0	13.0	1.0	4.0	9.0
820	3259.8333333333335	9.0	130.0	10.0	0.0	1.0	9.0
830	3072.6666666666665	0.0	2.0	1.0	0.0	1.0	0.0
840	2950.1666666666665	2.0	59.0	5.0	0.0	3.0	2.0
850	3009.3333333333335	12.0	178.0	21.0	0.0	9.0	12.0
860	2945.8333333333335	4.0	52.0	5.0	1.0	2.0	3.0
870	3431.3333333333335	4.0	10.0	1.0	4.0	0.0	0.0
880	2999.6666666666665	1.0	0.0	1.0	0.0	0.0	1.0
890	2895.3333333333335	0.0	0.0	0.0	0.0	0.0	0.0
900	3018.3333333333335	0.0	0.0	0.0	0.0	0.0	0.0
910	3126.5	0.0	0.0	0.0	0.0	0.0	0.0
920	2917.5	0.0	0.0	0.0	0.0	0.0	0.0
930	3279.1666666666665	0.0	0.0	0.0	0.0	0.0	0.0
940	3347.3333333333335	0.0	0.0	0.0	0.0	0.0	0.0
950	3244.0	0.0	0.0	0.0	0.0	0.0	0.0
960	3273.5	0.0	0.0	0.0	0.0	0.0	0.0
970	3430.6666666666665	0.0	0.0	0.0	0.0	0.0	0.0
980	3441.3333333333335	0.0	0.0	0.0	0.0	0.0	0.0
990	2661.0	0.0	0.0	0.0	0.0	0.0	0.0
1000	3084.3333333333335	0.0	0.0	0.0	0.0	0.0	0.0
