0	263.6666666666667	0.0	0.0	0.0	0.0	0.0	0.0
10	2111.3333333333335	0.0	26.0	1.0	0.0	1.0	0.0
20	2272.5	18.0	135.0	5.0	15.0	2.0	3.0
30	2043.1666666666667	2.0	40.0	4.0	1.0	2.0	1.0
40	1989.3333333333333	5.0	50.0	4.0	4.0	3.0	1.0
50	2108.0	6.0	82.0	4.0	4.0	1.0	2.0
60	2214.5	0.0	0.0	0.0	0.0	0.0	0.0
70	2057.0	1.0	8.0	1.0	1.0	1.0	0.0
80	2168.5	9.0	9.0	0.0	9.0	0.0	0.0
90	2005.3333333333333	5.0	36.0	3.0	5.0	3.0	0.0
100	2086.3333333333335	10.0	20.0	1.0	9.0	0.0	1.0
110	1948.5	10.0	29.0	0.0	10.0	0.0	0.0
120	2072.6666666666665	0.0	29.0	1.0	0.0	1.0	0.0
130	2133.0	11.0	133.0	10.0	8.0	7.0	3.0
140	2278.6666666666665	17.0	66.0	8.0	11.0	2.0	6.0
150	2357.6666666666665	0.0	0.0	0.0	0.0	0.0	0.0
160	2262.0	22.0	121.0	7.0	21.0	3.0	1.0
170	2442.5	2.0	29.0	1.0	1.0	0.0	1.0
180	2215.8333333333335	9.0	71.0	4.0	8.0	3.0	1.0
190	2216.3333333333335	1.0	21.0	1.0	1.0	1.0	0.0
200	2272.8333333333335	3.0	27.0	0.0	3.0	0.0	0.0
210	2318.8333333333335	7.0	56.0	2.0	6.0	1.0	1.0
220	2290.1666666666665	2.0	40.0	1.0	2.0	1.0	0.0
230	2426.6666666666665	49.0	217.0	14.0	39.0	3.0	10.0
240	2334.1666666666665	2.0	100.0	4.0	0.0	2.0	2.0
250	2275.8333333333335	8.0	35.0	1.0	8.0	1.0	0.0
260	2542.8333333333335	0.0	21.0	1.0	0.0	1.0	0.0
270	2387.8333333333335	18.0	42.0	14.0	6.0	2.0	12.0
280	2540.1666666666665	0.0	0.0	0.0	0.0	0.0	0.0
290	2362.8333333333335	5.0	52.0	2.0	5.0	2.0	0.0
300	2578.8333333333335	1.0	46.0	0.0	1.0	0.0	0.0
310	2417.6666666666665	12.0	14.0	7.0	8.0	1.0	4.0
320	2530.6666666666665	1.0	30.0	1.0	1.0	1.0	0.0
330	2557.5	8.0	34.0	5.0	6.0	2.0	2.0
340	2382.0	11.0	87.0	9.0	3.0	1.0	8.0
350	2532.5	1.0	29.0	0.0	1.0	0.0	0.0
360	2588.3333333333335	9.0	107.0	8.0	9.0	3.0	0.0
370	2659.1666666666665	48.0	126.0	29.0	23.0	3.0	25.0
380	2504.0	0.0	0.0	0.0	0.0	0.0	0.0
390	2579.8333333333335	16.0	3.0	16.0	0.0	0.0	16.0
400	2315.5	0.0	34.0	1.0	0.0	1.0	0.0
410	2584.0	1.0	41.0	2.0	0.0	1.0	1.0
420	2598.1666666666665	2.0	3.0	0.0	2.0	0.0	0.0
430	2681.5	19.0	62.0	16.0	5.0	2.0	14.0
440	2623.8333333333335	0.0	0.0	0.0	0.0	0.0	0.0
450	2659.5	0.0	56.0	4.0	0.0	4.0	0.0
460	2508.0	1.0	27.0	1.0	1.0	1.0	0.0
470	2624.8333333333335	17.0	74.0	7.0	12.0	2.0	5.0
480	2679.5	9.0	49.0	5.0	7.0	3.0	2.0
490	2831.3333333333335	0.0	54.0	2.0	0.0	2.0	0.0
500	2711.1666666666665	0.0	48.0	3.0	0.0	3.0	0.0
510	2710.8333333333335	9.0	84.0	4.0	8.0	3.0	1.0
520	2608.0	35.0	105.0	18.0	20.0	2.0	15.0
530	2701.0	1.0	58.0	3.0	0.0	2.0	1.0
540	2478.8333333333335	21.0	90.0	14.0	7.0	0.0	14.0
550	2611.0	8.0	69.0	6.0	5.0	3.0	3.0
560	2874.1666666666665	2.0	54.0	5.0	0.0	3.0	2.0
570	2641.6666666666665	1.0	48.0	3.0	0.0	2.0	1.0
580	2590.0	22.0	10.0	23.0	2.0	2.0	20.0
590	3018.0	15.0	34.0	14.0	1.0	0.0	14.0
600	2881.8333333333335	5.0	51.0	1.0	4.0	0.0	1.0
610	2948.0	3.0	47.0	4.0	0.0	1.0	3.0
620	2681.3333333333335	19.0	38.0	19.0	1.0	1.0	18.0
630	2781.0	1.0	72.0	12.0	1.0	12.0	0.0
640	2663.5	2.0	60.0	1.0	1.0	0.0	1.0
650	2811.6666666666665	14.0	127.0	10.0	10.0	6.0	4.0
660	2668.3333333333335	9.0	63.0	11.0	0.0	2.0	9.0
670	2718.6666666666665	1.0	101.0	3.0	1.0	3.0	0.0
680	2531.0	15.0	111.0	5.0	13.0	3.0	2.0
690	2700.6666666666665	3.0	75.0	6.0	0.0	3.0	3.0
700	2722.0	2.0	25.0	1.0	1.0	0.0	1.0
710	2818.3333333333335	4.0	116.0	6.0	0.0	2.0	4.0
720	2682.6666666666665	5.0	105.0	8.0	1.0	4.0	4.0
730	2861.8333333333335	0.0	41.0	1.0	0.0	1.0	0.0
740	3139.6666666666665	31.0	133.0	5.0	29.0	3.0	2.0
750	2664.1666666666665	25.0	178.0	14.0	16.0	5.0	9.0
760	2895.0	41.0	333.0	22.0	28.0	9.0	13.0
770	2925.1666666666665	4.0	27.0	2.0	4.0	2.0	0.0
780	3104.0	9.0	108.0	14.0	0.0	5.0	9.0
790	2861.0	5.0	146.0	5.0	4.0	3.0	1.0
800	2845.8333333333335	2.0	46.0	3.0	1.0	1.0	1.0
810	2766.0	10.0	46.0	3.0	7.0	0.0	3.0
820	2611.5	27.0	5.0	27.0	0.0	0.0	27.0
830	3094.1666666666665	34.0	130.0	25.0	10.0	1.0	24.0
840	2688.8333333333335	1.0	71.0	2.0	0.0	1.0	1.0
850	2962.1666666666665	9.0	62.0	1.0	9.0	1.0	0.0
860	2966.0	11.0	171.0	14.0	1.0	4.0	10.0
870	2897.1666666666665	2.0	100.0	3.0	1.0	2.0	1.0
880	2840.6666666666665	36.0	81.0	37.0	2.0	3.0	34.0
890	3035.6666666666665	12.0	167.0	13.0	2.0	3.0	10.0
900	2871.0	13.0	70.0	15.0	1.0	2.0	12.0
910	3178.0	27.0	117.0	21.0	8.0	2.0	19.0
920	3159.6666666666665	11.0	146.0	13.0	0.0	2.0	11.0
930	3148.3333333333335	4.0	26.0	7.0	0.0	3.0	4.0
940	2777.1666666666665	3.0	43.0	3.0	2.0	2.0	1.0
950	3086.3333333333335	9.0	97.0	11.0	1.0	3.0	8.0
960	3012.8333333333335	0.0	29.0	0.0	0.0	0.0	0.0
970	2952.6666666666665	27.0	116.0	31.0	0.0	4.0	27.0
980	3315.1666666666665	6.0	146.0	9.0	1.0	3.0	5.0
990	2793.0	3.0	107.0	2.0	1.0	0.0	2.0
1000	2745.3333333333335	7.0	92.0	13.0	0.0	6.0	7.0
