0	306.0	0.0	0.0	0.0	0.0	0.0	0.0
10	2028.3333333333333	27.0	111.0	15.0	14.0	2.0	13.0
20	2130.8333333333335	16.0	66.0	6.0	12.0	2.0	4.0
30	2004.8333333333333	8.0	28.0	3.0	8.0	3.0	0.0
40	2161.0	5.0	16.0	0.0	5.0	0.0	0.0
50	2178.5	17.0	58.0	14.0	4.0	1.0	13.0
60	1911.6666666666667	22.0	133.0	12.0	17.0	7.0	5.0
70	2239.5	37.0	127.0	12.0	26.0	0.0	11.0
80	1930.5	0.0	5.0	0.0	0.0	0.0	0.0
90	2252.3333333333335	0.0	29.0	2.0	0.0	2.0	0.0
100	2019.6666666666667	1.0	64.0	4.0	1.0	4.0	0.0
110	2114.1666666666665	5.0	17.0	0.0	5.0	0.0	0.0
120	2186.5	4.0	58.0	3.0	3.0	2.0	1.0
130	2124.5	0.0	42.0	3.0	0.0	3.0	0.0
140	2268.5	7.0	16.0	3.0	7.0	1.0	0.0
150	2338.0	38.0	81.0	36.0	4.0	2.0	34.0
160	2342.5	20.0	43.0	18.0	4.0	2.0	16.0
170	2350.0	1.0	2.0	0.0	1.0	0.0	0.0
180	2137.0	4.0	10.0	3.0	1.0	0.0	3.0
190	2211.3333333333335	14.0	23.0	1.0	14.0	1.0	0.0
200	2304.6666666666665	0.0	84.0	2.0	0.0	2.0	0.0
210	2463.1666666666665	30.0	128.0	19.0	13.0	1.0	17.0
220	2363.0	50.0	92.0	22.0	30.0	1.0	20.0
230	2452.6666666666665	21.0	94.0	17.0	9.0	5.0	12.0
240	2400.0	7.0	32.0	2.0	6.0	1.0	1.0
250	2525.0	46.0	50.0	39.0	11.0	4.0	35.0
260	2664.3333333333335	1.0	39.0	0.0	1.0	0.0	0.0
270	2198.8333333333335	14.0	93.0	8.0	12.0	6.0	2.0
280	2559.0	3.0	14.0	0.0	3.0	0.0	0.0
290	2458.1666666666665	1.0	62.0	2.0	0.0	1.0	1.0
300	2656.6666666666665	32.0	36.0	6.0	26.0	0.0	6.0
310	2574.3333333333335	11.0	26.0	0.0	11.0	0.0	0.0
320	2490.3333333333335	24.0	36.0	18.0	9.0	3.0	15.0
330	2971.0	40.0	134.0	14.0	30.0	2.0	10.0
340	2650.8333333333335	52.0	146.0	7.0	45.0	0.0	7.0
350	2757.0	11.0	85.0	9.0	4.0	2.0	7.0
360	2666.0	5.0	41.0	2.0	5.0	1.0	0.0
370	2617.6666666666665	5.0	83.0	2.0	4.0	1.0	1.0
380	2919.1666666666665	36.0	49.0	37.0	2.0	3.0	34.0
390	2726.1666666666665	55.0	84.0	48.0	9.0	2.0	46.0
400	2689.8333333333335	17.0	35.0	2.0	16.0	1.0	1.0
410	2698.8333333333335	12.0	99.0	4.0	11.0	3.0	1.0
420	2915.0	10.0	57.0	7.0	4.0	1.0	6.0
430	2753.3333333333335	2.0	11.0	3.0	0.0	1.0	2.0
440	2735.0	0.0	43.0	1.0	0.0	1.0	0.0
450	2947.8333333333335	0.0	0.0	0.0	0.0	0.0	0.0
460	2814.3333333333335	8.0	38.0	0.0	8.0	0.0	0.0
470	2903.0	12.0	30.0	4.0	8.0	0.0	4.0
480	2596.6666666666665	10.0	81.0	7.0	4.0	1.0	6.0
490	2627.6666666666665	8.0	53.0	0.0	8.0	0.0	0.0
500	2709.3333333333335	0.0	1.0	0.0	0.0	0.0	0.0
510	2740.1666666666665	8.0	11.0	6.0	2.0	0.0	6.0
520	2796.8333333333335	6.0	30.0	2.0	5.0	1.0	1.0
530	2747.6666666666665	13.0	54.0	12.0	1.0	0.0	12.0
540	2759.1666666666665	5.0	51.0	2.0	4.0	1.0	1.0
550	2825.5	1.0	33.0	1.0	0.0	0.0	1.0
560	3043.3333333333335	16.0	61.0	8.0	9.0	0.0	7.0
570	2998.3333333333335	3.0	45.0	5.0	0.0	2.0	3.0
580	2910.1666666666665	3.0	65.0	4.0	0.0	1.0	3.0
590	2972.5	20.0	36.0	11.0	9.0	0.0	11.0
600	2998.0	5.0	84.0	5.0	4.0	2.0	1.0
610	2827.3333333333335	1.0	40.0	1.0	1.0	1.0	0.0
620	3023.6666666666665	3.0	40.0	4.0	0.0	1.0	3.0
630	3024.6666666666665	1.0	61.0	2.0	0.0	1.0	1.0
640	2816.0	1.0	49.0	1.0	0.0	0.0	1.0
650	2812.8333333333335	28.0	94.0	18.0	10.0	0.0	18.0
660	3271.5	1.0	127.0	4.0	1.0	4.0	0.0
670	2827.8333333333335	0.0	101.0	2.0	0.0	2.0	0.0
680	2867.6666666666665	18.0	109.0	10.0	8.0	0.0	10.0
690	2860.6666666666665	2.0	93.0	3.0	1.0	2.0	1.0
700	2875.5	5.0	79.0	9.0	1.0	4.0	4.0
710	3051.3333333333335	4.0	31.0	4.0	0.0	0.0	4.0
720	3053.1666666666665	6.0	95.0	6.0	0.0	0.0	6.0
730	3089.3333333333335	2.0	71.0	3.0	0.0	1.0	2.0
740	2973.3333333333335	1.0	59.0	1.0	1.0	1.0	0.0
750	3065.5	11.0	72.0	13.0	0.0	2.0	11.0
760	3051.5	1.0	75.0	1.0	1.0	1.0	0.0
770	3134.8333333333335	1.0	80.0	3.0	1.0	2.0	0.0
780	3040.5	14.0	169.0	16.0	2.0	4.0	12.0
790	3044.0	0.0	36.0	2.0	0.0	2.0	0.0
800	3269.0	8.0	74.0	10.0	2.0	4.0	6.0
810	3034.3333333333335	2.0	45.0	2.0	1.0	1.0	1.0
820	3166.5	0.0	101.0	4.0	0.0	4.0	0.0
830	2866.0	2.0	118.0	3.0	1.0	2.0	1.0
840	3431.0	2.0	78.0	5.0	0.0	3.0	2.0
850	2984.0	0.0	47.0	1.0	0.0	1.0	0.0
860	3020.3333333333335	1.0	19.0	1.0	0.0	0.0	1.0
870	3155.0	3.0	51.0	0.0	3.0	0.0	0.0
880	3077.8333333333335	21.0	140.0	26.0	2.0	6.0	19.0
890	3112.5	6.0	105.0	7.0	0.0	1.0	6.0
900	3150.5	26.0	105.0	25.0	4.0	3.0	22.0
910	3161.6666666666665	0.0	0.0	0.0	0.0	0.0	0.0
920	3254.3333333333335	0.0	0.0	0.0	0.0	0.0	0.0
930	3180.1666666666665	0.0	0.0	0.0	0.0	0.0	0.0
940	3031.1666666666665	0.0	0.0	0.0	0.0	0.0	0.0
950	3208.8333333333335	0.0	0.0	0.0	0.0	0.0	0.0
960	2972.0	0.0	0.0	0.0	0.0	0.0	0.0
970	3244.3333333333335	0.0	0.0	0.0	0.0	0.0	0.0
980	3040.8333333333335	0.0	0.0	0.0	0.0	0.0	0.0
990	3190.5	0.0	0.0	0.0	0.0	0.0	0.0
1000	3327.1666666666665	0.0	0.0	0.0	0.0	0.0	0.0
