0	262.49999999999994	0.0	0.0	0.0	0.0	0.0	0.0
10	1912.6055555555554	181.86666666666667	909.6333333333333	173.66666666666666	102.96666666666667	82.93333333333334	78.9
20	1929.1166666666672	178.6	948.3666666666667	170.33333333333334	102.73333333333333	81.06666666666666	75.86666666666666
30	1988.7333333333333	183.03333333333333	851.7333333333333	167.26666666666668	103.36666666666666	75.7	79.66666666666667
40	1973.111111111111	170.73333333333332	873.2333333333333	168.33333333333334	93.56666666666666	77.63333333333334	77.16666666666667
50	2062.566666666667	126.46666666666667	811.2333333333333	131.7	77.1	71.6	49.36666666666667
60	2036.7222222222224	93.4	526.2333333333333	89.53333333333333	58.63333333333333	46.93333333333333	34.766666666666666
70	2090.3388888888885	53.96666666666667	318.76666666666665	56.93333333333333	32.9	31.566666666666666	21.066666666666666
80	2128.45	11.933333333333334	86.3	13.033333333333333	8.266666666666667	8.866666666666667	3.6666666666666665
90	2145.8611111111104	0.0	0.0	0.0	0.0	0.0	0.0
100	2170.6388888888887	0.0	0.0	0.0	0.0	0.0	0.0
110	2162.472222222222	0.0	0.0	0.0	0.0	0.0	0.0
120	2209.9555555555553	0.0	0.0	0.0	0.0	0.0	0.0
130	2209.9777777777776	0.0	0.0	0.0	0.0	0.0	0.0
140	2208.005555555555	0.0	0.0	0.0	0.0	0.0	0.0
150	2237.4777777777776	0.0	0.0	0.0	0.0	0.0	0.0
160	2285.927777777778	0.0	0.0	0.0	0.0	0.0	0.0
170	2291.3611111111113	0.0	0.0	0.0	0.0	0.0	0.0
180	2322.25	0.0	0.0	0.0	0.0	0.0	0.0
190	2328.627777777778	0.0	0.0	0.0	0.0	0.0	0.0
200	2363.3555555555554	0.0	0.0	0.0	0.0	0.0	0.0
210	2352.3055555555557	0.0	0.0	0.0	0.0	0.0	0.0
220	2358.6111111111113	0.0	0.0	0.0	0.0	0.0	0.0
230	2363.777777777778	0.0	0.0	0.0	0.0	0.0	0.0
240	2385.8222222222225	0.0	0.0	0.0	0.0	0.0	0.0
250	2434.2666666666673	0.0	0.0	0.0	0.0	0.0	0.0
260	2421.8722222222223	0.0	0.0	0.0	0.0	0.0	0.0
270	2410.744444444445	0.0	0.0	0.0	0.0	0.0	0.0
280	2369.866666666667	0.0	0.0	0.0	0.0	0.0	0.0
290	2490.7000000000003	0.0	0.0	0.0	0.0	0.0	0.0
300	2487.0999999999995	0.0	0.0	0.0	0.0	0.0	0.0
310	2445.094444444445	0.0	0.0	0.0	0.0	0.0	0.0
320	2500.6055555555554	0.0	0.0	0.0	0.0	0.0	0.0
330	2526.7111111111103	0.0	0.0	0.0	0.0	0.0	0.0
340	2510.9777777777776	0.0	0.0	0.0	0.0	0.0	0.0
350	2525.261111111111	0.0	0.0	0.0	0.0	0.0	0.0
360	2554.3055555555557	0.0	0.0	0.0	0.0	0.0	0.0
370	2592.2888888888892	0.0	0.0	0.0	0.0	0.0	0.0
380	2587.1277777777773	0.0	0.0	0.0	0.0	0.0	0.0
390	2569.561111111111	0.0	0.0	0.0	0.0	0.0	0.0
400	2597.9	0.0	0.0	0.0	0.0	0.0	0.0
410	2585.961111111111	0.0	0.0	0.0	0.0	0.0	0.0
420	2576.4	0.0	0.0	0.0	0.0	0.0	0.0
430	2627.744444444445	0.0	0.0	0.0	0.0	0.0	0.0
440	2634.7499999999995	0.0	0.0	0.0	0.0	0.0	0.0
450	2637.6111111111118	0.0	0.0	0.0	0.0	0.0	0.0
460	2619.5444444444447	0.0	0.0	0.0	0.0	0.0	0.0
470	2683.2388888888886	0.0	0.0	0.0	0.0	0.0	0.0
480	2668.3777777777777	0.0	0.0	0.0	0.0	0.0	0.0
490	2650.6944444444443	0.0	0.0	0.0	0.0	0.0	0.0
500	2739.4944444444454	0.0	0.0	0.0	0.0	0.0	0.0
510	2643.3666666666672	0.0	0.0	0.0	0.0	0.0	0.0
520	2655.6055555555554	0.0	0.0	0.0	0.0	0.0	0.0
530	2725.844444444445	0.0	0.0	0.0	0.0	0.0	0.0
540	2706.1666666666674	0.0	0.0	0.0	0.0	0.0	0.0
550	2697.038888888889	0.0	0.0	0.0	0.0	0.0	0.0
560	2687.422222222222	0.0	0.0	0.0	0.0	0.0	0.0
570	2764.683333333334	0.0	0.0	0.0	0.0	0.0	0.0
580	2740.0222222222224	0.0	0.0	0.0	0.0	0.0	0.0
590	2677.983333333334	0.0	0.0	0.0	0.0	0.0	0.0
600	2741.6555555555556	0.0	0.0	0.0	0.0	0.0	0.0
610	2732.233333333334	0.0	0.0	0.0	0.0	0.0	0.0
620	2756.1388888888887	0.0	0.0	0.0	0.0	0.0	0.0
630	2773.6388888888882	0.0	0.0	0.0	0.0	0.0	0.0
640	2773.6277777777786	0.0	0.0	0.0	0.0	0.0	0.0
650	2820.1611111111115	0.0	0.0	0.0	0.0	0.0	0.0
660	2803.311111111111	0.0	0.0	0.0	0.0	0.0	0.0
670	2746.5	0.0	0.0	0.0	0.0	0.0	0.0
680	2764.3166666666666	0.0	0.0	0.0	0.0	0.0	0.0
690	2797.6055555555563	0.0	0.0	0.0	0.0	0.0	0.0
700	2787.105555555555	0.0	0.0	0.0	0.0	0.0	0.0
710	2804.5333333333333	0.0	0.0	0.0	0.0	0.0	0.0
720	2809.388888888889	0.0	0.0	0.0	0.0	0.0	0.0
730	2846.1444444444446	0.0	0.0	0.0	0.0	0.0	0.0
740	2794.077777777778	0.0	0.0	0.0	0.0	0.0	0.0
750	2827.1833333333334	0.0	0.0	0.0	0.0	0.0	0.0
760	2852.472222222223	0.0	0.0	0.0	0.0	0.0	0.0
770	2785.4111111111115	0.0	0.0	0.0	0.0	0.0	0.0
780	2816.9888888888886	0.0	0.0	0.0	0.0	0.0	0.0
790	2894.8611111111104	0.0	0.0	0.0	0.0	0.0	0.0
800	2858.077777777778	0.0	0.0	0.0	0.0	0.0	0.0
810	2926.8111111111107	0.0	0.0	0.0	0.0	0.0	0.0
820	2965.822222222222	0.0	0.0	0.0	0.0	0.0	0.0
830	2885.1555555555556	0.0	0.0	0.0	0.0	0.0	0.0
840	2950.8777777777777	0.0	0.0	0.0	0.0	0.0	0.0
850	2909.6499999999996	0.0	0.0	0.0	0.0	0.0	0.0
860	2904.861111111112	0.0	0.0	0.0	0.0	0.0	0.0
870	2916.8388888888894	0.0	0.0	0.0	0.0	0.0	0.0
880	2938.8166666666666	0.0	0.0	0.0	0.0	0.0	0.0
890	2931.188888888888	0.0	0.0	0.0	0.0	0.0	0.0
900	2976.3388888888885	0.0	0.0	0.0	0.0	0.0	0.0
910	2995.2111111111108	0.0	0.0	0.0	0.0	0.0	0.0
920	2987.6999999999994	0.0	0.0	0.0	0.0	0.0	0.0
930	2967.1666666666665	0.0	0.0	0.0	0.0	0.0	0.0
940	2991.9777777777776	0.0	0.0	0.0	0.0	0.0	0.0
950	2980.8000000000006	0.0	0.0	0.0	0.0	0.0	0.0
960	3021.116666666667	0.0	0.0	0.0	0.0	0.0	0.0
970	3015.838888888889	0.0	0.0	0.0	0.0	0.0	0.0
980	3034.4722222222213	0.0	0.0	0.0	0.0	0.0	0.0
990	3010.2888888888892	0.0	0.0	0.0	0.0	0.0	0.0
1000	3042.8722222222223	0.0	0.0	0.0	0.0	0.0	0.0
