0	280.3333333333333	0.0	0.0	0.0	0.0	0.0	0.0
10	1870.1666666666667	158.0	1370.0	150.0	131.0	118.0	27.0
20	1790.1666666666667	189.0	892.0	157.0	112.0	72.0	77.0
30	1768.6666666666667	194.0	820.0	152.0	113.0	66.0	81.0
40	2114.0	56.0	698.0	96.0	47.0	76.0	9.0
50	2060.8333333333335	272.0	1012.0	211.0	145.0	79.0	127.0
60	1877.1666666666667	131.0	332.0	100.0	76.0	28.0	55.0
70	2112.8333333333335	0.0	0.0	0.0	0.0	0.0	0.0
80	2166.0	0.0	0.0	0.0	0.0	0.0	0.0
90	2224.1666666666665	0.0	0.0	0.0	0.0	0.0	0.0
100	2103.6666666666665	0.0	0.0	0.0	0.0	0.0	0.0
110	2183.1666666666665	0.0	0.0	0.0	0.0	0.0	0.0
120	2201.0	0.0	0.0	0.0	0.0	0.0	0.0
130	2156.1666666666665	0.0	0.0	0.0	0.0	0.0	0.0
140	2236.5	0.0	0.0	0.0	0.0	0.0	0.0
150	1981.0	0.0	0.0	0.0	0.0	0.0	0.0
160	2247.0	0.0	0.0	0.0	0.0	0.0	0.0
170	2347.6666666666665	0.0	0.0	0.0	0.0	0.0	0.0
180	2407.3333333333335	0.0	0.0	0.0	0.0	0.0	0.0
190	2450.5	0.0	0.0	0.0	0.0	0.0	0.0
200	2434.6666666666665	0.0	0.0	0.0	0.0	0.0	0.0
210	2177.6666666666665	0.0	0.0	0.0	0.0	0.0	0.0
220	2381.6666666666665	0.0	0.0	0.0	0.0	0.0	0.0
230	2449.1666666666665	0.0	0.0	0.0	0.0	0.0	0.0
240	2225.1666666666665	0.0	0.0	0.0	0.0	0.0	0.0
250	2599.0	0.0	0.0	0.0	0.0	0.0	0.0
260	2455.8333333333335	0.0	0.0	0.0	0.0	0.0	0.0
270	2581.6666666666665	0.0	0.0	0.0	0.0	0.0	0.0
280	2332.1666666666665	0.0	0.0	0.0	0.0	0.0	0.0
290	2511.0	0.0	0.0	0.0	0.0	0.0	0.0
300	2423.6666666666665	0.0	0.0	0.0	0.0	0.0	0.0
310	2483.8333333333335	0.0	0.0	0.0	0.0	0.0	0.0
320	2591.6666666666665	0.0	0.0	0.0	0.0	0.0	0.0
330	2557.6666666666665	0.0	0.0	0.0	0.0	0.0	0.0
340	2556.3333333333335	0.0	0.0	0.0	0.0	0.0	0.0
350	2366.1666666666665	0.0	0.0	0.0	0.0	0.0	0.0
360	2330.8333333333335	0.0	0.0	0.0	0.0	0.0	0.0
370	2596.8333333333335	0.0	0.0	0.0	0.0	0.0	0.0
380	2840.1666666666665	0.0	0.0	0.0	0.0	0.0	0.0
390	2593.1666666666665	0.0	0.0	0.0	0.0	0.0	0.0
400	2544.6666666666665	0.0	0.0	0.0	0.0	0.0	0.0
410	2709.0	0.0	0.0	0.0	0.0	0.0	0.0
420	2587.0	0.0	0.0	0.0	0.0	0.0	0.0
430	2494.5	0.0	0.0	0.0	0.0	0.0	0.0
440	2621.8333333333335	0.0	0.0	0.0	0.0	0.0	0.0
450	2722.5	0.0	0.0	0.0	0.0	0.0	0.0
460	2564.5	0.0	0.0	0.0	0.0	0.0	0.0
470	2551.8333333333335	0.0	0.0	0.0	0.0	0.0	0.0
480	2708.5	0.0	0.0	0.0	0.0	0.0	0.0
490	2563.5	0.0	0.0	0.0	0.0	0.0	0.0
500	2699.6666666666665	0.0	0.0	0.0	0.0	0.0	0.0
510	2440.0	0.0	0.0	0.0	0.0	0.0	0.0
520	2373.0	0.0	0.0	0.0	0.0	0.0	0.0
530	2863.8333333333335	0.0	0.0	0.0	0.0	0.0	0.0
540	2974.8333333333335	0.0	0.0	0.0	0.0	0.0	0.0
550	2571.8333333333335	0.0	0.0	0.0	0.0	0.0	0.0
560	2691.0	0.0	0.0	0.0	0.0	0.0	0.0
570	2759.0	0.0	0.0	0.0	0.0	0.0	0.0
580	2695.1666666666665	0.0	0.0	0.0	0.0	0.0	0.0
590	2529.0	0.0	0.0	0.0	0.0	0.0	0.0
600	2882.1666666666665	0.0	0.0	0.0	0.0	0.0	0.0
610	2522.0	0.0	0.0	0.0	0.0	0.0	0.0
620	2632.5	0.0	0.0	0.0	0.0	0.0	0.0
630	2584.1666666666665	0.0	0.0	0.0	0.0	0.0	0.0
640	2779.8333333333335	0.0	0.0	0.0	0.0	0.0	0.0
650	2825.5	0.0	0.0	0.0	0.0	0.0	0.0
660	2561.5	0.0	0.0	0.0	0.0	0.0	0.0
670	2683.3333333333335	0.0	0.0	0.0	0.0	0.0	0.0
680	2834.0	0.0	0.0	0.0	0.0	0.0	0.0
690	2944.6666666666665	0.0	0.0	0.0	0.0	0.0	0.0
700	2928.5	0.0	0.0	0.0	0.0	0.0	0.0
710	2867.3333333333335	0.0	0.0	0.0	0.0	0.0	0.0
720	2722.0	0.0	0.0	0.0	0.0	0.0	0.0
730	2825.0	0.0	0.0	0.0	0.0	0.0	0.0
740	2886.8333333333335	0.0	0.0	0.0	0.0	0.0	0.0
750	3113.3333333333335	0.0	0.0	0.0	0.0	0.0	0.0
760	2837.5	0.0	0.0	0.0	0.0	0.0	0.0
770	2946.8333333333335	0.0	0.0	0.0	0.0	0.0	0.0
780	2741.5	0.0	0.0	0.0	0.0	0.0	0.0
790	2952.8333333333335	0.0	0.0	0.0	0.0	0.0	0.0
800	2689.8333333333335	0.0	0.0	0.0	0.0	0.0	0.0
810	2991.3333333333335	0.0	0.0	0.0	0.0	0.0	0.0
820	2913.1666666666665	0.0	0.0	0.0	0.0	0.0	0.0
830	2642.3333333333335	0.0	0.0	0.0	0.0	0.0	0.0
840	3094.3333333333335	0.0	0.0	0.0	0.0	0.0	0.0
850	3259.3333333333335	0.0	0.0	0.0	0.0	0.0	0.0
860	3022.0	0.0	0.0	0.0	0.0	0.0	0.0
870	2726.6666666666665	0.0	0.0	0.0	0.0	0.0	0.0
880	2990.0	0.0	0.0	0.0	0.0	0.0	0.0
890	2854.5	0.0	0.0	0.0	0.0	0.0	0.0
900	3061.3333333333335	0.0	0.0	0.0	0.0	0.0	0.0
910	3080.0	0.0	0.0	0.0	0.0	0.0	0.0
920	2829.0	0.0	0.0	0.0	0.0	0.0	0.0
930	3017.0	0.0	0.0	0.0	0.0	0.0	0.0
940	2996.3333333333335	0.0	0.0	0.0	0.0	0.0	0.0
950	3065.5	0.0	0.0	0.0	0.0	0.0	0.0
960	2952.1666666666665	0.0	0.0	0.0	0.0	0.0	0.0
970	2931.1666666666665	0.0	0.0	0.0	0.0	0.0	0.0
980	2881.3333333333335	0.0	0.0	0.0	0.0	0.0	0.0
990	3272.3333333333335	0.0	0.0	0.0	0.0	0.0	0.0
1000	2910.5	0.0	0.0	0.0	0.0	0.0	0.0
