0	268.0	0.0	0.0	0.0	0.0	0.0	0.0
10	1976.1666666666667	174.0	1194.0	157.0	123.0	93.0	51.0
20	1843.6666666666667	331.0	844.0	312.0	79.0	49.0	252.0
30	2093.3333333333335	195.0	748.0	177.0	76.0	42.0	119.0
40	1583.8333333333333	275.0	610.0	309.0	56.0	79.0	219.0
50	2145.1666666666665	25.0	9.0	22.0	11.0	2.0	14.0
60	2180.6666666666665	0.0	0.0	0.0	0.0	0.0	0.0
70	2077.8333333333335	0.0	0.0	0.0	0.0	0.0	0.0
80	2136.0	0.0	0.0	0.0	0.0	0.0	0.0
90	2076.8333333333335	0.0	0.0	0.0	0.0	0.0	0.0
100	2241.8333333333335	0.0	0.0	0.0	0.0	0.0	0.0
110	2162.1666666666665	0.0	0.0	0.0	0.0	0.0	0.0
120	2167.5	0.0	0.0	0.0	0.0	0.0	0.0
130	2335.1666666666665	0.0	0.0	0.0	0.0	0.0	0.0
140	2223.8333333333335	0.0	0.0	0.0	0.0	0.0	0.0
150	2291.0	0.0	0.0	0.0	0.0	0.0	0.0
160	2259.3333333333335	0.0	0.0	0.0	0.0	0.0	0.0
170	2300.8333333333335	0.0	0.0	0.0	0.0	0.0	0.0
180	2241.1666666666665	0.0	0.0	0.0	0.0	0.0	0.0
190	2328.5	0.0	0.0	0.0	0.0	0.0	0.0
200	2381.5	0.0	0.0	0.0	0.0	0.0	0.0
210	2261.8333333333335	0.0	0.0	0.0	0.0	0.0	0.0
220	2283.0	0.0	0.0	0.0	0.0	0.0	0.0
230	2451.0	0.0	0.0	0.0	0.0	0.0	0.0
240	2458.1666666666665	0.0	0.0	0.0	0.0	0.0	0.0
250	2482.3333333333335	0.0	0.0	0.0	0.0	0.0	0.0
260	2356.3333333333335	0.0	0.0	0.0	0.0	0.0	0.0
270	2199.5	0.0	0.0	0.0	0.0	0.0	0.0
280	2129.5	0.0	0.0	0.0	0.0	0.0	0.0
290	2562.5	0.0	0.0	0.0	0.0	0.0	0.0
300	2689.8333333333335	0.0	0.0	0.0	0.0	0.0	0.0
310	2457.6666666666665	0.0	0.0	0.0	0.0	0.0	0.0
320	2673.3333333333335	0.0	0.0	0.0	0.0	0.0	0.0
330	2441.6666666666665	0.0	0.0	0.0	0.0	0.0	0.0
340	2591.8333333333335	0.0	0.0	0.0	0.0	0.0	0.0
350	2541.1666666666665	0.0	0.0	0.0	0.0	0.0	0.0
360	2437.1666666666665	0.0	0.0	0.0	0.0	0.0	0.0
370	2619.8333333333335	0.0	0.0	0.0	0.0	0.0	0.0
380	2647.3333333333335	0.0	0.0	0.0	0.0	0.0	0.0
390	2551.3333333333335	0.0	0.0	0.0	0.0	0.0	0.0
400	2614.6666666666665	0.0	0.0	0.0	0.0	0.0	0.0
410	2592.5	0.0	0.0	0.0	0.0	0.0	0.0
420	2695.8333333333335	0.0	0.0	0.0	0.0	0.0	0.0
430	2658.8333333333335	0.0	0.0	0.0	0.0	0.0	0.0
440	2358.6666666666665	0.0	0.0	0.0	0.0	0.0	0.0
450	2658.8333333333335	0.0	0.0	0.0	0.0	0.0	0.0
460	2742.3333333333335	0.0	0.0	0.0	0.0	0.0	0.0
470	2722.8333333333335	0.0	0.0	0.0	0.0	0.0	0.0
480	2550.0	0.0	0.0	0.0	0.0	0.0	0.0
490	2559.0	0.0	0.0	0.0	0.0	0.0	0.0
500	2879.3333333333335	0.0	0.0	0.0	0.0	0.0	0.0
510	2639.3333333333335	0.0	0.0	0.0	0.0	0.0	0.0
520	2737.3333333333335	0.0	0.0	0.0	0.0	0.0	0.0
530	2838.8333333333335	0.0	0.0	0.0	0.0	0.0	0.0
540	2484.0	0.0	0.0	0.0	0.0	0.0	0.0
550	2355.5	0.0	0.0	0.0	0.0	0.0	0.0
560	2855.1666666666665	0.0	0.0	0.0	0.0	0.0	0.0
570	2680.6666666666665	0.0	0.0	0.0	0.0	0.0	0.0
580	2641.0	0.0	0.0	0.0	0.0	0.0	0.0
590	2677.5	0.0	0.0	0.0	0.0	0.0	0.0
600	2711.6666666666665	0.0	0.0	0.0	0.0	0.0	0.0
610	2623.6666666666665	0.0	0.0	0.0	0.0	0.0	0.0
620	2926.3333333333335	0.0	0.0	0.0	0.0	0.0	0.0
630	2596.3333333333335	0.0	0.0	0.0	0.0	0.0	0.0
640	2764.8333333333335	0.0	0.0	0.0	0.0	0.0	0.0
650	2880.5	0.0	0.0	0.0	0.0	0.0	0.0
660	2672.0	0.0	0.0	0.0	0.0	0.0	0.0
670	2673.1666666666665	0.0	0.0	0.0	0.0	0.0	0.0
680	2645.5	0.0	0.0	0.0	0.0	0.0	0.0
690	2536.0	0.0	0.0	0.0	0.0	0.0	0.0
700	2638.6666666666665	0.0	0.0	0.0	0.0	0.0	0.0
710	2584.6666666666665	0.0	0.0	0.0	0.0	0.0	0.0
720	2559.8333333333335	0.0	0.0	0.0	0.0	0.0	0.0
730	2815.3333333333335	0.0	0.0	0.0	0.0	0.0	0.0
740	2851.3333333333335	0.0	0.0	0.0	0.0	0.0	0.0
750	2853.0	0.0	0.0	0.0	0.0	0.0	0.0
760	2791.0	0.0	0.0	0.0	0.0	0.0	0.0
770	2911.0	0.0	0.0	0.0	0.0	0.0	0.0
780	2872.6666666666665	0.0	0.0	0.0	0.0	0.0	0.0
790	2707.1666666666665	0.0	0.0	0.0	0.0	0.0	0.0
800	2864.1666666666665	0.0	0.0	0.0	0.0	0.0	0.0
810	2710.6666666666665	0.0	0.0	0.0	0.0	0.0	0.0
820	2827.6666666666665	0.0	0.0	0.0	0.0	0.0	0.0
830	2682.6666666666665	0.0	0.0	0.0	0.0	0.0	0.0
840	2718.5	0.0	0.0	0.0	0.0	0.0	0.0
850	2680.5	0.0	0.0	0.0	0.0	0.0	0.0
860	2767.5	0.0	0.0	0.0	0.0	0.0	0.0
870	2940.0	0.0	0.0	0.0	0.0	0.0	0.0
880	2740.8333333333335	0.0	0.0	0.0	0.0	0.0	0.0
890	2935.6666666666665	0.0	0.0	0.0	0.0	0.0	0.0
900	2879.0	0.0	0.0	0.0	0.0	0.0	0.0
910	2798.6666666666665	0.0	0.0	0.0	0.0	0.0	0.0
920	2872.1666666666665	0.0	0.0	0.0	0.0	0.0	0.0
930	2851.6666666666665	0.0	0.0	0.0	0.0	0.0	0.0
940	2782.0	0.0	0.0	0.0	0.0	0.0	0.0
950	2771.3333333333335	0.0	0.0	0.0	0.0	0.0	0.0
960	3161.1666666666665	0.0	0.0	0.0	0.0	0.0	0.0
970	2977.6666666666665	0.0	0.0	0.0	0.0	0.0	0.0
980	2835.5	0.0	0.0	0.0	0.0	0.0	0.0
990	2815.3333333333335	0.0	0.0	0.0	0.0	0.0	0.0
1000	2916.8333333333335	0.0	0.0	0.0	0.0	0.0	0.0
