0	243.33333333333334	0.0	0.0	0.0	0.0	0.0	0.0
10	1577.0	182.0	962.0	222.0	81.0	99.0	101.0
20	1901.0	149.0	1001.0	150.0	96.0	85.0	53.0
30	1970.6666666666667	41.0	419.0	43.0	32.0	33.0	9.0
40	1961.6666666666667	128.0	955.0	170.0	61.0	91.0	67.0
50	2142.1666666666665	124.0	929.0	125.0	88.0	63.0	36.0
60	1852.3333333333333	140.0	592.0	122.0	69.0	49.0	71.0
70	2103.1666666666665	236.0	763.0	170.0	151.0	57.0	85.0
80	2249.8333333333335	0.0	0.0	0.0	0.0	0.0	0.0
90	2136.1666666666665	0.0	0.0	0.0	0.0	0.0	0.0
100	2239.3333333333335	0.0	0.0	0.0	0.0	0.0	0.0
110	2356.1666666666665	0.0	0.0	0.0	0.0	0.0	0.0
120	2222.3333333333335	0.0	0.0	0.0	0.0	0.0	0.0
130	2154.8333333333335	0.0	0.0	0.0	0.0	0.0	0.0
140	2044.0	0.0	0.0	0.0	0.0	0.0	0.0
150	2134.5	0.0	0.0	0.0	0.0	0.0	0.0
160	2247.0	0.0	0.0	0.0	0.0	0.0	0.0
170	2299.0	0.0	0.0	0.0	0.0	0.0	0.0
180	2392.5	0.0	0.0	0.0	0.0	0.0	0.0
190	2006.1666666666667	0.0	0.0	0.0	0.0	0.0	0.0
200	2349.3333333333335	0.0	0.0	0.0	0.0	0.0	0.0
210	2460.6666666666665	0.0	0.0	0.0	0.0	0.0	0.0
220	2380.1666666666665	0.0	0.0	0.0	0.0	0.0	0.0
230	2311.5	0.0	0.0	0.0	0.0	0.0	0.0
240	2533.0	0.0	0.0	0.0	0.0	0.0	0.0
250	2271.1666666666665	0.0	0.0	0.0	0.0	0.0	0.0
260	2466.0	0.0	0.0	0.0	0.0	0.0	0.0
270	2328.1666666666665	0.0	0.0	0.0	0.0	0.0	0.0
280	2295.0	0.0	0.0	0.0	0.0	0.0	0.0
290	2359.3333333333335	0.0	0.0	0.0	0.0	0.0	0.0
300	2545.1666666666665	0.0	0.0	0.0	0.0	0.0	0.0
310	2318.8333333333335	0.0	0.0	0.0	0.0	0.0	0.0
320	2513.6666666666665	0.0	0.0	0.0	0.0	0.0	0.0
330	2449.1666666666665	0.0	0.0	0.0	0.0	0.0	0.0
340	2800.8333333333335	0.0	0.0	0.0	0.0	0.0	0.0
350	2418.0	0.0	0.0	0.0	0.0	0.0	0.0
360	2522.3333333333335	0.0	0.0	0.0	0.0	0.0	0.0
370	2833.3333333333335	0.0	0.0	0.0	0.0	0.0	0.0
380	2761.6666666666665	0.0	0.0	0.0	0.0	0.0	0.0
390	2690.3333333333335	0.0	0.0	0.0	0.0	0.0	0.0
400	2376.1666666666665	0.0	0.0	0.0	0.0	0.0	0.0
410	2499.8333333333335	0.0	0.0	0.0	0.0	0.0	0.0
420	2851.3333333333335	0.0	0.0	0.0	0.0	0.0	0.0
430	2402.1666666666665	0.0	0.0	0.0	0.0	0.0	0.0
440	2883.1666666666665	0.0	0.0	0.0	0.0	0.0	0.0
450	2562.6666666666665	0.0	0.0	0.0	0.0	0.0	0.0
460	2414.3333333333335	0.0	0.0	0.0	0.0	0.0	0.0
470	2758.0	0.0	0.0	0.0	0.0	0.0	0.0
480	2916.0	0.0	0.0	0.0	0.0	0.0	0.0
490	2438.0	0.0	0.0	0.0	0.0	0.0	0.0
500	2722.6666666666665	0.0	0.0	0.0	0.0	0.0	0.0
510	2956.8333333333335	0.0	0.0	0.0	0.0	0.0	0.0
520	2493.0	0.0	0.0	0.0	0.0	0.0	0.0
530	2522.5	0.0	0.0	0.0	0.0	0.0	0.0
540	2568.5	0.0	0.0	0.0	0.0	0.0	0.0
550	2805.8333333333335	0.0	0.0	0.0	0.0	0.0	0.0
560	2934.0	0.0	0.0	0.0	0.0	0.0	0.0
570	2693.0	0.0	0.0	0.0	0.0	0.0	0.0
580	2850.8333333333335	0.0	0.0	0.0	0.0	0.0	0.0
590	2767.8333333333335	0.0	0.0	0.0	0.0	0.0	0.0
600	2758.0	0.0	0.0	0.0	0.0	0.0	0.0
610	2917.3333333333335	0.0	0.0	0.0	0.0	0.0	0.0
620	2801.3333333333335	0.0	0.0	0.0	0.0	0.0	0.0
630	2660.1666666666665	0.0	0.0	0.0	0.0	0.0	0.0
640	2651.5	0.0	0.0	0.0	0.0	0.0	0.0
650	2986.0	0.0	0.0	0.0	0.0	0.0	0.0
660	2673.3333333333335	0.0	0.0	0.0	0.0	0.0	0.0
670	2839.6666666666665	0.0	0.0	0.0	0.0	0.0	0.0
680	2649.0	0.0	0.0	0.0	0.0	0.0	0.0
690	2731.3333333333335	0.0	0.0	0.0	0.0	0.0	0.0
700	2662.5	0.0	0.0	0.0	0.0	0.0	0.0
710	2589.0	0.0	0.0	0.0	0.0	0.0	0.0
720	2667.3333333333335	0.0	0.0	0.0	0.0	0.0	0.0
730	2669.6666666666665	0.0	0.0	0.0	0.0	0.0	0.0
740	2717.3333333333335	0.0	0.0	0.0	0.0	0.0	0.0
750	2746.0	0.0	0.0	0.0	0.0	0.0	0.0
760	2606.0	0.0	0.0	0.0	0.0	0.0	0.0
770	2929.5	0.0	0.0	0.0	0.0	0.0	0.0
780	2835.5	0.0	0.0	0.0	0.0	0.0	0.0
790	2933.6666666666665	0.0	0.0	0.0	0.0	0.0	0.0
800	2786.0	0.0	0.0	0.0	0.0	0.0	0.0
810	2845.3333333333335	0.0	0.0	0.0	0.0	0.0	0.0
820	2723.8333333333335	0.0	0.0	0.0	0.0	0.0	0.0
830	3019.5	0.0	0.0	0.0	0.0	0.0	0.0
840	2981.3333333333335	0.0	0.0	0.0	0.0	0.0	0.0
850	2634.1666666666665	0.0	0.0	0.0	0.0	0.0	0.0
860	2901.5	0.0	0.0	0.0	0.0	0.0	0.0
870	3110.1666666666665	0.0	0.0	0.0	0.0	0.0	0.0
880	2810.0	0.0	0.0	0.0	0.0	0.0	0.0
890	2867.3333333333335	0.0	0.0	0.0	0.0	0.0	0.0
900	2963.5	0.0	0.0	0.0	0.0	0.0	0.0
910	2908.3333333333335	0.0	0.0	0.0	0.0	0.0	0.0
920	2890.3333333333335	0.0	0.0	0.0	0.0	0.0	0.0
930	3086.3333333333335	0.0	0.0	0.0	0.0	0.0	0.0
940	3261.6666666666665	0.0	0.0	0.0	0.0	0.0	0.0
950	3019.6666666666665	0.0	0.0	0.0	0.0	0.0	0.0
960	2825.1666666666665	0.0	0.0	0.0	0.0	0.0	0.0
970	3172.6666666666665	0.0	0.0	0.0	0.0	0.0	0.0
980	3213.3333333333335	0.0	0.0	0.0	0.0	0.0	0.0
990	3056.8333333333335	0.0	0.0	0.0	0.0	0.0	0.0
1000	3123.6666666666665	0.0	0.0	0.0	0.0	0.0	0.0
