0	273.3333333333333	0.0	0.0	0.0	0.0	0.0	0.0
10	1958.0	70.0	849.0	102.0	40.0	64.0	30.0
20	2061.6666666666665	108.0	871.0	95.0	75.0	42.0	33.0
30	2054.0	202.0	691.0	130.0	149.0	53.0	53.0
40	1914.0	410.0	669.0	322.0	211.0	61.0	199.0
50	2132.0	202.0	1758.0	239.0	144.0	168.0	58.0
60	2077.5	8.0	227.0	12.0	6.0	8.0	2.0
70	2181.8333333333335	0.0	0.0	0.0	0.0	0.0	0.0
80	2004.6666666666667	0.0	0.0	0.0	0.0	0.0	0.0
90	2252.1666666666665	0.0	0.0	0.0	0.0	0.0	0.0
100	2114.1666666666665	0.0	0.0	0.0	0.0	0.0	0.0
110	2099.6666666666665	0.0	0.0	0.0	0.0	0.0	0.0
120	2313.6666666666665	0.0	0.0	0.0	0.0	0.0	0.0
130	2190.0	0.0	0.0	0.0	0.0	0.0	0.0
140	2229.6666666666665	0.0	0.0	0.0	0.0	0.0	0.0
150	2159.6666666666665	0.0	0.0	0.0	0.0	0.0	0.0
160	1992.3333333333333	0.0	0.0	0.0	0.0	0.0	0.0
170	2362.8333333333335	0.0	0.0	0.0	0.0	0.0	0.0
180	2345.8333333333335	0.0	0.0	0.0	0.0	0.0	0.0
190	2319.0	0.0	0.0	0.0	0.0	0.0	0.0
200	2358.6666666666665	0.0	0.0	0.0	0.0	0.0	0.0
210	2462.3333333333335	0.0	0.0	0.0	0.0	0.0	0.0
220	2171.8333333333335	0.0	0.0	0.0	0.0	0.0	0.0
230	2221.0	0.0	0.0	0.0	0.0	0.0	0.0
240	2247.8333333333335	0.0	0.0	0.0	0.0	0.0	0.0
250	2245.1666666666665	0.0	0.0	0.0	0.0	0.0	0.0
260	2439.8333333333335	0.0	0.0	0.0	0.0	0.0	0.0
270	2303.8333333333335	0.0	0.0	0.0	0.0	0.0	0.0
280	2150.0	0.0	0.0	0.0	0.0	0.0	0.0
290	2469.0	0.0	0.0	0.0	0.0	0.0	0.0
300	2364.0	0.0	0.0	0.0	0.0	0.0	0.0
310	2427.1666666666665	0.0	0.0	0.0	0.0	0.0	0.0
320	2392.0	0.0	0.0	0.0	0.0	0.0	0.0
330	2523.6666666666665	0.0	0.0	0.0	0.0	0.0	0.0
340	2423.3333333333335	0.0	0.0	0.0	0.0	0.0	0.0
350	2468.8333333333335	0.0	0.0	0.0	0.0	0.0	0.0
360	2491.5	0.0	0.0	0.0	0.0	0.0	0.0
370	2296.0	0.0	0.0	0.0	0.0	0.0	0.0
380	2547.3333333333335	0.0	0.0	0.0	0.0	0.0	0.0
390	2609.3333333333335	0.0	0.0	0.0	0.0	0.0	0.0
400	2594.3333333333335	0.0	0.0	0.0	0.0	0.0	0.0
410	2583.0	0.0	0.0	0.0	0.0	0.0	0.0
420	2524.0	0.0	0.0	0.0	0.0	0.0	0.0
430	2613.0	0.0	0.0	0.0	0.0	0.0	0.0
440	2632.5	0.0	0.0	0.0	0.0	0.0	0.0
450	2584.3333333333335	0.0	0.0	0.0	0.0	0.0	0.0
460	2680.8333333333335	0.0	0.0	0.0	0.0	0.0	0.0
470	2765.8333333333335	0.0	0.0	0.0	0.0	0.0	0.0
480	2657.1666666666665	0.0	0.0	0.0	0.0	0.0	0.0
490	2738.0	0.0	0.0	0.0	0.0	0.0	0.0
500	2709.8333333333335	0.0	0.0	0.0	0.0	0.0	0.0
510	2635.8333333333335	0.0	0.0	0.0	0.0	0.0	0.0
520	2963.5	0.0	0.0	0.0	0.0	0.0	0.0
530	2931.0	0.0	0.0	0.0	0.0	0.0	0.0
540	2909.5	0.0	0.0	0.0	0.0	0.0	0.0
550	2792.3333333333335	0.0	0.0	0.0	0.0	0.0	0.0
560	2790.6666666666665	0.0	0.0	0.0	0.0	0.0	0.0
570	2813.0	0.0	0.0	0.0	0.0	0.0	0.0
580	2620.3333333333335	0.0	0.0	0.0	0.0	0.0	0.0
590	2731.0	0.0	0.0	0.0	0.0	0.0	0.0
600	2948.1666666666665	0.0	0.0	0.0	0.0	0.0	0.0
610	2495.8333333333335	0.0	0.0	0.0	0.0	0.0	0.0
620	2900.8333333333335	0.0	0.0	0.0	0.0	0.0	0.0
630	2700.6666666666665	0.0	0.0	0.0	0.0	0.0	0.0
640	2900.0	0.0	0.0	0.0	0.0	0.0	0.0
650	2789.0	0.0	0.0	0.0	0.0	0.0	0.0
660	2850.8333333333335	0.0	0.0	0.0	0.0	0.0	0.0
670	2801.6666666666665	0.0	0.0	0.0	0.0	0.0	0.0
680	2717.6666666666665	0.0	0.0	0.0	0.0	0.0	0.0
690	2770.5	0.0	0.0	0.0	0.0	0.0	0.0
700	2606.5	0.0	0.0	0.0	0.0	0.0	0.0
710	2710.3333333333335	0.0	0.0	0.0	0.0	0.0	0.0
720	2926.0	0.0	0.0	0.0	0.0	0.0	0.0
730	3098.5	0.0	0.0	0.0	0.0	0.0	0.0
740	2901.0	0.0	0.0	0.0	0.0	0.0	0.0
750	2819.3333333333335	0.0	0.0	0.0	0.0	0.0	0.0
760	2883.1666666666665	0.0	0.0	0.0	0.0	0.0	0.0
770	2703.6666666666665	0.0	0.0	0.0	0.0	0.0	0.0
780	2719.8333333333335	0.0	0.0	0.0	0.0	0.0	0.0
790	3073.3333333333335	0.0	0.0	0.0	0.0	0.0	0.0
800	3012.3333333333335	0.0	0.0	0.0	0.0	0.0	0.0
810	2978.8333333333335	0.0	0.0	0.0	0.0	0.0	0.0
820	2996.8333333333335	0.0	0.0	0.0	0.0	0.0	0.0
830	2724.1666666666665	0.0	0.0	0.0	0.0	0.0	0.0
840	2760.5	0.0	0.0	0.0	0.0	0.0	0.0
850	3035.3333333333335	0.0	0.0	0.0	0.0	0.0	0.0
860	3168.6666666666665	0.0	0.0	0.0	0.0	0.0	0.0
870	2812.1666666666665	0.0	0.0	0.0	0.0	0.0	0.0
880	2883.3333333333335	0.0	0.0	0.0	0.0	0.0	0.0
890	2807.3333333333335	0.0	0.0	0.0	0.0	0.0	0.0
900	3175.0	0.0	0.0	0.0	0.0	0.0	0.0
910	3069.0	0.0	0.0	0.0	0.0	0.0	0.0
920	2963.6666666666665	0.0	0.0	0.0	0.0	0.0	0.0
930	3040.1666666666665	0.0	0.0	0.0	0.0	0.0	0.0
940	3173.0	0.0	0.0	0.0	0.0	0.0	0.0
950	2987.6666666666665	0.0	0.0	0.0	0.0	0.0	0.0
960	2991.0	0.0	0.0	0.0	0.0	0.0	0.0
970	2817.3333333333335	0.0	0.0	0.0	0.0	0.0	0.0
980	2858.3333333333335	0.0	0.0	0.0	0.0	0.0	0.0
990	2868.3333333333335	0.0	0.0	0.0	0.0	0.0	0.0
1000	3331.6666666666665	0.0	0.0	0.0	0.0	0.0	0.0
