0	260.6666666666667	0.0
10	100.0	1000.0
20	100.0	0.0
30	100.0	0.0
40	97.0	0.0
50	100.66666666666667	0.0
60	88.0	0.0
70	100.0	0.0
80	100.66666666666667	0.0
90	78.33333333333333	0.0
100	79.0	0.0
110	80.0	0.0
120	70.66666666666667	0.0
130	72.0	0.0
140	73.0	0.0
150	70.66666666666667	0.0
160	96.66666666666667	0.0
170	70.66666666666667	0.0
180	71.66666666666667	0.0
190	139.0	0.0
200	181.66666666666666	0.0
210	304.3333333333333	0.0
220	1185.0	0.0
230	954.0	0.0
240	1021.3333333333334	0.0
250	687.0	0.0
260	1183.0	0.0
270	1154.0	0.0
280	1084.3333333333333	0.0
290	1273.3333333333333	0.0
300	1662.3333333333333	0.0
310	1957.3333333333333	0.0
320	1826.6666666666667	0.0
330	2059.3333333333335	0.0
340	1701.0	0.0
350	2414.3333333333335	0.0
360	2089.3333333333335	0.0
370	2271.3333333333335	0.0
380	2170.8333333333335	0.0
390	2621.0	0.0
400	1987.6666666666667	0.0
410	2236.8333333333335	0.0
420	2141.0	0.0
430	2170.8333333333335	0.0
440	1810.0	0.0
450	2247.3333333333335	0.0
460	2217.3333333333335	0.0
470	2251.5	0.0
480	2533.6666666666665	0.0
490	2339.3333333333335	0.0
500	2480.8333333333335	0.0
510	2529.3333333333335	0.0
520	2478.3333333333335	0.0
530	2435.8333333333335	0.0
540	2344.8333333333335	0.0
550	2673.0	0.0
560	2658.3333333333335	0.0
570	2537.1666666666665	0.0
580	2778.6666666666665	0.0
590	2872.0	0.0
600	2724.0	0.0
610	2583.0	0.0
620	2464.6666666666665	0.0
630	2670.6666666666665	0.0
640	2626.6666666666665	0.0
650	2629.0	0.0
660	2787.1666666666665	0.0
670	2516.3333333333335	0.0
680	2559.3333333333335	0.0
690	2571.6666666666665	0.0
700	2635.8333333333335	0.0
710	2665.3333333333335	0.0
720	2723.8333333333335	0.0
730	2472.1666666666665	0.0
740	2540.8333333333335	0.0
750	2387.3333333333335	0.0
760	2531.3333333333335	0.0
770	2445.3333333333335	0.0
780	2581.5	0.0
790	2620.1666666666665	0.0
800	2408.6666666666665	0.0
810	2307.3333333333335	0.0
820	2548.6666666666665	0.0
830	2628.3333333333335	0.0
840	2400.5	0.0
850	2652.0	0.0
860	2644.1666666666665	0.0
870	2485.0	0.0
880	2673.6666666666665	0.0
890	2512.8333333333335	0.0
900	2487.1666666666665	0.0
910	2470.6666666666665	0.0
920	2569.5	0.0
930	2427.1666666666665	0.0
940	2740.3333333333335	0.0
950	1974.3333333333333	0.0
960	1976.6666666666667	0.0
970	2272.0	0.0
980	1539.0	0.0
990	1847.3333333333333	0.0
1000	1822.0	0.0
