0	241.33333333333334	0.0
10	70.66666666666667	1000.0
20	70.0	0.0
30	70.0	0.0
40	70.0	0.0
50	70.0	0.0
60	70.0	0.0
70	70.0	0.0
80	70.0	0.0
90	70.0	0.0
100	70.0	0.0
110	70.0	0.0
120	70.0	0.0
130	70.0	0.0
140	70.66666666666667	0.0
150	71.66666666666667	0.0
160	77.0	0.0
170	79.0	0.0
180	101.33333333333333	0.0
190	357.3333333333333	0.0
200	386.0	0.0
210	147.0	0.0
220	140.33333333333334	0.0
230	154.33333333333334	0.0
240	138.66666666666666	0.0
250	154.33333333333334	0.0
260	333.6666666666667	0.0
270	188.33333333333334	0.0
280	192.33333333333334	0.0
290	644.0	0.0
300	711.0	0.0
310	828.0	0.0
320	1470.6666666666667	0.0
330	1672.0	0.0
340	1435.6666666666667	0.0
350	1620.3333333333333	0.0
360	1826.3333333333333	0.0
370	1995.3333333333333	0.0
380	2134.6666666666665	0.0
390	2059.3333333333335	0.0
400	2010.6666666666667	0.0
410	2265.0	0.0
420	2310.0	0.0
430	2033.8333333333333	0.0
440	2076.5	0.0
450	2249.3333333333335	0.0
460	2177.6666666666665	0.0
470	2283.0	0.0
480	2134.6666666666665	0.0
490	2281.0	0.0
500	2317.3333333333335	0.0
510	2417.3333333333335	0.0
520	2359.0	0.0
530	2445.8333333333335	0.0
540	2496.1666666666665	0.0
550	2397.8333333333335	0.0
560	2349.0	0.0
570	2318.0	0.0
580	2469.5	0.0
590	2466.3333333333335	0.0
600	2577.5	0.0
610	2308.0	0.0
620	2695.8333333333335	0.0
630	2664.3333333333335	0.0
640	2606.5	0.0
650	2534.3333333333335	0.0
660	2752.0	0.0
670	2578.6666666666665	0.0
680	2733.8333333333335	0.0
690	2460.6666666666665	0.0
700	2633.3333333333335	0.0
710	2509.0	0.0
720	2433.0	0.0
730	2428.6666666666665	0.0
740	2642.6666666666665	0.0
750	2459.6666666666665	0.0
760	2458.5	0.0
770	2451.6666666666665	0.0
780	2697.1666666666665	0.0
790	2505.6666666666665	0.0
800	2422.0	0.0
810	2545.0	0.0
820	2630.0	0.0
830	2403.6666666666665	0.0
840	2668.8333333333335	0.0
850	2485.1666666666665	0.0
860	1916.5	0.0
870	1768.0	0.0
880	2674.5	0.0
890	2202.6666666666665	0.0
900	2180.8333333333335	0.0
910	2299.0	0.0
920	1968.1666666666667	0.0
930	2078.1666666666665	0.0
940	2009.6666666666667	0.0
950	2581.6666666666665	0.0
960	2665.3333333333335	0.0
970	2469.3333333333335	0.0
980	2623.5	0.0
990	2388.6666666666665	0.0
1000	2612.0	0.0
