0	300.6666666666667	0.0
10	123.66666666666667	1000.0
20	117.0	0.0
30	115.0	0.0
40	100.0	0.0
50	100.66666666666667	0.0
60	100.0	0.0
70	96.33333333333333	0.0
80	92.33333333333333	0.0
90	91.33333333333333	0.0
100	94.0	0.0
110	93.33333333333333	0.0
120	96.0	0.0
130	100.33333333333333	0.0
140	101.66666666666667	0.0
150	112.66666666666667	0.0
160	108.33333333333333	0.0
170	128.33333333333334	0.0
180	167.33333333333334	0.0
190	398.0	0.0
200	133.66666666666666	0.0
210	130.33333333333334	0.0
220	131.66666666666666	0.0
230	132.66666666666666	0.0
240	453.3333333333333	0.0
250	373.0	0.0
260	371.0	0.0
270	407.6666666666667	0.0
280	316.0	0.0
290	398.3333333333333	0.0
300	680.0	0.0
310	647.0	0.0
320	578.0	0.0
330	725.3333333333334	0.0
340	705.0	0.0
350	919.0	0.0
360	1137.0	0.0
370	1490.0	0.0
380	1766.6666666666667	0.0
390	1633.3333333333333	0.0
400	1585.6666666666667	0.0
410	2164.3333333333335	0.0
420	1897.6666666666667	0.0
430	1948.0	0.0
440	2029.6666666666667	0.0
450	2191.1666666666665	0.0
460	2076.3333333333335	0.0
470	2191.0	0.0
480	2367.3333333333335	0.0
490	2467.8333333333335	0.0
500	2254.3333333333335	0.0
510	2368.3333333333335	0.0
520	2165.6666666666665	0.0
530	2220.0	0.0
540	2302.3333333333335	0.0
550	2292.5	0.0
560	2484.6666666666665	0.0
570	2415.0	0.0
580	2472.0	0.0
590	2332.6666666666665	0.0
600	2433.8333333333335	0.0
610	2352.0	0.0
620	2398.3333333333335	0.0
630	2408.0	0.0
640	2553.1666666666665	0.0
650	2600.3333333333335	0.0
660	2739.8333333333335	0.0
670	2694.0	0.0
680	2744.1666666666665	0.0
690	2764.3333333333335	0.0
700	2900.0	0.0
710	2752.6666666666665	0.0
720	2735.8333333333335	0.0
730	2854.3333333333335	0.0
740	2669.3333333333335	0.0
750	2708.1666666666665	0.0
760	2896.6666666666665	0.0
770	2776.8333333333335	0.0
780	2730.5	0.0
790	2627.0	0.0
800	2510.5	0.0
810	2666.0	0.0
820	2718.8333333333335	0.0
830	2288.0	0.0
840	2535.0	0.0
850	2199.3333333333335	0.0
860	2694.5	0.0
870	2447.3333333333335	0.0
880	2674.6666666666665	0.0
890	2492.6666666666665	0.0
900	2423.3333333333335	0.0
910	2599.6666666666665	0.0
920	2447.0	0.0
930	2599.0	0.0
940	2372.0	0.0
950	2559.0	0.0
960	2654.6666666666665	0.0
970	2491.6666666666665	0.0
980	2775.0	0.0
990	2747.6666666666665	0.0
1000	2503.6666666666665	0.0
