0	234.66666666666666	0.0	0.0	0.0	0.0	0.0	0.0
10	1939.3333333333333	1000.0	4045.0	673.0	788.0	442.0	212.0
20	1911.1666666666667	0.0	0.0	0.0	0.0	0.0	0.0
30	2099.8333333333335	0.0	0.0	0.0	0.0	0.0	0.0
40	2071.8333333333335	0.0	0.0	0.0	0.0	0.0	0.0
50	2106.3333333333335	0.0	0.0	0.0	0.0	0.0	0.0
60	2164.8333333333335	0.0	0.0	0.0	0.0	0.0	0.0
70	2215.5	0.0	0.0	0.0	0.0	0.0	0.0
80	2100.1666666666665	0.0	0.0	0.0	0.0	0.0	0.0
90	2405.8333333333335	0.0	0.0	0.0	0.0	0.0	0.0
100	2476.6666666666665	0.0	0.0	0.0	0.0	0.0	0.0
110	2548.8333333333335	0.0	0.0	0.0	0.0	0.0	0.0
120	2562.5	0.0	0.0	0.0	0.0	0.0	0.0
130	2409.6666666666665	0.0	0.0	0.0	0.0	0.0	0.0
140	2464.5	0.0	0.0	0.0	0.0	0.0	0.0
150	2747.6666666666665	0.0	0.0	0.0	0.0	0.0	0.0
160	2833.8333333333335	0.0	0.0	0.0	0.0	0.0	0.0
170	2695.3333333333335	0.0	0.0	0.0	0.0	0.0	0.0
180	2618.0	0.0	0.0	0.0	0.0	0.0	0.0
190	2485.5	0.0	0.0	0.0	0.0	0.0	0.0
200	2701.8333333333335	0.0	0.0	0.0	0.0	0.0	0.0
210	2627.3333333333335	0.0	0.0	0.0	0.0	0.0	0.0
220	2336.6666666666665	0.0	0.0	0.0	0.0	0.0	0.0
230	2590.6666666666665	0.0	0.0	0.0	0.0	0.0	0.0
240	2787.8333333333335	0.0	0.0	0.0	0.0	0.0	0.0
250	2623.1666666666665	0.0	0.0	0.0	0.0	0.0	0.0
260	2672.1666666666665	0.0	0.0	0.0	0.0	0.0	0.0
270	2523.5	0.0	0.0	0.0	0.0	0.0	0.0
280	2831.3333333333335	0.0	0.0	0.0	0.0	0.0	0.0
290	2833.5	0.0	0.0	0.0	0.0	0.0	0.0
300	2414.8333333333335	0.0	0.0	0.0	0.0	0.0	0.0
310	2840.8333333333335	0.0	0.0	0.0	0.0	0.0	0.0
320	2451.1666666666665	0.0	0.0	0.0	0.0	0.0	0.0
330	2498.5	0.0	0.0	0.0	0.0	0.0	0.0
340	2488.8333333333335	0.0	0.0	0.0	0.0	0.0	0.0
350	2809.5	0.0	0.0	0.0	0.0	0.0	0.0
360	3248.0	0.0	0.0	0.0	0.0	0.0	0.0
370	2376.3333333333335	0.0	0.0	0.0	0.0	0.0	0.0
380	2825.5	0.0	0.0	0.0	0.0	0.0	0.0
390	2481.3333333333335	0.0	0.0	0.0	0.0	0.0	0.0
400	3005.8333333333335	0.0	0.0	0.0	0.0	0.0	0.0
410	2936.3333333333335	0.0	0.0	0.0	0.0	0.0	0.0
420	3199.5	0.0	0.0	0.0	0.0	0.0	0.0
430	3202.1666666666665	0.0	0.0	0.0	0.0	0.0	0.0
440	3085.6666666666665	0.0	0.0	0.0	0.0	0.0	0.0
450	3148.3333333333335	0.0	0.0	0.0	0.0	0.0	0.0
460	3517.0	0.0	0.0	0.0	0.0	0.0	0.0
470	3376.6666666666665	0.0	0.0	0.0	0.0	0.0	0.0
480	3210.1666666666665	0.0	0.0	0.0	0.0	0.0	0.0
490	3163.6666666666665	0.0	0.0	0.0	0.0	0.0	0.0
500	3516.8333333333335	0.0	0.0	0.0	0.0	0.0	0.0
510	3702.1666666666665	0.0	0.0	0.0	0.0	0.0	0.0
520	3734.5	0.0	0.0	0.0	0.0	0.0	0.0
530	3271.5	0.0	0.0	0.0	0.0	0.0	0.0
540	3202.8333333333335	0.0	0.0	0.0	0.0	0.0	0.0
550	3365.8333333333335	0.0	0.0	0.0	0.0	0.0	0.0
560	3225.6666666666665	0.0	0.0	0.0	0.0	0.0	0.0
570	3245.6666666666665	0.0	0.0	0.0	0.0	0.0	0.0
580	3473.0	0.0	0.0	0.0	0.0	0.0	0.0
590	3936.6666666666665	0.0	0.0	0.0	0.0	0.0	0.0
600	3653.0	0.0	0.0	0.0	0.0	0.0	0.0
610	3153.0	0.0	0.0	0.0	0.0	0.0	0.0
620	3415.8333333333335	0.0	0.0	0.0	0.0	0.0	0.0
630	3186.6666666666665	0.0	0.0	0.0	0.0	0.0	0.0
640	4013.8333333333335	0.0	0.0	0.0	0.0	0.0	0.0
650	3687.0	0.0	0.0	0.0	0.0	0.0	0.0
660	3712.3333333333335	0.0	0.0	0.0	0.0	0.0	0.0
670	3564.8333333333335	0.0	0.0	0.0	0.0	0.0	0.0
680	3342.5	0.0	0.0	0.0	0.0	0.0	0.0
690	3667.6666666666665	0.0	0.0	0.0	0.0	0.0	0.0
700	3504.0	0.0	0.0	0.0	0.0	0.0	0.0
710	3711.1666666666665	0.0	0.0	0.0	0.0	0.0	0.0
720	3944.0	0.0	0.0	0.0	0.0	0.0	0.0
730	3194.8333333333335	0.0	0.0	0.0	0.0	0.0	0.0
740	3735.8333333333335	0.0	0.0	0.0	0.0	0.0	0.0
750	3678.0	0.0	0.0	0.0	0.0	0.0	0.0
760	3954.5	0.0	0.0	0.0	0.0	0.0	0.0
770	3723.0	0.0	0.0	0.0	0.0	0.0	0.0
780	3208.5	0.0	0.0	0.0	0.0	0.0	0.0
790	3258.1666666666665	0.0	0.0	0.0	0.0	0.0	0.0
800	3135.3333333333335	0.0	0.0	0.0	0.0	0.0	0.0
810	3373.5	0.0	0.0	0.0	0.0	0.0	0.0
820	2883.8333333333335	0.0	0.0	0.0	0.0	0.0	0.0
830	3136.8333333333335	0.0	0.0	0.0	0.0	0.0	0.0
840	3792.3333333333335	0.0	0.0	0.0	0.0	0.0	0.0
850	3471.1666666666665	0.0	0.0	0.0	0.0	0.0	0.0
860	4079.5	0.0	0.0	0.0	0.0	0.0	0.0
870	3506.6666666666665	0.0	0.0	0.0	0.0	0.0	0.0
880	3581.0	0.0	0.0	0.0	0.0	0.0	0.0
890	3770.3333333333335	0.0	0.0	0.0	0.0	0.0	0.0
900	3969.1666666666665	0.0	0.0	0.0	0.0	0.0	0.0
910	3888.0	0.0	0.0	0.0	0.0	0.0	0.0
920	4099.666666666667	0.0	0.0	0.0	0.0	0.0	0.0
930	3600.0	0.0	0.0	0.0	0.0	0.0	0.0
940	4016.3333333333335	0.0	0.0	0.0	0.0	0.0	0.0
950	3743.3333333333335	0.0	0.0	0.0	0.0	0.0	0.0
960	3304.5	0.0	0.0	0.0	0.0	0.0	0.0
970	3088.0	0.0	0.0	0.0	0.0	0.0	0.0
980	3442.1666666666665	0.0	0.0	0.0	0.0	0.0	0.0
990	3947.8333333333335	0.0	0.0	0.0	0.0	0.0	0.0
1000	3659.8333333333335	0.0	0.0	0.0	0.0	0.0	0.0
