0	262.0	0.0	0.0	0.0	0.0	0.0	0.0
10	1725.0	1000.0	4463.0	813.0	836.0	630.0	164.0
20	1977.6666666666667	0.0	0.0	0.0	0.0	0.0	0.0
30	1968.0	0.0	0.0	0.0	0.0	0.0	0.0
40	2231.1666666666665	0.0	0.0	0.0	0.0	0.0	0.0
50	2041.3333333333333	0.0	0.0	0.0	0.0	0.0	0.0
60	2139.5	0.0	0.0	0.0	0.0	0.0	0.0
70	2103.5	0.0	0.0	0.0	0.0	0.0	0.0
80	2277.5	0.0	0.0	0.0	0.0	0.0	0.0
90	2208.1666666666665	0.0	0.0	0.0	0.0	0.0	0.0
100	1721.8333333333333	0.0	0.0	0.0	0.0	0.0	0.0
110	2202.0	0.0	0.0	0.0	0.0	0.0	0.0
120	2214.0	0.0	0.0	0.0	0.0	0.0	0.0
130	2253.8333333333335	0.0	0.0	0.0	0.0	0.0	0.0
140	2149.6666666666665	0.0	0.0	0.0	0.0	0.0	0.0
150	2418.6666666666665	0.0	0.0	0.0	0.0	0.0	0.0
160	2670.3333333333335	0.0	0.0	0.0	0.0	0.0	0.0
170	2684.1666666666665	0.0	0.0	0.0	0.0	0.0	0.0
180	2779.0	0.0	0.0	0.0	0.0	0.0	0.0
190	2525.3333333333335	0.0	0.0	0.0	0.0	0.0	0.0
200	2362.6666666666665	0.0	0.0	0.0	0.0	0.0	0.0
210	2449.5	0.0	0.0	0.0	0.0	0.0	0.0
220	2651.6666666666665	0.0	0.0	0.0	0.0	0.0	0.0
230	2406.6666666666665	0.0	0.0	0.0	0.0	0.0	0.0
240	2583.6666666666665	0.0	0.0	0.0	0.0	0.0	0.0
250	2565.0	0.0	0.0	0.0	0.0	0.0	0.0
260	2567.0	0.0	0.0	0.0	0.0	0.0	0.0
270	2763.6666666666665	0.0	0.0	0.0	0.0	0.0	0.0
280	2581.1666666666665	0.0	0.0	0.0	0.0	0.0	0.0
290	2895.0	0.0	0.0	0.0	0.0	0.0	0.0
300	2422.8333333333335	0.0	0.0	0.0	0.0	0.0	0.0
310	3084.1666666666665	0.0	0.0	0.0	0.0	0.0	0.0
320	2721.8333333333335	0.0	0.0	0.0	0.0	0.0	0.0
330	2441.5	0.0	0.0	0.0	0.0	0.0	0.0
340	2747.8333333333335	0.0	0.0	0.0	0.0	0.0	0.0
350	3145.1666666666665	0.0	0.0	0.0	0.0	0.0	0.0
360	3146.8333333333335	0.0	0.0	0.0	0.0	0.0	0.0
370	3374.0	0.0	0.0	0.0	0.0	0.0	0.0
380	3146.8333333333335	0.0	0.0	0.0	0.0	0.0	0.0
390	3209.5	0.0	0.0	0.0	0.0	0.0	0.0
400	3367.1666666666665	0.0	0.0	0.0	0.0	0.0	0.0
410	3187.0	0.0	0.0	0.0	0.0	0.0	0.0
420	3076.5	0.0	0.0	0.0	0.0	0.0	0.0
430	3159.5	0.0	0.0	0.0	0.0	0.0	0.0
440	3643.1666666666665	0.0	0.0	0.0	0.0	0.0	0.0
450	3032.3333333333335	0.0	0.0	0.0	0.0	0.0	0.0
460	3667.5	0.0	0.0	0.0	0.0	0.0	0.0
470	3299.1666666666665	0.0	0.0	0.0	0.0	0.0	0.0
480	3661.8333333333335	0.0	0.0	0.0	0.0	0.0	0.0
490	3359.5	0.0	0.0	0.0	0.0	0.0	0.0
500	3299.8333333333335	0.0	0.0	0.0	0.0	0.0	0.0
510	3594.3333333333335	0.0	0.0	0.0	0.0	0.0	0.0
520	3664.0	0.0	0.0	0.0	0.0	0.0	0.0
530	3245.8333333333335	0.0	0.0	0.0	0.0	0.0	0.0
540	3332.1666666666665	0.0	0.0	0.0	0.0	0.0	0.0
550	2874.8333333333335	0.0	0.0	0.0	0.0	0.0	0.0
560	3336.0	0.0	0.0	0.0	0.0	0.0	0.0
570	3789.1666666666665	0.0	0.0	0.0	0.0	0.0	0.0
580	3764.0	0.0	0.0	0.0	0.0	0.0	0.0
590	3087.6666666666665	0.0	0.0	0.0	0.0	0.0	0.0
600	3491.1666666666665	0.0	0.0	0.0	0.0	0.0	0.0
610	3526.1666666666665	0.0	0.0	0.0	0.0	0.0	0.0
620	3659.0	0.0	0.0	0.0	0.0	0.0	0.0
630	3321.0	0.0	0.0	0.0	0.0	0.0	0.0
640	3273.8333333333335	0.0	0.0	0.0	0.0	0.0	0.0
650	3798.0	0.0	0.0	0.0	0.0	0.0	0.0
660	3207.5	0.0	0.0	0.0	0.0	0.0	0.0
670	3665.1666666666665	0.0	0.0	0.0	0.0	0.0	0.0
680	3861.5	0.0	0.0	0.0	0.0	0.0	0.0
690	4136.333333333333	0.0	0.0	0.0	0.0	0.0	0.0
700	3628.8333333333335	0.0	0.0	0.0	0.0	0.0	0.0
710	3615.0	0.0	0.0	0.0	0.0	0.0	0.0
720	3677.1666666666665	0.0	0.0	0.0	0.0	0.0	0.0
730	3704.3333333333335	0.0	0.0	0.0	0.0	0.0	0.0
740	3539.1666666666665	0.0	0.0	0.0	0.0	0.0	0.0
750	3992.1666666666665	0.0	0.0	0.0	0.0	0.0	0.0
760	3367.1666666666665	0.0	0.0	0.0	0.0	0.0	0.0
770	3831.3333333333335	0.0	0.0	0.0	0.0	0.0	0.0
780	3494.1666666666665	0.0	0.0	0.0	0.0	0.0	0.0
790	3903.0	0.0	0.0	0.0	0.0	0.0	0.0
800	3443.0	0.0	0.0	0.0	0.0	0.0	0.0
810	3888.0	0.0	0.0	0.0	0.0	0.0	0.0
820	3800.1666666666665	0.0	0.0	0.0	0.0	0.0	0.0
830	3837.3333333333335	0.0	0.0	0.0	0.0	0.0	0.0
840	4082.3333333333335	0.0	0.0	0.0	0.0	0.0	0.0
850	3811.8333333333335	0.0	0.0	0.0	0.0	0.0	0.0
860	4054.3333333333335	0.0	0.0	0.0	0.0	0.0	0.0
870	3869.8333333333335	0.0	0.0	0.0	0.0	0.0	0.0
880	3556.3333333333335	0.0	0.0	0.0	0.0	0.0	0.0
890	3893.1666666666665	0.0	0.0	0.0	0.0	0.0	0.0
900	3831.1666666666665	0.0	0.0	0.0	0.0	0.0	0.0
910	3559.0	0.0	0.0	0.0	0.0	0.0	0.0
920	3565.6666666666665	0.0	0.0	0.0	0.0	0.0	0.0
930	3891.5	0.0	0.0	0.0	0.0	0.0	0.0
940	4032.3333333333335	0.0	0.0	0.0	0.0	0.0	0.0
950	3647.5	0.0	0.0	0.0	0.0	0.0	0.0
960	3924.1666666666665	0.0	0.0	0.0	0.0	0.0	0.0
970	3744.1666666666665	0.0	0.0	0.0	0.0	0.0	0.0
980	3568.3333333333335	0.0	0.0	0.0	0.0	0.0	0.0
990	3899.1666666666665	0.0	0.0	0.0	0.0	0.0	0.0
1000	3484.6666666666665	0.0	0.0	0.0	0.0	0.0	0.0
