0	230.33333333333334	0.0	0.0	0.0	0.0	0.0	0.0
10	1712.5	1000.0	4860.0	802.0	860.0	647.0	140.0
20	2091.3333333333335	0.0	0.0	0.0	0.0	0.0	0.0
30	2169.8333333333335	0.0	0.0	0.0	0.0	0.0	0.0
40	2125.8333333333335	0.0	0.0	0.0	0.0	0.0	0.0
50	2231.1666666666665	0.0	0.0	0.0	0.0	0.0	0.0
60	2133.3333333333335	0.0	0.0	0.0	0.0	0.0	0.0
70	2498.1666666666665	0.0	0.0	0.0	0.0	0.0	0.0
80	2463.3333333333335	0.0	0.0	0.0	0.0	0.0	0.0
90	2247.6666666666665	0.0	0.0	0.0	0.0	0.0	0.0
100	2494.6666666666665	0.0	0.0	0.0	0.0	0.0	0.0
110	2458.6666666666665	0.0	0.0	0.0	0.0	0.0	0.0
120	2395.3333333333335	0.0	0.0	0.0	0.0	0.0	0.0
130	2645.8333333333335	0.0	0.0	0.0	0.0	0.0	0.0
140	2518.1666666666665	0.0	0.0	0.0	0.0	0.0	0.0
150	2459.5	0.0	0.0	0.0	0.0	0.0	0.0
160	2601.0	0.0	0.0	0.0	0.0	0.0	0.0
170	2532.3333333333335	0.0	0.0	0.0	0.0	0.0	0.0
180	2110.3333333333335	0.0	0.0	0.0	0.0	0.0	0.0
190	2490.6666666666665	0.0	0.0	0.0	0.0	0.0	0.0
200	2902.3333333333335	0.0	0.0	0.0	0.0	0.0	0.0
210	2786.6666666666665	0.0	0.0	0.0	0.0	0.0	0.0
220	2534.1666666666665	0.0	0.0	0.0	0.0	0.0	0.0
230	2796.6666666666665	0.0	0.0	0.0	0.0	0.0	0.0
240	2768.0	0.0	0.0	0.0	0.0	0.0	0.0
250	2318.8333333333335	0.0	0.0	0.0	0.0	0.0	0.0
260	2509.1666666666665	0.0	0.0	0.0	0.0	0.0	0.0
270	2458.6666666666665	0.0	0.0	0.0	0.0	0.0	0.0
280	2963.6666666666665	0.0	0.0	0.0	0.0	0.0	0.0
290	2607.0	0.0	0.0	0.0	0.0	0.0	0.0
300	2716.0	0.0	0.0	0.0	0.0	0.0	0.0
310	3020.3333333333335	0.0	0.0	0.0	0.0	0.0	0.0
320	2645.5	0.0	0.0	0.0	0.0	0.0	0.0
330	3003.1666666666665	0.0	0.0	0.0	0.0	0.0	0.0
340	3064.0	0.0	0.0	0.0	0.0	0.0	0.0
350	3017.6666666666665	0.0	0.0	0.0	0.0	0.0	0.0
360	3257.1666666666665	0.0	0.0	0.0	0.0	0.0	0.0
370	3049.1666666666665	0.0	0.0	0.0	0.0	0.0	0.0
380	3119.3333333333335	0.0	0.0	0.0	0.0	0.0	0.0
390	3219.5	0.0	0.0	0.0	0.0	0.0	0.0
400	3411.0	0.0	0.0	0.0	0.0	0.0	0.0
410	2987.3333333333335	0.0	0.0	0.0	0.0	0.0	0.0
420	3185.6666666666665	0.0	0.0	0.0	0.0	0.0	0.0
430	3356.3333333333335	0.0	0.0	0.0	0.0	0.0	0.0
440	2925.0	0.0	0.0	0.0	0.0	0.0	0.0
450	3446.5	0.0	0.0	0.0	0.0	0.0	0.0
460	2836.6666666666665	0.0	0.0	0.0	0.0	0.0	0.0
470	2780.1666666666665	0.0	0.0	0.0	0.0	0.0	0.0
480	3240.1666666666665	0.0	0.0	0.0	0.0	0.0	0.0
490	3075.3333333333335	0.0	0.0	0.0	0.0	0.0	0.0
500	2894.6666666666665	0.0	0.0	0.0	0.0	0.0	0.0
510	3453.0	0.0	0.0	0.0	0.0	0.0	0.0
520	3444.6666666666665	0.0	0.0	0.0	0.0	0.0	0.0
530	3505.6666666666665	0.0	0.0	0.0	0.0	0.0	0.0
540	3469.6666666666665	0.0	0.0	0.0	0.0	0.0	0.0
550	3752.6666666666665	0.0	0.0	0.0	0.0	0.0	0.0
560	3475.5	0.0	0.0	0.0	0.0	0.0	0.0
570	3267.1666666666665	0.0	0.0	0.0	0.0	0.0	0.0
580	3588.6666666666665	0.0	0.0	0.0	0.0	0.0	0.0
590	3797.3333333333335	0.0	0.0	0.0	0.0	0.0	0.0
600	3571.6666666666665	0.0	0.0	0.0	0.0	0.0	0.0
610	3569.1666666666665	0.0	0.0	0.0	0.0	0.0	0.0
620	3012.3333333333335	0.0	0.0	0.0	0.0	0.0	0.0
630	3459.8333333333335	0.0	0.0	0.0	0.0	0.0	0.0
640	3046.1666666666665	0.0	0.0	0.0	0.0	0.0	0.0
650	3436.1666666666665	0.0	0.0	0.0	0.0	0.0	0.0
660	3637.1666666666665	0.0	0.0	0.0	0.0	0.0	0.0
670	3510.1666666666665	0.0	0.0	0.0	0.0	0.0	0.0
680	3397.8333333333335	0.0	0.0	0.0	0.0	0.0	0.0
690	3474.5	0.0	0.0	0.0	0.0	0.0	0.0
700	3620.6666666666665	0.0	0.0	0.0	0.0	0.0	0.0
710	3605.6666666666665	0.0	0.0	0.0	0.0	0.0	0.0
720	3443.0	0.0	0.0	0.0	0.0	0.0	0.0
730	2797.5	0.0	0.0	0.0	0.0	0.0	0.0
740	3693.5	0.0	0.0	0.0	0.0	0.0	0.0
750	3899.1666666666665	0.0	0.0	0.0	0.0	0.0	0.0
760	3934.1666666666665	0.0	0.0	0.0	0.0	0.0	0.0
770	3472.6666666666665	0.0	0.0	0.0	0.0	0.0	0.0
780	3708.0	0.0	0.0	0.0	0.0	0.0	0.0
790	3863.3333333333335	0.0	0.0	0.0	0.0	0.0	0.0
800	3674.3333333333335	0.0	0.0	0.0	0.0	0.0	0.0
810	3810.5	0.0	0.0	0.0	0.0	0.0	0.0
820	3834.0	0.0	0.0	0.0	0.0	0.0	0.0
830	4049.6666666666665	0.0	0.0	0.0	0.0	0.0	0.0
840	3532.1666666666665	0.0	0.0	0.0	0.0	0.0	0.0
850	3584.1666666666665	0.0	0.0	0.0	0.0	0.0	0.0
860	3531.1666666666665	0.0	0.0	0.0	0.0	0.0	0.0
870	4000.5	0.0	0.0	0.0	0.0	0.0	0.0
880	3391.3333333333335	0.0	0.0	0.0	0.0	0.0	0.0
890	3938.1666666666665	0.0	0.0	0.0	0.0	0.0	0.0
900	3951.3333333333335	0.0	0.0	0.0	0.0	0.0	0.0
910	3406.0	0.0	0.0	0.0	0.0	0.0	0.0
920	3713.3333333333335	0.0	0.0	0.0	0.0	0.0	0.0
930	4124.5	0.0	0.0	0.0	0.0	0.0	0.0
940	3744.6666666666665	0.0	0.0	0.0	0.0	0.0	0.0
950	3624.3333333333335	0.0	0.0	0.0	0.0	0.0	0.0
960	3900.8333333333335	0.0	0.0	0.0	0.0	0.0	0.0
970	3339.5	0.0	0.0	0.0	0.0	0.0	0.0
980	3942.0	0.0	0.0	0.0	0.0	0.0	0.0
990	3450.8333333333335	0.0	0.0	0.0	0.0	0.0	0.0
1000	3837.8333333333335	0.0	0.0	0.0	0.0	0.0	0.0
