0	233.0	0.0	0.0	0.0	0.0	0.0	0.0
10	1930.3333333333333	1000.0	4104.0	591.0	901.0	477.0	99.0
20	2039.8333333333333	0.0	0.0	0.0	0.0	0.0	0.0
30	2069.0	0.0	0.0	0.0	0.0	0.0	0.0
40	2068.0	0.0	0.0	0.0	0.0	0.0	0.0
50	2113.6666666666665	0.0	0.0	0.0	0.0	0.0	0.0
60	2238.0	0.0	0.0	0.0	0.0	0.0	0.0
70	2322.8333333333335	0.0	0.0	0.0	0.0	0.0	0.0
80	2192.0	0.0	0.0	0.0	0.0	0.0	0.0
90	2299.1666666666665	0.0	0.0	0.0	0.0	0.0	0.0
100	2183.6666666666665	0.0	0.0	0.0	0.0	0.0	0.0
110	2475.1666666666665	0.0	0.0	0.0	0.0	0.0	0.0
120	2444.6666666666665	0.0	0.0	0.0	0.0	0.0	0.0
130	2636.1666666666665	0.0	0.0	0.0	0.0	0.0	0.0
140	2630.3333333333335	0.0	0.0	0.0	0.0	0.0	0.0
150	2737.1666666666665	0.0	0.0	0.0	0.0	0.0	0.0
160	2612.6666666666665	0.0	0.0	0.0	0.0	0.0	0.0
170	2607.1666666666665	0.0	0.0	0.0	0.0	0.0	0.0
180	2496.8333333333335	0.0	0.0	0.0	0.0	0.0	0.0
190	2605.3333333333335	0.0	0.0	0.0	0.0	0.0	0.0
200	1947.5	0.0	0.0	0.0	0.0	0.0	0.0
210	2272.0	0.0	0.0	0.0	0.0	0.0	0.0
220	2563.6666666666665	0.0	0.0	0.0	0.0	0.0	0.0
230	2429.6666666666665	0.0	0.0	0.0	0.0	0.0	0.0
240	2994.1666666666665	0.0	0.0	0.0	0.0	0.0	0.0
250	2883.5	0.0	0.0	0.0	0.0	0.0	0.0
260	2933.6666666666665	0.0	0.0	0.0	0.0	0.0	0.0
270	2896.6666666666665	0.0	0.0	0.0	0.0	0.0	0.0
280	2827.5	0.0	0.0	0.0	0.0	0.0	0.0
290	2685.6666666666665	0.0	0.0	0.0	0.0	0.0	0.0
300	2940.1666666666665	0.0	0.0	0.0	0.0	0.0	0.0
310	3149.6666666666665	0.0	0.0	0.0	0.0	0.0	0.0
320	2910.1666666666665	0.0	0.0	0.0	0.0	0.0	0.0
330	2622.1666666666665	0.0	0.0	0.0	0.0	0.0	0.0
340	2851.5	0.0	0.0	0.0	0.0	0.0	0.0
350	2558.6666666666665	0.0	0.0	0.0	0.0	0.0	0.0
360	2782.6666666666665	0.0	0.0	0.0	0.0	0.0	0.0
370	2681.3333333333335	0.0	0.0	0.0	0.0	0.0	0.0
380	3642.1666666666665	0.0	0.0	0.0	0.0	0.0	0.0
390	3081.1666666666665	0.0	0.0	0.0	0.0	0.0	0.0
400	3428.5	0.0	0.0	0.0	0.0	0.0	0.0
410	2758.0	0.0	0.0	0.0	0.0	0.0	0.0
420	3078.8333333333335	0.0	0.0	0.0	0.0	0.0	0.0
430	3127.6666666666665	0.0	0.0	0.0	0.0	0.0	0.0
440	3413.3333333333335	0.0	0.0	0.0	0.0	0.0	0.0
450	3564.3333333333335	0.0	0.0	0.0	0.0	0.0	0.0
460	2633.6666666666665	0.0	0.0	0.0	0.0	0.0	0.0
470	3492.0	0.0	0.0	0.0	0.0	0.0	0.0
480	3568.1666666666665	0.0	0.0	0.0	0.0	0.0	0.0
490	3557.0	0.0	0.0	0.0	0.0	0.0	0.0
500	3791.5	0.0	0.0	0.0	0.0	0.0	0.0
510	2875.5	0.0	0.0	0.0	0.0	0.0	0.0
520	3438.6666666666665	0.0	0.0	0.0	0.0	0.0	0.0
530	3545.1666666666665	0.0	0.0	0.0	0.0	0.0	0.0
540	3142.0	0.0	0.0	0.0	0.0	0.0	0.0
550	3261.5	0.0	0.0	0.0	0.0	0.0	0.0
560	3397.6666666666665	0.0	0.0	0.0	0.0	0.0	0.0
570	3076.6666666666665	0.0	0.0	0.0	0.0	0.0	0.0
580	2846.6666666666665	0.0	0.0	0.0	0.0	0.0	0.0
590	3675.8333333333335	0.0	0.0	0.0	0.0	0.0	0.0
600	3302.3333333333335	0.0	0.0	0.0	0.0	0.0	0.0
610	3756.0	0.0	0.0	0.0	0.0	0.0	0.0
620	4123.5	0.0	0.0	0.0	0.0	0.0	0.0
630	3725.6666666666665	0.0	0.0	0.0	0.0	0.0	0.0
640	3698.6666666666665	0.0	0.0	0.0	0.0	0.0	0.0
650	3605.0	0.0	0.0	0.0	0.0	0.0	0.0
660	3331.6666666666665	0.0	0.0	0.0	0.0	0.0	0.0
670	3500.5	0.0	0.0	0.0	0.0	0.0	0.0
680	3488.3333333333335	0.0	0.0	0.0	0.0	0.0	0.0
690	3548.8333333333335	0.0	0.0	0.0	0.0	0.0	0.0
700	3958.0	0.0	0.0	0.0	0.0	0.0	0.0
710	3456.6666666666665	0.0	0.0	0.0	0.0	0.0	0.0
720	3656.0	0.0	0.0	0.0	0.0	0.0	0.0
730	3479.6666666666665	0.0	0.0	0.0	0.0	0.0	0.0
740	3772.0	0.0	0.0	0.0	0.0	0.0	0.0
750	4082.3333333333335	0.0	0.0	0.0	0.0	0.0	0.0
760	3089.5	0.0	0.0	0.0	0.0	0.0	0.0
770	3971.1666666666665	0.0	0.0	0.0	0.0	0.0	0.0
780	3859.8333333333335	0.0	0.0	0.0	0.0	0.0	0.0
790	3860.3333333333335	0.0	0.0	0.0	0.0	0.0	0.0
800	3783.3333333333335	0.0	0.0	0.0	0.0	0.0	0.0
810	3678.5	0.0	0.0	0.0	0.0	0.0	0.0
820	3541.0	0.0	0.0	0.0	0.0	0.0	0.0
830	3360.5	0.0	0.0	0.0	0.0	0.0	0.0
840	3695.0	0.0	0.0	0.0	0.0	0.0	0.0
850	3598.1666666666665	0.0	0.0	0.0	0.0	0.0	0.0
860	3587.0	0.0	0.0	0.0	0.0	0.0	0.0
870	3812.0	0.0	0.0	0.0	0.0	0.0	0.0
880	3616.3333333333335	0.0	0.0	0.0	0.0	0.0	0.0
890	4020.6666666666665	0.0	0.0	0.0	0.0	0.0	0.0
900	3682.1666666666665	0.0	0.0	0.0	0.0	0.0	0.0
910	3876.1666666666665	0.0	0.0	0.0	0.0	0.0	0.0
920	3597.0	0.0	0.0	0.0	0.0	0.0	0.0
930	3815.5	0.0	0.0	0.0	0.0	0.0	0.0
940	3706.5	0.0	0.0	0.0	0.0	0.0	0.0
950	3759.1666666666665	0.0	0.0	0.0	0.0	0.0	0.0
960	3675.8333333333335	0.0	0.0	0.0	0.0	0.0	0.0
970	3926.8333333333335	0.0	0.0	0.0	0.0	0.0	0.0
980	3728.3333333333335	0.0	0.0	0.0	0.0	0.0	0.0
990	3580.8333333333335	0.0	0.0	0.0	0.0	0.0	0.0
1000	3748.3333333333335	0.0	0.0	0.0	0.0	0.0	0.0
