0	283.0	0.0	0.0	0.0	0.0	0.0	0.0
10	1784.5	1000.0	4874.0	655.0	907.0	560.0	93.0
20	1790.6666666666667	0.0	0.0	0.0	0.0	0.0	0.0
30	2116.8333333333335	0.0	0.0	0.0	0.0	0.0	0.0
40	2106.8333333333335	0.0	0.0	0.0	0.0	0.0	0.0
50	2145.0	0.0	0.0	0.0	0.0	0.0	0.0
60	2111.8333333333335	0.0	0.0	0.0	0.0	0.0	0.0
70	2304.8333333333335	0.0	0.0	0.0	0.0	0.0	0.0
80	2254.8333333333335	0.0	0.0	0.0	0.0	0.0	0.0
90	2337.6666666666665	0.0	0.0	0.0	0.0	0.0	0.0
100	2459.5	0.0	0.0	0.0	0.0	0.0	0.0
110	2515.6666666666665	0.0	0.0	0.0	0.0	0.0	0.0
120	2570.5	0.0	0.0	0.0	0.0	0.0	0.0
130	2376.5	0.0	0.0	0.0	0.0	0.0	0.0
140	2581.6666666666665	0.0	0.0	0.0	0.0	0.0	0.0
150	2562.3333333333335	0.0	0.0	0.0	0.0	0.0	0.0
160	2434.0	0.0	0.0	0.0	0.0	0.0	0.0
170	2547.3333333333335	0.0	0.0	0.0	0.0	0.0	0.0
180	2675.3333333333335	0.0	0.0	0.0	0.0	0.0	0.0
190	2776.6666666666665	0.0	0.0	0.0	0.0	0.0	0.0
200	2439.1666666666665	0.0	0.0	0.0	0.0	0.0	0.0
210	2697.5	0.0	0.0	0.0	0.0	0.0	0.0
220	2693.3333333333335	0.0	0.0	0.0	0.0	0.0	0.0
230	3263.8333333333335	0.0	0.0	0.0	0.0	0.0	0.0
240	2704.5	0.0	0.0	0.0	0.0	0.0	0.0
250	2494.8333333333335	0.0	0.0	0.0	0.0	0.0	0.0
260	2716.5	0.0	0.0	0.0	0.0	0.0	0.0
270	2802.1666666666665	0.0	0.0	0.0	0.0	0.0	0.0
280	2422.8333333333335	0.0	0.0	0.0	0.0	0.0	0.0
290	2727.6666666666665	0.0	0.0	0.0	0.0	0.0	0.0
300	2364.5	0.0	0.0	0.0	0.0	0.0	0.0
310	2532.3333333333335	0.0	0.0	0.0	0.0	0.0	0.0
320	2326.1666666666665	0.0	0.0	0.0	0.0	0.0	0.0
330	3125.6666666666665	0.0	0.0	0.0	0.0	0.0	0.0
340	2454.5	0.0	0.0	0.0	0.0	0.0	0.0
350	2534.3333333333335	0.0	0.0	0.0	0.0	0.0	0.0
360	2627.6666666666665	0.0	0.0	0.0	0.0	0.0	0.0
370	2918.3333333333335	0.0	0.0	0.0	0.0	0.0	0.0
380	3227.3333333333335	0.0	0.0	0.0	0.0	0.0	0.0
390	2865.1666666666665	0.0	0.0	0.0	0.0	0.0	0.0
400	3141.8333333333335	0.0	0.0	0.0	0.0	0.0	0.0
410	3600.6666666666665	0.0	0.0	0.0	0.0	0.0	0.0
420	2864.6666666666665	0.0	0.0	0.0	0.0	0.0	0.0
430	3344.6666666666665	0.0	0.0	0.0	0.0	0.0	0.0
440	3281.3333333333335	0.0	0.0	0.0	0.0	0.0	0.0
450	3293.0	0.0	0.0	0.0	0.0	0.0	0.0
460	3424.5	0.0	0.0	0.0	0.0	0.0	0.0
470	3080.1666666666665	0.0	0.0	0.0	0.0	0.0	0.0
480	3494.3333333333335	0.0	0.0	0.0	0.0	0.0	0.0
490	3272.0	0.0	0.0	0.0	0.0	0.0	0.0
500	3645.8333333333335	0.0	0.0	0.0	0.0	0.0	0.0
510	3664.6666666666665	0.0	0.0	0.0	0.0	0.0	0.0
520	3693.0	0.0	0.0	0.0	0.0	0.0	0.0
530	3462.5	0.0	0.0	0.0	0.0	0.0	0.0
540	3616.3333333333335	0.0	0.0	0.0	0.0	0.0	0.0
550	3469.6666666666665	0.0	0.0	0.0	0.0	0.0	0.0
560	4011.3333333333335	0.0	0.0	0.0	0.0	0.0	0.0
570	3303.5	0.0	0.0	0.0	0.0	0.0	0.0
580	3096.0	0.0	0.0	0.0	0.0	0.0	0.0
590	3919.5	0.0	0.0	0.0	0.0	0.0	0.0
600	3621.0	0.0	0.0	0.0	0.0	0.0	0.0
610	3948.0	0.0	0.0	0.0	0.0	0.0	0.0
620	3761.1666666666665	0.0	0.0	0.0	0.0	0.0	0.0
630	3673.5	0.0	0.0	0.0	0.0	0.0	0.0
640	3285.1666666666665	0.0	0.0	0.0	0.0	0.0	0.0
650	3591.0	0.0	0.0	0.0	0.0	0.0	0.0
660	3987.3333333333335	0.0	0.0	0.0	0.0	0.0	0.0
670	3909.1666666666665	0.0	0.0	0.0	0.0	0.0	0.0
680	3909.6666666666665	0.0	0.0	0.0	0.0	0.0	0.0
690	3525.8333333333335	0.0	0.0	0.0	0.0	0.0	0.0
700	3923.8333333333335	0.0	0.0	0.0	0.0	0.0	0.0
710	2934.6666666666665	0.0	0.0	0.0	0.0	0.0	0.0
720	3530.0	0.0	0.0	0.0	0.0	0.0	0.0
730	3447.5	0.0	0.0	0.0	0.0	0.0	0.0
740	3510.3333333333335	0.0	0.0	0.0	0.0	0.0	0.0
750	3341.1666666666665	0.0	0.0	0.0	0.0	0.0	0.0
760	4023.0	0.0	0.0	0.0	0.0	0.0	0.0
770	4086.1666666666665	0.0	0.0	0.0	0.0	0.0	0.0
780	3952.8333333333335	0.0	0.0	0.0	0.0	0.0	0.0
790	4168.166666666667	0.0	0.0	0.0	0.0	0.0	0.0
800	3546.8333333333335	0.0	0.0	0.0	0.0	0.0	0.0
810	3879.0	0.0	0.0	0.0	0.0	0.0	0.0
820	3969.8333333333335	0.0	0.0	0.0	0.0	0.0	0.0
830	3755.8333333333335	0.0	0.0	0.0	0.0	0.0	0.0
840	3614.5	0.0	0.0	0.0	0.0	0.0	0.0
850	3977.3333333333335	0.0	0.0	0.0	0.0	0.0	0.0
860	3841.1666666666665	0.0	0.0	0.0	0.0	0.0	0.0
870	3755.1666666666665	0.0	0.0	0.0	0.0	0.0	0.0
880	3897.8333333333335	0.0	0.0	0.0	0.0	0.0	0.0
890	3761.0	0.0	0.0	0.0	0.0	0.0	0.0
900	3761.8333333333335	0.0	0.0	0.0	0.0	0.0	0.0
910	3694.3333333333335	0.0	0.0	0.0	0.0	0.0	0.0
920	3669.3333333333335	0.0	0.0	0.0	0.0	0.0	0.0
930	3719.3333333333335	0.0	0.0	0.0	0.0	0.0	0.0
940	3864.1666666666665	0.0	0.0	0.0	0.0	0.0	0.0
950	4038.8333333333335	0.0	0.0	0.0	0.0	0.0	0.0
960	3859.3333333333335	0.0	0.0	0.0	0.0	0.0	0.0
970	4095.5	0.0	0.0	0.0	0.0	0.0	0.0
980	3421.1666666666665	0.0	0.0	0.0	0.0	0.0	0.0
990	3957.1666666666665	0.0	0.0	0.0	0.0	0.0	0.0
1000	4081.8333333333335	0.0	0.0	0.0	0.0	0.0	0.0
