0	306.0	0.0	0.0	0.0	0.0	0.0	0.0
10	1585.6666666666667	1000.0	4655.0	788.0	931.0	675.0	69.0
20	2024.6666666666667	0.0	0.0	0.0	0.0	0.0	0.0
30	2017.3333333333333	0.0	0.0	0.0	0.0	0.0	0.0
40	2229.6666666666665	0.0	0.0	0.0	0.0	0.0	0.0
50	2154.3333333333335	0.0	0.0	0.0	0.0	0.0	0.0
60	2243.5	0.0	0.0	0.0	0.0	0.0	0.0
70	2136.3333333333335	0.0	0.0	0.0	0.0	0.0	0.0
80	2160.8333333333335	0.0	0.0	0.0	0.0	0.0	0.0
90	2103.0	0.0	0.0	0.0	0.0	0.0	0.0
100	2472.0	0.0	0.0	0.0	0.0	0.0	0.0
110	2282.6666666666665	0.0	0.0	0.0	0.0	0.0	0.0
120	2271.1666666666665	0.0	0.0	0.0	0.0	0.0	0.0
130	2384.0	0.0	0.0	0.0	0.0	0.0	0.0
140	2456.1666666666665	0.0	0.0	0.0	0.0	0.0	0.0
150	2618.6666666666665	0.0	0.0	0.0	0.0	0.0	0.0
160	2486.3333333333335	0.0	0.0	0.0	0.0	0.0	0.0
170	1880.6666666666667	0.0	0.0	0.0	0.0	0.0	0.0
180	2111.6666666666665	0.0	0.0	0.0	0.0	0.0	0.0
190	2576.8333333333335	0.0	0.0	0.0	0.0	0.0	0.0
200	2593.0	0.0	0.0	0.0	0.0	0.0	0.0
210	2746.6666666666665	0.0	0.0	0.0	0.0	0.0	0.0
220	2773.6666666666665	0.0	0.0	0.0	0.0	0.0	0.0
230	2300.1666666666665	0.0	0.0	0.0	0.0	0.0	0.0
240	2715.5	0.0	0.0	0.0	0.0	0.0	0.0
250	2166.5	0.0	0.0	0.0	0.0	0.0	0.0
260	2857.8333333333335	0.0	0.0	0.0	0.0	0.0	0.0
270	2477.8333333333335	0.0	0.0	0.0	0.0	0.0	0.0
280	2189.6666666666665	0.0	0.0	0.0	0.0	0.0	0.0
290	2535.1666666666665	0.0	0.0	0.0	0.0	0.0	0.0
300	2517.5	0.0	0.0	0.0	0.0	0.0	0.0
310	2420.0	0.0	0.0	0.0	0.0	0.0	0.0
320	2627.0	0.0	0.0	0.0	0.0	0.0	0.0
330	3155.0	0.0	0.0	0.0	0.0	0.0	0.0
340	2581.5	0.0	0.0	0.0	0.0	0.0	0.0
350	2459.1666666666665	0.0	0.0	0.0	0.0	0.0	0.0
360	2945.6666666666665	0.0	0.0	0.0	0.0	0.0	0.0
370	3288.6666666666665	0.0	0.0	0.0	0.0	0.0	0.0
380	2536.5	0.0	0.0	0.0	0.0	0.0	0.0
390	3390.0	0.0	0.0	0.0	0.0	0.0	0.0
400	3074.3333333333335	0.0	0.0	0.0	0.0	0.0	0.0
410	3491.0	0.0	0.0	0.0	0.0	0.0	0.0
420	2842.6666666666665	0.0	0.0	0.0	0.0	0.0	0.0
430	3449.3333333333335	0.0	0.0	0.0	0.0	0.0	0.0
440	3392.6666666666665	0.0	0.0	0.0	0.0	0.0	0.0
450	3267.6666666666665	0.0	0.0	0.0	0.0	0.0	0.0
460	3165.0	0.0	0.0	0.0	0.0	0.0	0.0
470	3109.8333333333335	0.0	0.0	0.0	0.0	0.0	0.0
480	3057.1666666666665	0.0	0.0	0.0	0.0	0.0	0.0
490	3293.5	0.0	0.0	0.0	0.0	0.0	0.0
500	3293.8333333333335	0.0	0.0	0.0	0.0	0.0	0.0
510	3507.8333333333335	0.0	0.0	0.0	0.0	0.0	0.0
520	3322.0	0.0	0.0	0.0	0.0	0.0	0.0
530	3122.5	0.0	0.0	0.0	0.0	0.0	0.0
540	3743.3333333333335	0.0	0.0	0.0	0.0	0.0	0.0
550	3092.1666666666665	0.0	0.0	0.0	0.0	0.0	0.0
560	3685.1666666666665	0.0	0.0	0.0	0.0	0.0	0.0
570	3606.8333333333335	0.0	0.0	0.0	0.0	0.0	0.0
580	3747.1666666666665	0.0	0.0	0.0	0.0	0.0	0.0
590	3531.0	0.0	0.0	0.0	0.0	0.0	0.0
600	4025.1666666666665	0.0	0.0	0.0	0.0	0.0	0.0
610	3305.0	0.0	0.0	0.0	0.0	0.0	0.0
620	3201.6666666666665	0.0	0.0	0.0	0.0	0.0	0.0
630	3566.6666666666665	0.0	0.0	0.0	0.0	0.0	0.0
640	2969.1666666666665	0.0	0.0	0.0	0.0	0.0	0.0
650	3247.8333333333335	0.0	0.0	0.0	0.0	0.0	0.0
660	3600.8333333333335	0.0	0.0	0.0	0.0	0.0	0.0
670	3756.3333333333335	0.0	0.0	0.0	0.0	0.0	0.0
680	3693.6666666666665	0.0	0.0	0.0	0.0	0.0	0.0
690	3439.6666666666665	0.0	0.0	0.0	0.0	0.0	0.0
700	3919.3333333333335	0.0	0.0	0.0	0.0	0.0	0.0
710	3787.8333333333335	0.0	0.0	0.0	0.0	0.0	0.0
720	3870.0	0.0	0.0	0.0	0.0	0.0	0.0
730	3314.5	0.0	0.0	0.0	0.0	0.0	0.0
740	3583.1666666666665	0.0	0.0	0.0	0.0	0.0	0.0
750	3599.3333333333335	0.0	0.0	0.0	0.0	0.0	0.0
760	3876.3333333333335	0.0	0.0	0.0	0.0	0.0	0.0
770	3864.5	0.0	0.0	0.0	0.0	0.0	0.0
780	3517.3333333333335	0.0	0.0	0.0	0.0	0.0	0.0
790	3864.3333333333335	0.0	0.0	0.0	0.0	0.0	0.0
800	3891.8333333333335	0.0	0.0	0.0	0.0	0.0	0.0
810	3498.5	0.0	0.0	0.0	0.0	0.0	0.0
820	3509.1666666666665	0.0	0.0	0.0	0.0	0.0	0.0
830	3817.1666666666665	0.0	0.0	0.0	0.0	0.0	0.0
840	3802.6666666666665	0.0	0.0	0.0	0.0	0.0	0.0
850	2884.8333333333335	0.0	0.0	0.0	0.0	0.0	0.0
860	3559.0	0.0	0.0	0.0	0.0	0.0	0.0
870	3551.0	0.0	0.0	0.0	0.0	0.0	0.0
880	3618.3333333333335	0.0	0.0	0.0	0.0	0.0	0.0
890	3740.0	0.0	0.0	0.0	0.0	0.0	0.0
900	3698.3333333333335	0.0	0.0	0.0	0.0	0.0	0.0
910	3923.3333333333335	0.0	0.0	0.0	0.0	0.0	0.0
920	3624.8333333333335	0.0	0.0	0.0	0.0	0.0	0.0
930	3920.3333333333335	0.0	0.0	0.0	0.0	0.0	0.0
940	3752.5	0.0	0.0	0.0	0.0	0.0	0.0
950	3051.8333333333335	0.0	0.0	0.0	0.0	0.0	0.0
960	3575.5	0.0	0.0	0.0	0.0	0.0	0.0
970	3929.5	0.0	0.0	0.0	0.0	0.0	0.0
980	3943.5	0.0	0.0	0.0	0.0	0.0	0.0
990	3785.3333333333335	0.0	0.0	0.0	0.0	0.0	0.0
1000	3888.5	0.0	0.0	0.0	0.0	0.0	0.0
