0	249.33333333333334	0.0	0.0	0.0	0.0	0.0	0.0
10	1979.5	1000.0	6674.0	684.0	822.0	503.0	178.0
20	1537.6666666666667	0.0	0.0	0.0	0.0	0.0	0.0
30	2095.0	0.0	0.0	0.0	0.0	0.0	0.0
40	2035.3333333333333	0.0	0.0	0.0	0.0	0.0	0.0
50	2145.0	0.0	0.0	0.0	0.0	0.0	0.0
60	2286.3333333333335	0.0	0.0	0.0	0.0	0.0	0.0
70	2164.6666666666665	0.0	0.0	0.0	0.0	0.0	0.0
80	2635.3333333333335	0.0	0.0	0.0	0.0	0.0	0.0
90	2603.3333333333335	0.0	0.0	0.0	0.0	0.0	0.0
100	2650.5	0.0	0.0	0.0	0.0	0.0	0.0
110	2455.3333333333335	0.0	0.0	0.0	0.0	0.0	0.0
120	2723.3333333333335	0.0	0.0	0.0	0.0	0.0	0.0
130	2452.8333333333335	0.0	0.0	0.0	0.0	0.0	0.0
140	2414.5	0.0	0.0	0.0	0.0	0.0	0.0
150	2834.5	0.0	0.0	0.0	0.0	0.0	0.0
160	2620.5	0.0	0.0	0.0	0.0	0.0	0.0
170	2759.0	0.0	0.0	0.0	0.0	0.0	0.0
180	2933.5	0.0	0.0	0.0	0.0	0.0	0.0
190	2612.1666666666665	0.0	0.0	0.0	0.0	0.0	0.0
200	2748.5	0.0	0.0	0.0	0.0	0.0	0.0
210	2879.1666666666665	0.0	0.0	0.0	0.0	0.0	0.0
220	2319.5	0.0	0.0	0.0	0.0	0.0	0.0
230	2465.8333333333335	0.0	0.0	0.0	0.0	0.0	0.0
240	2528.3333333333335	0.0	0.0	0.0	0.0	0.0	0.0
250	2457.5	0.0	0.0	0.0	0.0	0.0	0.0
260	2385.0	0.0	0.0	0.0	0.0	0.0	0.0
270	2759.8333333333335	0.0	0.0	0.0	0.0	0.0	0.0
280	2423.0	0.0	0.0	0.0	0.0	0.0	0.0
290	2750.6666666666665	0.0	0.0	0.0	0.0	0.0	0.0
300	2557.6666666666665	0.0	0.0	0.0	0.0	0.0	0.0
310	2630.3333333333335	0.0	0.0	0.0	0.0	0.0	0.0
320	2449.6666666666665	0.0	0.0	0.0	0.0	0.0	0.0
330	2915.8333333333335	0.0	0.0	0.0	0.0	0.0	0.0
340	2751.1666666666665	0.0	0.0	0.0	0.0	0.0	0.0
350	2775.6666666666665	0.0	0.0	0.0	0.0	0.0	0.0
360	2844.3333333333335	0.0	0.0	0.0	0.0	0.0	0.0
370	2860.3333333333335	0.0	0.0	0.0	0.0	0.0	0.0
380	3448.5	0.0	0.0	0.0	0.0	0.0	0.0
390	2751.6666666666665	0.0	0.0	0.0	0.0	0.0	0.0
400	3209.8333333333335	0.0	0.0	0.0	0.0	0.0	0.0
410	3077.6666666666665	0.0	0.0	0.0	0.0	0.0	0.0
420	2829.8333333333335	0.0	0.0	0.0	0.0	0.0	0.0
430	3463.1666666666665	0.0	0.0	0.0	0.0	0.0	0.0
440	2948.6666666666665	0.0	0.0	0.0	0.0	0.0	0.0
450	3360.5	0.0	0.0	0.0	0.0	0.0	0.0
460	2947.8333333333335	0.0	0.0	0.0	0.0	0.0	0.0
470	2858.1666666666665	0.0	0.0	0.0	0.0	0.0	0.0
480	3290.0	0.0	0.0	0.0	0.0	0.0	0.0
490	3308.3333333333335	0.0	0.0	0.0	0.0	0.0	0.0
500	2859.8333333333335	0.0	0.0	0.0	0.0	0.0	0.0
510	3559.1666666666665	0.0	0.0	0.0	0.0	0.0	0.0
520	3360.1666666666665	0.0	0.0	0.0	0.0	0.0	0.0
530	2873.5	0.0	0.0	0.0	0.0	0.0	0.0
540	3445.0	0.0	0.0	0.0	0.0	0.0	0.0
550	3788.5	0.0	0.0	0.0	0.0	0.0	0.0
560	3283.8333333333335	0.0	0.0	0.0	0.0	0.0	0.0
570	3554.6666666666665	0.0	0.0	0.0	0.0	0.0	0.0
580	3458.8333333333335	0.0	0.0	0.0	0.0	0.0	0.0
590	3434.5	0.0	0.0	0.0	0.0	0.0	0.0
600	3572.6666666666665	0.0	0.0	0.0	0.0	0.0	0.0
610	3090.1666666666665	0.0	0.0	0.0	0.0	0.0	0.0
620	3599.3333333333335	0.0	0.0	0.0	0.0	0.0	0.0
630	3714.8333333333335	0.0	0.0	0.0	0.0	0.0	0.0
640	3878.6666666666665	0.0	0.0	0.0	0.0	0.0	0.0
650	3968.6666666666665	0.0	0.0	0.0	0.0	0.0	0.0
660	3691.8333333333335	0.0	0.0	0.0	0.0	0.0	0.0
670	4034.1666666666665	0.0	0.0	0.0	0.0	0.0	0.0
680	3780.0	0.0	0.0	0.0	0.0	0.0	0.0
690	3795.1666666666665	0.0	0.0	0.0	0.0	0.0	0.0
700	3802.3333333333335	0.0	0.0	0.0	0.0	0.0	0.0
710	3952.3333333333335	0.0	0.0	0.0	0.0	0.0	0.0
720	4095.1666666666665	0.0	0.0	0.0	0.0	0.0	0.0
730	3588.6666666666665	0.0	0.0	0.0	0.0	0.0	0.0
740	3790.6666666666665	0.0	0.0	0.0	0.0	0.0	0.0
750	3972.8333333333335	0.0	0.0	0.0	0.0	0.0	0.0
760	3870.3333333333335	0.0	0.0	0.0	0.0	0.0	0.0
770	3790.1666666666665	0.0	0.0	0.0	0.0	0.0	0.0
780	4134.833333333333	0.0	0.0	0.0	0.0	0.0	0.0
790	3397.1666666666665	0.0	0.0	0.0	0.0	0.0	0.0
800	3700.0	0.0	0.0	0.0	0.0	0.0	0.0
810	3735.6666666666665	0.0	0.0	0.0	0.0	0.0	0.0
820	3344.1666666666665	0.0	0.0	0.0	0.0	0.0	0.0
830	4050.1666666666665	0.0	0.0	0.0	0.0	0.0	0.0
840	3756.8333333333335	0.0	0.0	0.0	0.0	0.0	0.0
850	4060.0	0.0	0.0	0.0	0.0	0.0	0.0
860	3571.8333333333335	0.0	0.0	0.0	0.0	0.0	0.0
870	3364.1666666666665	0.0	0.0	0.0	0.0	0.0	0.0
880	3541.3333333333335	0.0	0.0	0.0	0.0	0.0	0.0
890	4031.1666666666665	0.0	0.0	0.0	0.0	0.0	0.0
900	3885.5	0.0	0.0	0.0	0.0	0.0	0.0
910	3696.3333333333335	0.0	0.0	0.0	0.0	0.0	0.0
920	3886.3333333333335	0.0	0.0	0.0	0.0	0.0	0.0
930	3706.3333333333335	0.0	0.0	0.0	0.0	0.0	0.0
940	3571.0	0.0	0.0	0.0	0.0	0.0	0.0
950	3450.8333333333335	0.0	0.0	0.0	0.0	0.0	0.0
960	3969.5	0.0	0.0	0.0	0.0	0.0	0.0
970	3510.8333333333335	0.0	0.0	0.0	0.0	0.0	0.0
980	3682.1666666666665	0.0	0.0	0.0	0.0	0.0	0.0
990	3689.8333333333335	0.0	0.0	0.0	0.0	0.0	0.0
1000	4030.8333333333335	0.0	0.0	0.0	0.0	0.0	0.0
