0	283.0	0.0
10	1817.8333333333333	578.0
20	2073.8333333333335	422.0
30	1760.0	0.0
40	1836.3333333333333	0.0
50	2086.6666666666665	0.0
60	2199.3333333333335	0.0
70	2161.0	0.0
80	2391.8333333333335	0.0
90	2487.3333333333335	0.0
100	2265.8333333333335	0.0
110	2285.5	0.0
120	2311.6666666666665	0.0
130	2099.1666666666665	0.0
140	2483.5	0.0
150	2368.5	0.0
160	2490.0	0.0
170	2610.0	0.0
180	2709.0	0.0
190	2547.1666666666665	0.0
200	2677.8333333333335	0.0
210	2482.1666666666665	0.0
220	2719.0	0.0
230	2649.6666666666665	0.0
240	2371.1666666666665	0.0
250	2373.6666666666665	0.0
260	2455.8333333333335	0.0
270	2460.8333333333335	0.0
280	2404.5	0.0
290	2376.0	0.0
300	2888.5	0.0
310	2594.0	0.0
320	2703.6666666666665	0.0
330	2502.3333333333335	0.0
340	2606.5	0.0
350	2897.8333333333335	0.0
360	2848.3333333333335	0.0
370	3055.0	0.0
380	3083.6666666666665	0.0
390	2716.8333333333335	0.0
400	3018.1666666666665	0.0
410	3236.3333333333335	0.0
420	2880.6666666666665	0.0
430	3454.0	0.0
440	3244.6666666666665	0.0
450	3089.1666666666665	0.0
460	3063.5	0.0
470	3028.6666666666665	0.0
480	3477.0	0.0
490	2934.0	0.0
500	3299.8333333333335	0.0
510	3999.1666666666665	0.0
520	3752.3333333333335	0.0
530	3173.6666666666665	0.0
540	3340.0	0.0
550	3460.0	0.0
560	3171.1666666666665	0.0
570	3523.8333333333335	0.0
580	3876.5	0.0
590	4015.1666666666665	0.0
600	3331.1666666666665	0.0
610	3583.5	0.0
620	3546.1666666666665	0.0
630	3771.6666666666665	0.0
640	3901.8333333333335	0.0
650	3808.8333333333335	0.0
660	3581.6666666666665	0.0
670	3067.5	0.0
680	4145.166666666667	0.0
690	3551.6666666666665	0.0
700	3610.5	0.0
710	3518.0	0.0
720	3529.1666666666665	0.0
730	3597.0	0.0
740	3901.1666666666665	0.0
750	3783.6666666666665	0.0
760	3784.6666666666665	0.0
770	3962.3333333333335	0.0
780	3608.3333333333335	0.0
790	4038.0	0.0
800	3737.8333333333335	0.0
810	3960.6666666666665	0.0
820	3788.6666666666665	0.0
830	3892.1666666666665	0.0
840	3625.5	0.0
850	3621.5	0.0
860	4097.5	0.0
870	3510.3333333333335	0.0
880	3632.8333333333335	0.0
890	3658.1666666666665	0.0
900	3706.1666666666665	0.0
910	3654.5	0.0
920	3551.5	0.0
930	3904.5	0.0
940	3750.3333333333335	0.0
950	4014.1666666666665	0.0
960	3513.6666666666665	0.0
970	3845.3333333333335	0.0
980	3801.1666666666665	0.0
990	3676.0	0.0
1000	3811.0	0.0
