0	261.6666666666667	0.0
10	70.0	1000.0
20	70.0	0.0
30	70.0	0.0
40	70.0	0.0
50	70.0	0.0
60	70.0	0.0
70	70.0	0.0
80	70.0	0.0
90	70.0	0.0
100	70.0	0.0
110	70.0	0.0
120	70.0	0.0
130	70.33333333333333	0.0
140	70.66666666666667	0.0
150	78.0	0.0
160	77.33333333333333	0.0
170	152.66666666666666	0.0
180	87.33333333333333	0.0
190	126.66666666666667	0.0
200	114.0	0.0
210	190.66666666666666	0.0
220	165.33333333333334	0.0
230	150.66666666666666	0.0
240	371.3333333333333	0.0
250	390.6666666666667	0.0
260	274.6666666666667	0.0
270	286.6666666666667	0.0
280	130.0	0.0
290	130.0	0.0
300	216.33333333333334	0.0
310	244.0	0.0
320	583.3333333333334	0.0
330	281.0	0.0
340	537.0	0.0
350	166.0	0.0
360	297.6666666666667	0.0
370	609.0	0.0
380	813.0	0.0
390	582.3333333333334	0.0
400	1118.3333333333333	0.0
410	1216.0	0.0
420	1041.6666666666667	0.0
430	1338.3333333333333	0.0
440	1637.3333333333333	0.0
450	1617.0	0.0
460	2235.3333333333335	0.0
470	1909.0	0.0
480	1600.6666666666667	0.0
490	2250.3333333333335	0.0
500	2000.0	0.0
510	2076.0	0.0
520	1872.6666666666667	0.0
530	2171.3333333333335	0.0
540	2153.3333333333335	0.0
550	2051.0	0.0
560	2272.3333333333335	0.0
570	2303.5	0.0
580	2390.6666666666665	0.0
590	2051.3333333333335	0.0
600	2507.5	0.0
610	2637.1666666666665	0.0
620	2609.5	0.0
630	2429.6666666666665	0.0
640	2700.6666666666665	0.0
650	2542.3333333333335	0.0
660	2479.3333333333335	0.0
670	2352.3333333333335	0.0
680	2713.6666666666665	0.0
690	2221.6666666666665	0.0
700	2376.6666666666665	0.0
710	2505.1666666666665	0.0
720	2452.8333333333335	0.0
730	2398.3333333333335	0.0
740	2660.6666666666665	0.0
750	2647.0	0.0
760	2573.6666666666665	0.0
770	2688.5	0.0
780	2556.6666666666665	0.0
790	2508.1666666666665	0.0
800	2476.6666666666665	0.0
810	2586.0	0.0
820	2860.5	0.0
830	2508.8333333333335	0.0
840	2412.6666666666665	0.0
850	2423.0	0.0
860	2560.6666666666665	0.0
870	2537.0	0.0
880	2606.5	0.0
890	2606.3333333333335	0.0
900	2445.3333333333335	0.0
910	2601.3333333333335	0.0
920	2503.0	0.0
930	2200.0	0.0
940	2345.0	0.0
950	2507.0	0.0
960	2489.0	0.0
970	2628.3333333333335	0.0
980	2272.0	0.0
990	2615.8333333333335	0.0
1000	2514.6666666666665	0.0
