0	251.0	0.0
10	70.0	1000.0
20	70.0	0.0
30	70.0	0.0
40	70.0	0.0
50	70.0	0.0
60	70.0	0.0
70	70.0	0.0
80	70.0	0.0
90	70.0	0.0
100	70.0	0.0
110	70.0	0.0
120	70.0	0.0
130	70.0	0.0
140	70.0	0.0
150	70.0	0.0
160	70.0	0.0
170	71.66666666666667	0.0
180	71.66666666666667	0.0
190	78.33333333333333	0.0
200	79.33333333333333	0.0
210	230.33333333333334	0.0
220	301.0	0.0
230	415.6666666666667	0.0
240	252.33333333333334	0.0
250	151.0	0.0
260	220.33333333333334	0.0
270	184.33333333333334	0.0
280	148.0	0.0
290	138.33333333333334	0.0
300	155.0	0.0
310	138.33333333333334	0.0
320	131.66666666666666	0.0
330	161.66666666666666	0.0
340	156.66666666666666	0.0
350	228.33333333333334	0.0
360	675.6666666666666	0.0
370	368.6666666666667	0.0
380	508.6666666666667	0.0
390	683.5	0.0
400	1057.0	0.0
410	707.6666666666666	0.0
420	729.6666666666666	0.0
430	1644.3333333333333	0.0
440	1742.0	0.0
450	1848.6666666666667	0.0
460	1468.6666666666667	0.0
470	1831.3333333333333	0.0
480	2014.0	0.0
490	2065.0	0.0
500	2333.3333333333335	0.0
510	2406.0	0.0
520	1899.8333333333333	0.0
530	1819.3333333333333	0.0
540	2186.1666666666665	0.0
550	2147.0	0.0
560	2212.3333333333335	0.0
570	2411.3333333333335	0.0
580	2179.6666666666665	0.0
590	2139.6666666666665	0.0
600	2275.1666666666665	0.0
610	2303.6666666666665	0.0
620	2148.0	0.0
630	2358.3333333333335	0.0
640	2680.0	0.0
650	2574.3333333333335	0.0
660	2757.8333333333335	0.0
670	2602.3333333333335	0.0
680	2246.0	0.0
690	2467.0	0.0
700	2555.8333333333335	0.0
710	2419.8333333333335	0.0
720	2366.0	0.0
730	2619.6666666666665	0.0
740	2119.0	0.0
750	2476.3333333333335	0.0
760	2724.3333333333335	0.0
770	2400.6666666666665	0.0
780	2243.6666666666665	0.0
790	2568.3333333333335	0.0
800	2418.6666666666665	0.0
810	2676.5	0.0
820	2519.0	0.0
830	2396.3333333333335	0.0
840	2646.0	0.0
850	2761.0	0.0
860	2591.8333333333335	0.0
870	2789.1666666666665	0.0
880	2628.3333333333335	0.0
890	2607.3333333333335	0.0
900	2709.6666666666665	0.0
910	1714.0	0.0
920	1727.6666666666667	0.0
930	2578.3333333333335	0.0
940	2733.6666666666665	0.0
950	2598.8333333333335	0.0
960	2587.0	0.0
970	2642.8333333333335	0.0
980	2584.5	0.0
990	2659.3333333333335	0.0
1000	2382.0	0.0
