0	249.33333333333334	0.0
10	70.0	1000.0
20	70.0	0.0
30	70.0	0.0
40	70.0	0.0
50	70.0	0.0
60	70.0	0.0
70	70.0	0.0
80	70.0	0.0
90	70.0	0.0
100	70.0	0.0
110	70.0	0.0
120	70.0	0.0
130	70.0	0.0
140	70.0	0.0
150	70.0	0.0
160	70.0	0.0
170	70.33333333333333	0.0
180	70.66666666666667	0.0
190	71.0	0.0
200	72.66666666666667	0.0
210	77.66666666666667	0.0
220	108.0	0.0
230	349.0	0.0
240	150.66666666666666	0.0
250	168.66666666666666	0.0
260	155.0	0.0
270	177.66666666666666	0.0
280	185.66666666666666	0.0
290	170.66666666666666	0.0
300	216.66666666666666	0.0
310	211.0	0.0
320	147.66666666666666	0.0
330	233.0	0.0
340	216.33333333333334	0.0
350	293.0	0.0
360	217.0	0.0
370	201.66666666666666	0.0
380	281.0	0.0
390	237.66666666666666	0.0
400	207.0	0.0
410	235.33333333333334	0.0
420	223.33333333333334	0.0
430	276.6666666666667	0.0
440	382.6666666666667	0.0
450	319.3333333333333	0.0
460	335.3333333333333	0.0
470	282.3333333333333	0.0
480	370.3333333333333	0.0
490	322.0	0.0
500	413.3333333333333	0.0
510	396.3333333333333	0.0
520	551.0	0.0
530	439.3333333333333	0.0
540	486.3333333333333	0.0
550	526.0	0.0
560	459.0	0.0
570	798.0	0.0
580	859.0	0.0
590	868.0	0.0
600	902.0	0.0
610	724.3333333333334	0.0
620	741.8333333333334	0.0
630	1853.1666666666667	0.0
640	1889.1666666666667	0.0
650	1953.6666666666667	0.0
660	2267.5	0.0
670	1672.3333333333333	0.0
680	2197.6666666666665	0.0
690	2275.3333333333335	0.0
700	2396.3333333333335	0.0
710	1898.3333333333333	0.0
720	2248.0	0.0
730	2436.3333333333335	0.0
740	1754.3333333333333	0.0
750	2286.6666666666665	0.0
760	2671.1666666666665	0.0
770	2583.1666666666665	0.0
780	2275.0	0.0
790	2632.0	0.0
800	2385.3333333333335	0.0
810	2564.3333333333335	0.0
820	2579.1666666666665	0.0
830	2316.6666666666665	0.0
840	2532.6666666666665	0.0
850	2641.1666666666665	0.0
860	2751.1666666666665	0.0
870	2774.0	0.0
880	2400.0	0.0
890	2871.8333333333335	0.0
900	2686.0	0.0
910	2426.8333333333335	0.0
920	2823.0	0.0
930	2687.3333333333335	0.0
940	2647.3333333333335	0.0
950	2668.6666666666665	0.0
960	2672.3333333333335	0.0
970	2756.8333333333335	0.0
980	2428.8333333333335	0.0
990	2505.1666666666665	0.0
1000	2532.3333333333335	0.0
