0	245.0	0.0
10	71.0	1000.0
20	70.0	0.0
30	70.0	0.0
40	70.0	0.0
50	70.0	0.0
60	70.0	0.0
70	70.0	0.0
80	70.0	0.0
90	70.0	0.0
100	70.0	0.0
110	70.0	0.0
120	70.0	0.0
130	70.0	0.0
140	70.0	0.0
150	71.0	0.0
160	75.66666666666667	0.0
170	74.0	0.0
180	74.66666666666667	0.0
190	309.6666666666667	0.0
200	164.33333333333334	0.0
210	111.33333333333333	0.0
220	187.66666666666666	0.0
230	127.0	0.0
240	130.33333333333334	0.0
250	164.33333333333334	0.0
260	172.33333333333334	0.0
270	687.6666666666666	0.0
280	473.3333333333333	0.0
290	551.3333333333334	0.0
300	459.3333333333333	0.0
310	577.6666666666666	0.0
320	824.3333333333334	0.0
330	896.0	0.0
340	1093.0	0.0
350	1169.6666666666667	0.0
360	1299.3333333333333	0.0
370	1742.0	0.0
380	2003.0	0.0
390	1410.3333333333333	0.0
400	2057.3333333333335	0.0
410	2188.3333333333335	0.0
420	1924.3333333333333	0.0
430	1917.6666666666667	0.0
440	2309.0	0.0
450	2153.6666666666665	0.0
460	2348.3333333333335	0.0
470	2245.3333333333335	0.0
480	1981.0	0.0
490	2216.6666666666665	0.0
500	2127.3333333333335	0.0
510	2445.1666666666665	0.0
520	1963.3333333333333	0.0
530	2248.0	0.0
540	2102.3333333333335	0.0
550	1959.5	0.0
560	2259.1666666666665	0.0
570	2329.0	0.0
580	2322.6666666666665	0.0
590	2347.5	0.0
600	2408.3333333333335	0.0
610	2315.3333333333335	0.0
620	2459.5	0.0
630	2526.3333333333335	0.0
640	2691.5	0.0
650	2384.0	0.0
660	2567.8333333333335	0.0
670	2600.1666666666665	0.0
680	2453.6666666666665	0.0
690	2679.5	0.0
700	2477.1666666666665	0.0
710	2306.5	0.0
720	2724.8333333333335	0.0
730	2701.3333333333335	0.0
740	2560.1666666666665	0.0
750	2610.5	0.0
760	2618.6666666666665	0.0
770	2601.5	0.0
780	2771.1666666666665	0.0
790	2596.0	0.0
800	2434.3333333333335	0.0
810	2620.6666666666665	0.0
820	2700.3333333333335	0.0
830	2661.6666666666665	0.0
840	2245.1666666666665	0.0
850	2816.1666666666665	0.0
860	1904.6666666666667	0.0
870	1896.5	0.0
880	1918.3333333333333	0.0
890	1941.3333333333333	0.0
900	2100.3333333333335	0.0
910	1794.6666666666667	0.0
920	2052.5	0.0
930	2151.3333333333335	0.0
940	1878.3333333333333	0.0
950	2131.3333333333335	0.0
960	1750.0	0.0
970	2108.0	0.0
980	2085.6666666666665	0.0
990	1754.5	0.0
1000	1695.3333333333333	0.0
