0	274.0	0.0
10	95.33333333333333	1000.0
20	140.33333333333334	0.0
30	136.33333333333334	0.0
40	130.66666666666666	0.0
50	164.33333333333334	0.0
60	189.33333333333334	0.0
70	182.66666666666666	0.0
80	420.3333333333333	0.0
90	681.3333333333334	0.0
100	929.0	0.0
110	901.0	0.0
120	986.0	0.0
130	1064.0	0.0
140	1222.0	0.0
150	1946.6666666666667	0.0
160	1716.3333333333333	0.0
170	1710.0	0.0
180	1698.3333333333333	0.0
190	1788.6666666666667	0.0
200	1841.3333333333333	0.0
210	1903.3333333333333	0.0
220	2141.3333333333335	0.0
230	1916.6666666666667	0.0
240	2072.6666666666665	0.0
250	2206.6666666666665	0.0
260	2165.1666666666665	0.0
270	2056.3333333333335	0.0
280	2075.0	0.0
290	2195.8333333333335	0.0
300	2394.1666666666665	0.0
310	2075.6666666666665	0.0
320	2204.5	0.0
330	2239.6666666666665	0.0
340	2392.6666666666665	0.0
350	2400.1666666666665	0.0
360	2438.6666666666665	0.0
370	2354.6666666666665	0.0
380	2281.1666666666665	0.0
390	2293.3333333333335	0.0
400	2264.8333333333335	0.0
410	2362.0	0.0
420	2300.6666666666665	0.0
430	2356.3333333333335	0.0
440	2431.0	0.0
450	2278.3333333333335	0.0
460	2634.0	0.0
470	2389.6666666666665	0.0
480	2444.3333333333335	0.0
490	2189.0	0.0
500	2719.8333333333335	0.0
510	2483.6666666666665	0.0
520	2647.1666666666665	0.0
530	2253.0	0.0
540	2481.5	0.0
550	2504.6666666666665	0.0
560	2392.6666666666665	0.0
570	2473.0	0.0
580	2275.5	0.0
590	2637.3333333333335	0.0
600	2540.3333333333335	0.0
610	2357.3333333333335	0.0
620	2227.3333333333335	0.0
630	1933.1666666666667	0.0
640	1929.3333333333333	0.0
650	2588.6666666666665	0.0
660	2568.8333333333335	0.0
670	2862.8333333333335	0.0
680	2557.3333333333335	0.0
690	2611.8333333333335	0.0
700	2334.6666666666665	0.0
710	2638.8333333333335	0.0
720	2262.6666666666665	0.0
730	2531.0	0.0
740	2896.0	0.0
750	2600.6666666666665	0.0
760	2729.6666666666665	0.0
770	2601.5	0.0
780	2574.1666666666665	0.0
790	2503.8333333333335	0.0
800	2688.5	0.0
810	2398.3333333333335	0.0
820	2656.8333333333335	0.0
830	2662.3333333333335	0.0
840	2572.0	0.0
850	2674.5	0.0
860	2510.0	0.0
870	2397.6666666666665	0.0
880	2713.6666666666665	0.0
890	2779.5	0.0
900	2731.0	0.0
910	2654.3333333333335	0.0
920	2644.6666666666665	0.0
930	2786.5	0.0
940	2039.6666666666667	0.0
950	2693.1666666666665	0.0
960	2331.3333333333335	0.0
970	1933.8333333333333	0.0
980	2009.0	0.0
990	2500.8333333333335	0.0
1000	1410.0	0.0
