0	276.3333333333333	0.0
10	70.0	0.0
20	70.0	0.0
30	70.0	0.0
40	70.0	0.0
50	70.0	0.0
60	70.0	0.0
70	70.0	0.0
80	70.0	0.0
90	70.0	0.0
100	70.0	0.0
110	70.0	0.0
120	70.0	0.0
130	70.0	0.0
140	70.0	0.0
150	70.0	0.0
160	70.0	0.0
170	70.0	0.0
180	70.0	0.0
190	70.33333333333333	0.0
200	70.66666666666667	0.0
210	75.66666666666667	0.0
220	70.66666666666667	0.0
230	74.0	0.0
240	128.33333333333334	0.0
250	153.0	0.0
260	335.3333333333333	0.0
270	201.33333333333334	0.0
280	188.66666666666666	5.0
290	154.0	0.0
300	138.66666666666666	0.0
310	130.0	5.0
320	130.0	1.0
330	175.33333333333334	0.0
340	154.33333333333334	0.0
350	146.33333333333334	2.0
360	138.0	3.0
370	228.66666666666666	1.0
380	589.3333333333334	2.0
390	551.6666666666666	0.0
400	575.0	3.0
410	904.3333333333334	0.0
420	1131.6666666666667	0.0
430	1101.3333333333333	3.0
440	1524.0	0.0
450	1364.0	0.0
460	1688.6666666666667	1.0
470	1972.6666666666667	7.0
480	2065.3333333333335	2.0
490	2201.3333333333335	0.0
500	1979.3333333333333	1.0
510	2196.0	5.0
520	1645.6666666666667	0.0
530	1603.0	0.0
540	2289.0	1.0
550	2384.6666666666665	5.0
560	2115.6666666666665	0.0
570	2417.0	1.0
580	2234.3333333333335	6.0
590	2367.6666666666665	1.0
600	2373.6666666666665	1.0
610	2248.0	3.0
620	2478.5	2.0
630	2462.1666666666665	1.0
640	2217.6666666666665	3.0
650	2402.6666666666665	2.0
660	2285.0	1.0
670	2379.0	1.0
680	2379.3333333333335	0.0
690	2380.0	2.0
700	2217.6666666666665	1.0
710	2263.6666666666665	2.0
720	2658.3333333333335	1.0
730	2423.1666666666665	3.0
740	2244.3333333333335	0.0
750	2657.0	0.0
760	2724.6666666666665	3.0
770	2668.5	2.0
780	2791.8333333333335	13.0
790	2665.3333333333335	1.0
800	2470.6666666666665	1.0
810	2672.0	0.0
820	2587.3333333333335	18.0
830	2702.8333333333335	0.0
840	2462.1666666666665	3.0
850	2555.3333333333335	0.0
860	2548.6666666666665	4.0
870	2324.3333333333335	0.0
880	2574.0	1.0
890	2503.0	3.0
900	2883.6666666666665	1.0
910	2336.8333333333335	7.0
920	2498.1666666666665	1.0
930	2743.1666666666665	2.0
940	2560.6666666666665	2.0
950	2235.1666666666665	1.0
960	2186.8333333333335	0.0
970	2364.3333333333335	1.0
980	2397.0	5.0
990	2443.0	2.0
1000	2290.8333333333335	3.0
