0	218.0	0.0
10	70.0	0.0
20	70.0	0.0
30	70.0	0.0
40	70.0	0.0
50	70.0	0.0
60	70.0	0.0
70	70.0	0.0
80	70.0	0.0
90	70.0	0.0
100	70.0	0.0
110	70.0	0.0
120	70.0	0.0
130	70.0	0.0
140	70.0	0.0
150	70.0	0.0
160	70.0	0.0
170	70.0	0.0
180	70.33333333333333	0.0
190	71.0	0.0
200	71.33333333333333	0.0
210	76.66666666666667	0.0
220	72.0	0.0
230	72.0	0.0
240	166.0	0.0
250	190.66666666666666	0.0
260	343.6666666666667	0.0
270	120.66666666666667	0.0
280	202.0	0.0
290	147.0	1.0
300	146.66666666666666	1.0
310	130.33333333333334	0.0
320	130.0	0.0
330	294.0	2.0
340	281.0	2.0
350	261.3333333333333	1.0
360	659.3333333333334	4.0
370	579.6666666666666	0.0
380	716.0	5.0
390	477.6666666666667	0.0
400	1096.3333333333333	0.0
410	971.6666666666666	1.0
420	1129.6666666666667	0.0
430	1081.3333333333333	0.0
440	1261.6666666666667	0.0
450	1653.0	0.0
460	1345.3333333333333	0.0
470	2103.3333333333335	1.0
480	2004.8333333333333	5.0
490	2359.8333333333335	4.0
500	1972.3333333333333	3.0
510	2148.1666666666665	17.0
520	1741.3333333333333	4.0
530	2036.8333333333333	6.0
540	1881.3333333333333	8.0
550	2140.6666666666665	1.0
560	2205.8333333333335	1.0
570	1997.5	4.0
580	2321.3333333333335	7.0
590	2166.1666666666665	0.0
600	2390.3333333333335	1.0
610	2434.3333333333335	1.0
620	2130.0	13.0
630	2150.3333333333335	1.0
640	2516.0	2.0
650	2610.0	0.0
660	2351.5	2.0
670	2631.3333333333335	0.0
680	2548.5	5.0
690	2404.3333333333335	1.0
700	2560.5	3.0
710	2304.0	2.0
720	2557.8333333333335	0.0
730	2403.8333333333335	2.0
740	2705.3333333333335	4.0
750	2626.0	2.0
760	2625.3333333333335	0.0
770	2457.5	3.0
780	2718.0	3.0
790	2601.6666666666665	1.0
800	2554.3333333333335	1.0
810	2627.0	5.0
820	2657.5	0.0
830	2529.3333333333335	5.0
840	2352.0	1.0
850	2453.3333333333335	3.0
860	2623.0	3.0
870	2672.0	1.0
880	2370.3333333333335	0.0
890	2287.1666666666665	0.0
900	2369.8333333333335	2.0
910	2696.0	0.0
920	2491.1666666666665	2.0
930	2408.6666666666665	2.0
940	2629.0	0.0
950	2560.0	5.0
960	2553.0	0.0
970	2311.0	6.0
980	2584.3333333333335	1.0
990	2571.5	0.0
1000	2331.0	5.0
