0	208.33333333333334	0.0
10	70.0	0.0
20	70.0	0.0
30	70.0	0.0
40	70.0	0.0
50	70.0	0.0
60	70.0	0.0
70	70.0	0.0
80	70.0	0.0
90	70.0	0.0
100	70.0	0.0
110	70.0	0.0
120	70.0	0.0
130	70.0	0.0
140	70.0	0.0
150	70.0	0.0
160	70.0	0.0
170	70.0	0.0
180	70.0	0.0
190	70.33333333333333	0.0
200	77.66666666666667	0.0
210	72.66666666666667	0.0
220	70.0	1.0
230	72.0	0.0
240	72.0	0.0
250	118.33333333333333	0.0
260	145.33333333333334	0.0
270	219.33333333333334	1.0
280	365.6666666666667	0.0
290	247.33333333333334	4.0
300	146.66666666666666	3.0
310	130.66666666666666	0.0
320	171.33333333333334	5.0
330	163.66666666666666	3.0
340	138.0	4.0
350	164.0	0.0
360	200.33333333333334	18.0
370	300.3333333333333	0.0
380	566.0	0.0
390	677.6666666666666	1.0
400	709.6666666666666	0.0
410	783.0	2.0
420	890.3333333333334	1.0
430	980.3333333333334	1.0
440	1425.5	3.0
450	2047.0	2.0
460	2062.6666666666665	3.0
470	1986.6666666666667	3.0
480	2205.1666666666665	3.0
490	2120.0	7.0
500	2406.8333333333335	4.0
510	2294.6666666666665	0.0
520	2429.3333333333335	1.0
530	2123.3333333333335	2.0
540	2432.1666666666665	1.0
550	2348.0	4.0
560	2564.6666666666665	0.0
570	2465.8333333333335	1.0
580	2343.5	16.0
590	2379.0	2.0
600	2566.0	1.0
610	2330.5	2.0
620	2511.0	0.0
630	2501.5	3.0
640	2432.3333333333335	3.0
650	2319.6666666666665	0.0
660	2612.5	2.0
670	2686.3333333333335	4.0
680	2668.5	0.0
690	2623.3333333333335	4.0
700	2680.6666666666665	0.0
710	2644.8333333333335	8.0
720	2607.6666666666665	0.0
730	2502.0	2.0
740	2632.3333333333335	3.0
750	2724.1666666666665	2.0
760	2323.8333333333335	0.0
770	2485.5	0.0
780	2771.3333333333335	2.0
790	2544.3333333333335	0.0
800	2592.3333333333335	2.0
810	2529.3333333333335	3.0
820	2546.1666666666665	2.0
830	2671.3333333333335	4.0
840	2759.3333333333335	1.0
850	2409.8333333333335	0.0
860	2455.3333333333335	0.0
870	2520.6666666666665	1.0
880	2328.8333333333335	4.0
890	2474.3333333333335	3.0
900	2513.6666666666665	0.0
910	2679.3333333333335	5.0
920	2549.6666666666665	2.0
930	2432.0	0.0
940	2327.3333333333335	9.0
950	2536.3333333333335	1.0
960	2514.6666666666665	3.0
970	2626.5	0.0
980	2449.6666666666665	1.0
990	2694.5	0.0
1000	2501.8333333333335	2.0
