0	233.0	0.0
10	70.0	0.0
20	70.0	0.0
30	70.0	0.0
40	70.0	0.0
50	70.0	0.0
60	70.0	0.0
70	70.0	0.0
80	70.0	0.0
90	70.0	0.0
100	70.0	0.0
110	70.0	0.0
120	70.0	0.0
130	70.0	0.0
140	70.0	0.0
150	70.0	0.0
160	70.0	0.0
170	70.0	0.0
180	70.0	0.0
190	70.33333333333333	0.0
200	71.0	0.0
210	70.33333333333333	0.0
220	71.66666666666667	0.0
230	72.66666666666667	0.0
240	114.33333333333333	0.0
250	76.0	0.0
260	147.66666666666666	0.0
270	158.66666666666666	2.0
280	256.6666666666667	0.0
290	282.3333333333333	0.0
300	190.33333333333334	0.0
310	189.0	0.0
320	130.0	1.0
330	154.66666666666666	0.0
340	281.3333333333333	0.0
350	154.0	0.0
360	160.66666666666666	0.0
370	138.33333333333334	1.0
380	130.0	3.0
390	131.0	2.0
400	146.0	4.0
410	320.0	0.0
420	618.0	3.0
430	751.0	0.0
440	585.6666666666666	1.0
450	765.0	0.0
460	899.0	1.0
470	910.0	2.0
480	1037.6666666666667	4.0
490	1369.3333333333333	1.0
500	1627.3333333333333	1.0
510	1462.6666666666667	2.0
520	1524.6666666666667	0.0
530	1935.0	2.0
540	1639.3333333333333	1.0
550	1588.1666666666667	0.0
560	2200.0	2.0
570	2069.6666666666665	4.0
580	2274.0	1.0
590	2014.3333333333333	5.0
600	1927.3333333333333	3.0
610	2130.0	1.0
620	1906.6666666666667	3.0
630	2253.6666666666665	0.0
640	2055.0	5.0
650	2166.3333333333335	2.0
660	2066.6666666666665	0.0
670	2425.3333333333335	9.0
680	2161.0	21.0
690	2004.3333333333333	2.0
700	2253.3333333333335	1.0
710	2438.1666666666665	2.0
720	2511.5	1.0
730	2436.3333333333335	0.0
740	2333.0	8.0
750	2150.6666666666665	4.0
760	2480.3333333333335	1.0
770	2553.8333333333335	2.0
780	2409.0	3.0
790	2437.8333333333335	0.0
800	2377.6666666666665	4.0
810	2735.8333333333335	1.0
820	2597.1666666666665	5.0
830	2650.6666666666665	1.0
840	2504.3333333333335	3.0
850	2669.6666666666665	4.0
860	2764.8333333333335	3.0
870	2656.8333333333335	0.0
880	2675.8333333333335	2.0
890	2612.3333333333335	6.0
900	2632.3333333333335	3.0
910	2514.8333333333335	1.0
920	2388.3333333333335	0.0
930	2671.8333333333335	3.0
940	2480.3333333333335	3.0
950	2437.6666666666665	0.0
960	2258.8333333333335	3.0
970	2533.3333333333335	3.0
980	2528.0	2.0
990	2415.3333333333335	3.0
1000	2420.3333333333335	1.0
