0	289.0	0.0	0.0
10	2030.0	49.0	10045.0
20	1771.3333333333333	78.0	10859.0
30	2133.3333333333335	32.0	12293.0
40	2092.8333333333335	43.0	10986.0
50	1887.6666666666667	28.0	5853.0
60	1717.5	11.0	7929.0
70	2028.0	64.0	13209.0
80	2215.5	53.0	14413.0
90	2369.8333333333335	142.0	15565.0
100	2382.0	27.0	9485.0
110	2351.3333333333335	48.0	12788.0
120	2451.1666666666665	68.0	10530.0
130	2270.1666666666665	51.0	10515.0
140	2158.1666666666665	28.0	9728.0
150	2467.3333333333335	41.0	7279.0
160	2360.1666666666665	56.0	9700.0
170	2404.6666666666665	37.0	10441.0
180	2426.1666666666665	57.0	11036.0
190	2626.6666666666665	63.0	10062.0
200	2575.3333333333335	24.0	11311.0
210	2376.3333333333335	0.0	7838.0
220	2452.1666666666665	0.0	8617.0
230	2676.5	0.0	11616.0
240	2759.8333333333335	0.0	7701.0
250	2462.8333333333335	0.0	5991.0
260	2615.3333333333335	0.0	13145.0
270	2745.6666666666665	0.0	8683.0
280	2711.1666666666665	0.0	9622.0
290	2718.3333333333335	0.0	7809.0
300	2454.3333333333335	0.0	12050.0
310	2611.3333333333335	0.0	7075.0
320	2526.5	0.0	10086.0
330	2747.6666666666665	0.0	11159.0
340	2780.3333333333335	0.0	9754.0
350	2589.3333333333335	0.0	6342.0
360	2637.8333333333335	0.0	9128.0
370	2961.0	0.0	8596.0
380	2644.8333333333335	0.0	10071.0
390	2989.5	0.0	9941.0
400	2776.0	0.0	10716.0
410	2493.1666666666665	0.0	6752.0
420	2410.8333333333335	0.0	8025.0
430	2823.1666666666665	0.0	8512.0
440	2550.3333333333335	0.0	12400.0
450	2601.1666666666665	0.0	9490.0
460	2798.3333333333335	0.0	9344.0
470	2875.5	0.0	7618.0
480	2696.6666666666665	0.0	7978.0
490	2717.6666666666665	0.0	9534.0
500	2656.8333333333335	0.0	7651.0
510	3014.5	0.0	8707.0
520	2762.0	0.0	8108.0
530	2869.8333333333335	0.0	10698.0
540	2790.1666666666665	0.0	9324.0
550	2470.6666666666665	0.0	9826.0
560	2667.0	0.0	8182.0
570	2772.0	0.0	9064.0
580	2618.3333333333335	0.0	11129.0
590	2683.1666666666665	0.0	8245.0
600	2743.8333333333335	0.0	11889.0
610	2743.3333333333335	0.0	12799.0
620	2919.0	0.0	9498.0
630	2983.8333333333335	0.0	12832.0
640	3098.3333333333335	0.0	10974.0
650	2791.6666666666665	0.0	13164.0
660	3068.1666666666665	0.0	6556.0
670	2925.0	0.0	9132.0
680	3083.6666666666665	0.0	8677.0
690	2985.8333333333335	0.0	9279.0
700	2910.5	0.0	9855.0
710	3201.0	0.0	14213.0
720	3378.6666666666665	0.0	6906.0
730	2975.3333333333335	0.0	9977.0
740	2727.5	0.0	9309.0
750	2834.8333333333335	0.0	11678.0
760	3030.6666666666665	0.0	11779.0
770	3081.5	0.0	8956.0
780	3196.0	0.0	9964.0
790	3179.0	0.0	10421.0
800	3287.0	0.0	9792.0
810	3018.1666666666665	0.0	12111.0
820	2895.5	0.0	9296.0
830	2879.8333333333335	0.0	11610.0
840	3192.1666666666665	0.0	7986.0
850	2973.6666666666665	0.0	8925.0
860	3322.1666666666665	0.0	12314.0
870	2700.6666666666665	0.0	9617.0
880	3185.6666666666665	0.0	9947.0
890	2990.8333333333335	0.0	11466.0
900	3067.3333333333335	0.0	7281.0
910	3070.5	0.0	14549.0
920	3421.6666666666665	0.0	7370.0
930	3151.1666666666665	0.0	8326.0
940	3160.3333333333335	0.0	9120.0
950	2888.5	0.0	8674.0
960	3272.3333333333335	0.0	9621.0
970	2868.8333333333335	0.0	9711.0
980	3076.1666666666665	0.0	9020.0
990	3251.5	0.0	12356.0
1000	3240.6666666666665	0.0	8420.0
