0	235.33333333333334	0.0	0.0
10	2042.6666666666667	47.0	11929.0
20	1841.0	70.0	10329.0
30	1969.1666666666667	47.0	9921.0
40	1873.0	85.0	9284.0
50	2285.1666666666665	30.0	6764.0
60	2090.3333333333335	77.0	10039.0
70	2200.3333333333335	87.0	10414.0
80	2212.5	97.0	12709.0
90	2268.1666666666665	63.0	8276.0
100	2263.0	58.0	10439.0
110	2420.1666666666665	36.0	9220.0
120	2387.1666666666665	71.0	11003.0
130	2489.1666666666665	33.0	9158.0
140	2481.6666666666665	20.0	11662.0
150	2346.6666666666665	56.0	10607.0
160	2428.6666666666665	71.0	14681.0
170	2497.6666666666665	45.0	10771.0
180	2475.1666666666665	7.0	7107.0
190	2423.3333333333335	0.0	7033.0
200	2420.8333333333335	0.0	9197.0
210	2481.5	0.0	9787.0
220	2698.0	0.0	10664.0
230	2723.0	0.0	9853.0
240	2690.1666666666665	0.0	7009.0
250	2657.5	0.0	9160.0
260	2613.0	0.0	6809.0
270	2750.5	0.0	6878.0
280	2687.5	0.0	7111.0
290	2591.0	0.0	8126.0
300	2672.5	0.0	8517.0
310	2658.8333333333335	0.0	8979.0
320	2719.6666666666665	0.0	6491.0
330	2556.5	0.0	9792.0
340	2855.6666666666665	0.0	6792.0
350	2752.1666666666665	0.0	10993.0
360	3054.0	0.0	12642.0
370	2949.6666666666665	0.0	7634.0
380	2883.1666666666665	0.0	8841.0
390	2738.1666666666665	0.0	9325.0
400	2849.0	0.0	6610.0
410	2802.1666666666665	0.0	10251.0
420	2696.3333333333335	0.0	9078.0
430	2584.3333333333335	0.0	6741.0
440	2847.6666666666665	0.0	10116.0
450	2849.8333333333335	0.0	9851.0
460	2925.8333333333335	0.0	6437.0
470	2854.3333333333335	0.0	8968.0
480	2885.6666666666665	0.0	11125.0
490	3040.3333333333335	0.0	11214.0
500	2845.0	0.0	10215.0
510	2859.0	0.0	9918.0
520	3105.0	0.0	10183.0
530	2982.8333333333335	0.0	8059.0
540	2927.8333333333335	0.0	12069.0
550	2856.3333333333335	0.0	10832.0
560	2889.5	0.0	11417.0
570	2865.6666666666665	0.0	9057.0
580	2699.3333333333335	0.0	8751.0
590	2600.0	0.0	10032.0
600	2784.5	0.0	8200.0
610	3006.1666666666665	0.0	7819.0
620	3018.6666666666665	0.0	11029.0
630	3055.0	0.0	7447.0
640	3034.8333333333335	0.0	13273.0
650	3025.3333333333335	0.0	9991.0
660	3112.5	0.0	6323.0
670	2970.0	0.0	8630.0
680	3131.3333333333335	0.0	11280.0
690	2934.1666666666665	0.0	11264.0
700	2841.1666666666665	0.0	9562.0
710	2845.6666666666665	0.0	8020.0
720	3037.0	0.0	9727.0
730	3048.8333333333335	0.0	8372.0
740	2969.3333333333335	0.0	12416.0
750	2923.6666666666665	0.0	9515.0
760	3100.0	0.0	9430.0
770	3249.0	0.0	6758.0
780	3167.8333333333335	0.0	8922.0
790	3038.1666666666665	0.0	7954.0
800	2760.6666666666665	0.0	8811.0
810	3052.8333333333335	0.0	11691.0
820	3046.6666666666665	0.0	9234.0
830	3042.3333333333335	0.0	10124.0
840	3102.0	0.0	9725.0
850	3136.0	0.0	8998.0
860	3002.6666666666665	0.0	11517.0
870	3074.0	0.0	7569.0
880	3150.5	0.0	9399.0
890	3108.0	0.0	8646.0
900	3122.6666666666665	0.0	9329.0
910	3234.0	0.0	11923.0
920	3149.0	0.0	8724.0
930	2927.3333333333335	0.0	7473.0
940	3336.6666666666665	0.0	10220.0
950	3313.6666666666665	0.0	13349.0
960	3562.5	0.0	12140.0
970	2962.0	0.0	10200.0
980	3168.1666666666665	0.0	10686.0
990	3341.0	0.0	11639.0
1000	3180.1666666666665	0.0	11562.0
