0	243.33333333333334	0.0	0.0
10	2061.8333333333335	108.0	9754.0
20	2002.0	70.0	8341.0
30	2169.8333333333335	32.0	6756.0
40	1897.3333333333333	110.0	11600.0
50	2067.8333333333335	96.0	11884.0
60	2248.0	69.0	12277.0
70	2243.0	48.0	9751.0
80	2122.0	47.0	9131.0
90	2419.0	53.0	9213.0
100	2399.1666666666665	37.0	11678.0
110	2233.0	32.0	9264.0
120	2135.0	49.0	11437.0
130	2267.6666666666665	62.0	12875.0
140	2549.6666666666665	43.0	8610.0
150	2618.5	35.0	11068.0
160	2585.3333333333335	14.0	7399.0
170	2363.8333333333335	27.0	10025.0
180	2572.1666666666665	53.0	14609.0
190	2583.6666666666665	15.0	8517.0
200	2720.5	0.0	7589.0
210	2485.5	0.0	6469.0
220	2607.5	0.0	9842.0
230	2615.1666666666665	0.0	6623.0
240	2422.3333333333335	0.0	7791.0
250	2545.1666666666665	0.0	11332.0
260	2491.3333333333335	0.0	8866.0
270	2295.0	0.0	10036.0
280	2618.1666666666665	0.0	10847.0
290	2631.5	0.0	11460.0
300	2678.6666666666665	0.0	6961.0
310	2484.0	0.0	8551.0
320	2572.1666666666665	0.0	11509.0
330	2754.5	0.0	9802.0
340	2280.6666666666665	0.0	8379.0
350	2645.8333333333335	0.0	8471.0
360	2771.1666666666665	0.0	6002.0
370	2620.1666666666665	0.0	6976.0
380	2777.5	0.0	9616.0
390	2724.5	0.0	13204.0
400	2733.6666666666665	0.0	8267.0
410	2517.3333333333335	0.0	10716.0
420	2840.6666666666665	0.0	7796.0
430	2735.0	0.0	10634.0
440	2732.5	0.0	9334.0
450	2714.5	0.0	9338.0
460	2880.0	0.0	10073.0
470	2772.8333333333335	0.0	8020.0
480	2931.0	0.0	9441.0
490	2797.8333333333335	0.0	11075.0
500	2892.0	0.0	9599.0
510	2862.8333333333335	0.0	11268.0
520	2778.3333333333335	0.0	8178.0
530	2765.5	0.0	12303.0
540	2586.8333333333335	0.0	9046.0
550	2962.8333333333335	0.0	8969.0
560	2927.1666666666665	0.0	12815.0
570	2951.6666666666665	0.0	13185.0
580	2968.8333333333335	0.0	11796.0
590	2902.6666666666665	0.0	8141.0
600	2819.8333333333335	0.0	8959.0
610	2876.5	0.0	11730.0
620	2869.8333333333335	0.0	11086.0
630	2858.1666666666665	0.0	14046.0
640	2915.0	0.0	9250.0
650	2991.3333333333335	0.0	10423.0
660	3075.1666666666665	0.0	8994.0
670	2884.0	0.0	11610.0
680	2804.8333333333335	0.0	6535.0
690	3083.3333333333335	0.0	9041.0
700	2896.3333333333335	0.0	9956.0
710	3152.1666666666665	0.0	9947.0
720	2986.0	0.0	11521.0
730	2956.6666666666665	0.0	9083.0
740	3092.0	0.0	7301.0
750	2941.6666666666665	0.0	8211.0
760	2789.1666666666665	0.0	9905.0
770	3071.0	0.0	13343.0
780	3114.6666666666665	0.0	10622.0
790	2940.5	0.0	6910.0
800	2705.8333333333335	0.0	10925.0
810	3247.6666666666665	0.0	10182.0
820	3191.3333333333335	0.0	11258.0
830	3001.6666666666665	0.0	10532.0
840	2987.6666666666665	0.0	8650.0
850	3324.5	0.0	7780.0
860	2983.6666666666665	0.0	12678.0
870	2913.5	0.0	10731.0
880	3080.8333333333335	0.0	10582.0
890	3337.5	0.0	10186.0
900	2987.6666666666665	0.0	9557.0
910	3069.1666666666665	0.0	8757.0
920	2855.5	0.0	9511.0
930	3421.6666666666665	0.0	9774.0
940	3160.0	0.0	9536.0
950	3070.8333333333335	0.0	7391.0
960	3361.5	0.0	12547.0
970	3305.1666666666665	0.0	7923.0
980	3112.3333333333335	0.0	8856.0
990	2951.6666666666665	0.0	8828.0
1000	3362.8333333333335	0.0	11853.0
