0	290.6666666666667	0.0	0.0
10	2066.1666666666665	67.0	10001.0
20	1822.6666666666667	80.0	12776.0
30	2067.3333333333335	58.0	11777.0
40	1894.1666666666667	62.0	10518.0
50	2031.0	39.0	8339.0
60	1915.8333333333333	17.0	8050.0
70	2031.3333333333333	71.0	12495.0
80	2248.0	80.0	12121.0
90	2157.5	76.0	10995.0
100	2249.0	41.0	5729.0
110	2261.1666666666665	42.0	13135.0
120	2389.5	56.0	12129.0
130	2723.1666666666665	34.0	8593.0
140	2214.6666666666665	36.0	8739.0
150	2506.8333333333335	31.0	10576.0
160	2463.8333333333335	56.0	11180.0
170	2648.8333333333335	34.0	9722.0
180	2557.6666666666665	48.0	11251.0
190	2592.6666666666665	58.0	10311.0
200	2497.1666666666665	14.0	5326.0
210	2501.8333333333335	0.0	11549.0
220	2510.5	0.0	8222.0
230	2622.5	0.0	8139.0
240	2613.3333333333335	0.0	7166.0
250	2530.5	0.0	9884.0
260	2457.0	0.0	8278.0
270	2673.0	0.0	12834.0
280	2752.6666666666665	0.0	9867.0
290	2533.0	0.0	11236.0
300	2756.8333333333335	0.0	8194.0
310	3068.6666666666665	0.0	10434.0
320	2529.3333333333335	0.0	10531.0
330	3076.3333333333335	0.0	9171.0
340	2590.6666666666665	0.0	9613.0
350	2582.3333333333335	0.0	8194.0
360	2751.1666666666665	0.0	9119.0
370	2695.3333333333335	0.0	10380.0
380	2802.0	0.0	8132.0
390	2689.8333333333335	0.0	8629.0
400	2694.5	0.0	8995.0
410	2880.0	0.0	6328.0
420	2669.0	0.0	7412.0
430	2656.3333333333335	0.0	12113.0
440	2764.5	0.0	14278.0
450	2727.5	0.0	7977.0
460	2367.3333333333335	0.0	8776.0
470	2943.5	0.0	10264.0
480	2712.6666666666665	0.0	9728.0
490	3039.6666666666665	0.0	10664.0
500	2909.3333333333335	0.0	8333.0
510	2573.8333333333335	0.0	5634.0
520	3103.0	0.0	9297.0
530	2952.1666666666665	0.0	10520.0
540	2607.0	0.0	9438.0
550	2775.0	0.0	9766.0
560	2996.5	0.0	11279.0
570	2943.8333333333335	0.0	8824.0
580	3025.5	0.0	12879.0
590	2969.6666666666665	0.0	9272.0
600	2743.5	0.0	11246.0
610	2815.8333333333335	0.0	10903.0
620	2799.5	0.0	9943.0
630	2956.8333333333335	0.0	8967.0
640	3065.5	0.0	11753.0
650	3038.6666666666665	0.0	12013.0
660	2823.3333333333335	0.0	8969.0
670	3237.5	0.0	11675.0
680	3116.5	0.0	11969.0
690	3262.1666666666665	0.0	11628.0
700	3439.3333333333335	0.0	14632.0
710	3168.8333333333335	0.0	11582.0
720	3230.6666666666665	0.0	8967.0
730	2989.6666666666665	0.0	9164.0
740	3044.8333333333335	0.0	11593.0
750	3231.8333333333335	0.0	8880.0
760	3150.6666666666665	0.0	9165.0
770	3309.0	0.0	6015.0
780	3293.8333333333335	0.0	12141.0
790	3127.8333333333335	0.0	10223.0
800	3448.3333333333335	0.0	10336.0
810	3008.1666666666665	0.0	10379.0
820	3253.3333333333335	0.0	11497.0
830	3013.3333333333335	0.0	10260.0
840	3368.5	0.0	10062.0
850	3091.1666666666665	0.0	9067.0
860	3246.3333333333335	0.0	12849.0
870	3428.3333333333335	0.0	8675.0
880	3532.8333333333335	0.0	12909.0
890	3145.6666666666665	0.0	7853.0
900	3181.1666666666665	0.0	12826.0
910	3072.6666666666665	0.0	8686.0
920	3080.3333333333335	0.0	9842.0
930	3256.3333333333335	0.0	7032.0
940	3369.1666666666665	0.0	7498.0
950	3104.8333333333335	0.0	10636.0
960	3353.0	0.0	10004.0
970	3218.3333333333335	0.0	10494.0
980	3192.5	0.0	10993.0
990	3371.1666666666665	0.0	14801.0
1000	3319.1666666666665	0.0	9385.0
