0	251.0	0.0	0.0
10	2026.5	85.0	11673.0
20	1836.5	102.0	13314.0
30	2118.5	34.0	8410.0
40	2024.3333333333333	43.0	12984.0
50	2186.8333333333335	46.0	10060.0
60	2300.1666666666665	45.0	9175.0
70	2047.6666666666667	60.0	10096.0
80	2409.1666666666665	12.0	11312.0
90	2401.5	39.0	8857.0
100	2357.1666666666665	44.0	8729.0
110	2345.0	54.0	11892.0
120	2387.3333333333335	37.0	6494.0
130	2408.5	64.0	10673.0
140	2550.6666666666665	80.0	8716.0
150	2512.6666666666665	40.0	12497.0
160	2504.0	17.0	9625.0
170	2391.1666666666665	32.0	7648.0
180	2750.0	52.0	12427.0
190	2726.8333333333335	26.0	10184.0
200	2648.0	88.0	14065.0
210	2539.1666666666665	0.0	13408.0
220	2497.3333333333335	0.0	9090.0
230	2582.3333333333335	0.0	7962.0
240	2576.1666666666665	0.0	9305.0
250	2784.0	0.0	10278.0
260	2572.8333333333335	0.0	9378.0
270	2798.6666666666665	0.0	7312.0
280	2627.1666666666665	0.0	7935.0
290	2860.8333333333335	0.0	9528.0
300	2710.5	0.0	8530.0
310	2632.8333333333335	0.0	10353.0
320	2856.3333333333335	0.0	9081.0
330	2697.6666666666665	0.0	7870.0
340	2933.3333333333335	0.0	10691.0
350	2700.3333333333335	0.0	6626.0
360	2761.1666666666665	0.0	8854.0
370	2487.6666666666665	0.0	9640.0
380	2873.3333333333335	0.0	9566.0
390	3023.8333333333335	0.0	11433.0
400	2985.1666666666665	0.0	12176.0
410	2915.1666666666665	0.0	11375.0
420	2956.8333333333335	0.0	9582.0
430	3039.6666666666665	0.0	10939.0
440	2695.6666666666665	0.0	10584.0
450	2829.5	0.0	9521.0
460	2914.6666666666665	0.0	8131.0
470	2953.3333333333335	0.0	8472.0
480	2846.3333333333335	0.0	12574.0
490	3027.8333333333335	0.0	8156.0
500	3010.6666666666665	0.0	9337.0
510	2813.3333333333335	0.0	8801.0
520	2879.1666666666665	0.0	9499.0
530	2881.0	0.0	9953.0
540	2960.5	0.0	7258.0
550	2952.8333333333335	0.0	9335.0
560	2890.6666666666665	0.0	11634.0
570	3023.0	0.0	10567.0
580	3097.0	0.0	8593.0
590	2615.5	0.0	10500.0
600	3041.6666666666665	0.0	10386.0
610	3193.3333333333335	0.0	11223.0
620	3066.0	0.0	10501.0
630	2935.6666666666665	0.0	8366.0
640	2943.0	0.0	8378.0
650	3143.0	0.0	10172.0
660	3105.5	0.0	10373.0
670	3254.0	0.0	12080.0
680	3034.3333333333335	0.0	7662.0
690	3132.1666666666665	0.0	7752.0
700	3172.0	0.0	12987.0
710	3317.0	0.0	10473.0
720	3078.8333333333335	0.0	10420.0
730	3028.5	0.0	9856.0
740	3038.0	0.0	7167.0
750	2966.0	0.0	10621.0
760	3256.0	0.0	12191.0
770	3351.0	0.0	10238.0
780	3298.3333333333335	0.0	12122.0
790	3244.3333333333335	0.0	11941.0
800	3162.8333333333335	0.0	6649.0
810	3282.0	0.0	8626.0
820	3010.0	0.0	8346.0
830	3295.8333333333335	0.0	10721.0
840	3059.3333333333335	0.0	11310.0
850	3109.5	0.0	9438.0
860	3032.6666666666665	0.0	11883.0
870	3147.1666666666665	0.0	10737.0
880	3279.0	0.0	14375.0
890	3094.0	0.0	6009.0
900	3065.1666666666665	0.0	12949.0
910	3170.8333333333335	0.0	9132.0
920	3284.0	0.0	10048.0
930	3151.0	0.0	10694.0
940	3303.6666666666665	0.0	6607.0
950	2968.0	0.0	11874.0
960	3135.8333333333335	0.0	8588.0
970	3731.6666666666665	0.0	12727.0
980	3161.5	0.0	11572.0
990	3226.0	0.0	9308.0
1000	3385.3333333333335	0.0	12977.0
