0	283.3333333333333	0.0	0.0	0.0	0.0	0.0	0.0
10	2044.6666666666667	11.0	33.0	11.0	4.0	4.0	7.0
20	2099.6666666666665	7.0	40.0	1.0	7.0	0.0	0.0
30	2035.8333333333333	6.0	104.0	2.0	6.0	2.0	0.0
40	2100.6666666666665	38.0	113.0	31.0	9.0	2.0	29.0
50	2267.8333333333335	9.0	62.0	1.0	9.0	1.0	0.0
60	2172.3333333333335	23.0	98.0	2.0	21.0	0.0	2.0
70	2138.3333333333335	4.0	82.0	0.0	4.0	0.0	0.0
80	2406.5	13.0	144.0	10.0	10.0	6.0	3.0
90	2634.6666666666665	15.0	175.0	6.0	14.0	5.0	1.0
100	2529.3333333333335	14.0	112.0	3.0	14.0	3.0	0.0
110	2299.5	1.0	52.0	0.0	1.0	0.0	0.0
120	2531.6666666666665	36.0	14.0	35.0	2.0	1.0	34.0
130	2911.1666666666665	74.0	201.0	55.0	20.0	1.0	54.0
140	2566.8333333333335	1.0	31.0	1.0	0.0	0.0	1.0
150	2558.5	13.0	102.0	1.0	13.0	1.0	0.0
160	2498.8333333333335	4.0	29.0	4.0	1.0	1.0	3.0
170	2666.3333333333335	38.0	169.0	33.0	10.0	4.0	28.0
180	2599.6666666666665	5.0	86.0	9.0	2.0	6.0	3.0
190	2846.0	3.0	141.0	4.0	2.0	3.0	1.0
200	2781.3333333333335	6.0	44.0	8.0	0.0	2.0	6.0
210	2898.1666666666665	8.0	143.0	4.0	6.0	2.0	2.0
220	2676.0	2.0	199.0	2.0	1.0	1.0	1.0
230	2592.0	8.0	129.0	7.0	2.0	1.0	6.0
240	2247.8333333333335	20.0	118.0	19.0	4.0	0.0	16.0
250	2905.8333333333335	1.0	90.0	2.0	1.0	2.0	0.0
260	2753.8333333333335	11.0	102.0	15.0	0.0	4.0	11.0
270	2989.0	9.0	129.0	10.0	0.0	1.0	9.0
280	3223.6666666666665	2.0	149.0	4.0	0.0	2.0	2.0
290	3038.8333333333335	0.0	132.0	4.0	0.0	4.0	0.0
300	3102.8333333333335	14.0	110.0	15.0	1.0	2.0	13.0
310	3014.1666666666665	2.0	43.0	3.0	1.0	1.0	1.0
320	3526.3333333333335	1.0	36.0	4.0	0.0	3.0	1.0
330	3413.8333333333335	24.0	109.0	25.0	0.0	1.0	24.0
340	3603.5	6.0	152.0	10.0	1.0	5.0	5.0
350	3351.5	5.0	119.0	6.0	0.0	1.0	5.0
360	3613.8333333333335	2.0	180.0	5.0	0.0	3.0	2.0
370	3112.1666666666665	11.0	135.0	14.0	1.0	4.0	10.0
380	3676.5	2.0	62.0	6.0	0.0	4.0	2.0
390	3709.0	0.0	87.0	0.0	0.0	0.0	0.0
400	3659.1666666666665	4.0	221.0	10.0	0.0	6.0	4.0
410	3424.8333333333335	0.0	107.0	3.0	0.0	3.0	0.0
420	3634.5	1.0	127.0	2.0	0.0	1.0	1.0
430	3654.8333333333335	1.0	211.0	9.0	0.0	8.0	1.0
440	3662.0	2.0	299.0	6.0	0.0	4.0	2.0
450	3488.0	3.0	88.0	6.0	0.0	3.0	3.0
460	3783.8333333333335	2.0	77.0	4.0	0.0	2.0	2.0
470	2978.3333333333335	1.0	120.0	2.0	0.0	1.0	1.0
480	3901.0	3.0	90.0	5.0	0.0	2.0	3.0
490	3787.1666666666665	0.0	119.0	3.0	0.0	3.0	0.0
500	3762.6666666666665	32.0	167.0	34.0	0.0	2.0	32.0
510	3357.1666666666665	7.0	66.0	8.0	0.0	1.0	7.0
520	3506.0	2.0	163.0	5.0	0.0	3.0	2.0
530	3484.6666666666665	1.0	198.0	9.0	0.0	8.0	1.0
540	3324.0	1.0	23.0	1.0	0.0	0.0	1.0
550	3416.5	1.0	147.0	4.0	0.0	3.0	1.0
560	3831.0	0.0	229.0	8.0	0.0	8.0	0.0
570	3655.5	1.0	178.0	2.0	1.0	1.0	0.0
580	4233.666666666667	0.0	105.0	7.0	0.0	7.0	0.0
590	3742.0	2.0	246.0	13.0	0.0	11.0	2.0
600	3823.0	4.0	153.0	8.0	0.0	4.0	4.0
610	3693.1666666666665	4.0	163.0	7.0	0.0	3.0	4.0
620	3832.0	1.0	244.0	7.0	0.0	6.0	1.0
630	3668.3333333333335	1.0	341.0	13.0	0.0	12.0	1.0
640	3756.1666666666665	0.0	124.0	6.0	0.0	6.0	0.0
650	3937.6666666666665	0.0	165.0	5.0	0.0	5.0	0.0
660	3436.3333333333335	0.0	71.0	2.0	0.0	2.0	0.0
670	3960.5	1.0	146.0	6.0	0.0	5.0	1.0
680	3579.6666666666665	1.0	158.0	3.0	0.0	2.0	1.0
690	3957.3333333333335	1.0	218.0	5.0	0.0	4.0	1.0
700	4204.5	1.0	157.0	5.0	0.0	4.0	1.0
710	3437.5	0.0	132.0	6.0	0.0	6.0	0.0
720	3727.1666666666665	6.0	147.0	9.0	0.0	3.0	6.0
730	3617.0	0.0	129.0	1.0	0.0	1.0	0.0
740	3715.8333333333335	5.0	166.0	10.0	0.0	5.0	5.0
750	3804.3333333333335	0.0	50.0	1.0	0.0	1.0	0.0
760	3628.1666666666665	0.0	95.0	5.0	0.0	5.0	0.0
770	3794.3333333333335	1.0	167.0	5.0	0.0	4.0	1.0
780	3710.6666666666665	0.0	110.0	1.0	0.0	1.0	0.0
790	4009.0	0.0	148.0	4.0	0.0	4.0	0.0
800	3835.0	0.0	137.0	4.0	0.0	4.0	0.0
810	3420.6666666666665	0.0	39.0	0.0	0.0	0.0	0.0
820	3754.8333333333335	0.0	165.0	5.0	0.0	5.0	0.0
830	3858.8333333333335	0.0	177.0	5.0	0.0	5.0	0.0
840	3870.6666666666665	0.0	111.0	3.0	0.0	3.0	0.0
850	3827.5	0.0	86.0	2.0	0.0	2.0	0.0
860	3820.1666666666665	1.0	215.0	3.0	0.0	2.0	1.0
870	3784.6666666666665	0.0	176.0	5.0	0.0	5.0	0.0
880	3859.1666666666665	1.0	97.0	3.0	0.0	2.0	1.0
890	4030.0	2.0	131.0	6.0	0.0	4.0	2.0
900	4164.5	1.0	196.0	8.0	0.0	7.0	1.0
910	3935.8333333333335	0.0	196.0	7.0	0.0	7.0	0.0
920	3859.0	0.0	47.0	0.0	0.0	0.0	0.0
930	3724.1666666666665	1.0	116.0	5.0	0.0	4.0	1.0
940	4045.6666666666665	1.0	107.0	6.0	0.0	5.0	1.0
950	3929.5	2.0	91.0	3.0	0.0	1.0	2.0
960	4106.833333333333	1.0	136.0	5.0	0.0	4.0	1.0
970	3735.6666666666665	0.0	70.0	0.0	0.0	0.0	0.0
980	3883.8333333333335	0.0	55.0	1.0	0.0	1.0	0.0
990	3685.5	3.0	121.0	5.0	0.0	2.0	3.0
1000	4025.0	0.0	137.0	2.0	0.0	2.0	0.0
