0	274.6666666666667	0.0	0.0	0.0	0.0	0.0	0.0
10	1836.3333333333333	9.0	58.0	9.0	9.0	9.0	0.0
20	1828.8333333333333	6.0	53.0	0.0	6.0	0.0	0.0
30	2061.0	16.0	49.0	6.0	12.0	2.0	4.0
40	2077.1666666666665	3.0	2.0	2.0	2.0	1.0	1.0
50	2029.3333333333333	20.0	46.0	19.0	2.0	1.0	18.0
60	1898.0	25.0	193.0	6.0	22.0	3.0	3.0
70	2075.3333333333335	10.0	62.0	3.0	10.0	2.0	0.0
80	2263.6666666666665	18.0	278.0	9.0	17.0	7.0	1.0
90	2266.1666666666665	1.0	48.0	2.0	1.0	2.0	0.0
100	2313.1666666666665	5.0	50.0	2.0	4.0	1.0	1.0
110	2440.3333333333335	1.0	68.0	4.0	1.0	4.0	0.0
120	2322.8333333333335	1.0	30.0	1.0	0.0	0.0	1.0
130	2491.3333333333335	57.0	181.0	55.0	13.0	4.0	44.0
140	2432.3333333333335	3.0	110.0	3.0	3.0	3.0	0.0
150	2634.3333333333335	14.0	101.0	11.0	6.0	3.0	8.0
160	2607.8333333333335	12.0	74.0	2.0	12.0	1.0	0.0
170	2582.8333333333335	11.0	52.0	6.0	5.0	0.0	6.0
180	2455.8333333333335	2.0	71.0	2.0	1.0	1.0	1.0
190	2763.0	19.0	55.0	15.0	5.0	1.0	14.0
200	2063.8333333333335	9.0	142.0	4.0	8.0	3.0	1.0
210	2741.8333333333335	31.0	210.0	22.0	18.0	8.0	13.0
220	2528.1666666666665	34.0	96.0	23.0	21.0	5.0	13.0
230	2798.8333333333335	7.0	66.0	2.0	7.0	2.0	0.0
240	2584.5	1.0	43.0	1.0	1.0	1.0	0.0
250	2153.5	7.0	183.0	5.0	5.0	3.0	2.0
260	2567.5	14.0	221.0	9.0	9.0	4.0	5.0
270	2146.0	22.0	76.0	17.0	6.0	1.0	16.0
280	2732.6666666666665	12.0	72.0	9.0	5.0	1.0	7.0
290	2767.6666666666665	2.0	58.0	2.0	2.0	2.0	0.0
300	3084.6666666666665	3.0	131.0	7.0	2.0	6.0	1.0
310	2987.3333333333335	5.0	82.0	9.0	1.0	5.0	4.0
320	2873.8333333333335	1.0	93.0	2.0	1.0	2.0	0.0
330	2831.1666666666665	2.0	116.0	6.0	1.0	5.0	1.0
340	3253.8333333333335	5.0	22.0	4.0	1.0	0.0	4.0
350	3027.6666666666665	3.0	101.0	2.0	2.0	1.0	1.0
360	3193.6666666666665	21.0	33.0	19.0	2.0	0.0	19.0
370	3098.5	10.0	88.0	12.0	0.0	2.0	10.0
380	3255.5	1.0	75.0	1.0	0.0	0.0	1.0
390	2986.5	37.0	53.0	35.0	2.0	0.0	35.0
400	3417.1666666666665	1.0	104.0	3.0	0.0	2.0	1.0
410	2898.1666666666665	14.0	158.0	16.0	2.0	4.0	12.0
420	3240.6666666666665	9.0	266.0	16.0	1.0	8.0	8.0
430	3144.8333333333335	3.0	153.0	5.0	1.0	3.0	2.0
440	3191.1666666666665	2.0	192.0	6.0	0.0	4.0	2.0
450	3022.8333333333335	1.0	24.0	1.0	0.0	0.0	1.0
460	3657.5	16.0	124.0	15.0	2.0	1.0	14.0
470	3157.8333333333335	1.0	150.0	4.0	0.0	3.0	1.0
480	3709.8333333333335	0.0	196.0	3.0	0.0	3.0	0.0
490	3082.0	0.0	72.0	3.0	0.0	3.0	0.0
500	3044.0	0.0	169.0	4.0	0.0	4.0	0.0
510	3178.1666666666665	4.0	41.0	4.0	0.0	0.0	4.0
520	3413.3333333333335	0.0	115.0	3.0	0.0	3.0	0.0
530	3096.8333333333335	13.0	70.0	13.0	1.0	1.0	12.0
540	3831.3333333333335	1.0	74.0	2.0	0.0	1.0	1.0
550	3766.6666666666665	3.0	192.0	9.0	0.0	6.0	3.0
560	3434.8333333333335	0.0	160.0	6.0	0.0	6.0	0.0
570	2742.0	3.0	163.0	6.0	1.0	4.0	2.0
580	3134.6666666666665	0.0	63.0	2.0	0.0	2.0	0.0
590	3783.1666666666665	1.0	87.0	1.0	0.0	0.0	1.0
600	3842.3333333333335	2.0	109.0	6.0	0.0	4.0	2.0
610	3521.6666666666665	0.0	203.0	9.0	0.0	9.0	0.0
620	3617.1666666666665	5.0	113.0	8.0	1.0	4.0	4.0
630	3602.0	1.0	122.0	3.0	0.0	2.0	1.0
640	3329.6666666666665	1.0	125.0	4.0	0.0	3.0	1.0
650	3353.3333333333335	3.0	256.0	6.0	0.0	3.0	3.0
660	3022.6666666666665	0.0	87.0	2.0	0.0	2.0	0.0
670	3715.0	0.0	112.0	1.0	0.0	1.0	0.0
680	3140.5	1.0	195.0	4.0	0.0	3.0	1.0
690	3717.0	1.0	191.0	6.0	0.0	5.0	1.0
700	3778.0	0.0	161.0	4.0	0.0	4.0	0.0
710	3232.5	1.0	207.0	10.0	0.0	9.0	1.0
720	3743.1666666666665	1.0	83.0	3.0	1.0	2.0	0.0
730	3609.5	0.0	135.0	4.0	0.0	4.0	0.0
740	3232.8333333333335	0.0	117.0	4.0	0.0	4.0	0.0
750	3327.8333333333335	1.0	165.0	4.0	0.0	3.0	1.0
760	3999.3333333333335	1.0	237.0	7.0	0.0	6.0	1.0
770	3675.6666666666665	0.0	147.0	6.0	0.0	6.0	0.0
780	3965.1666666666665	3.0	103.0	6.0	0.0	3.0	3.0
790	3630.8333333333335	5.0	122.0	10.0	0.0	5.0	5.0
800	3799.6666666666665	1.0	103.0	1.0	0.0	0.0	1.0
810	3942.3333333333335	1.0	165.0	5.0	0.0	4.0	1.0
820	3973.8333333333335	0.0	118.0	4.0	0.0	4.0	0.0
830	3786.5	2.0	131.0	5.0	0.0	3.0	2.0
840	3732.5	0.0	103.0	4.0	0.0	4.0	0.0
850	3566.1666666666665	1.0	180.0	6.0	0.0	5.0	1.0
860	3870.6666666666665	0.0	76.0	0.0	0.0	0.0	0.0
870	3756.5	0.0	115.0	5.0	0.0	5.0	0.0
880	4069.6666666666665	3.0	203.0	10.0	0.0	7.0	3.0
890	3908.5	2.0	117.0	2.0	0.0	0.0	2.0
900	4107.333333333333	1.0	221.0	6.0	0.0	5.0	1.0
910	3765.0	0.0	268.0	14.0	0.0	14.0	0.0
920	3757.6666666666665	0.0	111.0	4.0	0.0	4.0	0.0
930	3744.3333333333335	8.0	202.0	10.0	0.0	2.0	8.0
940	3786.8333333333335	0.0	65.0	1.0	0.0	1.0	0.0
950	3642.0	1.0	204.0	10.0	0.0	9.0	1.0
960	3966.6666666666665	0.0	195.0	8.0	0.0	8.0	0.0
970	3922.1666666666665	0.0	125.0	4.0	0.0	4.0	0.0
980	3932.3333333333335	0.0	135.0	3.0	0.0	3.0	0.0
990	3752.6666666666665	0.0	110.0	4.0	0.0	4.0	0.0
1000	3501.8333333333335	0.0	171.0	4.0	0.0	4.0	0.0
