0	281.3333333333333	0.0
10	1936.6666666666667	1000.0
20	2044.3333333333333	0.0
30	2073.1666666666665	0.0
40	2288.0	0.0
50	2025.1666666666667	0.0
60	2185.8333333333335	0.0
70	2063.3333333333335	0.0
80	2186.3333333333335	0.0
90	2029.1666666666667	0.0
100	2126.0	0.0
110	2130.1666666666665	0.0
120	2037.5	0.0
130	2216.3333333333335	0.0
140	2136.5	0.0
150	2201.6666666666665	0.0
160	2033.5	0.0
170	2361.8333333333335	0.0
180	2266.3333333333335	0.0
190	2299.6666666666665	0.0
200	2378.0	0.0
210	2568.5	0.0
220	2464.6666666666665	0.0
230	2495.0	0.0
240	2463.1666666666665	0.0
250	2230.0	0.0
260	2382.5	0.0
270	2401.6666666666665	0.0
280	2136.1666666666665	0.0
290	2566.3333333333335	0.0
300	2318.0	0.0
310	2507.3333333333335	0.0
320	2369.3333333333335	0.0
330	2334.5	0.0
340	2452.0	0.0
350	2513.5	0.0
360	2449.8333333333335	0.0
370	2725.3333333333335	0.0
380	2630.8333333333335	0.0
390	2546.1666666666665	0.0
400	2624.8333333333335	0.0
410	2646.8333333333335	0.0
420	2631.3333333333335	0.0
430	2718.3333333333335	0.0
440	2790.6666666666665	0.0
450	2493.8333333333335	0.0
460	2598.6666666666665	0.0
470	2370.5	0.0
480	2628.3333333333335	0.0
490	2671.3333333333335	0.0
500	2620.0	0.0
510	2542.0	0.0
520	2769.6666666666665	0.0
530	2352.0	0.0
540	2415.6666666666665	0.0
550	2735.3333333333335	0.0
560	2781.1666666666665	0.0
570	2504.3333333333335	0.0
580	2662.8333333333335	0.0
590	2613.6666666666665	0.0
600	2714.3333333333335	0.0
610	2798.5	0.0
620	2803.3333333333335	0.0
630	2500.3333333333335	0.0
640	2587.0	0.0
650	2696.3333333333335	0.0
660	2506.0	0.0
670	2764.0	0.0
680	2643.5	0.0
690	2572.3333333333335	0.0
700	2593.1666666666665	0.0
710	2999.1666666666665	0.0
720	3079.8333333333335	0.0
730	2834.1666666666665	0.0
740	2897.5	0.0
750	2803.8333333333335	0.0
760	2728.0	0.0
770	2613.6666666666665	0.0
780	2913.6666666666665	0.0
790	2911.6666666666665	0.0
800	2598.3333333333335	0.0
810	2881.1666666666665	0.0
820	2667.6666666666665	0.0
830	2895.6666666666665	0.0
840	2894.6666666666665	0.0
850	2628.0	0.0
860	2867.6666666666665	0.0
870	2629.1666666666665	0.0
880	2724.0	0.0
890	2750.6666666666665	0.0
900	2644.5	0.0
910	2627.3333333333335	0.0
920	2919.1666666666665	0.0
930	2774.6666666666665	0.0
940	3087.1666666666665	0.0
950	2619.0	0.0
960	3178.5	0.0
970	3048.8333333333335	0.0
980	2760.6666666666665	0.0
990	2888.8333333333335	0.0
1000	2824.0	0.0
