0	249.66666666666666	0.0
10	1775.1666666666667	1000.0
20	1948.3333333333333	0.0
30	1947.3333333333333	0.0
40	1982.1666666666667	0.0
50	2026.6666666666667	0.0
60	2230.1666666666665	0.0
70	2049.0	0.0
80	1918.6666666666667	0.0
90	2027.5	0.0
100	1834.5	0.0
110	2216.0	0.0
120	2223.6666666666665	0.0
130	2173.5	0.0
140	2188.0	0.0
150	2188.3333333333335	0.0
160	2118.8333333333335	0.0
170	2165.1666666666665	0.0
180	2175.6666666666665	0.0
190	2150.1666666666665	0.0
200	2265.8333333333335	0.0
210	2481.0	0.0
220	2429.0	0.0
230	2382.6666666666665	0.0
240	2432.0	0.0
250	2328.0	0.0
260	2124.8333333333335	0.0
270	2395.1666666666665	0.0
280	2485.0	0.0
290	2612.8333333333335	0.0
300	2404.8333333333335	0.0
310	2340.1666666666665	0.0
320	2356.5	0.0
330	2399.3333333333335	0.0
340	2732.1666666666665	0.0
350	2584.6666666666665	0.0
360	2619.1666666666665	0.0
370	2575.3333333333335	0.0
380	2239.1666666666665	0.0
390	2277.0	0.0
400	2590.8333333333335	0.0
410	2477.6666666666665	0.0
420	2194.6666666666665	0.0
430	2493.6666666666665	0.0
440	2594.8333333333335	0.0
450	2291.5	0.0
460	2526.5	0.0
470	2674.3333333333335	0.0
480	2708.3333333333335	0.0
490	2623.5	0.0
500	2427.1666666666665	0.0
510	2692.3333333333335	0.0
520	2756.8333333333335	0.0
530	2758.5	0.0
540	2602.0	0.0
550	2804.8333333333335	0.0
560	2752.3333333333335	0.0
570	2471.0	0.0
580	2704.0	0.0
590	2616.1666666666665	0.0
600	2731.8333333333335	0.0
610	2900.8333333333335	0.0
620	2558.6666666666665	0.0
630	2683.5	0.0
640	2920.8333333333335	0.0
650	2968.1666666666665	0.0
660	2859.3333333333335	0.0
670	2517.0	0.0
680	2865.5	0.0
690	2739.6666666666665	0.0
700	2845.6666666666665	0.0
710	2839.6666666666665	0.0
720	3000.3333333333335	0.0
730	2876.8333333333335	0.0
740	2913.8333333333335	0.0
750	2992.6666666666665	0.0
760	2816.5	0.0
770	3116.8333333333335	0.0
780	2937.6666666666665	0.0
790	2955.0	0.0
800	2939.3333333333335	0.0
810	2853.3333333333335	0.0
820	2767.8333333333335	0.0
830	2958.3333333333335	0.0
840	3027.0	0.0
850	2841.0	0.0
860	2662.8333333333335	0.0
870	2766.8333333333335	0.0
880	3045.1666666666665	0.0
890	2971.5	0.0
900	3012.6666666666665	0.0
910	2997.6666666666665	0.0
920	2746.5	0.0
930	2939.5	0.0
940	2992.8333333333335	0.0
950	3234.0	0.0
960	2787.6666666666665	0.0
970	3249.6666666666665	0.0
980	2824.1666666666665	0.0
990	2758.6666666666665	0.0
1000	3136.6666666666665	0.0
