0	280.6666666666667	0.0
10	2129.0	1000.0
20	2120.5	0.0
30	2008.3333333333333	0.0
40	2098.6666666666665	0.0
50	2052.8333333333335	0.0
60	2071.3333333333335	0.0
70	2107.0	0.0
80	2096.1666666666665	0.0
90	2250.0	0.0
100	2189.0	0.0
110	2031.0	0.0
120	2127.0	0.0
130	2208.1666666666665	0.0
140	2084.6666666666665	0.0
150	2090.6666666666665	0.0
160	2039.6666666666667	0.0
170	2368.0	0.0
180	2168.0	0.0
190	2100.6666666666665	0.0
200	2233.3333333333335	0.0
210	2155.6666666666665	0.0
220	2323.0	0.0
230	2344.6666666666665	0.0
240	2357.6666666666665	0.0
250	2397.0	0.0
260	2470.0	0.0
270	2422.1666666666665	0.0
280	2381.0	0.0
290	2469.3333333333335	0.0
300	2684.0	0.0
310	2284.0	0.0
320	2436.0	0.0
330	2434.8333333333335	0.0
340	2344.8333333333335	0.0
350	2529.6666666666665	0.0
360	2574.1666666666665	0.0
370	2214.8333333333335	0.0
380	2588.5	0.0
390	2419.8333333333335	0.0
400	2607.3333333333335	0.0
410	2461.8333333333335	0.0
420	2586.3333333333335	0.0
430	2677.8333333333335	0.0
440	2496.5	0.0
450	2599.5	0.0
460	2633.6666666666665	0.0
470	2800.0	0.0
480	2698.6666666666665	0.0
490	2566.5	0.0
500	2283.1666666666665	0.0
510	2376.0	0.0
520	2709.1666666666665	0.0
530	2649.0	0.0
540	2526.1666666666665	0.0
550	2696.6666666666665	0.0
560	2715.3333333333335	0.0
570	2516.5	0.0
580	2819.6666666666665	0.0
590	2601.0	0.0
600	2848.1666666666665	0.0
610	2747.5	0.0
620	2520.6666666666665	0.0
630	2719.1666666666665	0.0
640	2841.6666666666665	0.0
650	2860.3333333333335	0.0
660	2681.0	0.0
670	2986.3333333333335	0.0
680	2718.3333333333335	0.0
690	2716.8333333333335	0.0
700	3010.0	0.0
710	2837.8333333333335	0.0
720	2821.8333333333335	0.0
730	2763.6666666666665	0.0
740	2666.0	0.0
750	2794.5	0.0
760	2675.6666666666665	0.0
770	2943.8333333333335	0.0
780	2812.3333333333335	0.0
790	2934.5	0.0
800	3079.3333333333335	0.0
810	2932.0	0.0
820	2709.3333333333335	0.0
830	2700.3333333333335	0.0
840	2923.6666666666665	0.0
850	2873.8333333333335	0.0
860	2900.6666666666665	0.0
870	2956.5	0.0
880	2957.1666666666665	0.0
890	3172.8333333333335	0.0
900	2939.0	0.0
910	3061.0	0.0
920	2862.1666666666665	0.0
930	2822.5	0.0
940	3052.5	0.0
950	2653.1666666666665	0.0
960	2792.0	0.0
970	3064.3333333333335	0.0
980	2912.8333333333335	0.0
990	3095.0	0.0
1000	2744.0	0.0
