0	258.51111111111106	0.0	0.0
10	1966.811111111111	472.56666666666666	9514.0
20	2005.1611111111115	147.6	8568.166666666666
30	2025.4444444444441	111.83333333333333	8804.2
40	2052.3777777777777	67.03333333333333	8568.366666666667
50	2077.3277777777776	42.8	8702.066666666668
60	2073.5722222222225	44.833333333333336	8958.533333333333
70	2077.805555555555	32.233333333333334	8742.633333333333
80	2115.8500000000004	28.733333333333334	8606.833333333334
90	2136.516666666667	14.833333333333334	8427.133333333333
100	2140.144444444444	12.166666666666666	8587.1
110	2136.594444444444	8.466666666666667	7938.0
120	2137.2277777777786	7.1	8727.533333333333
130	2198.4444444444443	5.833333333333333	8440.6
140	2211.994444444445	2.6	8851.333333333334
150	2235.4666666666662	1.1	9372.133333333333
160	2219.227777777777	0.26666666666666666	9303.1
170	2249.222222222222	0.0	9092.566666666668
180	2285.7111111111108	0.0	8608.166666666666
190	2274.527777777778	0.0	8869.366666666667
200	2335.3500000000004	0.0	8751.4
210	2337.444444444445	0.0	9179.966666666667
220	2377.4388888888884	0.0	9083.633333333333
230	2368.3	0.0	8375.766666666666
240	2376.7833333333333	0.0	8735.833333333334
250	2382.644444444445	0.0	8760.233333333334
260	2397.5388888888892	0.0	9111.966666666667
270	2414.383333333333	0.0	9348.866666666667
280	2451.683333333334	0.0	8971.133333333333
290	2437.105555555556	0.0	9174.3
300	2444.761111111111	0.0	9151.566666666668
310	2501.9611111111108	0.0	9153.133333333333
320	2479.272222222222	0.0	9270.366666666667
330	2551.3222222222225	0.0	8665.8
340	2550.116666666667	0.0	9297.1
350	2503.944444444444	0.0	8869.3
360	2540.5833333333335	0.0	9330.966666666667
370	2604.222222222222	0.0	9392.133333333333
380	2550.95	0.0	9404.533333333333
390	2565.2999999999997	0.0	9174.7
400	2575.1277777777777	0.0	9507.0
410	2614.1	0.0	9190.566666666668
420	2584.4888888888886	0.0	8960.1
430	2617.872222222222	0.0	8790.933333333332
440	2653.4277777777775	0.0	9075.166666666666
450	2622.188888888889	0.0	8932.333333333334
460	2579.75	0.0	8725.733333333334
470	2615.8833333333337	0.0	9783.4
480	2654.3888888888887	0.0	8849.3
490	2681.555555555556	0.0	9284.8
500	2680.2222222222217	0.0	9029.766666666666
510	2660.0333333333333	0.0	9984.833333333334
520	2651.4444444444443	0.0	9739.333333333334
530	2661.4333333333334	0.0	9123.3
540	2680.6111111111113	0.0	9441.333333333334
550	2698.888888888889	0.0	9481.933333333332
560	2770.266666666666	0.0	9858.1
570	2721.355555555556	0.0	9692.066666666668
580	2720.705555555556	0.0	9135.866666666667
590	2755.405555555555	0.0	9747.066666666668
600	2748.183333333333	0.0	9640.766666666666
610	2715.694444444445	0.0	9815.533333333333
620	2752.644444444444	0.0	9271.933333333332
630	2762.777777777777	0.0	9604.166666666666
640	2729.0222222222214	0.0	9669.266666666666
650	2729.355555555556	0.0	8662.166666666666
660	2727.338888888889	0.0	9096.966666666667
670	2795.211111111112	0.0	9395.3
680	2763.8444444444453	0.0	9054.266666666666
690	2771.5888888888885	0.0	9127.766666666666
700	2809.0555555555547	0.0	9286.433333333332
710	2793.816666666666	0.0	10183.9
720	2883.316666666668	0.0	9543.266666666666
730	2824.522222222222	0.0	9713.566666666668
740	2788.4444444444443	0.0	9442.166666666666
750	2797.1555555555556	0.0	9220.6
760	2859.1722222222224	0.0	9276.033333333333
770	2856.922222222222	0.0	9556.7
780	2809.872222222222	0.0	9652.266666666666
790	2833.0999999999995	0.0	9649.733333333334
800	2875.5944444444453	0.0	10104.333333333334
810	2886.4833333333327	0.0	10203.0
820	2833.0555555555557	0.0	10014.7
830	2893.5666666666675	0.0	9546.0
840	2878.405555555555	0.0	9831.133333333333
850	2876.3777777777773	0.0	10098.1
860	2919.288888888889	0.0	9686.7
870	2943.3222222222216	0.0	10100.1
880	2860.4166666666665	0.0	9883.733333333334
890	2928.961111111111	0.0	10226.133333333333
900	2918.1611111111115	0.0	9382.9
910	2959.7111111111108	0.0	9479.233333333334
920	2947.35	0.0	10226.1
930	3001.1277777777777	0.0	9807.933333333332
940	2998.4999999999995	0.0	9249.333333333334
950	2925.5666666666666	0.0	9778.7
960	3012.555555555555	0.0	9800.566666666668
970	3002.172222222222	0.0	9855.9
980	2997.2944444444447	0.0	9917.233333333334
990	2983.199999999999	0.0	9522.233333333334
1000	3030.083333333333	0.0	9593.666666666666
