0	253.0	0.0	0.0
10	2006.5	355.0	6916.0
20	1969.0	147.0	7345.0
30	2002.5	150.0	11186.0
40	2036.1666666666667	120.0	10869.0
50	2124.8333333333335	34.0	7691.0
60	2142.6666666666665	59.0	9501.0
70	1918.3333333333333	46.0	9720.0
80	2075.6666666666665	24.0	6620.0
90	2097.5	42.0	9422.0
100	2083.8333333333335	17.0	5214.0
110	1935.8333333333333	6.0	8350.0
120	1829.8333333333333	0.0	8103.0
130	2092.0	0.0	8719.0
140	2198.1666666666665	0.0	6670.0
150	2308.6666666666665	0.0	9913.0
160	2389.1666666666665	0.0	11446.0
170	2092.5	0.0	6856.0
180	2386.8333333333335	0.0	5362.0
190	2160.6666666666665	0.0	7107.0
200	2239.3333333333335	0.0	6469.0
210	2350.6666666666665	0.0	8215.0
220	2240.5	0.0	6838.0
230	2387.6666666666665	0.0	8631.0
240	2446.1666666666665	0.0	9899.0
250	2353.8333333333335	0.0	8469.0
260	2179.5	0.0	7043.0
270	2358.6666666666665	0.0	9388.0
280	2332.0	0.0	8579.0
290	2170.1666666666665	0.0	5847.0
300	2271.0	0.0	12628.0
310	2358.3333333333335	0.0	7658.0
320	2359.6666666666665	0.0	8893.0
330	2405.0	0.0	9976.0
340	2513.1666666666665	0.0	13174.0
350	2333.8333333333335	0.0	11677.0
360	2499.3333333333335	0.0	12746.0
370	2713.0	0.0	13668.0
380	2576.5	0.0	9712.0
390	2280.3333333333335	0.0	9010.0
400	2361.0	0.0	9726.0
410	2538.8333333333335	0.0	10305.0
420	2435.5	0.0	7591.0
430	2712.3333333333335	0.0	5367.0
440	2640.5	0.0	8743.0
450	2656.3333333333335	0.0	6652.0
460	2554.1666666666665	0.0	7953.0
470	2366.1666666666665	0.0	10008.0
480	2814.0	0.0	10065.0
490	2634.0	0.0	7685.0
500	2577.8333333333335	0.0	11109.0
510	2964.8333333333335	0.0	12369.0
520	2778.8333333333335	0.0	9660.0
530	2594.5	0.0	8031.0
540	2544.8333333333335	0.0	7371.0
550	2563.0	0.0	10707.0
560	2520.8333333333335	0.0	9018.0
570	2670.5	0.0	6052.0
580	2748.1666666666665	0.0	6749.0
590	2214.5	0.0	10090.0
600	2929.0	0.0	7402.0
610	2542.6666666666665	0.0	8478.0
620	2662.3333333333335	0.0	6830.0
630	2744.5	0.0	9097.0
640	2903.0	0.0	9781.0
650	2561.1666666666665	0.0	8343.0
660	2480.5	0.0	8854.0
670	2684.1666666666665	0.0	7659.0
680	2779.3333333333335	0.0	7143.0
690	2879.3333333333335	0.0	7550.0
700	2723.6666666666665	0.0	7744.0
710	2540.0	0.0	10075.0
720	2837.3333333333335	0.0	7263.0
730	2849.0	0.0	6640.0
740	2662.0	0.0	9272.0
750	2607.3333333333335	0.0	10562.0
760	3043.3333333333335	0.0	6851.0
770	2771.3333333333335	0.0	8171.0
780	2685.0	0.0	9581.0
790	2787.8333333333335	0.0	7572.0
800	2876.3333333333335	0.0	9257.0
810	3058.6666666666665	0.0	13311.0
820	2574.5	0.0	8596.0
830	2803.0	0.0	7168.0
840	2929.0	0.0	8430.0
850	2933.6666666666665	0.0	8977.0
860	2889.6666666666665	0.0	6970.0
870	2787.8333333333335	0.0	8075.0
880	2558.3333333333335	0.0	8722.0
890	2945.0	0.0	8521.0
900	3180.8333333333335	0.0	10953.0
910	2852.5	0.0	8013.0
920	2854.6666666666665	0.0	13820.0
930	2780.3333333333335	0.0	11115.0
940	3163.3333333333335	0.0	10160.0
950	2518.1666666666665	0.0	11194.0
960	3042.5	0.0	11547.0
970	3030.0	0.0	8317.0
980	2922.3333333333335	0.0	8279.0
990	2980.6666666666665	0.0	11111.0
1000	2922.6666666666665	0.0	10056.0
