0	236.66666666666666	0.0	0.0
10	2052.0	488.0	8552.0
20	2145.8333333333335	93.0	6649.0
30	1982.0	201.0	9875.0
40	2125.0	20.0	7136.0
50	1982.3333333333333	19.0	9101.0
60	2119.8333333333335	47.0	8972.0
70	2215.5	16.0	6021.0
80	2137.3333333333335	19.0	9102.0
90	1985.0	16.0	7224.0
100	2196.3333333333335	11.0	6107.0
110	2087.5	18.0	7894.0
120	2127.1666666666665	27.0	6862.0
130	2067.5	21.0	8960.0
140	2010.3333333333333	4.0	8075.0
150	2317.1666666666665	0.0	12674.0
160	2310.5	0.0	9097.0
170	2311.0	0.0	11159.0
180	2316.6666666666665	0.0	10352.0
190	2276.8333333333335	0.0	8078.0
200	2292.3333333333335	0.0	12165.0
210	2324.3333333333335	0.0	8971.0
220	2229.5	0.0	12445.0
230	2210.3333333333335	0.0	9777.0
240	2184.5	0.0	7885.0
250	2510.1666666666665	0.0	12873.0
260	2403.1666666666665	0.0	8884.0
270	2429.1666666666665	0.0	9046.0
280	2477.3333333333335	0.0	10181.0
290	2365.3333333333335	0.0	10947.0
300	2663.3333333333335	0.0	14350.0
310	2682.5	0.0	8523.0
320	2705.5	0.0	10520.0
330	2736.5	0.0	9660.0
340	2560.1666666666665	0.0	8918.0
350	2796.6666666666665	0.0	10723.0
360	2640.0	0.0	6916.0
370	2570.0	0.0	8558.0
380	2409.8333333333335	0.0	9449.0
390	2724.6666666666665	0.0	13576.0
400	2710.6666666666665	0.0	8186.0
410	2616.8333333333335	0.0	10985.0
420	2464.1666666666665	0.0	11391.0
430	2522.0	0.0	12335.0
440	2717.3333333333335	0.0	10013.0
450	2649.8333333333335	0.0	10702.0
460	2692.3333333333335	0.0	10190.0
470	2816.5	0.0	8335.0
480	2722.1666666666665	0.0	6580.0
490	2746.0	0.0	10624.0
500	2585.0	0.0	10318.0
510	2717.3333333333335	0.0	11372.0
520	2587.0	0.0	8873.0
530	2459.6666666666665	0.0	5646.0
540	2818.8333333333335	0.0	10759.0
550	2730.0	0.0	12868.0
560	2853.0	0.0	10062.0
570	2985.8333333333335	0.0	13786.0
580	3015.3333333333335	0.0	9894.0
590	2647.5	0.0	9090.0
600	2748.5	0.0	9827.0
610	2926.8333333333335	0.0	13633.0
620	2609.5	0.0	9526.0
630	2641.8333333333335	0.0	10440.0
640	3028.1666666666665	0.0	12916.0
650	3018.0	0.0	12865.0
660	2897.3333333333335	0.0	8820.0
670	3033.3333333333335	0.0	8500.0
680	3018.3333333333335	0.0	7929.0
690	2714.0	0.0	12960.0
700	2876.3333333333335	0.0	7602.0
710	3065.0	0.0	8978.0
720	3083.3333333333335	0.0	10414.0
730	2999.0	0.0	10302.0
740	2982.6666666666665	0.0	7267.0
750	2828.3333333333335	0.0	9415.0
760	2942.8333333333335	0.0	7292.0
770	2956.8333333333335	0.0	7363.0
780	2802.6666666666665	0.0	8873.0
790	2371.5	0.0	9469.0
800	2798.8333333333335	0.0	8790.0
810	2969.3333333333335	0.0	9206.0
820	3099.3333333333335	0.0	13492.0
830	2803.5	0.0	8953.0
840	3032.0	0.0	13226.0
850	3072.6666666666665	0.0	10538.0
860	2868.5	0.0	9249.0
870	3081.3333333333335	0.0	13568.0
880	3040.5	0.0	9089.0
890	3280.1666666666665	0.0	12517.0
900	2762.1666666666665	0.0	7956.0
910	2981.3333333333335	0.0	11016.0
920	3105.8333333333335	0.0	8815.0
930	3134.8333333333335	0.0	7263.0
940	3206.8333333333335	0.0	7822.0
950	3231.6666666666665	0.0	12042.0
960	2874.0	0.0	10129.0
970	3029.1666666666665	0.0	14042.0
980	3010.3333333333335	0.0	10191.0
990	3051.3333333333335	0.0	10573.0
1000	2990.5	0.0	7436.0
