0	235.33333333333334	0.0	0.0
10	1884.8333333333333	490.0	8291.0
20	1992.3333333333333	143.0	8664.0
30	2116.3333333333335	45.0	6827.0
40	1969.1666666666667	45.0	10374.0
50	2152.6666666666665	38.0	8208.0
60	2010.8333333333333	96.0	10062.0
70	2096.1666666666665	68.0	10776.0
80	2160.5	52.0	11189.0
90	2244.0	23.0	8967.0
100	2079.6666666666665	0.0	7907.0
110	2180.1666666666665	0.0	5408.0
120	2095.3333333333335	0.0	5040.0
130	2100.3333333333335	0.0	11203.0
140	2236.0	0.0	10035.0
150	2185.1666666666665	0.0	9789.0
160	2185.8333333333335	0.0	9166.0
170	2267.6666666666665	0.0	7838.0
180	2209.6666666666665	0.0	9629.0
190	2274.3333333333335	0.0	10486.0
200	2132.8333333333335	0.0	7228.0
210	2378.1666666666665	0.0	9347.0
220	2368.3333333333335	0.0	8039.0
230	2472.5	0.0	10981.0
240	2493.8333333333335	0.0	10168.0
250	2476.6666666666665	0.0	8122.0
260	2504.6666666666665	0.0	11348.0
270	2306.1666666666665	0.0	9062.0
280	2437.5	0.0	12209.0
290	2346.0	0.0	6540.0
300	2615.1666666666665	0.0	8638.0
310	2599.6666666666665	0.0	6338.0
320	2440.5	0.0	9974.0
330	2741.5	0.0	8244.0
340	2594.1666666666665	0.0	10538.0
350	2215.3333333333335	0.0	8178.0
360	2522.5	0.0	9840.0
370	2499.3333333333335	0.0	9905.0
380	2642.3333333333335	0.0	11353.0
390	2398.6666666666665	0.0	7049.0
400	2543.6666666666665	0.0	8249.0
410	2624.8333333333335	0.0	10216.0
420	2598.0	0.0	10864.0
430	2577.8333333333335	0.0	9465.0
440	2593.0	0.0	7032.0
450	2626.1666666666665	0.0	9788.0
460	2531.3333333333335	0.0	9620.0
470	2630.0	0.0	7823.0
480	2332.5	0.0	9360.0
490	2725.1666666666665	0.0	9330.0
500	2758.3333333333335	0.0	8837.0
510	2741.6666666666665	0.0	10709.0
520	2688.1666666666665	0.0	13602.0
530	2810.5	0.0	8172.0
540	2641.6666666666665	0.0	9739.0
550	2711.8333333333335	0.0	10430.0
560	2784.5	0.0	12246.0
570	2878.6666666666665	0.0	11218.0
580	2650.6666666666665	0.0	7358.0
590	2687.5	0.0	5568.0
600	2689.0	0.0	8971.0
610	2607.6666666666665	0.0	10095.0
620	2558.5	0.0	10314.0
630	2878.3333333333335	0.0	9120.0
640	2701.3333333333335	0.0	8608.0
650	2786.3333333333335	0.0	6602.0
660	2746.8333333333335	0.0	8187.0
670	2651.1666666666665	0.0	7673.0
680	2832.1666666666665	0.0	9374.0
690	2717.1666666666665	0.0	8240.0
700	2694.3333333333335	0.0	9239.0
710	2785.8333333333335	0.0	8812.0
720	2832.6666666666665	0.0	8868.0
730	2773.8333333333335	0.0	9355.0
740	2778.0	0.0	10976.0
750	2831.0	0.0	9348.0
760	2716.1666666666665	0.0	7014.0
770	3032.0	0.0	10613.0
780	2752.0	0.0	10061.0
790	2906.5	0.0	6134.0
800	2614.0	0.0	11869.0
810	2776.3333333333335	0.0	12141.0
820	2727.1666666666665	0.0	9197.0
830	2911.5	0.0	11354.0
840	3025.5	0.0	9549.0
850	2804.0	0.0	12992.0
860	3079.3333333333335	0.0	9543.0
870	2834.5	0.0	8051.0
880	3027.6666666666665	0.0	12114.0
890	2608.1666666666665	0.0	11701.0
900	2505.1666666666665	0.0	7909.0
910	2534.8333333333335	0.0	8565.0
920	2547.0	0.0	8596.0
930	3015.3333333333335	0.0	11480.0
940	2923.8333333333335	0.0	6859.0
950	2854.5	0.0	7728.0
960	2868.3333333333335	0.0	6306.0
970	2851.6666666666665	0.0	11451.0
980	2781.6666666666665	0.0	10763.0
990	3046.5	0.0	10490.0
1000	2709.0	0.0	11800.0
