0	290.6666666666667	0.0
10	790.3333333333334	1000.0
20	1251.0	0.0
30	683.0	0.0
40	1236.3333333333333	0.0
50	1059.0	0.0
60	1494.0	0.0
70	1640.0	0.0
80	1913.6666666666667	0.0
90	2164.3333333333335	0.0
100	2065.0	0.0
110	2194.3333333333335	0.0
120	2555.3333333333335	0.0
130	1871.0	0.0
140	2276.3333333333335	0.0
150	2321.0	0.0
160	2524.1666666666665	0.0
170	2343.1666666666665	0.0
180	2187.0	0.0
190	2482.1666666666665	0.0
200	2410.0	0.0
210	2423.3333333333335	0.0
220	2292.0	0.0
230	1958.0	0.0
240	2389.3333333333335	0.0
250	2417.3333333333335	0.0
260	2445.1666666666665	0.0
270	2330.6666666666665	0.0
280	2075.0	0.0
290	2499.0	0.0
300	2238.6666666666665	0.0
310	2310.0	0.0
320	2276.0	0.0
330	2290.3333333333335	0.0
340	2443.0	0.0
350	2641.3333333333335	0.0
360	2373.3333333333335	0.0
370	2361.0	0.0
380	2444.0	0.0
390	2222.6666666666665	0.0
400	2428.0	0.0
410	1472.6666666666667	0.0
420	2043.0	0.0
430	2624.0	0.0
440	1966.0	0.0
450	2213.0	0.0
460	1781.0	0.0
470	2301.3333333333335	0.0
480	2569.3333333333335	0.0
490	2568.6666666666665	0.0
500	1949.0	0.0
510	1580.1666666666667	0.0
520	2460.6666666666665	0.0
530	2502.0	0.0
540	2603.1666666666665	0.0
550	1764.0	0.0
560	1932.0	0.0
570	2413.1666666666665	0.0
580	1767.3333333333333	0.0
590	2058.1666666666665	0.0
600	2547.6666666666665	0.0
610	2431.0	0.0
620	2453.0	0.0
630	2374.6666666666665	0.0
640	2445.6666666666665	0.0
650	2281.5	0.0
660	2249.0	0.0
670	2458.1666666666665	0.0
680	2098.5	0.0
690	1995.5	0.0
700	2484.6666666666665	0.0
710	1676.1666666666667	0.0
720	1675.0	0.0
730	1889.8333333333333	0.0
740	1661.3333333333333	0.0
750	2404.6666666666665	0.0
760	1960.0	0.0
770	1717.6666666666667	0.0
780	2304.6666666666665	0.0
790	2013.3333333333333	0.0
800	2374.8333333333335	0.0
810	2160.6666666666665	0.0
820	2226.3333333333335	0.0
830	1907.6666666666667	0.0
840	1870.6666666666667	0.0
850	2450.3333333333335	0.0
860	2539.3333333333335	0.0
870	2671.0	0.0
880	2193.6666666666665	0.0
890	2375.3333333333335	0.0
900	2299.6666666666665	0.0
910	2469.8333333333335	0.0
920	1812.3333333333333	0.0
930	1947.1666666666667	0.0
940	1984.8333333333333	0.0
950	2131.6666666666665	0.0
960	1919.6666666666667	0.0
970	2057.3333333333335	0.0
980	2080.6666666666665	0.0
990	1752.1666666666667	0.0
1000	2180.3333333333335	0.0
