0	271.6666666666667	0.0
10	100.66666666666667	1000.0
20	131.0	0.0
30	864.0	0.0
40	882.0	0.0
50	1844.6666666666667	0.0
60	1750.6666666666667	0.0
70	2010.5	0.0
80	2312.3333333333335	0.0
90	2065.0	0.0
100	2236.3333333333335	0.0
110	2457.5	0.0
120	2312.3333333333335	0.0
130	2110.3333333333335	0.0
140	2364.8333333333335	0.0
150	2550.8333333333335	0.0
160	2349.6666666666665	0.0
170	2268.3333333333335	0.0
180	2313.6666666666665	0.0
190	2107.6666666666665	0.0
200	2375.3333333333335	0.0
210	2382.6666666666665	0.0
220	2404.3333333333335	0.0
230	2264.3333333333335	0.0
240	2535.6666666666665	0.0
250	2253.6666666666665	0.0
260	2322.6666666666665	0.0
270	2573.3333333333335	0.0
280	2480.6666666666665	0.0
290	2105.1666666666665	0.0
300	2281.6666666666665	0.0
310	2416.8333333333335	0.0
320	1851.5	0.0
330	2371.3333333333335	0.0
340	2340.0	0.0
350	2771.0	0.0
360	2172.6666666666665	0.0
370	1773.3333333333333	0.0
380	1658.5	0.0
390	2270.6666666666665	0.0
400	2336.0	0.0
410	2475.0	0.0
420	2370.6666666666665	0.0
430	2216.3333333333335	0.0
440	1892.0	0.0
450	2312.6666666666665	0.0
460	1612.0	0.0
470	2292.8333333333335	0.0
480	2583.0	0.0
490	2353.3333333333335	0.0
500	2368.0	0.0
510	1814.3333333333333	0.0
520	2081.3333333333335	0.0
530	2259.8333333333335	0.0
540	2207.0	0.0
550	2162.3333333333335	0.0
560	2189.3333333333335	0.0
570	2001.0	0.0
580	1996.0	0.0
590	2197.0	0.0
600	2081.8333333333335	0.0
610	1965.6666666666667	0.0
620	2706.1666666666665	0.0
630	2391.6666666666665	0.0
640	2262.5	0.0
650	2054.3333333333335	0.0
660	2455.3333333333335	0.0
670	2562.8333333333335	0.0
680	2489.6666666666665	0.0
690	2241.3333333333335	0.0
700	2257.3333333333335	0.0
710	2592.0	0.0
720	2547.0	0.0
730	2297.0	0.0
740	2711.0	0.0
750	2290.6666666666665	0.0
760	2359.3333333333335	0.0
770	2625.8333333333335	0.0
780	2134.3333333333335	0.0
790	2177.6666666666665	0.0
800	2445.0	0.0
810	2404.0	0.0
820	2587.6666666666665	0.0
830	2379.6666666666665	0.0
840	2445.1666666666665	0.0
850	2071.6666666666665	0.0
860	2340.6666666666665	0.0
870	2129.3333333333335	0.0
880	2462.6666666666665	0.0
890	1972.3333333333333	0.0
900	2047.0	0.0
910	1799.1666666666667	0.0
920	1930.8333333333333	0.0
930	2243.3333333333335	0.0
940	2173.6666666666665	0.0
950	2357.6666666666665	0.0
960	2419.8333333333335	0.0
970	2224.0	0.0
980	2382.6666666666665	0.0
990	2867.6666666666665	0.0
1000	2448.6666666666665	0.0
