0	242.66666666666666	0.0
10	1451.3333333333333	1000.0
20	146.0	0.0
30	71.66666666666667	0.0
40	1790.3333333333333	0.0
50	1615.6666666666667	0.0
60	1822.0	0.0
70	1975.8333333333333	0.0
80	1967.3333333333333	0.0
90	2020.3333333333333	0.0
100	2442.6666666666665	0.0
110	2130.1666666666665	0.0
120	2454.1666666666665	0.0
130	2403.0	0.0
140	2529.5	0.0
150	2500.3333333333335	0.0
160	2246.3333333333335	0.0
170	2392.0	0.0
180	1890.3333333333333	0.0
190	2597.6666666666665	0.0
200	2502.3333333333335	0.0
210	1928.6666666666667	0.0
220	2386.3333333333335	0.0
230	2094.8333333333335	0.0
240	2278.3333333333335	0.0
250	2386.1666666666665	0.0
260	2079.0	0.0
270	2381.3333333333335	0.0
280	2439.3333333333335	0.0
290	2612.3333333333335	0.0
300	2569.1666666666665	0.0
310	1332.8333333333333	0.0
320	2063.3333333333335	0.0
330	2309.3333333333335	0.0
340	2064.3333333333335	0.0
350	2031.5	0.0
360	1777.6666666666667	0.0
370	1901.6666666666667	0.0
380	2021.8333333333333	0.0
390	2133.0	0.0
400	2150.5	0.0
410	2086.8333333333335	0.0
420	2260.3333333333335	0.0
430	2194.6666666666665	0.0
440	2180.6666666666665	0.0
450	1999.1666666666667	0.0
460	2160.6666666666665	0.0
470	1966.0	0.0
480	1900.6666666666667	0.0
490	2239.8333333333335	0.0
500	1633.0	0.0
510	1912.1666666666667	0.0
520	1930.0	0.0
530	2088.6666666666665	0.0
540	2487.3333333333335	0.0
550	2595.5	0.0
560	2365.1666666666665	0.0
570	2223.6666666666665	0.0
580	2528.3333333333335	0.0
590	2330.5	0.0
600	2254.0	0.0
610	2491.0	0.0
620	2301.3333333333335	0.0
630	2322.1666666666665	0.0
640	2150.6666666666665	0.0
650	1604.6666666666667	0.0
660	1504.5	0.0
670	2343.6666666666665	0.0
680	1972.8333333333333	0.0
690	2166.0	0.0
700	1928.6666666666667	0.0
710	1922.6666666666667	0.0
720	2051.5	0.0
730	2475.5	0.0
740	2276.5	0.0
750	1981.0	0.0
760	1806.3333333333333	0.0
770	2512.6666666666665	0.0
780	2606.0	0.0
790	2752.6666666666665	0.0
800	2456.3333333333335	0.0
810	2456.5	0.0
820	2629.3333333333335	0.0
830	2407.3333333333335	0.0
840	2446.6666666666665	0.0
850	2389.6666666666665	0.0
860	2459.0	0.0
870	2400.0	0.0
880	2317.3333333333335	0.0
890	2727.8333333333335	0.0
900	2753.6666666666665	0.0
910	2594.0	0.0
920	2298.6666666666665	0.0
930	2659.3333333333335	0.0
940	2441.6666666666665	0.0
950	2347.3333333333335	0.0
960	2380.1666666666665	0.0
970	2439.0	0.0
980	1842.8333333333333	0.0
990	1861.5	0.0
1000	1782.6666666666667	0.0
