0	236.0	0.0	0.0	0.0	0.0	0.0	0.0
10	70.0	0.0	0.0	0.0	0.0	0.0	0.0
20	70.0	0.0	0.0	0.0	0.0	0.0	0.0
30	70.0	0.0	0.0	0.0	0.0	0.0	0.0
40	70.0	0.0	0.0	0.0	0.0	0.0	0.0
50	70.0	0.0	0.0	0.0	0.0	0.0	0.0
60	70.0	0.0	0.0	0.0	0.0	0.0	0.0
70	70.0	0.0	0.0	0.0	0.0	0.0	0.0
80	70.0	0.0	0.0	0.0	0.0	0.0	0.0
90	75.33333333333333	0.0	0.0	0.0	0.0	0.0	0.0
100	77.33333333333333	0.0	0.0	0.0	0.0	0.0	0.0
110	127.0	0.0	0.0	0.0	0.0	0.0	0.0
120	410.0	0.0	0.0	0.0	0.0	0.0	0.0
130	245.66666666666666	0.0	0.0	1.0	0.0	1.0	0.0
140	132.0	0.0	0.0	0.0	0.0	0.0	0.0
150	151.66666666666666	0.0	0.0	0.0	0.0	0.0	0.0
160	268.6666666666667	0.0	0.0	0.0	0.0	0.0	0.0
170	292.6666666666667	0.0	0.0	0.0	0.0	0.0	0.0
180	541.3333333333334	0.0	0.0	0.0	0.0	0.0	0.0
190	228.66666666666666	0.0	0.0	0.0	0.0	0.0	0.0
200	150.0	0.0	0.0	0.0	0.0	0.0	0.0
210	359.6666666666667	0.0	0.0	0.0	0.0	0.0	0.0
220	289.0	1.0	1.0	0.0	1.0	0.0	0.0
230	301.6666666666667	0.0	0.0	0.0	0.0	0.0	0.0
240	253.66666666666666	0.0	0.0	0.0	0.0	0.0	0.0
250	303.6666666666667	0.0	0.0	0.0	0.0	0.0	0.0
260	297.0	0.0	0.0	0.0	0.0	0.0	0.0
270	300.0	0.0	0.0	1.0	0.0	1.0	0.0
280	396.3333333333333	0.0	7.0	0.0	0.0	0.0	0.0
290	438.6666666666667	0.0	0.0	0.0	0.0	0.0	0.0
300	321.3333333333333	0.0	0.0	0.0	0.0	0.0	0.0
310	390.3333333333333	7.0	32.0	7.0	2.0	2.0	5.0
320	585.0	0.0	0.0	0.0	0.0	0.0	0.0
330	519.0	0.0	0.0	0.0	0.0	0.0	0.0
340	481.3333333333333	1.0	1.0	0.0	1.0	0.0	0.0
350	561.6666666666666	11.0	47.0	13.0	1.0	3.0	10.0
360	766.0	0.0	0.0	0.0	0.0	0.0	0.0
370	1333.0	0.0	11.0	1.0	0.0	1.0	0.0
380	1399.0	15.0	5.0	15.0	0.0	0.0	15.0
390	1545.3333333333333	0.0	4.0	0.0	0.0	0.0	0.0
400	1359.1666666666667	0.0	0.0	0.0	0.0	0.0	0.0
410	1603.6666666666667	0.0	1.0	2.0	0.0	2.0	0.0
420	1645.3333333333333	0.0	57.0	1.0	0.0	1.0	0.0
430	1719.8333333333333	5.0	11.0	6.0	0.0	1.0	5.0
440	1075.5	0.0	24.0	4.0	0.0	4.0	0.0
450	1656.0	0.0	0.0	4.0	0.0	4.0	0.0
460	1848.6666666666667	1.0	32.0	1.0	0.0	0.0	1.0
470	1683.0	0.0	40.0	2.0	0.0	2.0	0.0
480	1567.0	0.0	1.0	1.0	0.0	1.0	0.0
490	1639.0	4.0	75.0	8.0	0.0	4.0	4.0
500	1173.3333333333333	0.0	6.0	1.0	0.0	1.0	0.0
510	1312.6666666666667	21.0	52.0	26.0	0.0	5.0	21.0
520	1828.3333333333333	0.0	9.0	0.0	0.0	0.0	0.0
530	1415.1666666666667	2.0	76.0	3.0	0.0	1.0	2.0
540	1857.1666666666667	0.0	93.0	2.0	0.0	2.0	0.0
550	1807.3333333333333	0.0	7.0	2.0	0.0	2.0	0.0
560	1986.0	0.0	68.0	5.0	0.0	5.0	0.0
570	1818.1666666666667	0.0	7.0	3.0	0.0	3.0	0.0
580	2032.3333333333333	0.0	104.0	2.0	0.0	2.0	0.0
590	2144.1666666666665	0.0	63.0	6.0	0.0	6.0	0.0
600	2045.8333333333333	0.0	41.0	1.0	0.0	1.0	0.0
610	1754.1666666666667	4.0	28.0	5.0	0.0	1.0	4.0
620	2040.3333333333333	6.0	54.0	8.0	0.0	2.0	6.0
630	1921.6666666666667	0.0	71.0	3.0	0.0	3.0	0.0
640	1992.0	0.0	26.0	2.0	0.0	2.0	0.0
650	1730.5	0.0	32.0	0.0	0.0	0.0	0.0
660	1533.0	5.0	76.0	7.0	0.0	2.0	5.0
670	1365.6666666666667	12.0	42.0	12.0	1.0	1.0	11.0
680	1844.1666666666667	1.0	70.0	4.0	0.0	3.0	1.0
690	2393.3333333333335	0.0	2.0	0.0	0.0	0.0	0.0
700	2173.0	0.0	20.0	0.0	0.0	0.0	0.0
710	2344.1666666666665	0.0	22.0	0.0	0.0	0.0	0.0
720	2462.8333333333335	1.0	29.0	1.0	0.0	0.0	1.0
730	2298.3333333333335	1.0	22.0	1.0	0.0	0.0	1.0
740	2389.3333333333335	0.0	73.0	3.0	0.0	3.0	0.0
750	2330.1666666666665	0.0	50.0	3.0	0.0	3.0	0.0
760	1657.6666666666667	1.0	7.0	2.0	0.0	1.0	1.0
770	2387.0	0.0	47.0	2.0	0.0	2.0	0.0
780	2142.0	0.0	13.0	3.0	0.0	3.0	0.0
790	2203.3333333333335	1.0	8.0	1.0	0.0	0.0	1.0
800	1906.0	0.0	37.0	1.0	0.0	1.0	0.0
810	2180.0	0.0	58.0	0.0	0.0	0.0	0.0
820	2028.3333333333333	3.0	1.0	4.0	0.0	1.0	3.0
830	1819.0	0.0	0.0	0.0	0.0	0.0	0.0
840	1821.0	1.0	7.0	2.0	0.0	1.0	1.0
850	2070.0	1.0	32.0	1.0	1.0	1.0	0.0
860	1936.5	0.0	4.0	0.0	0.0	0.0	0.0
870	1688.0	1.0	33.0	1.0	0.0	0.0	1.0
880	2197.3333333333335	0.0	65.0	0.0	0.0	0.0	0.0
890	1733.8333333333333	0.0	13.0	0.0	0.0	0.0	0.0
900	2509.8333333333335	0.0	13.0	0.0	0.0	0.0	0.0
910	2325.6666666666665	10.0	54.0	9.0	2.0	1.0	8.0
920	2467.0	0.0	29.0	3.0	0.0	3.0	0.0
930	2565.1666666666665	0.0	37.0	0.0	0.0	0.0	0.0
940	1661.0	0.0	38.0	1.0	0.0	1.0	0.0
950	1774.5	0.0	0.0	0.0	0.0	0.0	0.0
960	2510.3333333333335	0.0	1.0	0.0	0.0	0.0	0.0
970	2105.6666666666665	0.0	13.0	1.0	0.0	1.0	0.0
980	2285.3333333333335	0.0	43.0	1.0	0.0	1.0	0.0
990	2445.6666666666665	0.0	1.0	0.0	0.0	0.0	0.0
1000	2397.0	11.0	94.0	13.0	2.0	4.0	9.0
