0	256.0	0.0	0.0	0.0	0.0	0.0	0.0
10	70.0	0.0	0.0	0.0	0.0	0.0	0.0
20	70.0	0.0	0.0	0.0	0.0	0.0	0.0
30	70.0	0.0	0.0	0.0	0.0	0.0	0.0
40	70.0	0.0	0.0	0.0	0.0	0.0	0.0
50	70.0	0.0	0.0	0.0	0.0	0.0	0.0
60	70.0	0.0	0.0	0.0	0.0	0.0	0.0
70	70.0	0.0	0.0	0.0	0.0	0.0	0.0
80	70.0	0.0	0.0	0.0	0.0	0.0	0.0
90	72.33333333333333	0.0	0.0	0.0	0.0	0.0	0.0
100	76.0	0.0	0.0	0.0	0.0	0.0	0.0
110	113.66666666666667	0.0	0.0	0.0	0.0	0.0	0.0
120	362.3333333333333	0.0	0.0	0.0	0.0	0.0	0.0
130	287.0	0.0	0.0	0.0	0.0	0.0	0.0
140	157.0	0.0	0.0	2.0	0.0	2.0	0.0
150	139.0	0.0	0.0	0.0	0.0	0.0	0.0
160	276.3333333333333	6.0	7.0	5.0	1.0	0.0	5.0
170	342.3333333333333	2.0	27.0	1.0	2.0	1.0	0.0
180	229.66666666666666	0.0	0.0	0.0	0.0	0.0	0.0
190	332.3333333333333	2.0	1.0	1.0	1.0	0.0	1.0
200	373.3333333333333	0.0	0.0	1.0	0.0	1.0	0.0
210	455.6666666666667	0.0	0.0	0.0	0.0	0.0	0.0
220	1039.0	0.0	0.0	0.0	0.0	0.0	0.0
230	1297.3333333333333	0.0	0.0	0.0	0.0	0.0	0.0
240	1483.8333333333333	0.0	77.0	1.0	0.0	1.0	0.0
250	1973.3333333333333	0.0	3.0	0.0	0.0	0.0	0.0
260	2209.6666666666665	0.0	35.0	0.0	0.0	0.0	0.0
270	2003.8333333333333	0.0	9.0	0.0	0.0	0.0	0.0
280	2466.6666666666665	0.0	15.0	0.0	0.0	0.0	0.0
290	2697.8333333333335	0.0	6.0	0.0	0.0	0.0	0.0
300	2653.3333333333335	0.0	3.0	0.0	0.0	0.0	0.0
310	2372.3333333333335	0.0	26.0	5.0	0.0	5.0	0.0
320	2263.1666666666665	7.0	49.0	7.0	0.0	0.0	7.0
330	2433.3333333333335	0.0	0.0	0.0	0.0	0.0	0.0
340	2457.6666666666665	1.0	49.0	5.0	0.0	4.0	1.0
350	2428.1666666666665	1.0	48.0	3.0	0.0	2.0	1.0
360	2280.6666666666665	0.0	56.0	0.0	0.0	0.0	0.0
370	2182.0	1.0	65.0	6.0	0.0	5.0	1.0
380	2285.3333333333335	0.0	7.0	0.0	0.0	0.0	0.0
390	2331.3333333333335	0.0	51.0	2.0	0.0	2.0	0.0
400	2627.0	1.0	20.0	2.0	0.0	1.0	1.0
410	2374.0	0.0	13.0	1.0	0.0	1.0	0.0
420	2427.6666666666665	0.0	7.0	0.0	0.0	0.0	0.0
430	2227.8333333333335	0.0	25.0	1.0	0.0	1.0	0.0
440	2479.3333333333335	7.0	33.0	7.0	0.0	0.0	7.0
450	2466.3333333333335	0.0	4.0	1.0	0.0	1.0	0.0
460	2121.3333333333335	0.0	34.0	1.0	0.0	1.0	0.0
470	1546.8333333333333	1.0	3.0	1.0	0.0	0.0	1.0
480	1939.5	0.0	13.0	1.0	0.0	1.0	0.0
490	1787.3333333333333	5.0	28.0	8.0	1.0	3.0	4.0
500	2384.5	0.0	10.0	4.0	0.0	4.0	0.0
510	2221.0	40.0	48.0	43.0	3.0	5.0	37.0
520	1949.1666666666667	8.0	20.0	8.0	0.0	0.0	8.0
530	2081.5	0.0	122.0	5.0	0.0	5.0	0.0
540	2184.6666666666665	16.0	36.0	29.0	0.0	13.0	16.0
550	2165.1666666666665	0.0	102.0	8.0	0.0	8.0	0.0
560	2030.3333333333333	15.0	10.0	18.0	0.0	3.0	15.0
570	1959.8333333333333	0.0	17.0	2.0	0.0	2.0	0.0
580	2331.1666666666665	0.0	25.0	0.0	0.0	0.0	0.0
590	2525.1666666666665	6.0	162.0	10.0	3.0	7.0	3.0
600	2130.6666666666665	0.0	47.0	2.0	0.0	2.0	0.0
610	2228.6666666666665	1.0	2.0	2.0	0.0	1.0	1.0
620	2048.3333333333335	0.0	64.0	4.0	0.0	4.0	0.0
630	2056.6666666666665	4.0	128.0	12.0	0.0	8.0	4.0
640	1729.1666666666667	0.0	37.0	0.0	0.0	0.0	0.0
650	2146.1666666666665	0.0	35.0	2.0	0.0	2.0	0.0
660	1719.6666666666667	44.0	13.0	43.0	1.0	0.0	43.0
670	1625.0	1.0	60.0	2.0	0.0	1.0	1.0
680	2334.3333333333335	0.0	15.0	1.0	0.0	1.0	0.0
690	2577.6666666666665	1.0	67.0	1.0	0.0	0.0	1.0
700	2283.8333333333335	0.0	1.0	1.0	0.0	1.0	0.0
710	2494.0	3.0	9.0	6.0	0.0	3.0	3.0
720	2462.8333333333335	1.0	18.0	1.0	0.0	0.0	1.0
730	2691.5	0.0	5.0	0.0	0.0	0.0	0.0
740	2329.0	0.0	9.0	0.0	0.0	0.0	0.0
750	2331.6666666666665	1.0	31.0	1.0	0.0	0.0	1.0
760	2504.6666666666665	0.0	38.0	0.0	0.0	0.0	0.0
770	2388.0	1.0	80.0	3.0	0.0	2.0	1.0
780	2460.0	0.0	3.0	0.0	0.0	0.0	0.0
790	2482.0	0.0	47.0	1.0	0.0	1.0	0.0
800	2567.0	0.0	4.0	0.0	0.0	0.0	0.0
810	2408.6666666666665	1.0	25.0	1.0	0.0	0.0	1.0
820	2527.1666666666665	1.0	21.0	3.0	0.0	2.0	1.0
830	2482.8333333333335	0.0	29.0	2.0	0.0	2.0	0.0
840	2085.5	1.0	46.0	3.0	0.0	2.0	1.0
850	1956.5	0.0	7.0	0.0	0.0	0.0	0.0
860	1917.5	1.0	24.0	1.0	0.0	0.0	1.0
870	2080.3333333333335	0.0	0.0	0.0	0.0	0.0	0.0
880	1500.3333333333333	0.0	17.0	1.0	0.0	1.0	0.0
890	1585.6666666666667	0.0	15.0	1.0	0.0	1.0	0.0
900	2320.0	5.0	52.0	6.0	0.0	1.0	5.0
910	2319.5	7.0	0.0	7.0	0.0	0.0	7.0
920	2549.0	0.0	43.0	0.0	0.0	0.0	0.0
930	2144.0	0.0	138.0	6.0	0.0	6.0	0.0
940	2194.6666666666665	17.0	85.0	18.0	0.0	1.0	17.0
950	2029.0	1.0	56.0	5.0	0.0	4.0	1.0
960	2350.6666666666665	1.0	12.0	5.0	0.0	4.0	1.0
970	1867.8333333333333	0.0	16.0	1.0	0.0	1.0	0.0
980	1988.6666666666667	0.0	17.0	2.0	0.0	2.0	0.0
990	1989.5	2.0	116.0	5.0	0.0	3.0	2.0
1000	2229.5	0.0	71.0	0.0	0.0	0.0	0.0
