0	257.6666666666667	0.0
10	70.0	0.0
20	70.0	0.0
30	70.0	0.0
40	70.0	0.0
50	70.0	0.0
60	70.0	0.0
70	70.0	0.0
80	70.0	0.0
90	70.0	0.0
100	70.0	0.0
110	70.0	0.0
120	70.0	0.0
130	70.0	0.0
140	70.0	0.0
150	70.0	0.0
160	70.0	0.0
170	70.0	0.0
180	70.66666666666667	0.0
190	70.66666666666667	0.0
200	71.33333333333333	0.0
210	71.0	0.0
220	72.33333333333333	0.0
230	71.66666666666667	0.0
240	71.0	0.0
250	76.0	0.0
260	113.66666666666667	0.0
270	310.6666666666667	0.0
280	247.33333333333334	1.0
290	267.3333333333333	0.0
300	171.33333333333334	0.0
310	156.0	0.0
320	164.33333333333334	0.0
330	187.66666666666666	0.0
340	187.33333333333334	0.0
350	200.0	0.0
360	182.66666666666666	1.0
370	153.33333333333334	0.0
380	180.0	0.0
390	218.66666666666666	0.0
400	195.0	1.0
410	212.33333333333334	0.0
420	204.0	1.0
430	233.66666666666666	4.0
440	202.66666666666666	1.0
450	224.66666666666666	0.0
460	262.6666666666667	0.0
470	209.0	0.0
480	208.33333333333334	3.0
490	291.6666666666667	0.0
500	400.0	1.0
510	478.3333333333333	0.0
520	364.0	0.0
530	355.6666666666667	0.0
540	339.3333333333333	1.0
550	321.6666666666667	1.0
560	250.33333333333334	0.0
570	352.3333333333333	0.0
580	461.3333333333333	10.0
590	634.3333333333334	0.0
600	385.0	1.0
610	666.3333333333334	1.0
620	1009.0	1.0
630	1025.3333333333333	1.0
640	890.3333333333334	0.0
650	1465.8333333333333	1.0
660	1346.6666666666667	0.0
670	1580.0	4.0
680	2207.6666666666665	0.0
690	2349.8333333333335	3.0
700	2162.6666666666665	2.0
710	2196.6666666666665	1.0
720	2187.5	3.0
730	2514.0	5.0
740	2252.1666666666665	3.0
750	1755.1666666666667	0.0
760	2490.3333333333335	4.0
770	2108.0	0.0
780	1877.3333333333333	5.0
790	2193.1666666666665	4.0
800	2279.6666666666665	5.0
810	2355.8333333333335	0.0
820	2620.8333333333335	0.0
830	2546.6666666666665	2.0
840	2373.1666666666665	2.0
850	2344.5	1.0
860	2225.3333333333335	5.0
870	2530.0	2.0
880	2380.0	2.0
890	2664.5	1.0
900	2565.1666666666665	1.0
910	2447.3333333333335	7.0
920	2456.1666666666665	2.0
930	2407.6666666666665	0.0
940	2693.6666666666665	3.0
950	2412.6666666666665	1.0
960	2646.6666666666665	0.0
970	2591.3333333333335	1.0
980	2586.3333333333335	6.0
990	2592.3333333333335	0.0
1000	2526.3333333333335	0.0
