0	289.6666666666667	0.0
10	70.0	0.0
20	70.0	0.0
30	70.0	0.0
40	70.0	0.0
50	70.0	0.0
60	70.0	0.0
70	70.0	0.0
80	70.0	0.0
90	70.0	0.0
100	70.0	0.0
110	70.0	0.0
120	70.0	0.0
130	70.0	0.0
140	70.0	0.0
150	70.0	0.0
160	70.0	0.0
170	70.0	0.0
180	70.33333333333333	0.0
190	71.0	0.0
200	71.0	0.0
210	71.33333333333333	0.0
220	73.0	0.0
230	72.0	0.0
240	100.33333333333333	0.0
250	239.33333333333334	0.0
260	122.33333333333333	0.0
270	257.6666666666667	1.0
280	213.0	1.0
290	171.66666666666666	0.0
300	130.0	2.0
310	130.0	0.0
320	162.66666666666666	0.0
330	146.0	0.0
340	146.66666666666666	0.0
350	172.33333333333334	2.0
360	138.66666666666666	0.0
370	154.0	0.0
380	164.66666666666666	0.0
390	194.66666666666666	0.0
400	146.33333333333334	0.0
410	138.0	0.0
420	318.6666666666667	0.0
430	287.6666666666667	1.0
440	199.0	0.0
450	266.0	0.0
460	251.0	0.0
470	313.0	1.0
480	347.3333333333333	0.0
490	445.6666666666667	0.0
500	310.6666666666667	1.0
510	391.0	0.0
520	354.0	2.0
530	267.0	4.0
540	349.6666666666667	0.0
550	289.6666666666667	2.0
560	278.3333333333333	1.0
570	297.3333333333333	9.0
580	405.6666666666667	1.0
590	393.6666666666667	1.0
600	493.6666666666667	4.0
610	334.0	0.0
620	364.3333333333333	5.0
630	493.6666666666667	0.0
640	590.0	1.0
650	1147.3333333333333	6.0
660	833.6666666666666	1.0
670	845.6666666666666	1.0
680	1202.6666666666667	0.0
690	523.0	1.0
700	1345.8333333333333	2.0
710	1458.1666666666667	0.0
720	1466.3333333333333	1.0
730	1167.1666666666667	0.0
740	1831.8333333333333	4.0
750	2453.6666666666665	0.0
760	1761.6666666666667	0.0
770	2375.6666666666665	5.0
780	2324.5	0.0
790	2315.0	0.0
800	2099.8333333333335	0.0
810	1209.3333333333333	2.0
820	1301.3333333333333	5.0
830	1572.8333333333333	2.0
840	1690.0	3.0
850	2199.0	10.0
860	1451.3333333333333	2.0
870	2655.5	2.0
880	2453.1666666666665	0.0
890	2256.3333333333335	1.0
900	2276.0	0.0
910	2655.8333333333335	0.0
920	2358.0	1.0
930	2505.5	3.0
940	2716.5	3.0
950	2825.8333333333335	1.0
960	2700.0	0.0
970	2206.0	2.0
980	2717.6666666666665	2.0
990	2625.3333333333335	2.0
1000	2728.1666666666665	2.0
