0	259.3333333333333	0.0
10	1923.1666666666667	1000.0
20	2050.0	0.0
30	2218.6666666666665	0.0
40	2062.6666666666665	0.0
50	2201.6666666666665	0.0
60	2076.5	0.0
70	2118.3333333333335	0.0
80	2237.0	0.0
90	2295.3333333333335	0.0
100	2364.8333333333335	0.0
110	2487.0	0.0
120	2540.0	0.0
130	2313.1666666666665	0.0
140	2365.1666666666665	0.0
150	2619.3333333333335	0.0
160	2666.5	0.0
170	2640.6666666666665	0.0
180	2254.5	0.0
190	2203.5	0.0
200	2733.5	0.0
210	2751.8333333333335	0.0
220	2253.3333333333335	0.0
230	2166.1666666666665	0.0
240	2819.5	0.0
250	2397.6666666666665	0.0
260	2592.1666666666665	0.0
270	2292.0	0.0
280	2680.3333333333335	0.0
290	2674.3333333333335	0.0
300	2597.1666666666665	0.0
310	2855.1666666666665	0.0
320	2709.3333333333335	0.0
330	3248.0	0.0
340	3018.6666666666665	0.0
350	2930.0	0.0
360	3038.6666666666665	0.0
370	2974.1666666666665	0.0
380	3430.5	0.0
390	2941.6666666666665	0.0
400	3438.0	0.0
410	3516.5	0.0
420	3805.8333333333335	0.0
430	3591.6666666666665	0.0
440	3551.8333333333335	0.0
450	3261.1666666666665	0.0
460	3275.5	0.0
470	3200.8333333333335	0.0
480	3533.6666666666665	0.0
490	3856.0	0.0
500	3196.1666666666665	0.0
510	3146.0	0.0
520	3588.3333333333335	0.0
530	3731.5	0.0
540	3730.5	0.0
550	3318.5	0.0
560	3479.0	0.0
570	3407.5	0.0
580	3323.6666666666665	0.0
590	3660.1666666666665	0.0
600	3548.6666666666665	0.0
610	3992.0	0.0
620	3769.0	0.0
630	3148.6666666666665	0.0
640	3637.5	0.0
650	3651.5	0.0
660	3939.8333333333335	0.0
670	3735.1666666666665	0.0
680	3707.8333333333335	0.0
690	3418.5	0.0
700	3703.1666666666665	0.0
710	3721.8333333333335	0.0
720	3835.3333333333335	0.0
730	3648.3333333333335	0.0
740	3733.0	0.0
750	3700.3333333333335	0.0
760	3959.8333333333335	0.0
770	3802.1666666666665	0.0
780	3794.1666666666665	0.0
790	4042.5	0.0
800	3877.1666666666665	0.0
810	3340.8333333333335	0.0
820	3515.1666666666665	0.0
830	3525.6666666666665	0.0
840	3978.8333333333335	0.0
850	3654.8333333333335	0.0
860	3682.0	0.0
870	3807.5	0.0
880	3793.6666666666665	0.0
890	3952.3333333333335	0.0
900	3621.3333333333335	0.0
910	3835.1666666666665	0.0
920	3771.8333333333335	0.0
930	3884.6666666666665	0.0
940	3767.1666666666665	0.0
950	3660.8333333333335	0.0
960	3956.0	0.0
970	3747.8333333333335	0.0
980	3995.0	0.0
990	3418.6666666666665	0.0
1000	3930.3333333333335	0.0
