0	264.0	0.0
10	1897.5	1000.0
20	1989.5	0.0
30	2033.1666666666667	0.0
40	1973.8333333333333	0.0
50	2109.0	0.0
60	2327.6666666666665	0.0
70	2043.8333333333333	0.0
80	2166.6666666666665	0.0
90	2180.8333333333335	0.0
100	2380.5	0.0
110	2299.8333333333335	0.0
120	2372.6666666666665	0.0
130	2204.8333333333335	0.0
140	2436.6666666666665	0.0
150	2165.5	0.0
160	2630.1666666666665	0.0
170	2417.6666666666665	0.0
180	2678.3333333333335	0.0
190	2620.3333333333335	0.0
200	2856.6666666666665	0.0
210	2802.8333333333335	0.0
220	2545.1666666666665	0.0
230	2172.5	0.0
240	2480.5	0.0
250	2020.3333333333333	0.0
260	2204.8333333333335	0.0
270	2377.3333333333335	0.0
280	2552.8333333333335	0.0
290	2524.3333333333335	0.0
300	2330.0	0.0
310	2656.0	0.0
320	2624.1666666666665	0.0
330	2716.0	0.0
340	2850.3333333333335	0.0
350	2824.6666666666665	0.0
360	2669.3333333333335	0.0
370	2963.0	0.0
380	3225.5	0.0
390	3038.0	0.0
400	3072.6666666666665	0.0
410	3280.5	0.0
420	2715.6666666666665	0.0
430	3638.0	0.0
440	3067.6666666666665	0.0
450	3269.3333333333335	0.0
460	3042.0	0.0
470	3705.8333333333335	0.0
480	3814.6666666666665	0.0
490	3281.0	0.0
500	3101.5	0.0
510	3431.5	0.0
520	3447.3333333333335	0.0
530	3083.0	0.0
540	3138.6666666666665	0.0
550	3419.6666666666665	0.0
560	3755.1666666666665	0.0
570	3503.3333333333335	0.0
580	3742.8333333333335	0.0
590	3613.3333333333335	0.0
600	3649.5	0.0
610	4071.6666666666665	0.0
620	3614.8333333333335	0.0
630	3476.3333333333335	0.0
640	3568.1666666666665	0.0
650	3488.1666666666665	0.0
660	3812.5	0.0
670	3875.5	0.0
680	3831.5	0.0
690	3561.3333333333335	0.0
700	3936.3333333333335	0.0
710	3528.3333333333335	0.0
720	3685.5	0.0
730	3696.3333333333335	0.0
740	3746.3333333333335	0.0
750	2901.0	0.0
760	3764.0	0.0
770	3924.8333333333335	0.0
780	3838.8333333333335	0.0
790	3827.0	0.0
800	3708.5	0.0
810	4096.166666666667	0.0
820	3828.6666666666665	0.0
830	3681.3333333333335	0.0
840	3708.3333333333335	0.0
850	3901.1666666666665	0.0
860	3836.1666666666665	0.0
870	3781.0	0.0
880	3633.8333333333335	0.0
890	3765.1666666666665	0.0
900	3748.0	0.0
910	3723.0	0.0
920	3710.5	0.0
930	3904.8333333333335	0.0
940	3715.3333333333335	0.0
950	4002.3333333333335	0.0
960	3667.6666666666665	0.0
970	3780.1666666666665	0.0
980	3398.1666666666665	0.0
990	3777.6666666666665	0.0
1000	4109.666666666667	0.0
