0	251.66666666666666	0.0	0.0	0.0	0.0	0.0	0.0
10	1751.1666666666667	1000.0	3541.0	1185.0	649.0	823.0	351.0
20	2115.1666666666665	0.0	0.0	0.0	0.0	0.0	0.0
30	2309.1666666666665	0.0	0.0	0.0	0.0	0.0	0.0
40	2104.1666666666665	0.0	0.0	0.0	0.0	0.0	0.0
50	2122.5	0.0	0.0	0.0	0.0	0.0	0.0
60	1700.5	0.0	0.0	0.0	0.0	0.0	0.0
70	2269.5	0.0	0.0	0.0	0.0	0.0	0.0
80	2235.5	0.0	0.0	0.0	0.0	0.0	0.0
90	2224.5	0.0	0.0	0.0	0.0	0.0	0.0
100	2349.3333333333335	0.0	0.0	0.0	0.0	0.0	0.0
110	2139.3333333333335	0.0	0.0	0.0	0.0	0.0	0.0
120	2288.6666666666665	0.0	0.0	0.0	0.0	0.0	0.0
130	2396.5	0.0	0.0	0.0	0.0	0.0	0.0
140	2478.8333333333335	0.0	0.0	0.0	0.0	0.0	0.0
150	2906.1666666666665	0.0	0.0	0.0	0.0	0.0	0.0
160	2628.8333333333335	0.0	0.0	0.0	0.0	0.0	0.0
170	2355.8333333333335	0.0	0.0	0.0	0.0	0.0	0.0
180	2428.3333333333335	0.0	0.0	0.0	0.0	0.0	0.0
190	2555.3333333333335	0.0	0.0	0.0	0.0	0.0	0.0
200	2517.8333333333335	0.0	0.0	0.0	0.0	0.0	0.0
210	2778.1666666666665	0.0	0.0	0.0	0.0	0.0	0.0
220	2688.5	0.0	0.0	0.0	0.0	0.0	0.0
230	2800.1666666666665	0.0	0.0	0.0	0.0	0.0	0.0
240	3031.0	0.0	0.0	0.0	0.0	0.0	0.0
250	2630.6666666666665	0.0	0.0	0.0	0.0	0.0	0.0
260	2631.0	0.0	0.0	0.0	0.0	0.0	0.0
270	2210.1666666666665	0.0	0.0	0.0	0.0	0.0	0.0
280	2842.1666666666665	0.0	0.0	0.0	0.0	0.0	0.0
290	2621.1666666666665	0.0	0.0	0.0	0.0	0.0	0.0
300	2408.3333333333335	0.0	0.0	0.0	0.0	0.0	0.0
310	2720.0	0.0	0.0	0.0	0.0	0.0	0.0
320	2485.6666666666665	0.0	0.0	0.0	0.0	0.0	0.0
330	2474.5	0.0	0.0	0.0	0.0	0.0	0.0
340	2976.6666666666665	0.0	0.0	0.0	0.0	0.0	0.0
350	2788.6666666666665	0.0	0.0	0.0	0.0	0.0	0.0
360	2702.1666666666665	0.0	0.0	0.0	0.0	0.0	0.0
370	3039.8333333333335	0.0	0.0	0.0	0.0	0.0	0.0
380	3087.5	0.0	0.0	0.0	0.0	0.0	0.0
390	3444.5	0.0	0.0	0.0	0.0	0.0	0.0
400	2874.0	0.0	0.0	0.0	0.0	0.0	0.0
410	3287.0	0.0	0.0	0.0	0.0	0.0	0.0
420	2730.8333333333335	0.0	0.0	0.0	0.0	0.0	0.0
430	3353.1666666666665	0.0	0.0	0.0	0.0	0.0	0.0
440	3809.5	0.0	0.0	0.0	0.0	0.0	0.0
450	3009.8333333333335	0.0	0.0	0.0	0.0	0.0	0.0
460	3687.8333333333335	0.0	0.0	0.0	0.0	0.0	0.0
470	3332.0	0.0	0.0	0.0	0.0	0.0	0.0
480	3752.5	0.0	0.0	0.0	0.0	0.0	0.0
490	3395.8333333333335	0.0	0.0	0.0	0.0	0.0	0.0
500	3991.3333333333335	0.0	0.0	0.0	0.0	0.0	0.0
510	2680.3333333333335	0.0	0.0	0.0	0.0	0.0	0.0
520	3384.0	0.0	0.0	0.0	0.0	0.0	0.0
530	3555.3333333333335	0.0	0.0	0.0	0.0	0.0	0.0
540	3812.3333333333335	0.0	0.0	0.0	0.0	0.0	0.0
550	3450.3333333333335	0.0	0.0	0.0	0.0	0.0	0.0
560	3457.5	0.0	0.0	0.0	0.0	0.0	0.0
570	3645.1666666666665	0.0	0.0	0.0	0.0	0.0	0.0
580	3086.5	0.0	0.0	0.0	0.0	0.0	0.0
590	3701.5	0.0	0.0	0.0	0.0	0.0	0.0
600	3369.5	0.0	0.0	0.0	0.0	0.0	0.0
610	4172.666666666667	0.0	0.0	0.0	0.0	0.0	0.0
620	3374.5	0.0	0.0	0.0	0.0	0.0	0.0
630	3499.3333333333335	0.0	0.0	0.0	0.0	0.0	0.0
640	3842.1666666666665	0.0	0.0	0.0	0.0	0.0	0.0
650	2980.3333333333335	0.0	0.0	0.0	0.0	0.0	0.0
660	3715.6666666666665	0.0	0.0	0.0	0.0	0.0	0.0
670	3909.0	0.0	0.0	0.0	0.0	0.0	0.0
680	3863.0	0.0	0.0	0.0	0.0	0.0	0.0
690	3340.3333333333335	0.0	0.0	0.0	0.0	0.0	0.0
700	3542.6666666666665	0.0	0.0	0.0	0.0	0.0	0.0
710	3852.5	0.0	0.0	0.0	0.0	0.0	0.0
720	3681.1666666666665	0.0	0.0	0.0	0.0	0.0	0.0
730	3846.3333333333335	0.0	0.0	0.0	0.0	0.0	0.0
740	3640.3333333333335	0.0	0.0	0.0	0.0	0.0	0.0
750	3697.0	0.0	0.0	0.0	0.0	0.0	0.0
760	3682.1666666666665	0.0	0.0	0.0	0.0	0.0	0.0
770	3699.1666666666665	0.0	0.0	0.0	0.0	0.0	0.0
780	4126.166666666667	0.0	0.0	0.0	0.0	0.0	0.0
790	3784.0	0.0	0.0	0.0	0.0	0.0	0.0
800	4119.5	0.0	0.0	0.0	0.0	0.0	0.0
810	3816.8333333333335	0.0	0.0	0.0	0.0	0.0	0.0
820	3944.5	0.0	0.0	0.0	0.0	0.0	0.0
830	3591.6666666666665	0.0	0.0	0.0	0.0	0.0	0.0
840	4053.8333333333335	0.0	0.0	0.0	0.0	0.0	0.0
850	3949.5	0.0	0.0	0.0	0.0	0.0	0.0
860	3791.6666666666665	0.0	0.0	0.0	0.0	0.0	0.0
870	3781.5	0.0	0.0	0.0	0.0	0.0	0.0
880	3799.0	0.0	0.0	0.0	0.0	0.0	0.0
890	3408.5	0.0	0.0	0.0	0.0	0.0	0.0
900	3723.5	0.0	0.0	0.0	0.0	0.0	0.0
910	3935.3333333333335	0.0	0.0	0.0	0.0	0.0	0.0
920	3556.1666666666665	0.0	0.0	0.0	0.0	0.0	0.0
930	3823.8333333333335	0.0	0.0	0.0	0.0	0.0	0.0
940	3837.3333333333335	0.0	0.0	0.0	0.0	0.0	0.0
950	3938.5	0.0	0.0	0.0	0.0	0.0	0.0
960	3832.1666666666665	0.0	0.0	0.0	0.0	0.0	0.0
970	3785.0	0.0	0.0	0.0	0.0	0.0	0.0
980	3701.5	0.0	0.0	0.0	0.0	0.0	0.0
990	3883.6666666666665	0.0	0.0	0.0	0.0	0.0	0.0
1000	3801.3333333333335	0.0	0.0	0.0	0.0	0.0	0.0
