0	255.33333333333334	0.0	0.0	0.0	0.0	0.0	0.0
10	2128.0	1000.0	1425.0	928.0	401.0	272.0	599.0
20	1991.0	0.0	0.0	0.0	0.0	0.0	0.0
30	2109.6666666666665	0.0	0.0	0.0	0.0	0.0	0.0
40	1988.6666666666667	0.0	0.0	0.0	0.0	0.0	0.0
50	1858.3333333333333	0.0	0.0	0.0	0.0	0.0	0.0
60	2089.3333333333335	0.0	0.0	0.0	0.0	0.0	0.0
70	2119.1666666666665	0.0	0.0	0.0	0.0	0.0	0.0
80	2057.5	0.0	0.0	0.0	0.0	0.0	0.0
90	2265.5	0.0	0.0	0.0	0.0	0.0	0.0
100	2354.5	0.0	0.0	0.0	0.0	0.0	0.0
110	2254.6666666666665	0.0	0.0	0.0	0.0	0.0	0.0
120	2348.8333333333335	0.0	0.0	0.0	0.0	0.0	0.0
130	2377.6666666666665	0.0	0.0	0.0	0.0	0.0	0.0
140	2334.5	0.0	0.0	0.0	0.0	0.0	0.0
150	2496.1666666666665	0.0	0.0	0.0	0.0	0.0	0.0
160	2659.0	0.0	0.0	0.0	0.0	0.0	0.0
170	2113.3333333333335	0.0	0.0	0.0	0.0	0.0	0.0
180	2373.6666666666665	0.0	0.0	0.0	0.0	0.0	0.0
190	2374.5	0.0	0.0	0.0	0.0	0.0	0.0
200	2301.0	0.0	0.0	0.0	0.0	0.0	0.0
210	2120.0	0.0	0.0	0.0	0.0	0.0	0.0
220	2439.0	0.0	0.0	0.0	0.0	0.0	0.0
230	2083.5	0.0	0.0	0.0	0.0	0.0	0.0
240	2384.1666666666665	0.0	0.0	0.0	0.0	0.0	0.0
250	2932.0	0.0	0.0	0.0	0.0	0.0	0.0
260	2793.0	0.0	0.0	0.0	0.0	0.0	0.0
270	2234.1666666666665	0.0	0.0	0.0	0.0	0.0	0.0
280	2851.3333333333335	0.0	0.0	0.0	0.0	0.0	0.0
290	2881.1666666666665	0.0	0.0	0.0	0.0	0.0	0.0
300	3070.0	0.0	0.0	0.0	0.0	0.0	0.0
310	2864.1666666666665	0.0	0.0	0.0	0.0	0.0	0.0
320	2634.8333333333335	0.0	0.0	0.0	0.0	0.0	0.0
330	2388.5	0.0	0.0	0.0	0.0	0.0	0.0
340	2853.1666666666665	0.0	0.0	0.0	0.0	0.0	0.0
350	2749.5	0.0	0.0	0.0	0.0	0.0	0.0
360	2942.3333333333335	0.0	0.0	0.0	0.0	0.0	0.0
370	2779.3333333333335	0.0	0.0	0.0	0.0	0.0	0.0
380	2609.0	0.0	0.0	0.0	0.0	0.0	0.0
390	2709.6666666666665	0.0	0.0	0.0	0.0	0.0	0.0
400	2969.0	0.0	0.0	0.0	0.0	0.0	0.0
410	3120.3333333333335	0.0	0.0	0.0	0.0	0.0	0.0
420	3547.3333333333335	0.0	0.0	0.0	0.0	0.0	0.0
430	3218.3333333333335	0.0	0.0	0.0	0.0	0.0	0.0
440	3340.6666666666665	0.0	0.0	0.0	0.0	0.0	0.0
450	2865.1666666666665	0.0	0.0	0.0	0.0	0.0	0.0
460	3013.5	0.0	0.0	0.0	0.0	0.0	0.0
470	3258.8333333333335	0.0	0.0	0.0	0.0	0.0	0.0
480	3065.3333333333335	0.0	0.0	0.0	0.0	0.0	0.0
490	3307.3333333333335	0.0	0.0	0.0	0.0	0.0	0.0
500	2929.5	0.0	0.0	0.0	0.0	0.0	0.0
510	3010.3333333333335	0.0	0.0	0.0	0.0	0.0	0.0
520	3474.3333333333335	0.0	0.0	0.0	0.0	0.0	0.0
530	3319.0	0.0	0.0	0.0	0.0	0.0	0.0
540	3215.1666666666665	0.0	0.0	0.0	0.0	0.0	0.0
550	2412.6666666666665	0.0	0.0	0.0	0.0	0.0	0.0
560	3223.0	0.0	0.0	0.0	0.0	0.0	0.0
570	3602.5	0.0	0.0	0.0	0.0	0.0	0.0
580	3717.6666666666665	0.0	0.0	0.0	0.0	0.0	0.0
590	3416.3333333333335	0.0	0.0	0.0	0.0	0.0	0.0
600	3676.5	0.0	0.0	0.0	0.0	0.0	0.0
610	2635.1666666666665	0.0	0.0	0.0	0.0	0.0	0.0
620	3233.1666666666665	0.0	0.0	0.0	0.0	0.0	0.0
630	3867.6666666666665	0.0	0.0	0.0	0.0	0.0	0.0
640	3551.8333333333335	0.0	0.0	0.0	0.0	0.0	0.0
650	3452.6666666666665	0.0	0.0	0.0	0.0	0.0	0.0
660	3550.1666666666665	0.0	0.0	0.0	0.0	0.0	0.0
670	3749.6666666666665	0.0	0.0	0.0	0.0	0.0	0.0
680	3273.0	0.0	0.0	0.0	0.0	0.0	0.0
690	3513.3333333333335	0.0	0.0	0.0	0.0	0.0	0.0
700	3478.5	0.0	0.0	0.0	0.0	0.0	0.0
710	2997.6666666666665	0.0	0.0	0.0	0.0	0.0	0.0
720	3480.0	0.0	0.0	0.0	0.0	0.0	0.0
730	3342.6666666666665	0.0	0.0	0.0	0.0	0.0	0.0
740	3499.0	0.0	0.0	0.0	0.0	0.0	0.0
750	3948.3333333333335	0.0	0.0	0.0	0.0	0.0	0.0
760	3782.0	0.0	0.0	0.0	0.0	0.0	0.0
770	3592.3333333333335	0.0	0.0	0.0	0.0	0.0	0.0
780	3179.1666666666665	0.0	0.0	0.0	0.0	0.0	0.0
790	3377.6666666666665	0.0	0.0	0.0	0.0	0.0	0.0
800	3601.8333333333335	0.0	0.0	0.0	0.0	0.0	0.0
810	3567.3333333333335	0.0	0.0	0.0	0.0	0.0	0.0
820	3469.3333333333335	0.0	0.0	0.0	0.0	0.0	0.0
830	3701.3333333333335	0.0	0.0	0.0	0.0	0.0	0.0
840	3799.6666666666665	0.0	0.0	0.0	0.0	0.0	0.0
850	4008.3333333333335	0.0	0.0	0.0	0.0	0.0	0.0
860	4185.5	0.0	0.0	0.0	0.0	0.0	0.0
870	3859.1666666666665	0.0	0.0	0.0	0.0	0.0	0.0
880	3709.0	0.0	0.0	0.0	0.0	0.0	0.0
890	3701.3333333333335	0.0	0.0	0.0	0.0	0.0	0.0
900	3565.3333333333335	0.0	0.0	0.0	0.0	0.0	0.0
910	3853.0	0.0	0.0	0.0	0.0	0.0	0.0
920	3517.8333333333335	0.0	0.0	0.0	0.0	0.0	0.0
930	3778.3333333333335	0.0	0.0	0.0	0.0	0.0	0.0
940	3852.1666666666665	0.0	0.0	0.0	0.0	0.0	0.0
950	3788.3333333333335	0.0	0.0	0.0	0.0	0.0	0.0
960	3643.1666666666665	0.0	0.0	0.0	0.0	0.0	0.0
970	3760.1666666666665	0.0	0.0	0.0	0.0	0.0	0.0
980	3793.8333333333335	0.0	0.0	0.0	0.0	0.0	0.0
990	3846.6666666666665	0.0	0.0	0.0	0.0	0.0	0.0
1000	3774.1666666666665	0.0	0.0	0.0	0.0	0.0	0.0
