0	253.33333333333334	0.0	0.0	0.0	0.0	0.0	0.0
10	1890.1666666666667	1000.0	3352.0	1341.0	528.0	850.0	472.0
20	2295.5	0.0	0.0	0.0	0.0	0.0	0.0
30	2146.5	0.0	0.0	0.0	0.0	0.0	0.0
40	2208.3333333333335	0.0	0.0	0.0	0.0	0.0	0.0
50	2056.5	0.0	0.0	0.0	0.0	0.0	0.0
60	2184.3333333333335	0.0	0.0	0.0	0.0	0.0	0.0
70	2265.3333333333335	0.0	0.0	0.0	0.0	0.0	0.0
80	2269.1666666666665	0.0	0.0	0.0	0.0	0.0	0.0
90	2349.0	0.0	0.0	0.0	0.0	0.0	0.0
100	2496.6666666666665	0.0	0.0	0.0	0.0	0.0	0.0
110	2228.8333333333335	0.0	0.0	0.0	0.0	0.0	0.0
120	2595.6666666666665	0.0	0.0	0.0	0.0	0.0	0.0
130	2699.1666666666665	0.0	0.0	0.0	0.0	0.0	0.0
140	2710.0	0.0	0.0	0.0	0.0	0.0	0.0
150	2564.6666666666665	0.0	0.0	0.0	0.0	0.0	0.0
160	2802.6666666666665	0.0	0.0	0.0	0.0	0.0	0.0
170	2625.8333333333335	0.0	0.0	0.0	0.0	0.0	0.0
180	2748.3333333333335	0.0	0.0	0.0	0.0	0.0	0.0
190	2660.1666666666665	0.0	0.0	0.0	0.0	0.0	0.0
200	2940.8333333333335	0.0	0.0	0.0	0.0	0.0	0.0
210	2668.8333333333335	0.0	0.0	0.0	0.0	0.0	0.0
220	2712.0	0.0	0.0	0.0	0.0	0.0	0.0
230	2643.0	0.0	0.0	0.0	0.0	0.0	0.0
240	2739.6666666666665	0.0	0.0	0.0	0.0	0.0	0.0
250	2717.8333333333335	0.0	0.0	0.0	0.0	0.0	0.0
260	2621.1666666666665	0.0	0.0	0.0	0.0	0.0	0.0
270	2959.1666666666665	0.0	0.0	0.0	0.0	0.0	0.0
280	2380.3333333333335	0.0	0.0	0.0	0.0	0.0	0.0
290	2641.1666666666665	0.0	0.0	0.0	0.0	0.0	0.0
300	3037.5	0.0	0.0	0.0	0.0	0.0	0.0
310	2888.1666666666665	0.0	0.0	0.0	0.0	0.0	0.0
320	2690.0	0.0	0.0	0.0	0.0	0.0	0.0
330	2971.1666666666665	0.0	0.0	0.0	0.0	0.0	0.0
340	2919.0	0.0	0.0	0.0	0.0	0.0	0.0
350	3417.6666666666665	0.0	0.0	0.0	0.0	0.0	0.0
360	3306.5	0.0	0.0	0.0	0.0	0.0	0.0
370	3448.6666666666665	0.0	0.0	0.0	0.0	0.0	0.0
380	3148.5	0.0	0.0	0.0	0.0	0.0	0.0
390	3524.0	0.0	0.0	0.0	0.0	0.0	0.0
400	3529.0	0.0	0.0	0.0	0.0	0.0	0.0
410	3835.6666666666665	0.0	0.0	0.0	0.0	0.0	0.0
420	3294.0	0.0	0.0	0.0	0.0	0.0	0.0
430	2992.6666666666665	0.0	0.0	0.0	0.0	0.0	0.0
440	3471.1666666666665	0.0	0.0	0.0	0.0	0.0	0.0
450	3491.3333333333335	0.0	0.0	0.0	0.0	0.0	0.0
460	3210.6666666666665	0.0	0.0	0.0	0.0	0.0	0.0
470	3546.6666666666665	0.0	0.0	0.0	0.0	0.0	0.0
480	3252.8333333333335	0.0	0.0	0.0	0.0	0.0	0.0
490	3107.5	0.0	0.0	0.0	0.0	0.0	0.0
500	3275.1666666666665	0.0	0.0	0.0	0.0	0.0	0.0
510	3495.3333333333335	0.0	0.0	0.0	0.0	0.0	0.0
520	3556.3333333333335	0.0	0.0	0.0	0.0	0.0	0.0
530	3450.8333333333335	0.0	0.0	0.0	0.0	0.0	0.0
540	3593.3333333333335	0.0	0.0	0.0	0.0	0.0	0.0
550	3384.0	0.0	0.0	0.0	0.0	0.0	0.0
560	3702.6666666666665	0.0	0.0	0.0	0.0	0.0	0.0
570	3569.5	0.0	0.0	0.0	0.0	0.0	0.0
580	3409.0	0.0	0.0	0.0	0.0	0.0	0.0
590	3791.1666666666665	0.0	0.0	0.0	0.0	0.0	0.0
600	3542.6666666666665	0.0	0.0	0.0	0.0	0.0	0.0
610	3950.3333333333335	0.0	0.0	0.0	0.0	0.0	0.0
620	3242.6666666666665	0.0	0.0	0.0	0.0	0.0	0.0
630	3485.6666666666665	0.0	0.0	0.0	0.0	0.0	0.0
640	3523.6666666666665	0.0	0.0	0.0	0.0	0.0	0.0
650	3033.0	0.0	0.0	0.0	0.0	0.0	0.0
660	3412.8333333333335	0.0	0.0	0.0	0.0	0.0	0.0
670	3417.1666666666665	0.0	0.0	0.0	0.0	0.0	0.0
680	3279.5	0.0	0.0	0.0	0.0	0.0	0.0
690	3933.1666666666665	0.0	0.0	0.0	0.0	0.0	0.0
700	3893.1666666666665	0.0	0.0	0.0	0.0	0.0	0.0
710	3899.3333333333335	0.0	0.0	0.0	0.0	0.0	0.0
720	4007.3333333333335	0.0	0.0	0.0	0.0	0.0	0.0
730	3989.5	0.0	0.0	0.0	0.0	0.0	0.0
740	3878.1666666666665	0.0	0.0	0.0	0.0	0.0	0.0
750	4155.333333333333	0.0	0.0	0.0	0.0	0.0	0.0
760	3369.5	0.0	0.0	0.0	0.0	0.0	0.0
770	3548.6666666666665	0.0	0.0	0.0	0.0	0.0	0.0
780	3759.8333333333335	0.0	0.0	0.0	0.0	0.0	0.0
790	3682.3333333333335	0.0	0.0	0.0	0.0	0.0	0.0
800	3715.3333333333335	0.0	0.0	0.0	0.0	0.0	0.0
810	3733.5	0.0	0.0	0.0	0.0	0.0	0.0
820	3800.5	0.0	0.0	0.0	0.0	0.0	0.0
830	3817.8333333333335	0.0	0.0	0.0	0.0	0.0	0.0
840	3824.3333333333335	0.0	0.0	0.0	0.0	0.0	0.0
850	3747.5	0.0	0.0	0.0	0.0	0.0	0.0
860	3751.3333333333335	0.0	0.0	0.0	0.0	0.0	0.0
870	3795.8333333333335	0.0	0.0	0.0	0.0	0.0	0.0
880	3743.6666666666665	0.0	0.0	0.0	0.0	0.0	0.0
890	3472.8333333333335	0.0	0.0	0.0	0.0	0.0	0.0
900	3569.8333333333335	0.0	0.0	0.0	0.0	0.0	0.0
910	3912.6666666666665	0.0	0.0	0.0	0.0	0.0	0.0
920	4046.0	0.0	0.0	0.0	0.0	0.0	0.0
930	3702.1666666666665	0.0	0.0	0.0	0.0	0.0	0.0
940	3806.6666666666665	0.0	0.0	0.0	0.0	0.0	0.0
950	3889.1666666666665	0.0	0.0	0.0	0.0	0.0	0.0
960	3899.3333333333335	0.0	0.0	0.0	0.0	0.0	0.0
970	4271.0	0.0	0.0	0.0	0.0	0.0	0.0
980	3642.0	0.0	0.0	0.0	0.0	0.0	0.0
990	3622.6666666666665	0.0	0.0	0.0	0.0	0.0	0.0
1000	3813.5	0.0	0.0	0.0	0.0	0.0	0.0
