0	242.66666666666666	0.0	0.0	0.0	0.0	0.0	0.0
10	1897.1666666666667	1000.0	2772.0	1119.0	575.0	621.0	425.0
20	1966.6666666666667	0.0	0.0	0.0	0.0	0.0	0.0
30	1603.5	0.0	0.0	0.0	0.0	0.0	0.0
40	2166.3333333333335	0.0	0.0	0.0	0.0	0.0	0.0
50	2106.8333333333335	0.0	0.0	0.0	0.0	0.0	0.0
60	2073.8333333333335	0.0	0.0	0.0	0.0	0.0	0.0
70	2304.8333333333335	0.0	0.0	0.0	0.0	0.0	0.0
80	2255.8333333333335	0.0	0.0	0.0	0.0	0.0	0.0
90	2277.0	0.0	0.0	0.0	0.0	0.0	0.0
100	2533.6666666666665	0.0	0.0	0.0	0.0	0.0	0.0
110	2651.1666666666665	0.0	0.0	0.0	0.0	0.0	0.0
120	2486.8333333333335	0.0	0.0	0.0	0.0	0.0	0.0
130	2646.5	0.0	0.0	0.0	0.0	0.0	0.0
140	2732.0	0.0	0.0	0.0	0.0	0.0	0.0
150	2657.8333333333335	0.0	0.0	0.0	0.0	0.0	0.0
160	2617.1666666666665	0.0	0.0	0.0	0.0	0.0	0.0
170	2716.0	0.0	0.0	0.0	0.0	0.0	0.0
180	2931.1666666666665	0.0	0.0	0.0	0.0	0.0	0.0
190	2629.6666666666665	0.0	0.0	0.0	0.0	0.0	0.0
200	2337.8333333333335	0.0	0.0	0.0	0.0	0.0	0.0
210	2672.3333333333335	0.0	0.0	0.0	0.0	0.0	0.0
220	2400.0	0.0	0.0	0.0	0.0	0.0	0.0
230	2756.1666666666665	0.0	0.0	0.0	0.0	0.0	0.0
240	2832.6666666666665	0.0	0.0	0.0	0.0	0.0	0.0
250	2790.5	0.0	0.0	0.0	0.0	0.0	0.0
260	2645.0	0.0	0.0	0.0	0.0	0.0	0.0
270	3160.3333333333335	0.0	0.0	0.0	0.0	0.0	0.0
280	2724.8333333333335	0.0	0.0	0.0	0.0	0.0	0.0
290	2639.6666666666665	0.0	0.0	0.0	0.0	0.0	0.0
300	2594.5	0.0	0.0	0.0	0.0	0.0	0.0
310	2686.5	0.0	0.0	0.0	0.0	0.0	0.0
320	3201.3333333333335	0.0	0.0	0.0	0.0	0.0	0.0
330	3256.5	0.0	0.0	0.0	0.0	0.0	0.0
340	2765.0	0.0	0.0	0.0	0.0	0.0	0.0
350	3380.1666666666665	0.0	0.0	0.0	0.0	0.0	0.0
360	3327.1666666666665	0.0	0.0	0.0	0.0	0.0	0.0
370	3783.0	0.0	0.0	0.0	0.0	0.0	0.0
380	3337.6666666666665	0.0	0.0	0.0	0.0	0.0	0.0
390	3396.5	0.0	0.0	0.0	0.0	0.0	0.0
400	3029.0	0.0	0.0	0.0	0.0	0.0	0.0
410	3236.5	0.0	0.0	0.0	0.0	0.0	0.0
420	3281.3333333333335	0.0	0.0	0.0	0.0	0.0	0.0
430	3418.6666666666665	0.0	0.0	0.0	0.0	0.0	0.0
440	3479.0	0.0	0.0	0.0	0.0	0.0	0.0
450	3773.6666666666665	0.0	0.0	0.0	0.0	0.0	0.0
460	3130.0	0.0	0.0	0.0	0.0	0.0	0.0
470	3909.3333333333335	0.0	0.0	0.0	0.0	0.0	0.0
480	3526.8333333333335	0.0	0.0	0.0	0.0	0.0	0.0
490	3718.8333333333335	0.0	0.0	0.0	0.0	0.0	0.0
500	3599.3333333333335	0.0	0.0	0.0	0.0	0.0	0.0
510	3513.8333333333335	0.0	0.0	0.0	0.0	0.0	0.0
520	3023.1666666666665	0.0	0.0	0.0	0.0	0.0	0.0
530	3738.5	0.0	0.0	0.0	0.0	0.0	0.0
540	4162.0	0.0	0.0	0.0	0.0	0.0	0.0
550	3636.1666666666665	0.0	0.0	0.0	0.0	0.0	0.0
560	3764.6666666666665	0.0	0.0	0.0	0.0	0.0	0.0
570	3058.5	0.0	0.0	0.0	0.0	0.0	0.0
580	3776.8333333333335	0.0	0.0	0.0	0.0	0.0	0.0
590	3158.1666666666665	0.0	0.0	0.0	0.0	0.0	0.0
600	3514.3333333333335	0.0	0.0	0.0	0.0	0.0	0.0
610	3748.5	0.0	0.0	0.0	0.0	0.0	0.0
620	3570.3333333333335	0.0	0.0	0.0	0.0	0.0	0.0
630	3556.6666666666665	0.0	0.0	0.0	0.0	0.0	0.0
640	3695.0	0.0	0.0	0.0	0.0	0.0	0.0
650	3633.6666666666665	0.0	0.0	0.0	0.0	0.0	0.0
660	3954.5	0.0	0.0	0.0	0.0	0.0	0.0
670	3980.8333333333335	0.0	0.0	0.0	0.0	0.0	0.0
680	4002.3333333333335	0.0	0.0	0.0	0.0	0.0	0.0
690	3831.1666666666665	0.0	0.0	0.0	0.0	0.0	0.0
700	3748.0	0.0	0.0	0.0	0.0	0.0	0.0
710	3900.3333333333335	0.0	0.0	0.0	0.0	0.0	0.0
720	3529.0	0.0	0.0	0.0	0.0	0.0	0.0
730	3993.6666666666665	0.0	0.0	0.0	0.0	0.0	0.0
740	3623.1666666666665	0.0	0.0	0.0	0.0	0.0	0.0
750	3796.3333333333335	0.0	0.0	0.0	0.0	0.0	0.0
760	3884.6666666666665	0.0	0.0	0.0	0.0	0.0	0.0
770	3749.5	0.0	0.0	0.0	0.0	0.0	0.0
780	3387.0	0.0	0.0	0.0	0.0	0.0	0.0
790	3787.3333333333335	0.0	0.0	0.0	0.0	0.0	0.0
800	3513.6666666666665	0.0	0.0	0.0	0.0	0.0	0.0
810	3625.6666666666665	0.0	0.0	0.0	0.0	0.0	0.0
820	3734.5	0.0	0.0	0.0	0.0	0.0	0.0
830	3510.0	0.0	0.0	0.0	0.0	0.0	0.0
840	4069.5	0.0	0.0	0.0	0.0	0.0	0.0
850	3969.3333333333335	0.0	0.0	0.0	0.0	0.0	0.0
860	3543.5	0.0	0.0	0.0	0.0	0.0	0.0
870	3649.0	0.0	0.0	0.0	0.0	0.0	0.0
880	3675.3333333333335	0.0	0.0	0.0	0.0	0.0	0.0
890	4007.3333333333335	0.0	0.0	0.0	0.0	0.0	0.0
900	3890.0	0.0	0.0	0.0	0.0	0.0	0.0
910	3861.8333333333335	0.0	0.0	0.0	0.0	0.0	0.0
920	3947.5	0.0	0.0	0.0	0.0	0.0	0.0
930	3839.0	0.0	0.0	0.0	0.0	0.0	0.0
940	3776.8333333333335	0.0	0.0	0.0	0.0	0.0	0.0
950	3008.6666666666665	0.0	0.0	0.0	0.0	0.0	0.0
960	3874.1666666666665	0.0	0.0	0.0	0.0	0.0	0.0
970	3720.8333333333335	0.0	0.0	0.0	0.0	0.0	0.0
980	3875.8333333333335	0.0	0.0	0.0	0.0	0.0	0.0
990	3672.1666666666665	0.0	0.0	0.0	0.0	0.0	0.0
1000	3852.1666666666665	0.0	0.0	0.0	0.0	0.0	0.0
