0	257.6666666666667	0.0	0.0	0.0	0.0	0.0	0.0
10	1713.0	1000.0	2363.0	896.0	719.0	598.0	281.0
20	1830.1666666666667	0.0	0.0	0.0	0.0	0.0	0.0
30	2012.5	0.0	0.0	0.0	0.0	0.0	0.0
40	1923.0	0.0	0.0	0.0	0.0	0.0	0.0
50	2120.3333333333335	0.0	0.0	0.0	0.0	0.0	0.0
60	2156.3333333333335	0.0	0.0	0.0	0.0	0.0	0.0
70	2219.6666666666665	0.0	0.0	0.0	0.0	0.0	0.0
80	2262.5	0.0	0.0	0.0	0.0	0.0	0.0
90	2161.8333333333335	0.0	0.0	0.0	0.0	0.0	0.0
100	2398.3333333333335	0.0	0.0	0.0	0.0	0.0	0.0
110	2445.8333333333335	0.0	0.0	0.0	0.0	0.0	0.0
120	2402.0	0.0	0.0	0.0	0.0	0.0	0.0
130	2391.1666666666665	0.0	0.0	0.0	0.0	0.0	0.0
140	2518.5	0.0	0.0	0.0	0.0	0.0	0.0
150	2546.8333333333335	0.0	0.0	0.0	0.0	0.0	0.0
160	2527.0	0.0	0.0	0.0	0.0	0.0	0.0
170	2558.5	0.0	0.0	0.0	0.0	0.0	0.0
180	2340.6666666666665	0.0	0.0	0.0	0.0	0.0	0.0
190	2718.5	0.0	0.0	0.0	0.0	0.0	0.0
200	2400.0	0.0	0.0	0.0	0.0	0.0	0.0
210	2328.1666666666665	0.0	0.0	0.0	0.0	0.0	0.0
220	2034.3333333333333	0.0	0.0	0.0	0.0	0.0	0.0
230	2693.3333333333335	0.0	0.0	0.0	0.0	0.0	0.0
240	2255.3333333333335	0.0	0.0	0.0	0.0	0.0	0.0
250	2116.0	0.0	0.0	0.0	0.0	0.0	0.0
260	2505.1666666666665	0.0	0.0	0.0	0.0	0.0	0.0
270	2500.3333333333335	0.0	0.0	0.0	0.0	0.0	0.0
280	2699.3333333333335	0.0	0.0	0.0	0.0	0.0	0.0
290	2542.8333333333335	0.0	0.0	0.0	0.0	0.0	0.0
300	3178.6666666666665	0.0	0.0	0.0	0.0	0.0	0.0
310	2777.3333333333335	0.0	0.0	0.0	0.0	0.0	0.0
320	2715.5	0.0	0.0	0.0	0.0	0.0	0.0
330	3143.6666666666665	0.0	0.0	0.0	0.0	0.0	0.0
340	3144.1666666666665	0.0	0.0	0.0	0.0	0.0	0.0
350	2732.3333333333335	0.0	0.0	0.0	0.0	0.0	0.0
360	3053.3333333333335	0.0	0.0	0.0	0.0	0.0	0.0
370	3716.6666666666665	0.0	0.0	0.0	0.0	0.0	0.0
380	3101.6666666666665	0.0	0.0	0.0	0.0	0.0	0.0
390	3178.0	0.0	0.0	0.0	0.0	0.0	0.0
400	3057.5	0.0	0.0	0.0	0.0	0.0	0.0
410	3368.6666666666665	0.0	0.0	0.0	0.0	0.0	0.0
420	3596.8333333333335	0.0	0.0	0.0	0.0	0.0	0.0
430	3384.3333333333335	0.0	0.0	0.0	0.0	0.0	0.0
440	3546.5	0.0	0.0	0.0	0.0	0.0	0.0
450	3652.0	0.0	0.0	0.0	0.0	0.0	0.0
460	3719.8333333333335	0.0	0.0	0.0	0.0	0.0	0.0
470	3506.8333333333335	0.0	0.0	0.0	0.0	0.0	0.0
480	3543.6666666666665	0.0	0.0	0.0	0.0	0.0	0.0
490	3239.8333333333335	0.0	0.0	0.0	0.0	0.0	0.0
500	2857.1666666666665	0.0	0.0	0.0	0.0	0.0	0.0
510	3585.5	0.0	0.0	0.0	0.0	0.0	0.0
520	3719.8333333333335	0.0	0.0	0.0	0.0	0.0	0.0
530	3588.1666666666665	0.0	0.0	0.0	0.0	0.0	0.0
540	3627.1666666666665	0.0	0.0	0.0	0.0	0.0	0.0
550	3454.3333333333335	0.0	0.0	0.0	0.0	0.0	0.0
560	3169.3333333333335	0.0	0.0	0.0	0.0	0.0	0.0
570	3337.8333333333335	0.0	0.0	0.0	0.0	0.0	0.0
580	3417.0	0.0	0.0	0.0	0.0	0.0	0.0
590	3538.3333333333335	0.0	0.0	0.0	0.0	0.0	0.0
600	4002.8333333333335	0.0	0.0	0.0	0.0	0.0	0.0
610	3190.3333333333335	0.0	0.0	0.0	0.0	0.0	0.0
620	3894.8333333333335	0.0	0.0	0.0	0.0	0.0	0.0
630	3027.6666666666665	0.0	0.0	0.0	0.0	0.0	0.0
640	3862.1666666666665	0.0	0.0	0.0	0.0	0.0	0.0
650	3689.0	0.0	0.0	0.0	0.0	0.0	0.0
660	3702.5	0.0	0.0	0.0	0.0	0.0	0.0
670	3692.1666666666665	0.0	0.0	0.0	0.0	0.0	0.0
680	3832.5	0.0	0.0	0.0	0.0	0.0	0.0
690	4176.166666666667	0.0	0.0	0.0	0.0	0.0	0.0
700	3695.8333333333335	0.0	0.0	0.0	0.0	0.0	0.0
710	3956.8333333333335	0.0	0.0	0.0	0.0	0.0	0.0
720	3810.6666666666665	0.0	0.0	0.0	0.0	0.0	0.0
730	3796.1666666666665	0.0	0.0	0.0	0.0	0.0	0.0
740	3217.8333333333335	0.0	0.0	0.0	0.0	0.0	0.0
750	3554.5	0.0	0.0	0.0	0.0	0.0	0.0
760	3757.6666666666665	0.0	0.0	0.0	0.0	0.0	0.0
770	3740.8333333333335	0.0	0.0	0.0	0.0	0.0	0.0
780	3705.8333333333335	0.0	0.0	0.0	0.0	0.0	0.0
790	3834.6666666666665	0.0	0.0	0.0	0.0	0.0	0.0
800	3533.5	0.0	0.0	0.0	0.0	0.0	0.0
810	3631.6666666666665	0.0	0.0	0.0	0.0	0.0	0.0
820	3769.1666666666665	0.0	0.0	0.0	0.0	0.0	0.0
830	3511.6666666666665	0.0	0.0	0.0	0.0	0.0	0.0
840	3519.3333333333335	0.0	0.0	0.0	0.0	0.0	0.0
850	3659.8333333333335	0.0	0.0	0.0	0.0	0.0	0.0
860	3785.8333333333335	0.0	0.0	0.0	0.0	0.0	0.0
870	3994.1666666666665	0.0	0.0	0.0	0.0	0.0	0.0
880	4070.6666666666665	0.0	0.0	0.0	0.0	0.0	0.0
890	3808.0	0.0	0.0	0.0	0.0	0.0	0.0
900	3416.5	0.0	0.0	0.0	0.0	0.0	0.0
910	4146.0	0.0	0.0	0.0	0.0	0.0	0.0
920	3653.3333333333335	0.0	0.0	0.0	0.0	0.0	0.0
930	3890.3333333333335	0.0	0.0	0.0	0.0	0.0	0.0
940	3761.6666666666665	0.0	0.0	0.0	0.0	0.0	0.0
950	3585.0	0.0	0.0	0.0	0.0	0.0	0.0
960	3544.3333333333335	0.0	0.0	0.0	0.0	0.0	0.0
970	3820.6666666666665	0.0	0.0	0.0	0.0	0.0	0.0
980	4123.166666666667	0.0	0.0	0.0	0.0	0.0	0.0
990	3761.6666666666665	0.0	0.0	0.0	0.0	0.0	0.0
1000	3926.0	0.0	0.0	0.0	0.0	0.0	0.0
