0	267.3333333333333	0.0	0.0	0.0	0.0	0.0	0.0
10	1914.5	1000.0	2429.0	987.0	681.0	606.0	319.0
20	1841.1666666666667	0.0	0.0	0.0	0.0	0.0	0.0
30	1996.0	0.0	0.0	0.0	0.0	0.0	0.0
40	2013.3333333333333	0.0	0.0	0.0	0.0	0.0	0.0
50	1927.6666666666667	0.0	0.0	0.0	0.0	0.0	0.0
60	2199.6666666666665	0.0	0.0	0.0	0.0	0.0	0.0
70	2036.3333333333333	0.0	0.0	0.0	0.0	0.0	0.0
80	2168.1666666666665	0.0	0.0	0.0	0.0	0.0	0.0
90	2157.3333333333335	0.0	0.0	0.0	0.0	0.0	0.0
100	2163.8333333333335	0.0	0.0	0.0	0.0	0.0	0.0
110	2466.0	0.0	0.0	0.0	0.0	0.0	0.0
120	2251.3333333333335	0.0	0.0	0.0	0.0	0.0	0.0
130	2340.3333333333335	0.0	0.0	0.0	0.0	0.0	0.0
140	2508.6666666666665	0.0	0.0	0.0	0.0	0.0	0.0
150	2718.8333333333335	0.0	0.0	0.0	0.0	0.0	0.0
160	2550.3333333333335	0.0	0.0	0.0	0.0	0.0	0.0
170	2405.3333333333335	0.0	0.0	0.0	0.0	0.0	0.0
180	2422.3333333333335	0.0	0.0	0.0	0.0	0.0	0.0
190	2566.6666666666665	0.0	0.0	0.0	0.0	0.0	0.0
200	2383.3333333333335	0.0	0.0	0.0	0.0	0.0	0.0
210	2590.5	0.0	0.0	0.0	0.0	0.0	0.0
220	2882.6666666666665	0.0	0.0	0.0	0.0	0.0	0.0
230	2625.6666666666665	0.0	0.0	0.0	0.0	0.0	0.0
240	2511.5	0.0	0.0	0.0	0.0	0.0	0.0
250	2441.5	0.0	0.0	0.0	0.0	0.0	0.0
260	2333.8333333333335	0.0	0.0	0.0	0.0	0.0	0.0
270	2580.3333333333335	0.0	0.0	0.0	0.0	0.0	0.0
280	2170.8333333333335	0.0	0.0	0.0	0.0	0.0	0.0
290	2142.8333333333335	0.0	0.0	0.0	0.0	0.0	0.0
300	2481.3333333333335	0.0	0.0	0.0	0.0	0.0	0.0
310	1923.8333333333333	0.0	0.0	0.0	0.0	0.0	0.0
320	2563.6666666666665	0.0	0.0	0.0	0.0	0.0	0.0
330	2504.5	0.0	0.0	0.0	0.0	0.0	0.0
340	2470.5	0.0	0.0	0.0	0.0	0.0	0.0
350	2134.8333333333335	0.0	0.0	0.0	0.0	0.0	0.0
360	2544.0	0.0	0.0	0.0	0.0	0.0	0.0
370	2726.8333333333335	0.0	0.0	0.0	0.0	0.0	0.0
380	2844.3333333333335	0.0	0.0	0.0	0.0	0.0	0.0
390	2796.6666666666665	0.0	0.0	0.0	0.0	0.0	0.0
400	2821.6666666666665	0.0	0.0	0.0	0.0	0.0	0.0
410	2973.8333333333335	0.0	0.0	0.0	0.0	0.0	0.0
420	2774.8333333333335	0.0	0.0	0.0	0.0	0.0	0.0
430	3161.3333333333335	0.0	0.0	0.0	0.0	0.0	0.0
440	3138.3333333333335	0.0	0.0	0.0	0.0	0.0	0.0
450	3030.6666666666665	0.0	0.0	0.0	0.0	0.0	0.0
460	3163.5	0.0	0.0	0.0	0.0	0.0	0.0
470	3238.3333333333335	0.0	0.0	0.0	0.0	0.0	0.0
480	3322.8333333333335	0.0	0.0	0.0	0.0	0.0	0.0
490	3146.0	0.0	0.0	0.0	0.0	0.0	0.0
500	3181.1666666666665	0.0	0.0	0.0	0.0	0.0	0.0
510	2927.6666666666665	0.0	0.0	0.0	0.0	0.0	0.0
520	3431.6666666666665	0.0	0.0	0.0	0.0	0.0	0.0
530	3405.5	0.0	0.0	0.0	0.0	0.0	0.0
540	3135.1666666666665	0.0	0.0	0.0	0.0	0.0	0.0
550	3110.8333333333335	0.0	0.0	0.0	0.0	0.0	0.0
560	3668.3333333333335	0.0	0.0	0.0	0.0	0.0	0.0
570	3018.5	0.0	0.0	0.0	0.0	0.0	0.0
580	2946.8333333333335	0.0	0.0	0.0	0.0	0.0	0.0
590	3437.6666666666665	0.0	0.0	0.0	0.0	0.0	0.0
600	3734.1666666666665	0.0	0.0	0.0	0.0	0.0	0.0
610	3591.5	0.0	0.0	0.0	0.0	0.0	0.0
620	3610.5	0.0	0.0	0.0	0.0	0.0	0.0
630	3282.1666666666665	0.0	0.0	0.0	0.0	0.0	0.0
640	3527.8333333333335	0.0	0.0	0.0	0.0	0.0	0.0
650	3403.6666666666665	0.0	0.0	0.0	0.0	0.0	0.0
660	3471.8333333333335	0.0	0.0	0.0	0.0	0.0	0.0
670	3234.5	0.0	0.0	0.0	0.0	0.0	0.0
680	3325.8333333333335	0.0	0.0	0.0	0.0	0.0	0.0
690	3757.8333333333335	0.0	0.0	0.0	0.0	0.0	0.0
700	3858.3333333333335	0.0	0.0	0.0	0.0	0.0	0.0
710	3521.5	0.0	0.0	0.0	0.0	0.0	0.0
720	3690.1666666666665	0.0	0.0	0.0	0.0	0.0	0.0
730	3726.1666666666665	0.0	0.0	0.0	0.0	0.0	0.0
740	3011.6666666666665	0.0	0.0	0.0	0.0	0.0	0.0
750	3317.3333333333335	0.0	0.0	0.0	0.0	0.0	0.0
760	3293.1666666666665	0.0	0.0	0.0	0.0	0.0	0.0
770	3560.5	0.0	0.0	0.0	0.0	0.0	0.0
780	3472.6666666666665	0.0	0.0	0.0	0.0	0.0	0.0
790	3446.6666666666665	0.0	0.0	0.0	0.0	0.0	0.0
800	3860.1666666666665	0.0	0.0	0.0	0.0	0.0	0.0
810	3487.0	0.0	0.0	0.0	0.0	0.0	0.0
820	3896.6666666666665	0.0	0.0	0.0	0.0	0.0	0.0
830	3803.1666666666665	0.0	0.0	0.0	0.0	0.0	0.0
840	3582.0	0.0	0.0	0.0	0.0	0.0	0.0
850	3813.1666666666665	0.0	0.0	0.0	0.0	0.0	0.0
860	3904.8333333333335	0.0	0.0	0.0	0.0	0.0	0.0
870	3762.1666666666665	0.0	0.0	0.0	0.0	0.0	0.0
880	3715.8333333333335	0.0	0.0	0.0	0.0	0.0	0.0
890	3748.5	0.0	0.0	0.0	0.0	0.0	0.0
900	3804.0	0.0	0.0	0.0	0.0	0.0	0.0
910	3785.5	0.0	0.0	0.0	0.0	0.0	0.0
920	3815.3333333333335	0.0	0.0	0.0	0.0	0.0	0.0
930	3989.6666666666665	0.0	0.0	0.0	0.0	0.0	0.0
940	3914.0	0.0	0.0	0.0	0.0	0.0	0.0
950	3796.1666666666665	0.0	0.0	0.0	0.0	0.0	0.0
960	3575.0	0.0	0.0	0.0	0.0	0.0	0.0
970	3969.3333333333335	0.0	0.0	0.0	0.0	0.0	0.0
980	3732.3333333333335	0.0	0.0	0.0	0.0	0.0	0.0
990	3715.3333333333335	0.0	0.0	0.0	0.0	0.0	0.0
1000	4007.6666666666665	0.0	0.0	0.0	0.0	0.0	0.0
