0	256.0	0.0	0.0	0.0	0.0	0.0	0.0
10	1828.8333333333333	1000.0	2782.0	1033.0	529.0	529.0	471.0
20	2069.5	0.0	0.0	0.0	0.0	0.0	0.0
30	2230.3333333333335	0.0	0.0	0.0	0.0	0.0	0.0
40	1981.3333333333333	0.0	0.0	0.0	0.0	0.0	0.0
50	2344.0	0.0	0.0	0.0	0.0	0.0	0.0
60	1998.8333333333333	0.0	0.0	0.0	0.0	0.0	0.0
70	2185.5	0.0	0.0	0.0	0.0	0.0	0.0
80	1998.5	0.0	0.0	0.0	0.0	0.0	0.0
90	2495.3333333333335	0.0	0.0	0.0	0.0	0.0	0.0
100	2436.0	0.0	0.0	0.0	0.0	0.0	0.0
110	2330.1666666666665	0.0	0.0	0.0	0.0	0.0	0.0
120	2637.3333333333335	0.0	0.0	0.0	0.0	0.0	0.0
130	2312.8333333333335	0.0	0.0	0.0	0.0	0.0	0.0
140	2412.8333333333335	0.0	0.0	0.0	0.0	0.0	0.0
150	2494.0	0.0	0.0	0.0	0.0	0.0	0.0
160	2406.5	0.0	0.0	0.0	0.0	0.0	0.0
170	2441.8333333333335	0.0	0.0	0.0	0.0	0.0	0.0
180	2560.5	0.0	0.0	0.0	0.0	0.0	0.0
190	2980.8333333333335	0.0	0.0	0.0	0.0	0.0	0.0
200	2525.8333333333335	0.0	0.0	0.0	0.0	0.0	0.0
210	2250.5	0.0	0.0	0.0	0.0	0.0	0.0
220	2684.1666666666665	0.0	0.0	0.0	0.0	0.0	0.0
230	2556.8333333333335	0.0	0.0	0.0	0.0	0.0	0.0
240	2418.0	0.0	0.0	0.0	0.0	0.0	0.0
250	2589.8333333333335	0.0	0.0	0.0	0.0	0.0	0.0
260	2440.8333333333335	0.0	0.0	0.0	0.0	0.0	0.0
270	1912.8333333333333	0.0	0.0	0.0	0.0	0.0	0.0
280	2378.8333333333335	0.0	0.0	0.0	0.0	0.0	0.0
290	2300.1666666666665	0.0	0.0	0.0	0.0	0.0	0.0
300	2465.8333333333335	0.0	0.0	0.0	0.0	0.0	0.0
310	2667.3333333333335	0.0	0.0	0.0	0.0	0.0	0.0
320	2993.3333333333335	0.0	0.0	0.0	0.0	0.0	0.0
330	2725.1666666666665	0.0	0.0	0.0	0.0	0.0	0.0
340	3046.1666666666665	0.0	0.0	0.0	0.0	0.0	0.0
350	2706.0	0.0	0.0	0.0	0.0	0.0	0.0
360	3315.1666666666665	0.0	0.0	0.0	0.0	0.0	0.0
370	2661.6666666666665	0.0	0.0	0.0	0.0	0.0	0.0
380	3179.0	0.0	0.0	0.0	0.0	0.0	0.0
390	2905.0	0.0	0.0	0.0	0.0	0.0	0.0
400	2675.5	0.0	0.0	0.0	0.0	0.0	0.0
410	2761.8333333333335	0.0	0.0	0.0	0.0	0.0	0.0
420	3272.8333333333335	0.0	0.0	0.0	0.0	0.0	0.0
430	3088.3333333333335	0.0	0.0	0.0	0.0	0.0	0.0
440	3453.8333333333335	0.0	0.0	0.0	0.0	0.0	0.0
450	3130.8333333333335	0.0	0.0	0.0	0.0	0.0	0.0
460	3241.0	0.0	0.0	0.0	0.0	0.0	0.0
470	3879.6666666666665	0.0	0.0	0.0	0.0	0.0	0.0
480	3511.8333333333335	0.0	0.0	0.0	0.0	0.0	0.0
490	3379.1666666666665	0.0	0.0	0.0	0.0	0.0	0.0
500	3165.3333333333335	0.0	0.0	0.0	0.0	0.0	0.0
510	3345.3333333333335	0.0	0.0	0.0	0.0	0.0	0.0
520	3253.1666666666665	0.0	0.0	0.0	0.0	0.0	0.0
530	3158.8333333333335	0.0	0.0	0.0	0.0	0.0	0.0
540	3694.5	0.0	0.0	0.0	0.0	0.0	0.0
550	3274.0	0.0	0.0	0.0	0.0	0.0	0.0
560	3744.1666666666665	0.0	0.0	0.0	0.0	0.0	0.0
570	4024.6666666666665	0.0	0.0	0.0	0.0	0.0	0.0
580	3520.5	0.0	0.0	0.0	0.0	0.0	0.0
590	3271.3333333333335	0.0	0.0	0.0	0.0	0.0	0.0
600	3002.1666666666665	0.0	0.0	0.0	0.0	0.0	0.0
610	3586.8333333333335	0.0	0.0	0.0	0.0	0.0	0.0
620	3725.8333333333335	0.0	0.0	0.0	0.0	0.0	0.0
630	3773.8333333333335	0.0	0.0	0.0	0.0	0.0	0.0
640	3310.1666666666665	0.0	0.0	0.0	0.0	0.0	0.0
650	3499.0	0.0	0.0	0.0	0.0	0.0	0.0
660	3970.5	0.0	0.0	0.0	0.0	0.0	0.0
670	3708.3333333333335	0.0	0.0	0.0	0.0	0.0	0.0
680	3928.1666666666665	0.0	0.0	0.0	0.0	0.0	0.0
690	3481.0	0.0	0.0	0.0	0.0	0.0	0.0
700	3711.6666666666665	0.0	0.0	0.0	0.0	0.0	0.0
710	4143.833333333333	0.0	0.0	0.0	0.0	0.0	0.0
720	3870.6666666666665	0.0	0.0	0.0	0.0	0.0	0.0
730	3923.5	0.0	0.0	0.0	0.0	0.0	0.0
740	3898.5	0.0	0.0	0.0	0.0	0.0	0.0
750	3654.1666666666665	0.0	0.0	0.0	0.0	0.0	0.0
760	3834.5	0.0	0.0	0.0	0.0	0.0	0.0
770	3450.5	0.0	0.0	0.0	0.0	0.0	0.0
780	3787.3333333333335	0.0	0.0	0.0	0.0	0.0	0.0
790	3924.6666666666665	0.0	0.0	0.0	0.0	0.0	0.0
800	3782.3333333333335	0.0	0.0	0.0	0.0	0.0	0.0
810	4065.1666666666665	0.0	0.0	0.0	0.0	0.0	0.0
820	3969.3333333333335	0.0	0.0	0.0	0.0	0.0	0.0
830	3630.0	0.0	0.0	0.0	0.0	0.0	0.0
840	3426.1666666666665	0.0	0.0	0.0	0.0	0.0	0.0
850	3742.0	0.0	0.0	0.0	0.0	0.0	0.0
860	3761.3333333333335	0.0	0.0	0.0	0.0	0.0	0.0
870	3277.6666666666665	0.0	0.0	0.0	0.0	0.0	0.0
880	3531.6666666666665	0.0	0.0	0.0	0.0	0.0	0.0
890	3947.5	0.0	0.0	0.0	0.0	0.0	0.0
900	3890.6666666666665	0.0	0.0	0.0	0.0	0.0	0.0
910	3541.1666666666665	0.0	0.0	0.0	0.0	0.0	0.0
920	3817.8333333333335	0.0	0.0	0.0	0.0	0.0	0.0
930	4039.0	0.0	0.0	0.0	0.0	0.0	0.0
940	3232.5	0.0	0.0	0.0	0.0	0.0	0.0
950	3663.0	0.0	0.0	0.0	0.0	0.0	0.0
960	4078.1666666666665	0.0	0.0	0.0	0.0	0.0	0.0
970	3812.6666666666665	0.0	0.0	0.0	0.0	0.0	0.0
980	3817.5	0.0	0.0	0.0	0.0	0.0	0.0
990	4046.1666666666665	0.0	0.0	0.0	0.0	0.0	0.0
1000	3604.6666666666665	0.0	0.0	0.0	0.0	0.0	0.0
