0	246.33333333333334	0.0	0.0
10	2065.0	0.0	9168.0
20	2046.6666666666667	478.0	11793.0
30	1942.3333333333333	522.0	9841.0
40	2108.0	0.0	11212.0
50	2007.0	0.0	9227.0
60	2596.1666666666665	0.0	8928.0
70	2416.3333333333335	0.0	8202.0
80	2495.0	0.0	11327.0
90	2682.6666666666665	0.0	9459.0
100	2501.3333333333335	0.0	6845.0
110	2366.0	0.0	8192.0
120	2205.0	0.0	8110.0
130	1994.6666666666667	0.0	11547.0
140	2241.3333333333335	0.0	8269.0
150	2555.8333333333335	0.0	13029.0
160	2667.6666666666665	0.0	8765.0
170	2453.3333333333335	0.0	7821.0
180	2600.0	0.0	7812.0
190	2521.8333333333335	0.0	8108.0
200	2536.5	0.0	11412.0
210	2467.8333333333335	0.0	8476.0
220	2552.8333333333335	0.0	9967.0
230	2574.8333333333335	0.0	10231.0
240	2514.0	0.0	10741.0
250	2378.6666666666665	0.0	11393.0
260	2912.8333333333335	0.0	8705.0
270	2777.6666666666665	0.0	9681.0
280	2967.6666666666665	0.0	10242.0
290	3570.1666666666665	0.0	12157.0
300	3141.8333333333335	0.0	8476.0
310	3473.8333333333335	0.0	5469.0
320	3223.1666666666665	0.0	11023.0
330	3192.3333333333335	0.0	9924.0
340	3101.6666666666665	0.0	9404.0
350	3282.8333333333335	0.0	12128.0
360	3587.1666666666665	0.0	11852.0
370	3399.8333333333335	0.0	11430.0
380	3376.3333333333335	0.0	11529.0
390	3181.3333333333335	0.0	9522.0
400	3483.1666666666665	0.0	13571.0
410	3319.0	0.0	7812.0
420	3468.0	0.0	12720.0
430	3689.8333333333335	0.0	10996.0
440	3403.5	0.0	8655.0
450	3274.5	0.0	10191.0
460	3362.8333333333335	0.0	11016.0
470	3203.1666666666665	0.0	10146.0
480	3745.8333333333335	0.0	9169.0
490	3657.6666666666665	0.0	8357.0
500	3547.3333333333335	0.0	9881.0
510	3929.8333333333335	0.0	12626.0
520	3605.1666666666665	0.0	8508.0
530	3572.0	0.0	10909.0
540	3634.6666666666665	0.0	14533.0
550	3291.3333333333335	0.0	13347.0
560	3746.1666666666665	0.0	8897.0
570	3799.1666666666665	0.0	11293.0
580	3441.5	0.0	10682.0
590	3705.5	0.0	6194.0
600	3486.0	0.0	14780.0
610	3369.6666666666665	0.0	9960.0
620	3611.3333333333335	0.0	9471.0
630	3564.8333333333335	0.0	11207.0
640	3886.0	0.0	9207.0
650	3841.6666666666665	0.0	10474.0
660	3899.0	0.0	8793.0
670	3484.5	0.0	10932.0
680	3758.3333333333335	0.0	8846.0
690	3707.3333333333335	0.0	11122.0
700	3718.0	0.0	7835.0
710	3925.6666666666665	0.0	11567.0
720	3797.6666666666665	0.0	10184.0
730	3802.0	0.0	10962.0
740	3898.5	0.0	9992.0
750	3635.8333333333335	0.0	11315.0
760	3821.3333333333335	0.0	9349.0
770	4064.3333333333335	0.0	7152.0
780	3847.3333333333335	0.0	8635.0
790	3542.8333333333335	0.0	9770.0
800	4117.833333333333	0.0	10656.0
810	3576.0	0.0	12186.0
820	3728.5	0.0	9737.0
830	3726.5	0.0	10305.0
840	3991.3333333333335	0.0	8752.0
850	3648.1666666666665	0.0	9128.0
860	4067.0	0.0	11087.0
870	3828.3333333333335	0.0	10486.0
880	3990.8333333333335	0.0	11752.0
890	3718.1666666666665	0.0	11255.0
900	3878.3333333333335	0.0	10771.0
910	4141.666666666667	0.0	10822.0
920	3637.3333333333335	0.0	9082.0
930	3763.1666666666665	0.0	11137.0
940	3910.6666666666665	0.0	12535.0
950	3883.5	0.0	11293.0
960	3648.8333333333335	0.0	12003.0
970	3908.8333333333335	0.0	10876.0
980	3987.3333333333335	0.0	12775.0
990	3742.6666666666665	0.0	10156.0
1000	3709.3333333333335	0.0	8785.0
