0	253.33333333333334	0.0	0.0
10	2139.0	0.0	5678.0
20	1923.0	305.0	11955.0
30	2221.3333333333335	618.0	11745.0
40	1896.5	77.0	9081.0
50	2138.8333333333335	0.0	6266.0
60	2521.0	0.0	8310.0
70	2424.8333333333335	0.0	7606.0
80	2147.6666666666665	0.0	9229.0
90	2421.0	0.0	7439.0
100	2677.0	0.0	8928.0
110	2492.6666666666665	0.0	7489.0
120	2326.1666666666665	0.0	10779.0
130	2504.3333333333335	0.0	8348.0
140	2427.3333333333335	0.0	7405.0
150	2553.0	0.0	12451.0
160	2764.6666666666665	0.0	8588.0
170	2819.5	0.0	9922.0
180	2377.8333333333335	0.0	9366.0
190	2610.3333333333335	0.0	6488.0
200	1949.6666666666667	0.0	8640.0
210	2495.0	0.0	9677.0
220	2419.8333333333335	0.0	7762.0
230	2228.1666666666665	0.0	9719.0
240	2366.1666666666665	0.0	8355.0
250	2660.6666666666665	0.0	6904.0
260	2415.3333333333335	0.0	11113.0
270	3072.6666666666665	0.0	8746.0
280	2624.8333333333335	0.0	7010.0
290	2631.0	0.0	6299.0
300	2764.6666666666665	0.0	12697.0
310	2659.0	0.0	8190.0
320	2921.0	0.0	8464.0
330	2602.3333333333335	0.0	7123.0
340	2887.5	0.0	7828.0
350	2791.3333333333335	0.0	9561.0
360	2395.0	0.0	6496.0
370	2942.6666666666665	0.0	11880.0
380	2967.1666666666665	0.0	10055.0
390	3190.6666666666665	0.0	10035.0
400	3122.8333333333335	0.0	9730.0
410	3331.6666666666665	0.0	9007.0
420	3149.8333333333335	0.0	8107.0
430	3118.5	0.0	10900.0
440	3428.6666666666665	0.0	12468.0
450	3192.6666666666665	0.0	11847.0
460	3075.6666666666665	0.0	8843.0
470	3465.5	0.0	6307.0
480	3512.3333333333335	0.0	8377.0
490	3541.0	0.0	8854.0
500	3561.0	0.0	9227.0
510	3019.6666666666665	0.0	11460.0
520	3202.5	0.0	12082.0
530	3578.3333333333335	0.0	11788.0
540	2922.6666666666665	0.0	8881.0
550	3566.1666666666665	0.0	10216.0
560	3486.5	0.0	10439.0
570	3490.3333333333335	0.0	9933.0
580	3872.5	0.0	11081.0
590	3678.1666666666665	0.0	9032.0
600	3136.3333333333335	0.0	10495.0
610	3028.6666666666665	0.0	10748.0
620	3561.0	0.0	7349.0
630	2985.6666666666665	0.0	8187.0
640	3440.8333333333335	0.0	9451.0
650	3895.1666666666665	0.0	11460.0
660	3111.0	0.0	12140.0
670	3755.5	0.0	10564.0
680	3236.6666666666665	0.0	8432.0
690	3341.5	0.0	13256.0
700	3483.3333333333335	0.0	9723.0
710	3486.3333333333335	0.0	9514.0
720	2982.3333333333335	0.0	10630.0
730	3341.0	0.0	9152.0
740	3836.8333333333335	0.0	7370.0
750	3928.1666666666665	0.0	8077.0
760	3612.0	0.0	11931.0
770	3945.6666666666665	0.0	8965.0
780	3390.6666666666665	0.0	8160.0
790	3680.1666666666665	0.0	9253.0
800	3253.3333333333335	0.0	8256.0
810	3513.5	0.0	12303.0
820	3617.8333333333335	0.0	8501.0
830	3794.3333333333335	0.0	8149.0
840	3843.6666666666665	0.0	13209.0
850	3616.5	0.0	12865.0
860	3745.8333333333335	0.0	10866.0
870	3826.3333333333335	0.0	11385.0
880	3413.5	0.0	13352.0
890	3474.3333333333335	0.0	7910.0
900	4128.833333333333	0.0	10000.0
910	3562.3333333333335	0.0	10886.0
920	3502.8333333333335	0.0	8960.0
930	3808.8333333333335	0.0	9747.0
940	3866.8333333333335	0.0	11455.0
950	3566.1666666666665	0.0	10739.0
960	3442.3333333333335	0.0	12781.0
970	3422.1666666666665	0.0	9355.0
980	4156.666666666667	0.0	11270.0
990	3821.6666666666665	0.0	8398.0
1000	4001.8333333333335	0.0	9246.0
