0	257.0	0.0	0.0
10	1812.0	22.0	10548.0
20	2171.5	287.0	7548.0
30	2071.8333333333335	670.0	13391.0
40	2354.0	21.0	5745.0
50	1799.8333333333333	0.0	10575.0
60	2069.3333333333335	0.0	7961.0
70	2186.0	0.0	8473.0
80	2177.3333333333335	0.0	7028.0
90	1908.8333333333333	0.0	6573.0
100	2320.0	0.0	9911.0
110	2587.3333333333335	0.0	11623.0
120	2534.3333333333335	0.0	8472.0
130	2622.8333333333335	0.0	8334.0
140	2723.8333333333335	0.0	15178.0
150	2836.8333333333335	0.0	10584.0
160	2330.3333333333335	0.0	9412.0
170	2310.8333333333335	0.0	7845.0
180	2563.8333333333335	0.0	6870.0
190	2422.1666666666665	0.0	6921.0
200	2567.5	0.0	7530.0
210	2736.8333333333335	0.0	11298.0
220	2605.3333333333335	0.0	7500.0
230	2899.3333333333335	0.0	9179.0
240	3042.6666666666665	0.0	6830.0
250	2879.1666666666665	0.0	10294.0
260	2875.3333333333335	0.0	13846.0
270	3181.5	0.0	11855.0
280	2764.8333333333335	0.0	8588.0
290	2605.8333333333335	0.0	10503.0
300	2758.8333333333335	0.0	10508.0
310	3083.5	0.0	9668.0
320	3455.5	0.0	8953.0
330	3149.3333333333335	0.0	8764.0
340	3372.0	0.0	9744.0
350	2722.8333333333335	0.0	9268.0
360	3612.1666666666665	0.0	12143.0
370	3456.6666666666665	0.0	7843.0
380	3157.6666666666665	0.0	8841.0
390	3109.3333333333335	0.0	12846.0
400	3194.6666666666665	0.0	8578.0
410	3259.6666666666665	0.0	10535.0
420	3567.3333333333335	0.0	8613.0
430	3391.1666666666665	0.0	11451.0
440	3264.1666666666665	0.0	12521.0
450	3726.8333333333335	0.0	11322.0
460	3136.8333333333335	0.0	9633.0
470	3461.1666666666665	0.0	14691.0
480	3069.6666666666665	0.0	8574.0
490	3296.3333333333335	0.0	10380.0
500	3563.5	0.0	14615.0
510	3748.0	0.0	10136.0
520	3342.6666666666665	0.0	9747.0
530	3537.3333333333335	0.0	9075.0
540	3432.8333333333335	0.0	11404.0
550	3931.8333333333335	0.0	9909.0
560	3234.8333333333335	0.0	12260.0
570	3323.6666666666665	0.0	10777.0
580	3460.8333333333335	0.0	13562.0
590	3807.6666666666665	0.0	11189.0
600	3666.8333333333335	0.0	10391.0
610	3503.3333333333335	0.0	8909.0
620	3505.8333333333335	0.0	10156.0
630	3773.5	0.0	11361.0
640	3926.0	0.0	6386.0
650	3539.3333333333335	0.0	10362.0
660	3899.1666666666665	0.0	10130.0
670	3480.0	0.0	8118.0
680	3731.0	0.0	9229.0
690	3858.6666666666665	0.0	10361.0
700	3564.6666666666665	0.0	10053.0
710	3857.6666666666665	0.0	12068.0
720	3371.1666666666665	0.0	8678.0
730	3887.3333333333335	0.0	9503.0
740	3864.8333333333335	0.0	9342.0
750	4389.333333333333	0.0	12839.0
760	4029.6666666666665	0.0	12135.0
770	3849.5	0.0	12243.0
780	3821.0	0.0	10656.0
790	3780.8333333333335	0.0	11126.0
800	3585.0	0.0	13329.0
810	3842.3333333333335	0.0	10373.0
820	3597.0	0.0	9849.0
830	3900.1666666666665	0.0	9337.0
840	4029.8333333333335	0.0	9681.0
850	3589.3333333333335	0.0	10452.0
860	3808.5	0.0	9117.0
870	4055.6666666666665	0.0	12536.0
880	3391.0	0.0	14984.0
890	3836.6666666666665	0.0	10663.0
900	3792.3333333333335	0.0	11029.0
910	3573.6666666666665	0.0	9636.0
920	4068.6666666666665	0.0	9916.0
930	3996.0	0.0	12100.0
940	3812.6666666666665	0.0	11645.0
950	3546.1666666666665	0.0	9639.0
960	3768.6666666666665	0.0	9887.0
970	3537.6666666666665	0.0	8328.0
980	3685.0	0.0	13431.0
990	3888.8333333333335	0.0	8127.0
1000	3969.8333333333335	0.0	13116.0
