0	255.33333333333334	0.0
10	70.0	2.0
20	70.0	0.0
30	70.0	0.0
40	70.0	0.0
50	70.0	0.0
60	70.0	0.0
70	70.0	0.0
80	70.0	0.0
90	70.0	0.0
100	70.0	0.0
110	70.0	0.0
120	70.0	0.0
130	70.0	0.0
140	70.0	0.0
150	70.0	0.0
160	70.0	0.0
170	70.0	0.0
180	70.0	0.0
190	72.33333333333333	0.0
200	70.66666666666667	0.0
210	81.33333333333333	0.0
220	70.66666666666667	11.0
230	73.33333333333333	0.0
240	179.0	0.0
250	182.33333333333334	14.0
260	258.0	12.0
270	129.33333333333334	0.0
280	162.33333333333334	13.0
290	179.0	3.0
300	155.0	19.0
310	130.0	0.0
320	160.66666666666666	48.0
330	139.0	19.0
340	177.0	57.0
350	363.0	0.0
360	195.0	34.0
370	536.0	0.0
380	495.3333333333333	0.0
390	687.6666666666666	70.0
400	723.3333333333334	6.0
410	964.6666666666666	6.0
420	1161.0	98.0
430	1453.0	35.0
440	1711.3333333333333	8.0
450	2033.6666666666667	42.0
460	2196.0	50.0
470	1797.6666666666667	34.0
480	2112.0	130.0
490	1949.0	0.0
500	2015.1666666666667	180.0
510	2492.0	2.0
520	2094.0	23.0
530	2235.5	33.0
540	2216.0	9.0
550	2249.1666666666665	42.0
560	2282.6666666666665	0.0
570	2142.6666666666665	0.0
580	2094.3333333333335	0.0
590	2228.3333333333335	0.0
600	2091.6666666666665	0.0
610	2200.5	0.0
620	2395.0	0.0
630	2561.0	0.0
640	2248.3333333333335	0.0
650	2332.0	0.0
660	2250.0	0.0
670	2520.3333333333335	0.0
680	2508.8333333333335	0.0
690	2492.6666666666665	0.0
700	2564.6666666666665	0.0
710	2585.1666666666665	0.0
720	2362.0	0.0
730	2603.0	0.0
740	2604.6666666666665	0.0
750	2394.5	0.0
760	2526.6666666666665	0.0
770	2585.6666666666665	0.0
780	2551.6666666666665	0.0
790	2602.0	0.0
800	2633.6666666666665	0.0
810	2763.0	0.0
820	2659.5	0.0
830	2371.3333333333335	0.0
840	2795.3333333333335	0.0
850	2672.6666666666665	0.0
860	2783.1666666666665	0.0
870	2284.1666666666665	0.0
880	2555.0	0.0
890	2859.1666666666665	0.0
900	2846.6666666666665	0.0
910	2211.0	0.0
920	2280.1666666666665	0.0
930	2196.3333333333335	0.0
940	2609.6666666666665	0.0
950	2841.3333333333335	0.0
960	2115.0	0.0
970	2833.6666666666665	0.0
980	2532.0	0.0
990	2536.8333333333335	0.0
1000	2731.6666666666665	0.0
