0	272.0	0.0
10	70.0	0.0
20	70.0	0.0
30	70.0	0.0
40	70.0	0.0
50	70.0	0.0
60	70.0	0.0
70	70.0	0.0
80	70.0	0.0
90	70.0	0.0
100	70.0	0.0
110	70.0	1.0
120	70.0	0.0
130	70.0	0.0
140	70.0	0.0
150	70.0	0.0
160	70.0	0.0
170	70.66666666666667	0.0
180	70.0	0.0
190	71.0	0.0
200	70.66666666666667	0.0
210	71.66666666666667	0.0
220	73.0	0.0
230	89.33333333333333	0.0
240	73.33333333333333	0.0
250	105.33333333333333	0.0
260	203.33333333333334	4.0
270	419.0	13.0
280	350.3333333333333	41.0
290	208.33333333333334	0.0
300	146.66666666666666	19.0
310	236.0	0.0
320	163.33333333333334	13.0
330	186.0	0.0
340	175.0	6.0
350	216.66666666666666	31.0
360	222.66666666666666	46.0
370	629.0	24.0
380	730.6666666666666	47.0
390	668.3333333333334	22.0
400	911.3333333333334	16.0
410	872.3333333333334	11.0
420	1049.3333333333333	16.0
430	947.0	3.0
440	1380.3333333333333	40.0
450	1459.6666666666667	67.0
460	1860.3333333333333	6.0
470	1712.3333333333333	60.0
480	2314.6666666666665	47.0
490	1925.3333333333333	49.0
500	2077.1666666666665	50.0
510	2380.0	123.0
520	1471.0	85.0
530	1640.6666666666667	11.0
540	2084.6666666666665	94.0
550	2192.6666666666665	12.0
560	2364.0	43.0
570	1998.3333333333333	0.0
580	2290.6666666666665	0.0
590	2412.3333333333335	0.0
600	2206.8333333333335	0.0
610	2366.6666666666665	0.0
620	2331.6666666666665	0.0
630	2241.6666666666665	0.0
640	2391.0	0.0
650	2507.5	0.0
660	2205.3333333333335	0.0
670	2450.0	0.0
680	2618.1666666666665	0.0
690	2681.6666666666665	0.0
700	2578.6666666666665	0.0
710	2484.3333333333335	0.0
720	2524.0	0.0
730	2664.6666666666665	0.0
740	2490.0	0.0
750	2604.6666666666665	0.0
760	2391.6666666666665	0.0
770	2367.3333333333335	0.0
780	2537.6666666666665	0.0
790	2491.0	0.0
800	2509.0	0.0
810	2419.5	0.0
820	2637.8333333333335	0.0
830	2608.5	0.0
840	2578.3333333333335	0.0
850	2468.3333333333335	0.0
860	2421.6666666666665	0.0
870	2558.1666666666665	0.0
880	2654.8333333333335	0.0
890	2564.3333333333335	0.0
900	2584.0	0.0
910	2501.3333333333335	0.0
920	2587.6666666666665	0.0
930	2742.5	0.0
940	2611.0	0.0
950	2806.6666666666665	0.0
960	2432.0	0.0
970	2719.1666666666665	0.0
980	2550.3333333333335	0.0
990	2066.0	0.0
1000	2604.6666666666665	0.0
