0	292.6666666666667	0.0	0.0	0.0	0.0	0.0	0.0
10	70.0	0.0	0.0	0.0	0.0	0.0	0.0
20	70.0	0.0	0.0	0.0	0.0	0.0	0.0
30	70.0	0.0	0.0	0.0	0.0	0.0	0.0
40	70.0	0.0	0.0	0.0	0.0	0.0	0.0
50	70.0	0.0	0.0	0.0	0.0	0.0	0.0
60	70.0	0.0	0.0	0.0	0.0	0.0	0.0
70	70.0	0.0	0.0	0.0	0.0	0.0	0.0
80	70.33333333333333	0.0	0.0	0.0	0.0	0.0	0.0
90	75.0	0.0	0.0	0.0	0.0	0.0	0.0
100	100.66666666666667	0.0	0.0	0.0	0.0	0.0	0.0
110	161.66666666666666	33.0	64.0	21.0	13.0	0.0	20.0
120	290.6666666666667	0.0	0.0	0.0	0.0	0.0	0.0
130	470.3333333333333	3.0	64.0	1.0	3.0	1.0	0.0
140	209.0	4.0	30.0	3.0	2.0	1.0	2.0
150	482.3333333333333	3.0	62.0	1.0	2.0	0.0	1.0
160	748.3333333333334	10.0	79.0	14.0	1.0	5.0	9.0
170	1793.0	1.0	52.0	4.0	0.0	3.0	1.0
180	1579.6666666666667	2.0	73.0	4.0	0.0	2.0	2.0
190	2011.8333333333333	0.0	34.0	2.0	0.0	2.0	0.0
200	2111.0	1.0	82.0	4.0	0.0	3.0	1.0
210	2302.3333333333335	0.0	13.0	0.0	0.0	0.0	0.0
220	2243.6666666666665	4.0	139.0	5.0	2.0	3.0	2.0
230	2254.5	21.0	567.0	35.0	1.0	15.0	20.0
240	2235.0	42.0	223.0	44.0	3.0	5.0	39.0
250	2131.3333333333335	2.0	281.0	6.0	0.0	4.0	2.0
260	2258.6666666666665	2.0	424.0	18.0	2.0	18.0	0.0
270	2324.8333333333335	3.0	154.0	9.0	1.0	6.0	2.0
280	2053.5	0.0	142.0	3.0	0.0	3.0	0.0
290	2593.5	0.0	248.0	7.0	0.0	7.0	0.0
300	2344.6666666666665	1.0	332.0	7.0	0.0	6.0	1.0
310	2351.0	2.0	236.0	8.0	1.0	7.0	1.0
320	2159.0	4.0	257.0	8.0	0.0	4.0	4.0
330	2349.3333333333335	0.0	257.0	4.0	0.0	4.0	0.0
340	2412.0	3.0	216.0	12.0	0.0	9.0	3.0
350	1910.6666666666667	1.0	231.0	9.0	0.0	8.0	1.0
360	2575.3333333333335	1.0	134.0	3.0	0.0	2.0	1.0
370	2226.3333333333335	17.0	14.0	20.0	0.0	3.0	17.0
380	2337.6666666666665	9.0	271.0	18.0	0.0	9.0	9.0
390	2392.3333333333335	5.0	558.0	24.0	0.0	19.0	5.0
400	2682.6666666666665	3.0	219.0	5.0	2.0	4.0	1.0
410	2449.0	32.0	165.0	31.0	3.0	2.0	29.0
420	2297.0	1.0	99.0	2.0	0.0	1.0	1.0
430	2457.6666666666665	3.0	404.0	17.0	1.0	15.0	2.0
440	2223.0	4.0	202.0	11.0	0.0	7.0	4.0
450	2392.6666666666665	1.0	59.0	1.0	0.0	0.0	1.0
460	2143.5	0.0	134.0	4.0	0.0	4.0	0.0
470	1956.0	17.0	143.0	21.0	1.0	5.0	16.0
480	1737.0	7.0	382.0	15.0	1.0	9.0	6.0
490	2011.6666666666667	0.0	263.0	9.0	0.0	9.0	0.0
500	1959.6666666666667	4.0	323.0	11.0	3.0	10.0	1.0
510	1847.0	2.0	284.0	6.0	1.0	5.0	1.0
520	2182.3333333333335	24.0	387.0	31.0	3.0	9.0	21.0
530	2022.0	3.0	332.0	10.0	2.0	8.0	1.0
540	2196.3333333333335	5.0	362.0	13.0	5.0	13.0	0.0
550	2089.0	3.0	307.0	12.0	2.0	11.0	1.0
560	1823.8333333333333	4.0	286.0	10.0	1.0	7.0	3.0
570	2344.6666666666665	3.0	155.0	5.0	1.0	3.0	2.0
580	2195.5	16.0	345.0	24.0	2.0	10.0	14.0
590	2239.0	5.0	319.0	8.0	3.0	6.0	2.0
600	2057.0	3.0	273.0	11.0	3.0	11.0	0.0
610	2146.0	8.0	479.0	18.0	2.0	12.0	6.0
620	1909.3333333333333	4.0	355.0	21.0	1.0	18.0	3.0
630	2115.5	19.0	456.0	30.0	2.0	13.0	17.0
640	1850.8333333333333	4.0	232.0	9.0	4.0	8.0	0.0
650	2253.6666666666665	13.0	281.0	24.0	3.0	14.0	10.0
660	2122.8333333333335	14.0	213.0	22.0	1.0	9.0	13.0
670	2112.0	8.0	450.0	19.0	3.0	14.0	5.0
680	2214.6666666666665	2.0	418.0	16.0	1.0	15.0	1.0
690	2225.1666666666665	7.0	257.0	15.0	2.0	10.0	5.0
700	2174.1666666666665	12.0	471.0	17.0	4.0	9.0	8.0
710	1629.0	34.0	625.0	53.0	1.0	20.0	33.0
720	2496.1666666666665	4.0	594.0	15.0	3.0	14.0	1.0
730	2065.5	9.0	609.0	27.0	4.0	21.0	5.0
740	1640.3333333333333	6.0	266.0	11.0	0.0	5.0	6.0
750	2364.0	4.0	466.0	16.0	0.0	12.0	4.0
760	2543.3333333333335	0.0	185.0	1.0	0.0	1.0	0.0
770	2391.8333333333335	3.0	112.0	3.0	0.0	0.0	3.0
780	2495.6666666666665	4.0	373.0	15.0	0.0	11.0	4.0
790	2345.6666666666665	0.0	222.0	5.0	0.0	5.0	0.0
800	2347.8333333333335	0.0	114.0	3.0	0.0	3.0	0.0
810	2346.6666666666665	23.0	145.0	25.0	1.0	3.0	22.0
820	2201.6666666666665	2.0	104.0	4.0	0.0	2.0	2.0
830	2425.6666666666665	1.0	93.0	1.0	0.0	0.0	1.0
840	2575.0	0.0	178.0	6.0	0.0	6.0	0.0
850	2316.0	138.0	330.0	138.0	6.0	6.0	132.0
860	2294.6666666666665	2.0	225.0	10.0	0.0	8.0	2.0
870	2369.3333333333335	4.0	219.0	9.0	0.0	5.0	4.0
880	2496.3333333333335	2.0	230.0	5.0	0.0	3.0	2.0
890	2565.0	1.0	282.0	10.0	0.0	9.0	1.0
900	2559.5	8.0	214.0	12.0	1.0	5.0	7.0
910	2481.0	22.0	283.0	28.0	1.0	7.0	21.0
920	2468.8333333333335	3.0	201.0	9.0	0.0	6.0	3.0
930	2557.5	2.0	393.0	9.0	1.0	7.0	1.0
940	2303.8333333333335	0.0	24.0	1.0	0.0	1.0	0.0
950	2363.6666666666665	1.0	45.0	0.0	1.0	0.0	0.0
960	2444.0	2.0	301.0	16.0	0.0	14.0	2.0
970	2279.0	6.0	280.0	15.0	0.0	9.0	6.0
980	2258.8333333333335	3.0	372.0	12.0	0.0	9.0	3.0
990	2285.3333333333335	2.0	305.0	14.0	0.0	12.0	2.0
1000	2538.3333333333335	3.0	318.0	11.0	0.0	8.0	3.0
