0	236.0	0.0	0.0	0.0	0.0	0.0	0.0
10	70.0	0.0	0.0	0.0	0.0	0.0	0.0
20	70.0	1.0	7.0	2.0	1.0	2.0	0.0
30	70.0	0.0	0.0	0.0	0.0	0.0	0.0
40	70.0	0.0	0.0	0.0	0.0	0.0	0.0
50	70.0	0.0	0.0	0.0	0.0	0.0	0.0
60	70.0	0.0	0.0	0.0	0.0	0.0	0.0
70	70.0	0.0	0.0	0.0	0.0	0.0	0.0
80	70.66666666666667	0.0	0.0	0.0	0.0	0.0	0.0
90	73.0	0.0	0.0	0.0	0.0	0.0	0.0
100	72.66666666666667	0.0	0.0	0.0	0.0	0.0	0.0
110	157.33333333333334	0.0	0.0	0.0	0.0	0.0	0.0
120	253.0	0.0	5.0	0.0	0.0	0.0	0.0
130	306.0	0.0	0.0	0.0	0.0	0.0	0.0
140	123.33333333333333	7.0	55.0	6.0	2.0	1.0	5.0
150	198.0	4.0	61.0	4.0	4.0	4.0	0.0
160	197.0	8.0	119.0	8.0	4.0	4.0	4.0
170	563.6666666666666	4.0	61.0	4.0	2.0	2.0	2.0
180	1025.0	2.0	53.0	3.0	0.0	1.0	2.0
190	390.3333333333333	0.0	18.0	2.0	0.0	2.0	0.0
200	1595.0	2.0	86.0	3.0	1.0	2.0	1.0
210	1740.0	24.0	136.0	30.0	3.0	9.0	21.0
220	1078.3333333333333	1.0	92.0	2.0	0.0	1.0	1.0
230	1684.0	0.0	72.0	4.0	0.0	4.0	0.0
240	2013.8333333333333	232.0	231.0	232.0	12.0	8.0	220.0
250	2074.0	11.0	357.0	17.0	3.0	9.0	8.0
260	2097.0	11.0	222.0	12.0	6.0	7.0	5.0
270	2511.0	30.0	161.0	34.0	1.0	5.0	29.0
280	2200.6666666666665	5.0	138.0	9.0	0.0	4.0	5.0
290	2246.1666666666665	12.0	271.0	19.0	1.0	7.0	11.0
300	2385.0	2.0	170.0	8.0	0.0	6.0	2.0
310	2490.1666666666665	2.0	302.0	8.0	1.0	7.0	1.0
320	2368.1666666666665	3.0	175.0	7.0	1.0	5.0	2.0
330	2519.8333333333335	15.0	244.0	20.0	3.0	8.0	12.0
340	2224.0	35.0	331.0	41.0	2.0	8.0	33.0
350	2284.6666666666665	7.0	186.0	8.0	4.0	5.0	3.0
360	2506.6666666666665	30.0	102.0	30.0	2.0	2.0	28.0
370	2456.3333333333335	55.0	316.0	60.0	3.0	8.0	52.0
380	2491.6666666666665	8.0	243.0	11.0	2.0	5.0	6.0
390	2508.3333333333335	14.0	127.0	14.0	0.0	0.0	14.0
400	2602.1666666666665	2.0	558.0	15.0	1.0	14.0	1.0
410	2799.1666666666665	51.0	213.0	49.0	6.0	2.0	45.0
420	2312.0	2.0	109.0	6.0	1.0	5.0	1.0
430	2256.3333333333335	4.0	247.0	9.0	2.0	7.0	2.0
440	2278.3333333333335	2.0	602.0	13.0	1.0	12.0	1.0
450	2638.8333333333335	14.0	202.0	19.0	1.0	5.0	13.0
460	2420.6666666666665	3.0	573.0	20.0	3.0	20.0	0.0
470	2553.6666666666665	8.0	636.0	26.0	0.0	18.0	8.0
480	2377.6666666666665	1.0	168.0	6.0	0.0	5.0	1.0
490	2539.3333333333335	0.0	186.0	9.0	0.0	9.0	0.0
500	2467.6666666666665	0.0	81.0	1.0	0.0	1.0	0.0
510	2532.5	1.0	108.0	6.0	0.0	5.0	1.0
520	2220.1666666666665	3.0	228.0	5.0	3.0	5.0	0.0
530	2336.0	3.0	242.0	9.0	1.0	7.0	2.0
540	1809.6666666666667	4.0	479.0	5.0	1.0	2.0	3.0
550	1895.6666666666667	3.0	326.0	9.0	2.0	8.0	1.0
560	2105.0	12.0	764.0	24.0	7.0	19.0	5.0
570	2199.1666666666665	2.0	450.0	8.0	0.0	6.0	2.0
580	2016.0	7.0	584.0	27.0	4.0	24.0	3.0
590	2285.6666666666665	5.0	207.0	9.0	3.0	7.0	2.0
600	1992.3333333333333	14.0	393.0	27.0	3.0	15.0	11.0
610	2183.5	9.0	358.0	21.0	3.0	14.0	6.0
620	1858.6666666666667	4.0	342.0	8.0	1.0	5.0	3.0
630	2495.5	5.0	378.0	11.0	5.0	11.0	0.0
640	2017.0	50.0	282.0	59.0	1.0	10.0	49.0
650	2163.6666666666665	10.0	382.0	19.0	2.0	11.0	8.0
660	1960.3333333333333	20.0	177.0	27.0	1.0	8.0	19.0
670	2179.3333333333335	4.0	468.0	13.0	4.0	13.0	0.0
680	1574.8333333333333	2.0	394.0	9.0	0.0	7.0	2.0
690	1960.0	2.0	169.0	5.0	0.0	3.0	2.0
700	1966.8333333333333	2.0	216.0	8.0	0.0	6.0	2.0
710	2442.0	1.0	295.0	12.0	0.0	11.0	1.0
720	2166.8333333333335	3.0	181.0	8.0	2.0	7.0	1.0
730	2316.1666666666665	3.0	278.0	14.0	0.0	11.0	3.0
740	2329.6666666666665	0.0	400.0	5.0	0.0	5.0	0.0
750	2400.3333333333335	3.0	204.0	11.0	0.0	8.0	3.0
760	2058.8333333333335	9.0	383.0	21.0	0.0	12.0	9.0
770	2005.3333333333333	1.0	280.0	16.0	0.0	15.0	1.0
780	2785.3333333333335	0.0	283.0	5.0	0.0	5.0	0.0
790	2658.3333333333335	0.0	210.0	3.0	0.0	3.0	0.0
800	1741.3333333333333	4.0	363.0	6.0	1.0	3.0	3.0
810	2454.3333333333335	1.0	278.0	7.0	0.0	6.0	1.0
820	2501.6666666666665	5.0	374.0	12.0	0.0	7.0	5.0
830	2575.1666666666665	0.0	51.0	0.0	0.0	0.0	0.0
840	2729.8333333333335	1.0	161.0	7.0	0.0	6.0	1.0
850	2124.1666666666665	3.0	328.0	8.0	0.0	5.0	3.0
860	2104.6666666666665	8.0	352.0	20.0	1.0	12.0	7.0
870	2094.6666666666665	3.0	420.0	11.0	2.0	10.0	1.0
880	1820.3333333333333	2.0	98.0	3.0	1.0	2.0	1.0
890	2595.3333333333335	1.0	365.0	9.0	0.0	8.0	1.0
900	2332.0	3.0	170.0	12.0	0.0	9.0	3.0
910	2411.5	3.0	180.0	7.0	0.0	4.0	3.0
920	2445.0	2.0	275.0	13.0	0.0	11.0	2.0
930	2499.6666666666665	2.0	214.0	11.0	0.0	9.0	2.0
940	2600.8333333333335	2.0	91.0	6.0	0.0	4.0	2.0
950	2388.3333333333335	0.0	105.0	3.0	0.0	3.0	0.0
960	2617.1666666666665	61.0	106.0	69.0	0.0	8.0	61.0
970	2375.8333333333335	2.0	232.0	9.0	0.0	7.0	2.0
980	2283.5	3.0	366.0	11.0	0.0	8.0	3.0
990	2515.0	4.0	225.0	11.0	0.0	7.0	4.0
1000	2484.8333333333335	0.0	260.0	10.0	0.0	10.0	0.0
