0	292.6666666666667	0.0	0.0	0.0	0.0	0.0	0.0
10	70.0	0.0	3.0	0.0	0.0	0.0	0.0
20	70.0	3.0	0.0	3.0	0.0	0.0	3.0
30	70.0	0.0	0.0	0.0	0.0	0.0	0.0
40	70.0	0.0	0.0	0.0	0.0	0.0	0.0
50	70.0	3.0	0.0	3.0	0.0	0.0	3.0
60	70.0	1.0	0.0	1.0	1.0	0.0	0.0
70	70.0	0.0	0.0	0.0	0.0	0.0	0.0
80	70.66666666666667	0.0	0.0	0.0	0.0	0.0	0.0
90	77.33333333333333	0.0	0.0	0.0	0.0	0.0	0.0
100	95.66666666666667	3.0	0.0	3.0	0.0	0.0	3.0
110	219.66666666666666	0.0	0.0	0.0	0.0	0.0	0.0
120	366.3333333333333	0.0	13.0	0.0	0.0	0.0	0.0
130	132.33333333333334	23.0	70.0	21.0	3.0	1.0	20.0
140	335.6666666666667	0.0	2.0	0.0	0.0	0.0	0.0
150	209.0	20.0	35.0	18.0	4.0	1.0	16.0
160	592.0	22.0	157.0	29.0	2.0	9.0	20.0
170	270.0	2.0	61.0	7.0	2.0	7.0	0.0
180	435.0	6.0	147.0	7.0	3.0	4.0	3.0
190	558.6666666666666	5.0	224.0	3.0	5.0	3.0	0.0
200	1711.1666666666667	5.0	263.0	3.0	4.0	2.0	1.0
210	2171.1666666666665	6.0	363.0	13.0	2.0	9.0	4.0
220	1655.3333333333333	3.0	206.0	6.0	0.0	3.0	3.0
230	2186.6666666666665	1.0	118.0	5.0	0.0	4.0	1.0
240	2267.0	4.0	126.0	8.0	2.0	6.0	2.0
250	2370.5	14.0	198.0	19.0	0.0	5.0	14.0
260	2365.8333333333335	0.0	86.0	2.0	0.0	2.0	0.0
270	2363.0	2.0	411.0	16.0	1.0	15.0	1.0
280	2425.3333333333335	2.0	187.0	5.0	1.0	4.0	1.0
290	2320.6666666666665	26.0	224.0	32.0	0.0	6.0	26.0
300	2593.8333333333335	0.0	119.0	6.0	0.0	6.0	0.0
310	2712.6666666666665	1.0	304.0	4.0	0.0	3.0	1.0
320	2389.0	14.0	105.0	19.0	1.0	6.0	13.0
330	2343.0	0.0	168.0	6.0	0.0	6.0	0.0
340	2595.8333333333335	0.0	9.0	0.0	0.0	0.0	0.0
350	2742.6666666666665	2.0	318.0	10.0	0.0	8.0	2.0
360	2291.3333333333335	1.0	194.0	9.0	0.0	8.0	1.0
370	2312.5	1.0	49.0	2.0	0.0	1.0	1.0
380	2429.5	1.0	434.0	8.0	0.0	7.0	1.0
390	2287.5	0.0	375.0	12.0	0.0	12.0	0.0
400	2694.3333333333335	20.0	244.0	23.0	2.0	4.0	18.0
410	2305.0	3.0	77.0	5.0	0.0	2.0	3.0
420	2284.1666666666665	2.0	248.0	6.0	1.0	4.0	1.0
430	1943.0	0.0	124.0	4.0	0.0	4.0	0.0
440	2130.3333333333335	14.0	139.0	19.0	1.0	6.0	13.0
450	1667.3333333333333	3.0	154.0	5.0	1.0	2.0	2.0
460	2060.6666666666665	5.0	498.0	21.0	5.0	21.0	0.0
470	2271.5	1.0	192.0	3.0	1.0	3.0	0.0
480	2468.3333333333335	1.0	251.0	9.0	1.0	9.0	0.0
490	1986.5	4.0	215.0	6.0	0.0	2.0	4.0
500	1883.6666666666667	6.0	458.0	16.0	4.0	14.0	2.0
510	2107.0	4.0	369.0	12.0	3.0	11.0	1.0
520	2489.3333333333335	7.0	257.0	15.0	0.0	8.0	7.0
530	1515.0	2.0	388.0	7.0	2.0	7.0	0.0
540	1955.6666666666667	9.0	503.0	21.0	4.0	15.0	5.0
550	1752.0	4.0	375.0	14.0	2.0	11.0	2.0
560	2474.6666666666665	2.0	156.0	6.0	0.0	4.0	2.0
570	2603.5	9.0	183.0	10.0	0.0	1.0	9.0
580	2230.0	0.0	77.0	2.0	0.0	2.0	0.0
590	2414.5	1.0	390.0	9.0	0.0	8.0	1.0
600	2859.1666666666665	0.0	62.0	2.0	0.0	2.0	0.0
610	2356.0	4.0	146.0	12.0	1.0	9.0	3.0
620	2315.0	5.0	353.0	14.0	0.0	9.0	5.0
630	2627.6666666666665	4.0	427.0	19.0	0.0	15.0	4.0
640	2392.1666666666665	1.0	113.0	6.0	0.0	5.0	1.0
650	2580.8333333333335	1.0	343.0	16.0	0.0	15.0	1.0
660	2338.6666666666665	0.0	113.0	1.0	0.0	1.0	0.0
670	2611.6666666666665	0.0	48.0	2.0	0.0	2.0	0.0
680	2556.6666666666665	2.0	269.0	8.0	2.0	8.0	0.0
690	1837.0	0.0	109.0	7.0	0.0	7.0	0.0
700	2051.6666666666665	1.0	77.0	4.0	0.0	3.0	1.0
710	2313.3333333333335	3.0	261.0	8.0	1.0	6.0	2.0
720	2224.8333333333335	4.0	693.0	21.0	0.0	17.0	4.0
730	2339.6666666666665	4.0	288.0	10.0	2.0	8.0	2.0
740	2308.0	2.0	390.0	13.0	0.0	11.0	2.0
750	1708.3333333333333	2.0	239.0	21.0	0.0	19.0	2.0
760	1970.0	20.0	394.0	28.0	1.0	9.0	19.0
770	2055.1666666666665	24.0	314.0	35.0	0.0	11.0	24.0
780	1920.3333333333333	3.0	241.0	14.0	0.0	11.0	3.0
790	1819.0	5.0	391.0	18.0	2.0	15.0	3.0
800	2319.6666666666665	16.0	203.0	25.0	0.0	9.0	16.0
810	2760.8333333333335	2.0	454.0	13.0	0.0	11.0	2.0
820	1785.5	1.0	437.0	11.0	0.0	10.0	1.0
830	1931.3333333333333	1.0	262.0	9.0	0.0	8.0	1.0
840	2519.3333333333335	5.0	186.0	12.0	0.0	7.0	5.0
850	2494.0	0.0	157.0	4.0	0.0	4.0	0.0
860	1874.8333333333333	1.0	185.0	8.0	0.0	7.0	1.0
870	1934.1666666666667	8.0	114.0	9.0	0.0	1.0	8.0
880	2231.0	1.0	287.0	9.0	0.0	8.0	1.0
890	2068.5	3.0	255.0	8.0	0.0	5.0	3.0
900	1688.6666666666667	6.0	113.0	8.0	0.0	2.0	6.0
910	2021.6666666666667	2.0	351.0	10.0	0.0	8.0	2.0
920	2455.0	3.0	216.0	10.0	0.0	7.0	3.0
930	2492.0	3.0	438.0	13.0	0.0	10.0	3.0
940	1808.3333333333333	0.0	535.0	15.0	0.0	15.0	0.0
950	1594.3333333333333	1.0	199.0	6.0	0.0	5.0	1.0
960	2352.8333333333335	1.0	138.0	6.0	0.0	5.0	1.0
970	1951.6666666666667	5.0	247.0	12.0	1.0	8.0	4.0
980	1954.0	7.0	198.0	13.0	0.0	6.0	7.0
990	1833.6666666666667	3.0	278.0	12.0	1.0	10.0	2.0
1000	1721.0	6.0	321.0	12.0	0.0	6.0	6.0
