0	268.0	0.0
10	1856.0	1000.0
20	2239.1666666666665	0.0
30	2120.0	0.0
40	1989.6666666666667	0.0
50	2181.5	0.0
60	2101.8333333333335	0.0
70	2169.8333333333335	0.0
80	2179.3333333333335	0.0
90	2132.3333333333335	0.0
100	2016.5	0.0
110	1912.0	0.0
120	1934.5	0.0
130	2123.0	0.0
140	2264.8333333333335	0.0
150	2154.0	0.0
160	2296.1666666666665	0.0
170	2318.0	0.0
180	2256.0	0.0
190	2174.0	0.0
200	2206.0	0.0
210	2444.0	0.0
220	2180.6666666666665	0.0
230	2324.5	0.0
240	2156.6666666666665	0.0
250	2507.1666666666665	0.0
260	2240.1666666666665	0.0
270	2430.6666666666665	0.0
280	2225.0	0.0
290	2144.5	0.0
300	2447.6666666666665	0.0
310	2243.8333333333335	0.0
320	2478.1666666666665	0.0
330	2468.0	0.0
340	2345.8333333333335	0.0
350	2707.5	0.0
360	2474.0	0.0
370	2500.1666666666665	0.0
380	2578.3333333333335	0.0
390	2642.6666666666665	0.0
400	2622.8333333333335	0.0
410	2538.6666666666665	0.0
420	2442.0	0.0
430	2481.5	0.0
440	2480.6666666666665	0.0
450	2638.6666666666665	0.0
460	2639.1666666666665	0.0
470	2616.6666666666665	0.0
480	2516.5	0.0
490	2699.5	0.0
500	2733.6666666666665	0.0
510	2648.0	0.0
520	2467.3333333333335	0.0
530	2619.0	0.0
540	2741.0	0.0
550	2782.5	0.0
560	2765.0	0.0
570	2770.0	0.0
580	2727.6666666666665	0.0
590	2732.5	0.0
600	2523.6666666666665	0.0
610	2581.0	0.0
620	2530.0	0.0
630	2445.0	0.0
640	2526.3333333333335	0.0
650	2696.5	0.0
660	2611.1666666666665	0.0
670	2666.6666666666665	0.0
680	2914.6666666666665	0.0
690	3020.1666666666665	0.0
700	2785.0	0.0
710	2665.0	0.0
720	2822.0	0.0
730	2266.6666666666665	0.0
740	2397.8333333333335	0.0
750	2740.3333333333335	0.0
760	2632.8333333333335	0.0
770	2536.3333333333335	0.0
780	2534.1666666666665	0.0
790	2727.1666666666665	0.0
800	2776.6666666666665	0.0
810	2635.0	0.0
820	2988.1666666666665	0.0
830	2841.0	0.0
840	2903.5	0.0
850	2960.8333333333335	0.0
860	2619.3333333333335	0.0
870	2888.6666666666665	0.0
880	2858.6666666666665	0.0
890	3176.8333333333335	0.0
900	2726.0	0.0
910	2699.6666666666665	0.0
920	2782.0	0.0
930	2656.1666666666665	0.0
940	3022.1666666666665	0.0
950	3114.5	0.0
960	2810.3333333333335	0.0
970	3047.8333333333335	0.0
980	2857.5	0.0
990	3116.8333333333335	0.0
1000	3115.0	0.0
