0	244.33333333333334	0.0
10	2165.6666666666665	1000.0
20	1985.0	0.0
30	1969.8333333333333	0.0
40	1985.6666666666667	0.0
50	1935.6666666666667	0.0
60	2229.0	0.0
70	2045.1666666666667	0.0
80	2077.8333333333335	0.0
90	2145.6666666666665	0.0
100	2052.1666666666665	0.0
110	2107.5	0.0
120	1982.1666666666667	0.0
130	2264.8333333333335	0.0
140	2146.5	0.0
150	2140.3333333333335	0.0
160	2140.0	0.0
170	2135.0	0.0
180	2470.8333333333335	0.0
190	2088.1666666666665	0.0
200	2390.1666666666665	0.0
210	2209.5	0.0
220	2326.1666666666665	0.0
230	2118.5	0.0
240	2148.5	0.0
250	2472.0	0.0
260	2439.5	0.0
270	2129.8333333333335	0.0
280	2614.6666666666665	0.0
290	2192.6666666666665	0.0
300	2427.5	0.0
310	2487.1666666666665	0.0
320	2404.3333333333335	0.0
330	2489.6666666666665	0.0
340	2279.0	0.0
350	2627.5	0.0
360	2434.5	0.0
370	2343.3333333333335	0.0
380	2604.5	0.0
390	2265.5	0.0
400	2558.1666666666665	0.0
410	2513.5	0.0
420	2574.3333333333335	0.0
430	2576.1666666666665	0.0
440	2573.3333333333335	0.0
450	2314.3333333333335	0.0
460	2418.3333333333335	0.0
470	2770.0	0.0
480	2609.1666666666665	0.0
490	2533.0	0.0
500	2665.3333333333335	0.0
510	2562.5	0.0
520	2641.8333333333335	0.0
530	2569.3333333333335	0.0
540	2760.0	0.0
550	2497.8333333333335	0.0
560	2804.0	0.0
570	2746.6666666666665	0.0
580	2653.5	0.0
590	2689.0	0.0
600	2707.0	0.0
610	2633.8333333333335	0.0
620	2662.6666666666665	0.0
630	2446.3333333333335	0.0
640	3009.0	0.0
650	2601.5	0.0
660	2500.0	0.0
670	2916.1666666666665	0.0
680	2863.1666666666665	0.0
690	2809.8333333333335	0.0
700	2920.1666666666665	0.0
710	2535.0	0.0
720	2783.8333333333335	0.0
730	3073.0	0.0
740	2974.0	0.0
750	2882.1666666666665	0.0
760	2726.5	0.0
770	2845.5	0.0
780	2803.6666666666665	0.0
790	2507.0	0.0
800	2815.0	0.0
810	2892.6666666666665	0.0
820	2803.3333333333335	0.0
830	3005.5	0.0
840	2979.6666666666665	0.0
850	3085.0	0.0
860	3002.0	0.0
870	2699.8333333333335	0.0
880	2672.3333333333335	0.0
890	2735.1666666666665	0.0
900	2906.0	0.0
910	3000.1666666666665	0.0
920	2786.8333333333335	0.0
930	3132.5	0.0
940	3106.6666666666665	0.0
950	3058.8333333333335	0.0
960	3088.6666666666665	0.0
970	3042.0	0.0
980	3040.5	0.0
990	3139.5	0.0
1000	2899.5	0.0
