0	242.66666666666666	0.0
10	1949.0	1000.0
20	1859.6666666666667	0.0
30	1903.3333333333333	0.0
40	2123.5	0.0
50	1869.6666666666667	0.0
60	2184.6666666666665	0.0
70	1951.6666666666667	0.0
80	2153.3333333333335	0.0
90	2215.0	0.0
100	2216.3333333333335	0.0
110	2255.6666666666665	0.0
120	2263.3333333333335	0.0
130	2065.6666666666665	0.0
140	2448.5	0.0
150	2237.1666666666665	0.0
160	2034.8333333333333	0.0
170	2367.6666666666665	0.0
180	2334.3333333333335	0.0
190	2116.6666666666665	0.0
200	2174.0	0.0
210	2221.3333333333335	0.0
220	2315.1666666666665	0.0
230	2271.1666666666665	0.0
240	2178.3333333333335	0.0
250	2125.5	0.0
260	2255.6666666666665	0.0
270	2501.5	0.0
280	2358.0	0.0
290	2421.1666666666665	0.0
300	2346.8333333333335	0.0
310	2554.3333333333335	0.0
320	2452.0	0.0
330	2444.8333333333335	0.0
340	2306.6666666666665	0.0
350	2450.3333333333335	0.0
360	2326.1666666666665	0.0
370	2494.0	0.0
380	2297.3333333333335	0.0
390	2505.6666666666665	0.0
400	2720.8333333333335	0.0
410	2431.5	0.0
420	2338.8333333333335	0.0
430	2798.6666666666665	0.0
440	2980.3333333333335	0.0
450	2393.5	0.0
460	2941.6666666666665	0.0
470	2651.5	0.0
480	2626.6666666666665	0.0
490	2726.1666666666665	0.0
500	2440.1666666666665	0.0
510	2698.6666666666665	0.0
520	2723.8333333333335	0.0
530	2757.1666666666665	0.0
540	2806.5	0.0
550	2778.8333333333335	0.0
560	2812.1666666666665	0.0
570	2661.3333333333335	0.0
580	2775.1666666666665	0.0
590	2828.5	0.0
600	2620.3333333333335	0.0
610	2681.6666666666665	0.0
620	2564.8333333333335	0.0
630	2645.0	0.0
640	2705.8333333333335	0.0
650	2798.6666666666665	0.0
660	2871.1666666666665	0.0
670	2816.8333333333335	0.0
680	2865.6666666666665	0.0
690	2582.1666666666665	0.0
700	2746.5	0.0
710	2961.8333333333335	0.0
720	2679.1666666666665	0.0
730	2557.6666666666665	0.0
740	2593.5	0.0
750	2763.5	0.0
760	2729.8333333333335	0.0
770	2850.0	0.0
780	2982.5	0.0
790	2836.8333333333335	0.0
800	2761.6666666666665	0.0
810	2810.6666666666665	0.0
820	2807.6666666666665	0.0
830	2873.0	0.0
840	2855.3333333333335	0.0
850	2775.0	0.0
860	2797.8333333333335	0.0
870	2884.0	0.0
880	2721.8333333333335	0.0
890	2982.8333333333335	0.0
900	2518.6666666666665	0.0
910	3037.6666666666665	0.0
920	2945.3333333333335	0.0
930	3065.5	0.0
940	2833.5	0.0
950	2986.5	0.0
960	3011.0	0.0
970	3258.5	0.0
980	2856.3333333333335	0.0
990	2966.5	0.0
1000	2987.8333333333335	0.0
