0	257.6666666666667	0.0
10	70.0	0.0
20	70.0	0.0
30	70.0	0.0
40	70.0	0.0
50	70.0	0.0
60	70.0	0.0
70	70.0	0.0
80	70.33333333333333	0.0
90	71.33333333333333	0.0
100	90.33333333333333	0.0
110	72.0	52.0
120	497.0	0.0
130	151.0	0.0
140	211.66666666666666	48.0
150	512.3333333333334	35.0
160	87.33333333333333	71.0
170	211.66666666666666	9.0
180	787.6666666666666	44.0
190	1862.3333333333333	84.0
200	2216.0	142.0
210	2316.0	32.0
220	2220.0	62.0
230	2333.6666666666665	98.0
240	2142.3333333333335	144.0
250	2421.1666666666665	155.0
260	2394.0	24.0
270	2532.8333333333335	0.0
280	2094.6666666666665	0.0
290	2414.8333333333335	0.0
300	2476.6666666666665	0.0
310	2261.6666666666665	0.0
320	2455.1666666666665	0.0
330	2554.0	0.0
340	2248.3333333333335	0.0
350	2446.3333333333335	0.0
360	2706.3333333333335	0.0
370	1983.6666666666667	0.0
380	2287.1666666666665	0.0
390	2465.3333333333335	0.0
400	1613.3333333333333	0.0
410	1215.3333333333333	0.0
420	2171.3333333333335	0.0
430	2303.0	0.0
440	1695.3333333333333	0.0
450	1844.8333333333333	0.0
460	1542.5	0.0
470	1992.3333333333333	0.0
480	2356.8333333333335	0.0
490	1854.3333333333333	0.0
500	2533.6666666666665	0.0
510	2614.1666666666665	0.0
520	2452.6666666666665	0.0
530	2414.5	0.0
540	2403.1666666666665	0.0
550	1759.8333333333333	0.0
560	1543.0	0.0
570	1891.0	0.0
580	2339.0	0.0
590	2538.3333333333335	0.0
600	1736.1666666666667	0.0
610	1943.0	0.0
620	2160.3333333333335	0.0
630	2006.0	0.0
640	2286.3333333333335	0.0
650	2293.8333333333335	0.0
660	2213.5	0.0
670	2290.8333333333335	0.0
680	1127.3333333333333	0.0
690	1726.3333333333333	0.0
700	1349.6666666666667	0.0
710	1540.3333333333333	0.0
720	1946.3333333333333	0.0
730	1638.1666666666667	0.0
740	2070.0	0.0
750	1812.3333333333333	0.0
760	2317.6666666666665	0.0
770	2484.0	0.0
780	2359.6666666666665	0.0
790	2476.5	0.0
800	2385.0	0.0
810	2373.8333333333335	0.0
820	2502.0	0.0
830	2433.6666666666665	0.0
840	2363.3333333333335	0.0
850	2648.1666666666665	0.0
860	2471.0	0.0
870	2441.0	0.0
880	2423.6666666666665	0.0
890	2287.6666666666665	0.0
900	2505.0	0.0
910	2741.8333333333335	0.0
920	2242.3333333333335	0.0
930	2610.0	0.0
940	2188.3333333333335	0.0
950	2512.5	0.0
960	2306.6666666666665	0.0
970	2579.8333333333335	0.0
980	2500.6666666666665	0.0
990	2242.3333333333335	0.0
1000	2294.8333333333335	0.0
