0	293.3333333333333	0.0
10	70.0	0.0
20	70.0	0.0
30	70.0	0.0
40	70.0	0.0
50	70.0	0.0
60	70.0	0.0
70	70.0	0.0
80	70.0	0.0
90	71.0	0.0
100	139.0	0.0
110	111.33333333333333	9.0
120	76.33333333333333	29.0
130	77.66666666666667	0.0
140	395.0	0.0
150	340.3333333333333	0.0
160	139.66666666666666	27.0
170	630.3333333333334	33.0
180	204.66666666666666	31.0
190	145.33333333333334	71.0
200	533.3333333333334	0.0
210	606.3333333333334	33.0
220	722.0	24.0
230	927.6666666666666	34.0
240	1579.5	124.0
250	1591.8333333333333	114.0
260	2074.0	112.0
270	2331.0	124.0
280	2133.3333333333335	107.0
290	2176.6666666666665	84.0
300	2189.0	44.0
310	2659.1666666666665	0.0
320	2271.3333333333335	0.0
330	2633.0	0.0
340	2411.3333333333335	0.0
350	2430.3333333333335	0.0
360	2652.1666666666665	0.0
370	2499.0	0.0
380	2428.3333333333335	0.0
390	2540.0	0.0
400	2571.6666666666665	0.0
410	2197.0	0.0
420	2128.3333333333335	0.0
430	2657.3333333333335	0.0
440	1507.6666666666667	0.0
450	2469.6666666666665	0.0
460	2521.3333333333335	0.0
470	2145.3333333333335	0.0
480	1771.6666666666667	0.0
490	2298.6666666666665	0.0
500	2194.3333333333335	0.0
510	1893.6666666666667	0.0
520	1462.3333333333333	0.0
530	1962.3333333333333	0.0
540	1325.3333333333333	0.0
550	1183.5	0.0
560	1302.8333333333333	0.0
570	1211.6666666666667	0.0
580	1247.1666666666667	0.0
590	1946.3333333333333	0.0
600	2250.3333333333335	0.0
610	1523.0	0.0
620	1525.5	0.0
630	1896.3333333333333	0.0
640	1897.6666666666667	0.0
650	1669.6666666666667	0.0
660	1977.3333333333333	0.0
670	1718.1666666666667	0.0
680	1634.5	0.0
690	1680.1666666666667	0.0
700	1975.0	0.0
710	1662.3333333333333	0.0
720	2014.5	0.0
730	1986.5	0.0
740	1914.3333333333333	0.0
750	1951.6666666666667	0.0
760	1779.6666666666667	0.0
770	1909.6666666666667	0.0
780	1723.3333333333333	0.0
790	2136.3333333333335	0.0
800	2373.6666666666665	0.0
810	2573.0	0.0
820	2431.1666666666665	0.0
830	2338.3333333333335	0.0
840	2185.0	0.0
850	2446.6666666666665	0.0
860	2219.6666666666665	0.0
870	2290.0	0.0
880	2156.5	0.0
890	2302.3333333333335	0.0
900	2318.3333333333335	0.0
910	2348.6666666666665	0.0
920	2363.6666666666665	0.0
930	2063.8333333333335	0.0
940	1642.8333333333333	0.0
950	1828.0	0.0
960	2020.6666666666667	0.0
970	2075.0	0.0
980	2399.5	0.0
990	2350.5	0.0
1000	2124.3333333333335	0.0
