0	276.3333333333333	0.0
10	70.0	0.0
20	70.0	0.0
30	70.0	0.0
40	70.0	0.0
50	70.0	0.0
60	70.0	0.0
70	70.0	0.0
80	70.0	0.0
90	85.33333333333333	0.0
100	138.0	0.0
110	95.0	0.0
120	153.0	0.0
130	211.66666666666666	0.0
140	348.6666666666667	0.0
150	381.3333333333333	0.0
160	204.0	1.0
170	175.0	5.0
180	356.3333333333333	42.0
190	143.33333333333334	63.0
200	135.66666666666666	61.0
210	329.3333333333333	21.0
220	297.6666666666667	66.0
230	615.6666666666666	0.0
240	648.3333333333334	55.0
250	885.6666666666666	72.0
260	1258.6666666666667	55.0
270	1895.0	115.0
280	2224.3333333333335	93.0
290	2437.8333333333335	143.0
300	2354.3333333333335	61.0
310	2414.6666666666665	86.0
320	2487.5	61.0
330	2242.5	0.0
340	2437.6666666666665	0.0
350	2477.3333333333335	0.0
360	2523.0	0.0
370	2615.0	0.0
380	2480.6666666666665	0.0
390	2553.8333333333335	0.0
400	2559.1666666666665	0.0
410	2471.3333333333335	0.0
420	2378.6666666666665	0.0
430	2574.8333333333335	0.0
440	2450.3333333333335	0.0
450	2475.5	0.0
460	2468.1666666666665	0.0
470	2521.0	0.0
480	2478.0	0.0
490	2342.6666666666665	0.0
500	2456.6666666666665	0.0
510	2301.3333333333335	0.0
520	2187.6666666666665	0.0
530	2272.0	0.0
540	2271.6666666666665	0.0
550	2290.3333333333335	0.0
560	2181.6666666666665	0.0
570	1872.6666666666667	0.0
580	1883.1666666666667	0.0
590	1738.3333333333333	0.0
600	2199.1666666666665	0.0
610	1597.3333333333333	0.0
620	2142.0	0.0
630	1924.3333333333333	0.0
640	2058.8333333333335	0.0
650	2533.8333333333335	0.0
660	1793.0	0.0
670	2008.1666666666667	0.0
680	1805.3333333333333	0.0
690	1741.0	0.0
700	1176.0	0.0
710	2157.1666666666665	0.0
720	1936.6666666666667	0.0
730	1893.0	0.0
740	1895.8333333333333	0.0
750	1730.0	0.0
760	1616.0	0.0
770	1653.0	0.0
780	2027.1666666666667	0.0
790	1832.3333333333333	0.0
800	1953.8333333333333	0.0
810	2130.0	0.0
820	1906.0	0.0
830	1623.3333333333333	0.0
840	2162.8333333333335	0.0
850	2188.0	0.0
860	2721.6666666666665	0.0
870	2499.1666666666665	0.0
880	2272.8333333333335	0.0
890	2365.6666666666665	0.0
900	2558.8333333333335	0.0
910	2548.1666666666665	0.0
920	2523.6666666666665	0.0
930	2507.0	0.0
940	2619.5	0.0
950	2376.1666666666665	0.0
960	2640.0	0.0
970	2324.6666666666665	0.0
980	2176.5	0.0
990	2200.3333333333335	0.0
1000	2329.3333333333335	0.0
