0	255.33333333333334	0.0
10	143.66666666666666	1000.0
20	131.33333333333334	0.0
30	463.6666666666667	0.0
40	140.0	0.0
50	108.33333333333333	0.0
60	132.0	0.0
70	454.6666666666667	0.0
80	418.0	0.0
90	161.0	0.0
100	948.6666666666666	0.0
110	1315.6666666666667	0.0
120	1447.6666666666667	0.0
130	1222.3333333333333	0.0
140	1135.0	0.0
150	1470.0	0.0
160	1425.3333333333333	0.0
170	2098.0	0.0
180	1952.3333333333333	0.0
190	2031.6666666666667	0.0
200	1985.8333333333333	0.0
210	2040.6666666666667	0.0
220	2197.0	0.0
230	2042.0	0.0
240	2374.0	0.0
250	1924.6666666666667	0.0
260	2053.0	0.0
270	2289.1666666666665	0.0
280	2177.6666666666665	0.0
290	2162.0	0.0
300	2398.0	0.0
310	2623.1666666666665	0.0
320	2239.3333333333335	0.0
330	2736.1666666666665	0.0
340	2443.3333333333335	0.0
350	2129.1666666666665	0.0
360	2419.3333333333335	0.0
370	2212.8333333333335	0.0
380	2747.5	0.0
390	2717.5	0.0
400	2390.6666666666665	0.0
410	2330.1666666666665	0.0
420	2420.3333333333335	0.0
430	2515.6666666666665	0.0
440	2468.3333333333335	0.0
450	2866.3333333333335	0.0
460	2376.5	0.0
470	2452.6666666666665	0.0
480	2401.0	0.0
490	2626.0	0.0
500	2648.6666666666665	0.0
510	2562.8333333333335	0.0
520	2648.6666666666665	0.0
530	2472.3333333333335	0.0
540	2467.8333333333335	0.0
550	2536.3333333333335	0.0
560	2827.3333333333335	0.0
570	2756.0	0.0
580	2759.3333333333335	0.0
590	2634.8333333333335	0.0
600	2455.1666666666665	0.0
610	2615.0	0.0
620	2520.0	0.0
630	2601.6666666666665	0.0
640	2527.8333333333335	0.0
650	2394.0	0.0
660	2550.1666666666665	0.0
670	2589.3333333333335	0.0
680	2302.0	0.0
690	2105.6666666666665	0.0
700	2638.6666666666665	0.0
710	2454.0	0.0
720	2354.0	0.0
730	2697.6666666666665	0.0
740	2170.6666666666665	0.0
750	2515.5	0.0
760	2679.0	0.0
770	2210.3333333333335	0.0
780	2169.0	0.0
790	2338.3333333333335	0.0
800	1993.0	0.0
810	2054.0	0.0
820	2046.8333333333333	0.0
830	1946.3333333333333	0.0
840	2223.3333333333335	0.0
850	2091.0	0.0
860	1785.1666666666667	0.0
870	2014.6666666666667	0.0
880	2098.1666666666665	0.0
890	2133.1666666666665	0.0
900	2123.6666666666665	0.0
910	1893.6666666666667	0.0
920	1932.6666666666667	0.0
930	2345.0	0.0
940	2455.3333333333335	0.0
950	2257.6666666666665	0.0
960	2228.0	0.0
970	2206.6666666666665	0.0
980	2356.1666666666665	0.0
990	2138.6666666666665	0.0
1000	2418.8333333333335	0.0
