0	301.6666666666667	0.0
10	70.0	0.0
20	70.0	0.0
30	70.0	0.0
40	70.0	0.0
50	70.0	0.0
60	70.0	0.0
70	70.0	0.0
80	70.66666666666667	0.0
90	82.33333333333333	0.0
100	71.33333333333333	39.0
110	74.66666666666667	0.0
120	152.66666666666666	0.0
130	151.0	0.0
140	153.0	0.0
150	130.33333333333334	0.0
160	431.6666666666667	87.0
170	108.33333333333333	68.0
180	508.0	40.0
190	767.6666666666666	49.0
200	960.6666666666666	272.0
210	1100.0	260.0
220	1481.6666666666667	185.0
230	2129.3333333333335	0.0
240	2371.8333333333335	0.0
250	2245.3333333333335	0.0
260	2235.8333333333335	0.0
270	2362.3333333333335	0.0
280	2254.8333333333335	0.0
290	2391.0	0.0
300	2385.1666666666665	0.0
310	2122.6666666666665	0.0
320	2345.6666666666665	0.0
330	2119.6666666666665	0.0
340	2326.3333333333335	0.0
350	2118.8333333333335	0.0
360	2507.3333333333335	0.0
370	2604.0	0.0
380	2456.3333333333335	0.0
390	2550.3333333333335	0.0
400	2321.1666666666665	0.0
410	2256.3333333333335	0.0
420	2437.3333333333335	0.0
430	2370.5	0.0
440	2479.1666666666665	0.0
450	2479.6666666666665	0.0
460	2498.0	0.0
470	2252.0	0.0
480	2375.6666666666665	0.0
490	2637.0	0.0
500	2106.3333333333335	0.0
510	2460.8333333333335	0.0
520	2662.3333333333335	0.0
530	2540.6666666666665	0.0
540	2163.6666666666665	0.0
550	2281.3333333333335	0.0
560	2392.0	0.0
570	1875.6666666666667	0.0
580	2338.6666666666665	0.0
590	1906.5	0.0
600	1841.5	0.0
610	1860.3333333333333	0.0
620	2175.8333333333335	0.0
630	1903.8333333333333	0.0
640	1889.1666666666667	0.0
650	2132.0	0.0
660	1755.6666666666667	0.0
670	1752.6666666666667	0.0
680	2360.0	0.0
690	2516.8333333333335	0.0
700	2031.1666666666667	0.0
710	1799.5	0.0
720	1778.6666666666667	0.0
730	1881.0	0.0
740	1807.8333333333333	0.0
750	1958.1666666666667	0.0
760	1981.3333333333333	0.0
770	1832.5	0.0
780	2355.3333333333335	0.0
790	2644.0	0.0
800	1757.3333333333333	0.0
810	1719.5	0.0
820	2049.3333333333335	0.0
830	1662.6666666666667	0.0
840	2002.3333333333333	0.0
850	2103.3333333333335	0.0
860	2088.1666666666665	0.0
870	1816.0	0.0
880	2312.0	0.0
890	1895.5	0.0
900	2112.8333333333335	0.0
910	2185.8333333333335	0.0
920	2163.6666666666665	0.0
930	1874.5	0.0
940	2263.6666666666665	0.0
950	2612.0	0.0
960	2397.5	0.0
970	2494.0	0.0
980	2415.3333333333335	0.0
990	2517.0	0.0
1000	2518.3333333333335	0.0
