0	257.6666666666667	0.0
10	70.0	0.0
20	70.0	0.0
30	70.0	0.0
40	70.0	0.0
50	70.0	0.0
60	70.0	0.0
70	70.0	0.0
80	71.66666666666667	0.0
90	74.66666666666667	0.0
100	73.33333333333333	0.0
110	71.66666666666667	0.0
120	216.33333333333334	0.0
130	134.0	0.0
140	379.6666666666667	34.0
150	287.6666666666667	0.0
160	265.6666666666667	55.0
170	130.33333333333334	158.0
180	109.0	40.0
190	1248.6666666666667	20.0
200	804.3333333333334	158.0
210	1056.6666666666667	68.0
220	2198.8333333333335	347.0
230	1976.6666666666667	120.0
240	2072.3333333333335	0.0
250	2320.3333333333335	0.0
260	2604.8333333333335	0.0
270	2294.8333333333335	0.0
280	2288.0	0.0
290	2155.3333333333335	0.0
300	2629.0	0.0
310	2349.3333333333335	0.0
320	2246.0	0.0
330	2336.0	0.0
340	2304.0	0.0
350	2245.0	0.0
360	2446.3333333333335	0.0
370	2401.6666666666665	0.0
380	1985.0	0.0
390	1926.8333333333333	0.0
400	1957.0	0.0
410	1993.1666666666667	0.0
420	1780.8333333333333	0.0
430	1209.8333333333333	0.0
440	2693.0	0.0
450	2492.6666666666665	0.0
460	2234.6666666666665	0.0
470	1983.6666666666667	0.0
480	1903.5	0.0
490	1879.6666666666667	0.0
500	1904.3333333333333	0.0
510	1203.0	0.0
520	1462.3333333333333	0.0
530	1810.1666666666667	0.0
540	2081.3333333333335	0.0
550	2224.0	0.0
560	1561.6666666666667	0.0
570	2202.0	0.0
580	2086.5	0.0
590	1958.0	0.0
600	1703.1666666666667	0.0
610	1597.8333333333333	0.0
620	1574.6666666666667	0.0
630	1654.0	0.0
640	2034.3333333333333	0.0
650	2005.1666666666667	0.0
660	2644.1666666666665	0.0
670	2215.6666666666665	0.0
680	2401.5	0.0
690	2588.3333333333335	0.0
700	2709.6666666666665	0.0
710	2415.3333333333335	0.0
720	2316.3333333333335	0.0
730	1792.0	0.0
740	2071.6666666666665	0.0
750	2042.6666666666667	0.0
760	2004.1666666666667	0.0
770	1854.6666666666667	0.0
780	1910.6666666666667	0.0
790	1900.6666666666667	0.0
800	2453.3333333333335	0.0
810	2453.0	0.0
820	1904.3333333333333	0.0
830	1964.6666666666667	0.0
840	2051.8333333333335	0.0
850	2544.0	0.0
860	2376.0	0.0
870	2511.6666666666665	0.0
880	2469.6666666666665	0.0
890	2173.6666666666665	0.0
900	2399.0	0.0
910	2699.0	0.0
920	2717.3333333333335	0.0
930	2622.5	0.0
940	2389.6666666666665	0.0
950	2306.6666666666665	0.0
960	2312.5	0.0
970	2475.0	0.0
980	2404.0	0.0
990	2342.1666666666665	0.0
1000	2130.0	0.0
