0	251.0	0.0
10	70.0	0.0
20	70.0	0.0
30	70.0	0.0
40	70.0	0.0
50	70.0	0.0
60	70.0	0.0
70	70.0	0.0
80	70.0	0.0
90	72.33333333333333	0.0
100	81.0	0.0
110	127.0	0.0
120	232.66666666666666	1.0
130	137.33333333333334	0.0
140	179.0	48.0
150	150.66666666666666	19.0
160	125.66666666666667	73.0
170	146.33333333333334	32.0
180	1609.3333333333333	222.0
190	1782.3333333333333	461.0
200	1969.6666666666667	144.0
210	1662.0	0.0
220	2146.3333333333335	0.0
230	2029.3333333333333	0.0
240	2180.3333333333335	0.0
250	2117.0	0.0
260	2228.6666666666665	0.0
270	2286.5	0.0
280	2163.6666666666665	0.0
290	2641.6666666666665	0.0
300	2297.0	0.0
310	2133.3333333333335	0.0
320	2363.3333333333335	0.0
330	2551.3333333333335	0.0
340	2291.3333333333335	0.0
350	2402.6666666666665	0.0
360	2140.5	0.0
370	1704.3333333333333	0.0
380	903.6666666666666	0.0
390	1284.0	0.0
400	1578.3333333333333	0.0
410	1691.5	0.0
420	1544.0	0.0
430	1706.8333333333333	0.0
440	1525.6666666666667	0.0
450	1785.0	0.0
460	2018.0	0.0
470	1822.8333333333333	0.0
480	1383.0	0.0
490	1253.0	0.0
500	1977.6666666666667	0.0
510	1915.8333333333333	0.0
520	2082.0	0.0
530	1895.5	0.0
540	2481.0	0.0
550	2358.3333333333335	0.0
560	2306.6666666666665	0.0
570	1797.6666666666667	0.0
580	1904.1666666666667	0.0
590	2018.6666666666667	0.0
600	1894.6666666666667	0.0
610	1785.0	0.0
620	1944.3333333333333	0.0
630	2376.5	0.0
640	2300.0	0.0
650	2221.0	0.0
660	2436.6666666666665	0.0
670	2420.3333333333335	0.0
680	2423.3333333333335	0.0
690	2318.6666666666665	0.0
700	2456.6666666666665	0.0
710	2274.0	0.0
720	2425.6666666666665	0.0
730	2680.5	0.0
740	2536.3333333333335	0.0
750	2389.5	0.0
760	2442.1666666666665	0.0
770	2363.3333333333335	0.0
780	2364.6666666666665	0.0
790	2340.8333333333335	0.0
800	2571.0	0.0
810	2299.0	0.0
820	2313.3333333333335	0.0
830	2504.0	0.0
840	2587.6666666666665	0.0
850	2434.6666666666665	0.0
860	2062.6666666666665	0.0
870	1968.1666666666667	0.0
880	2061.3333333333335	0.0
890	1907.8333333333333	0.0
900	2002.3333333333333	0.0
910	1964.1666666666667	0.0
920	2410.6666666666665	0.0
930	1952.1666666666667	0.0
940	2140.6666666666665	0.0
950	1882.0	0.0
960	2167.8333333333335	0.0
970	2284.1666666666665	0.0
980	2004.6666666666667	0.0
990	2161.5	0.0
1000	1724.3333333333333	0.0
