0	258.67777777777775	0.0
10	2042.466666666667	71.63333333333334
20	2096.438888888889	51.9
30	2081.0888888888894	61.3
40	2144.644444444444	55.46666666666667
50	2158.288888888889	59.8
60	2222.505555555556	65.86666666666666
70	2339.0944444444444	79.3
80	2384.6111111111113	75.03333333333333
90	2469.911111111111	59.53333333333333
100	2465.161111111111	57.5
110	2412.316666666666	70.43333333333334
120	2461.366666666667	62.43333333333333
130	2498.9111111111106	48.766666666666666
140	2584.577777777778	32.333333333333336
150	2546.088888888889	38.733333333333334
160	2647.2222222222217	38.1
170	2607.3666666666663	30.7
180	2618.5888888888885	23.733333333333334
190	2638.4777777777776	4.833333333333333
200	2557.5666666666666	6.4
210	2584.3666666666663	6.2
220	2667.3944444444437	0.0
230	2657.8222222222225	0.0
240	2631.3444444444444	0.0
250	2773.5944444444444	0.0
260	2710.355555555556	0.0
270	2780.516666666667	0.0
280	2843.688888888889	0.0
290	2782.138888888889	0.0
300	2815.4499999999994	0.0
310	2908.9222222222224	0.0
320	2937.772222222222	0.0
330	2987.8888888888887	0.0
340	3109.783333333333	0.0
350	3085.4666666666662	0.0
360	3125.5166666666673	0.0
370	3145.1555555555556	0.0
380	3227.6888888888893	0.0
390	3269.361111111111	0.0
400	3317.7222222222217	0.0
410	3354.8722222222223	0.0
420	3303.755555555555	0.0
430	3333.9944444444436	0.0
440	3390.494444444444	0.0
450	3340.450000000001	0.0
460	3364.5055555555564	0.0
470	3383.1055555555563	0.0
480	3402.4555555555557	0.0
490	3437.005555555555	0.0
500	3371.044444444444	0.0
510	3487.994444444444	0.0
520	3425.0055555555564	0.0
530	3503.7944444444443	0.0
540	3470.8222222222203	0.0
550	3559.9000000000005	0.0
560	3599.7555555555564	0.0
570	3517.0722222222225	0.0
580	3580.427777777778	0.0
590	3560.4777777777776	0.0
600	3507.916666666666	0.0
610	3627.7888888888897	0.0
620	3565.5555555555547	0.0
630	3531.8888888888896	0.0
640	3614.5277777777783	0.0
650	3652.0722222222225	0.0
660	3699.5555555555557	0.0
670	3743.75	0.0
680	3619.7222222222235	0.0
690	3696.8166666666666	0.0
700	3657.9055555555556	0.0
710	3741.694444444444	0.0
720	3765.8722222222227	0.0
730	3784.1388888888887	0.0
740	3690.0500000000015	0.0
750	3716.222222222222	0.0
760	3797.4111111111106	0.0
770	3738.9166666666674	0.0
780	3708.2944444444447	0.0
790	3763.744444444444	0.0
800	3745.7055555555567	0.0
810	3762.6444444444437	0.0
820	3740.55	0.0
830	3661.4666666666662	0.0
840	3707.088888888889	0.0
850	3790.8055555555557	0.0
860	3722.9611111111103	0.0
870	3819.666666666667	0.0
880	3756.111111111111	0.0
890	3845.438888888889	0.0
900	3714.083333333334	0.0
910	3782.188888888889	0.0
920	3746.7166666666667	0.0
930	3723.9722222222217	0.0
940	3716.522222222223	0.0
950	3748.1388888888882	0.0
960	3852.9944444444436	0.0
970	3775.2000000000003	0.0
980	3772.116666666667	0.0
990	3794.5333333333338	0.0
1000	3748.1388888888896	0.0
