0	246.33333333333334	0.0
10	2071.3333333333335	149.0
20	2133.3333333333335	9.0
30	1911.6666666666667	153.0
40	2050.6666666666665	45.0
50	1625.0	51.0
60	2251.8333333333335	45.0
70	2263.8333333333335	19.0
80	2293.3333333333335	114.0
90	2687.1666666666665	42.0
100	2520.6666666666665	18.0
110	2228.5	58.0
120	2397.0	79.0
130	2570.6666666666665	27.0
140	2568.3333333333335	93.0
150	2590.6666666666665	39.0
160	2390.6666666666665	59.0
170	2695.0	0.0
180	2190.8333333333335	0.0
190	2526.5	0.0
200	2690.6666666666665	0.0
210	2877.3333333333335	0.0
220	2854.6666666666665	0.0
230	2631.8333333333335	0.0
240	2305.8333333333335	0.0
250	2669.8333333333335	0.0
260	2810.0	0.0
270	2908.5	0.0
280	2486.1666666666665	0.0
290	2704.5	0.0
300	2429.8333333333335	0.0
310	2411.1666666666665	0.0
320	2595.6666666666665	0.0
330	2483.8333333333335	0.0
340	2701.3333333333335	0.0
350	2577.0	0.0
360	2746.1666666666665	0.0
370	3491.1666666666665	0.0
380	3761.1666666666665	0.0
390	3289.3333333333335	0.0
400	3780.5	0.0
410	3680.0	0.0
420	3293.8333333333335	0.0
430	3359.1666666666665	0.0
440	3170.5	0.0
450	3654.1666666666665	0.0
460	3618.6666666666665	0.0
470	3353.0	0.0
480	3026.8333333333335	0.0
490	3596.3333333333335	0.0
500	3253.5	0.0
510	3778.5	0.0
520	3171.0	0.0
530	3687.0	0.0
540	3212.0	0.0
550	3010.3333333333335	0.0
560	3719.0	0.0
570	3556.5	0.0
580	3924.0	0.0
590	3398.0	0.0
600	3655.3333333333335	0.0
610	3477.8333333333335	0.0
620	3812.5	0.0
630	3555.6666666666665	0.0
640	3437.6666666666665	0.0
650	3709.1666666666665	0.0
660	3296.5	0.0
670	3335.1666666666665	0.0
680	3565.1666666666665	0.0
690	3422.0	0.0
700	3078.3333333333335	0.0
710	3198.3333333333335	0.0
720	3855.3333333333335	0.0
730	3717.6666666666665	0.0
740	3820.6666666666665	0.0
750	3760.1666666666665	0.0
760	3500.1666666666665	0.0
770	3854.6666666666665	0.0
780	3687.5	0.0
790	3659.5	0.0
800	3261.1666666666665	0.0
810	3572.6666666666665	0.0
820	3759.8333333333335	0.0
830	3869.0	0.0
840	3902.5	0.0
850	3868.6666666666665	0.0
860	3863.5	0.0
870	3746.8333333333335	0.0
880	3642.3333333333335	0.0
890	4067.0	0.0
900	3848.3333333333335	0.0
910	3501.3333333333335	0.0
920	3347.8333333333335	0.0
930	3627.5	0.0
940	3759.3333333333335	0.0
950	3773.6666666666665	0.0
960	3627.8333333333335	0.0
970	3816.6666666666665	0.0
980	3919.6666666666665	0.0
990	4122.166666666667	0.0
1000	3644.0	0.0
