0	216.66666666666666	0.0
10	2194.6666666666665	54.0
20	2152.8333333333335	95.0
30	2241.8333333333335	76.0
40	2135.8333333333335	107.0
50	2099.8333333333335	84.0
60	2560.1666666666665	114.0
70	2589.1666666666665	82.0
80	2620.0	121.0
90	2459.5	55.0
100	2398.8333333333335	68.0
110	2107.8333333333335	103.0
120	2227.0	41.0
130	2696.3333333333335	0.0
140	2648.3333333333335	0.0
150	2208.3333333333335	0.0
160	2580.0	0.0
170	2382.6666666666665	0.0
180	2659.8333333333335	0.0
190	2545.8333333333335	0.0
200	2685.3333333333335	0.0
210	2647.0	0.0
220	2714.0	0.0
230	2089.5	0.0
240	2924.0	0.0
250	3083.5	0.0
260	3072.1666666666665	0.0
270	3011.1666666666665	0.0
280	2776.8333333333335	0.0
290	2984.8333333333335	0.0
300	2820.6666666666665	0.0
310	2820.1666666666665	0.0
320	3499.6666666666665	0.0
330	2599.1666666666665	0.0
340	2737.8333333333335	0.0
350	3419.3333333333335	0.0
360	2981.6666666666665	0.0
370	3484.6666666666665	0.0
380	3220.3333333333335	0.0
390	3132.5	0.0
400	3668.3333333333335	0.0
410	3647.3333333333335	0.0
420	3026.3333333333335	0.0
430	3381.0	0.0
440	3653.8333333333335	0.0
450	3232.1666666666665	0.0
460	3566.3333333333335	0.0
470	3857.8333333333335	0.0
480	3125.8333333333335	0.0
490	3587.0	0.0
500	3790.0	0.0
510	3631.8333333333335	0.0
520	3223.5	0.0
530	3402.8333333333335	0.0
540	3245.8333333333335	0.0
550	3916.3333333333335	0.0
560	3258.8333333333335	0.0
570	3719.0	0.0
580	3546.0	0.0
590	3636.1666666666665	0.0
600	3614.1666666666665	0.0
610	3436.3333333333335	0.0
620	3192.3333333333335	0.0
630	3652.8333333333335	0.0
640	3331.1666666666665	0.0
650	3563.6666666666665	0.0
660	3729.8333333333335	0.0
670	3870.5	0.0
680	3443.8333333333335	0.0
690	3298.8333333333335	0.0
700	3223.0	0.0
710	3844.6666666666665	0.0
720	3800.3333333333335	0.0
730	3718.6666666666665	0.0
740	3894.5	0.0
750	3926.3333333333335	0.0
760	3955.0	0.0
770	3772.6666666666665	0.0
780	3669.8333333333335	0.0
790	3540.1666666666665	0.0
800	3898.5	0.0
810	3499.1666666666665	0.0
820	3671.0	0.0
830	3607.6666666666665	0.0
840	3408.3333333333335	0.0
850	3978.0	0.0
860	3681.1666666666665	0.0
870	3741.6666666666665	0.0
880	3706.3333333333335	0.0
890	3643.1666666666665	0.0
900	3592.3333333333335	0.0
910	3930.8333333333335	0.0
920	3576.8333333333335	0.0
930	3549.0	0.0
940	3692.5	0.0
950	3618.1666666666665	0.0
960	3608.6666666666665	0.0
970	3910.5	0.0
980	3565.8333333333335	0.0
990	3728.0	0.0
1000	3862.3333333333335	0.0
