0	312.6666666666667	0.0
10	2203.3333333333335	0.0
20	2158.1666666666665	53.0
30	2051.8333333333335	72.0
40	2029.0	10.0
50	2179.1666666666665	84.0
60	2224.6666666666665	108.0
70	2254.5	47.0
80	2113.8333333333335	52.0
90	2146.0	0.0
100	2360.6666666666665	57.0
110	2292.1666666666665	47.0
120	2431.3333333333335	58.0
130	2660.6666666666665	47.0
140	2716.5	40.0
150	2491.3333333333335	95.0
160	2556.0	5.0
170	2380.1666666666665	47.0
180	2618.5	71.0
190	2735.6666666666665	107.0
200	2708.8333333333335	0.0
210	2595.1666666666665	0.0
220	2845.3333333333335	0.0
230	2248.6666666666665	0.0
240	2167.5	0.0
250	2622.1666666666665	0.0
260	2543.5	0.0
270	2652.6666666666665	0.0
280	2950.6666666666665	0.0
290	2902.6666666666665	0.0
300	2558.1666666666665	0.0
310	2950.0	0.0
320	3002.6666666666665	0.0
330	2754.6666666666665	0.0
340	2840.8333333333335	0.0
350	3026.1666666666665	0.0
360	2920.1666666666665	0.0
370	3103.0	0.0
380	2534.5	0.0
390	2708.8333333333335	0.0
400	3136.8333333333335	0.0
410	3147.0	0.0
420	3244.8333333333335	0.0
430	3118.3333333333335	0.0
440	3265.8333333333335	0.0
450	3097.8333333333335	0.0
460	2685.6666666666665	0.0
470	3321.5	0.0
480	3426.5	0.0
490	3408.1666666666665	0.0
500	3400.5	0.0
510	3335.6666666666665	0.0
520	3614.6666666666665	0.0
530	3806.6666666666665	0.0
540	3553.8333333333335	0.0
550	3550.6666666666665	0.0
560	3607.1666666666665	0.0
570	3271.1666666666665	0.0
580	3317.1666666666665	0.0
590	3292.6666666666665	0.0
600	2967.3333333333335	0.0
610	3272.5	0.0
620	3621.8333333333335	0.0
630	3192.8333333333335	0.0
640	3550.1666666666665	0.0
650	3594.1666666666665	0.0
660	3495.0	0.0
670	4041.5	0.0
680	3234.1666666666665	0.0
690	3426.8333333333335	0.0
700	3890.1666666666665	0.0
710	3883.3333333333335	0.0
720	3267.1666666666665	0.0
730	3737.3333333333335	0.0
740	3845.1666666666665	0.0
750	3948.8333333333335	0.0
760	3622.5	0.0
770	3912.1666666666665	0.0
780	3650.1666666666665	0.0
790	4048.0	0.0
800	3893.1666666666665	0.0
810	3921.3333333333335	0.0
820	3672.6666666666665	0.0
830	4096.5	0.0
840	3489.5	0.0
850	3534.0	0.0
860	3711.8333333333335	0.0
870	3860.1666666666665	0.0
880	3585.6666666666665	0.0
890	3709.1666666666665	0.0
900	3488.6666666666665	0.0
910	3620.8333333333335	0.0
920	3694.6666666666665	0.0
930	3531.5	0.0
940	3542.1666666666665	0.0
950	4078.0	0.0
960	3720.3333333333335	0.0
970	3479.1666666666665	0.0
980	3978.8333333333335	0.0
990	3564.6666666666665	0.0
1000	3825.6666666666665	0.0
