0	261.3333333333333	0.0
10	1838.5	712.0
20	2055.8333333333335	288.0
30	2025.0	0.0
40	2257.8333333333335	0.0
50	1823.0	0.0
60	2202.3333333333335	0.0
70	2104.6666666666665	0.0
80	2277.1666666666665	0.0
90	2181.5	0.0
100	2215.0	0.0
110	2315.0	0.0
120	2512.1666666666665	0.0
130	2698.0	0.0
140	2649.0	0.0
150	2567.0	0.0
160	2701.3333333333335	0.0
170	2755.6666666666665	0.0
180	2168.8333333333335	0.0
190	2503.0	0.0
200	2618.3333333333335	0.0
210	2208.1666666666665	0.0
220	2736.1666666666665	0.0
230	2529.1666666666665	0.0
240	2642.1666666666665	0.0
250	2720.3333333333335	0.0
260	2469.3333333333335	0.0
270	2884.5	0.0
280	2707.3333333333335	0.0
290	2911.1666666666665	0.0
300	2517.3333333333335	0.0
310	2730.8333333333335	0.0
320	3005.5	0.0
330	2905.1666666666665	0.0
340	3353.8333333333335	0.0
350	3112.8333333333335	0.0
360	3282.6666666666665	0.0
370	3506.8333333333335	0.0
380	3379.5	0.0
390	3335.6666666666665	0.0
400	3487.3333333333335	0.0
410	3420.1666666666665	0.0
420	3858.1666666666665	0.0
430	3119.8333333333335	0.0
440	3363.3333333333335	0.0
450	3210.0	0.0
460	3650.8333333333335	0.0
470	3455.8333333333335	0.0
480	3846.0	0.0
490	3788.6666666666665	0.0
500	3480.0	0.0
510	3445.5	0.0
520	3580.1666666666665	0.0
530	3468.6666666666665	0.0
540	3289.5	0.0
550	3415.0	0.0
560	3707.0	0.0
570	3788.1666666666665	0.0
580	3247.0	0.0
590	4037.6666666666665	0.0
600	3533.6666666666665	0.0
610	3914.8333333333335	0.0
620	3832.8333333333335	0.0
630	3819.6666666666665	0.0
640	3687.0	0.0
650	3289.8333333333335	0.0
660	3666.0	0.0
670	3655.6666666666665	0.0
680	3768.8333333333335	0.0
690	3670.8333333333335	0.0
700	3374.3333333333335	0.0
710	3869.6666666666665	0.0
720	3715.1666666666665	0.0
730	3811.3333333333335	0.0
740	3424.3333333333335	0.0
750	3655.1666666666665	0.0
760	3945.1666666666665	0.0
770	3765.6666666666665	0.0
780	3864.1666666666665	0.0
790	3420.5	0.0
800	3972.1666666666665	0.0
810	3823.0	0.0
820	3658.5	0.0
830	3657.1666666666665	0.0
840	3615.1666666666665	0.0
850	4067.8333333333335	0.0
860	3979.1666666666665	0.0
870	3909.6666666666665	0.0
880	3893.1666666666665	0.0
890	3664.6666666666665	0.0
900	3673.1666666666665	0.0
910	3951.3333333333335	0.0
920	3423.1666666666665	0.0
930	3923.8333333333335	0.0
940	3552.5	0.0
950	3617.8333333333335	0.0
960	3732.8333333333335	0.0
970	3695.1666666666665	0.0
980	3901.5	0.0
990	3875.5	0.0
1000	3846.8333333333335	0.0
