0	226.33333333333334	0.0
10	1951.1666666666667	695.0
20	1769.5	305.0
30	1893.1666666666667	0.0
40	2060.6666666666665	0.0
50	2410.6666666666665	0.0
60	2434.3333333333335	0.0
70	2467.0	0.0
80	2554.5	0.0
90	2796.5	0.0
100	2537.8333333333335	0.0
110	2572.6666666666665	0.0
120	2611.1666666666665	0.0
130	3030.5	0.0
140	2711.0	0.0
150	2998.8333333333335	0.0
160	2634.3333333333335	0.0
170	2762.3333333333335	0.0
180	2642.6666666666665	0.0
190	2721.6666666666665	0.0
200	2888.8333333333335	0.0
210	2794.8333333333335	0.0
220	2641.6666666666665	0.0
230	2626.5	0.0
240	2987.0	0.0
250	2913.6666666666665	0.0
260	2603.8333333333335	0.0
270	2435.8333333333335	0.0
280	2628.0	0.0
290	2940.3333333333335	0.0
300	3280.8333333333335	0.0
310	2901.6666666666665	0.0
320	3081.3333333333335	0.0
330	3224.5	0.0
340	2789.8333333333335	0.0
350	3893.0	0.0
360	2806.0	0.0
370	3271.6666666666665	0.0
380	3820.5	0.0
390	3045.5	0.0
400	3557.5	0.0
410	3495.3333333333335	0.0
420	3385.1666666666665	0.0
430	3202.8333333333335	0.0
440	3783.1666666666665	0.0
450	3497.5	0.0
460	3484.1666666666665	0.0
470	3325.6666666666665	0.0
480	3637.8333333333335	0.0
490	3640.8333333333335	0.0
500	3547.8333333333335	0.0
510	3375.0	0.0
520	3436.0	0.0
530	3571.0	0.0
540	3999.5	0.0
550	3920.1666666666665	0.0
560	3311.1666666666665	0.0
570	3438.1666666666665	0.0
580	3857.8333333333335	0.0
590	3992.6666666666665	0.0
600	3709.1666666666665	0.0
610	3873.1666666666665	0.0
620	3813.3333333333335	0.0
630	3689.5	0.0
640	3963.1666666666665	0.0
650	3518.3333333333335	0.0
660	3760.3333333333335	0.0
670	3876.5	0.0
680	3881.0	0.0
690	3471.3333333333335	0.0
700	4099.0	0.0
710	3674.6666666666665	0.0
720	3478.1666666666665	0.0
730	3731.0	0.0
740	3657.5	0.0
750	3714.6666666666665	0.0
760	3627.0	0.0
770	3567.6666666666665	0.0
780	3488.6666666666665	0.0
790	3773.6666666666665	0.0
800	3878.0	0.0
810	3803.5	0.0
820	3601.1666666666665	0.0
830	3746.5	0.0
840	4034.8333333333335	0.0
850	3795.1666666666665	0.0
860	3490.8333333333335	0.0
870	3873.6666666666665	0.0
880	3624.6666666666665	0.0
890	3930.6666666666665	0.0
900	3747.8333333333335	0.0
910	3944.1666666666665	0.0
920	4145.5	0.0
930	3417.6666666666665	0.0
940	3595.5	0.0
950	3731.6666666666665	0.0
960	3385.1666666666665	0.0
970	3120.1666666666665	0.0
980	3443.0	0.0
990	3943.3333333333335	0.0
1000	3706.5	0.0
