0	298.0	0.0
10	70.0	0.0
20	70.0	0.0
30	70.0	1.0
40	70.0	0.0
50	70.0	0.0
60	70.0	0.0
70	70.0	0.0
80	70.33333333333333	0.0
90	74.66666666666667	0.0
100	84.66666666666667	0.0
110	72.0	28.0
120	392.6666666666667	80.0
130	87.0	66.0
140	144.33333333333334	140.0
150	286.3333333333333	209.0
160	570.0	467.0
170	1253.3333333333333	9.0
180	1910.6666666666667	0.0
190	1618.6666666666667	0.0
200	2219.3333333333335	0.0
210	2249.6666666666665	0.0
220	2317.1666666666665	0.0
230	2384.3333333333335	0.0
240	2360.3333333333335	0.0
250	2415.3333333333335	0.0
260	2248.0	0.0
270	2461.1666666666665	0.0
280	2366.6666666666665	0.0
290	2447.6666666666665	0.0
300	2170.3333333333335	0.0
310	2374.6666666666665	0.0
320	2434.8333333333335	0.0
330	1457.6666666666667	0.0
340	1886.3333333333333	0.0
350	2449.1666666666665	0.0
360	2150.0	0.0
370	2474.8333333333335	0.0
380	2581.6666666666665	0.0
390	2249.6666666666665	0.0
400	1607.6666666666667	0.0
410	1680.0	0.0
420	2129.3333333333335	0.0
430	1643.8333333333333	0.0
440	1741.3333333333333	0.0
450	1322.3333333333333	0.0
460	1636.1666666666667	0.0
470	1683.0	0.0
480	1962.1666666666667	0.0
490	2074.0	0.0
500	1953.6666666666667	0.0
510	2111.6666666666665	0.0
520	2108.0	0.0
530	2020.8333333333333	0.0
540	2293.0	0.0
550	2122.3333333333335	0.0
560	1889.0	0.0
570	2156.0	0.0
580	2074.5	0.0
590	2241.5	0.0
600	1802.3333333333333	0.0
610	2357.5	0.0
620	2508.5	0.0
630	2315.8333333333335	0.0
640	2413.0	0.0
650	2450.3333333333335	0.0
660	2416.1666666666665	0.0
670	2405.5	0.0
680	2284.6666666666665	0.0
690	2213.0	0.0
700	2474.3333333333335	0.0
710	2406.5	0.0
720	2488.6666666666665	0.0
730	2363.0	0.0
740	1596.1666666666667	0.0
750	2017.8333333333333	0.0
760	2320.6666666666665	0.0
770	2432.6666666666665	0.0
780	2392.6666666666665	0.0
790	2477.3333333333335	0.0
800	2325.6666666666665	0.0
810	2136.6666666666665	0.0
820	2487.3333333333335	0.0
830	2641.0	0.0
840	1887.6666666666667	0.0
850	1971.8333333333333	0.0
860	1771.3333333333333	0.0
870	1798.8333333333333	0.0
880	1805.3333333333333	0.0
890	1998.5	0.0
900	2299.6666666666665	0.0
910	2451.0	0.0
920	2556.6666666666665	0.0
930	2467.3333333333335	0.0
940	2415.3333333333335	0.0
950	2417.0	0.0
960	2186.3333333333335	0.0
970	2259.8333333333335	0.0
980	2270.5	0.0
990	2435.6666666666665	0.0
1000	2539.5	0.0
