0	236.0	0.0
10	70.0	0.0
20	70.0	0.0
30	70.0	0.0
40	70.0	1.0
50	70.0	0.0
60	70.0	0.0
70	70.0	0.0
80	70.33333333333333	0.0
90	71.66666666666667	0.0
100	107.66666666666667	0.0
110	157.66666666666666	0.0
120	97.66666666666667	0.0
130	233.66666666666666	0.0
140	212.33333333333334	84.0
150	291.0	0.0
160	128.0	85.0
170	279.6666666666667	196.0
180	384.6666666666667	61.0
190	1033.0	172.0
200	2090.0	401.0
210	2549.6666666666665	0.0
220	1933.0	0.0
230	2277.8333333333335	0.0
240	2381.1666666666665	0.0
250	2363.0	0.0
260	2325.3333333333335	0.0
270	2162.3333333333335	0.0
280	2163.0	0.0
290	1990.6666666666667	0.0
300	2420.0	0.0
310	2414.6666666666665	0.0
320	2184.6666666666665	0.0
330	2495.6666666666665	0.0
340	2509.5	0.0
350	2403.3333333333335	0.0
360	2084.3333333333335	0.0
370	2493.6666666666665	0.0
380	2612.0	0.0
390	2346.0	0.0
400	1905.6666666666667	0.0
410	2402.6666666666665	0.0
420	2185.3333333333335	0.0
430	2431.0	0.0
440	2619.6666666666665	0.0
450	1015.3333333333334	0.0
460	2111.6666666666665	0.0
470	2460.1666666666665	0.0
480	1723.3333333333333	0.0
490	2067.0	0.0
500	2292.0	0.0
510	1945.0	0.0
520	2606.0	0.0
530	2661.1666666666665	0.0
540	2526.6666666666665	0.0
550	2436.1666666666665	0.0
560	2624.1666666666665	0.0
570	1849.1666666666667	0.0
580	2357.5	0.0
590	1975.3333333333333	0.0
600	1866.6666666666667	0.0
610	2068.6666666666665	0.0
620	1806.1666666666667	0.0
630	2433.3333333333335	0.0
640	2415.3333333333335	0.0
650	2716.8333333333335	0.0
660	2573.8333333333335	0.0
670	2407.1666666666665	0.0
680	2153.3333333333335	0.0
690	1988.6666666666667	0.0
700	2248.0	0.0
710	1909.5	0.0
720	2190.0	0.0
730	2159.6666666666665	0.0
740	1814.3333333333333	0.0
750	1765.3333333333333	0.0
760	1967.1666666666667	0.0
770	2144.8333333333335	0.0
780	1692.3333333333333	0.0
790	1955.8333333333333	0.0
800	2460.8333333333335	0.0
810	2322.8333333333335	0.0
820	2403.1666666666665	0.0
830	2196.0	0.0
840	2391.6666666666665	0.0
850	2204.8333333333335	0.0
860	2533.6666666666665	0.0
870	2642.1666666666665	0.0
880	2578.5	0.0
890	2604.1666666666665	0.0
900	2513.3333333333335	0.0
910	2465.6666666666665	0.0
920	1933.6666666666667	0.0
930	2205.6666666666665	0.0
940	2583.8333333333335	0.0
950	1769.8333333333333	0.0
960	1901.5	0.0
970	1880.6666666666667	0.0
980	2225.0	0.0
990	1991.3333333333333	0.0
1000	2005.5	0.0
