0	308.3333333333333	0.0
10	70.0	0.0
20	70.0	0.0
30	70.0	0.0
40	70.0	0.0
50	70.0	0.0
60	70.0	0.0
70	70.0	0.0
80	70.66666666666667	0.0
90	73.66666666666667	5.0
100	80.66666666666667	0.0
110	175.0	0.0
120	110.33333333333333	106.0
130	157.66666666666666	58.0
140	333.0	32.0
150	114.0	10.0
160	122.66666666666667	0.0
170	717.0	51.0
180	116.33333333333333	290.0
190	868.0	381.0
200	1145.3333333333333	67.0
210	1916.6666666666667	0.0
220	1979.6666666666667	0.0
230	2303.6666666666665	0.0
240	2629.6666666666665	0.0
250	2228.6666666666665	0.0
260	2272.3333333333335	0.0
270	2243.3333333333335	0.0
280	2388.5	0.0
290	2230.5	0.0
300	2485.6666666666665	0.0
310	2486.1666666666665	0.0
320	2386.5	0.0
330	2343.3333333333335	0.0
340	2293.6666666666665	0.0
350	2343.3333333333335	0.0
360	2251.1666666666665	0.0
370	2533.6666666666665	0.0
380	2443.6666666666665	0.0
390	1170.6666666666667	0.0
400	1156.6666666666667	0.0
410	905.0	0.0
420	1885.6666666666667	0.0
430	2164.3333333333335	0.0
440	1996.0	0.0
450	2128.0	0.0
460	2042.5	0.0
470	2567.0	0.0
480	1300.6666666666667	0.0
490	1519.3333333333333	0.0
500	1638.3333333333333	0.0
510	1626.0	0.0
520	1565.3333333333333	0.0
530	1744.6666666666667	0.0
540	1717.0	0.0
550	1828.8333333333333	0.0
560	2069.0	0.0
570	2534.3333333333335	0.0
580	2168.6666666666665	0.0
590	2182.1666666666665	0.0
600	2128.6666666666665	0.0
610	1902.6666666666667	0.0
620	1895.6666666666667	0.0
630	2337.6666666666665	0.0
640	2447.0	0.0
650	2326.5	0.0
660	2170.0	0.0
670	2492.1666666666665	0.0
680	2434.8333333333335	0.0
690	2357.0	0.0
700	2252.6666666666665	0.0
710	2613.0	0.0
720	2200.3333333333335	0.0
730	2294.6666666666665	0.0
740	2452.6666666666665	0.0
750	2488.0	0.0
760	2458.0	0.0
770	2557.3333333333335	0.0
780	2562.8333333333335	0.0
790	2375.0	0.0
800	2525.6666666666665	0.0
810	2071.8333333333335	0.0
820	2461.6666666666665	0.0
830	2377.5	0.0
840	2466.3333333333335	0.0
850	2718.1666666666665	0.0
860	2436.6666666666665	0.0
870	2351.0	0.0
880	2274.1666666666665	0.0
890	2574.5	0.0
900	2653.5	0.0
910	2099.6666666666665	0.0
920	2301.8333333333335	0.0
930	2023.6666666666667	0.0
940	1485.3333333333333	0.0
950	2052.1666666666665	0.0
960	2083.3333333333335	0.0
970	1890.5	0.0
980	1955.3333333333333	0.0
990	2141.3333333333335	0.0
1000	1739.8333333333333	0.0
