0	267.3333333333333	0.0
10	70.0	0.0
20	70.0	0.0
30	70.0	0.0
40	70.0	10.0
50	70.0	0.0
60	70.0	1.0
70	70.0	0.0
80	70.0	1.0
90	70.66666666666667	0.0
100	71.33333333333333	0.0
110	71.33333333333333	62.0
120	76.33333333333333	0.0
130	81.66666666666667	140.0
140	503.6666666666667	9.0
150	573.3333333333334	304.0
160	1029.6666666666667	196.0
170	1866.6666666666667	277.0
180	1878.6666666666667	0.0
190	2287.3333333333335	0.0
200	2260.3333333333335	0.0
210	2191.6666666666665	0.0
220	2295.0	0.0
230	2189.3333333333335	0.0
240	2351.0	0.0
250	2537.0	0.0
260	2274.3333333333335	0.0
270	2275.3333333333335	0.0
280	2225.6666666666665	0.0
290	2468.0	0.0
300	2402.6666666666665	0.0
310	2467.0	0.0
320	2409.6666666666665	0.0
330	2376.3333333333335	0.0
340	2096.1666666666665	0.0
350	2321.3333333333335	0.0
360	2308.0	0.0
370	2464.1666666666665	0.0
380	1908.3333333333333	0.0
390	1774.3333333333333	0.0
400	1569.0	0.0
410	1896.5	0.0
420	2171.1666666666665	0.0
430	2028.0	0.0
440	1789.6666666666667	0.0
450	2301.8333333333335	0.0
460	1627.5	0.0
470	2066.3333333333335	0.0
480	2208.0	0.0
490	2668.8333333333335	0.0
500	1865.5	0.0
510	1893.3333333333333	0.0
520	1757.6666666666667	0.0
530	1973.1666666666667	0.0
540	1920.0	0.0
550	1878.0	0.0
560	1803.8333333333333	0.0
570	1535.6666666666667	0.0
580	1438.3333333333333	0.0
590	1775.6666666666667	0.0
600	1736.6666666666667	0.0
610	1785.5	0.0
620	2112.8333333333335	0.0
630	1910.3333333333333	0.0
640	2086.3333333333335	0.0
650	2366.6666666666665	0.0
660	2239.6666666666665	0.0
670	2462.6666666666665	0.0
680	2554.3333333333335	0.0
690	2221.3333333333335	0.0
700	2115.3333333333335	0.0
710	2425.6666666666665	0.0
720	2329.3333333333335	0.0
730	2429.3333333333335	0.0
740	2400.3333333333335	0.0
750	1942.3333333333333	0.0
760	2407.6666666666665	0.0
770	2506.0	0.0
780	2502.6666666666665	0.0
790	2559.8333333333335	0.0
800	2488.6666666666665	0.0
810	2254.1666666666665	0.0
820	2379.5	0.0
830	2210.5	0.0
840	2594.1666666666665	0.0
850	2554.0	0.0
860	2344.6666666666665	0.0
870	2276.0	0.0
880	2162.0	0.0
890	2422.8333333333335	0.0
900	2480.0	0.0
910	2450.3333333333335	0.0
920	2418.3333333333335	0.0
930	2338.3333333333335	0.0
940	2505.1666666666665	0.0
950	2741.3333333333335	0.0
960	1771.8333333333333	0.0
970	1653.1666666666667	0.0
980	1956.3333333333333	0.0
990	1984.1666666666667	0.0
1000	1654.0	0.0
