0	220.33333333333334	0.0	0.0	0.0	0.0	0.0	0.0
10	1924.5	1000.0	4322.0	547.0	792.0	337.0	208.0
20	2025.6666666666667	0.0	0.0	0.0	0.0	0.0	0.0
30	1702.8333333333333	0.0	0.0	0.0	0.0	0.0	0.0
40	2035.6666666666667	0.0	0.0	0.0	0.0	0.0	0.0
50	2150.0	0.0	0.0	0.0	0.0	0.0	0.0
60	2226.0	0.0	0.0	0.0	0.0	0.0	0.0
70	2373.1666666666665	0.0	0.0	0.0	0.0	0.0	0.0
80	2353.1666666666665	0.0	0.0	0.0	0.0	0.0	0.0
90	2710.6666666666665	0.0	0.0	0.0	0.0	0.0	0.0
100	2505.1666666666665	0.0	0.0	0.0	0.0	0.0	0.0
110	2404.8333333333335	0.0	0.0	0.0	0.0	0.0	0.0
120	2586.6666666666665	0.0	0.0	0.0	0.0	0.0	0.0
130	2457.6666666666665	0.0	0.0	0.0	0.0	0.0	0.0
140	2699.6666666666665	0.0	0.0	0.0	0.0	0.0	0.0
150	2504.8333333333335	0.0	0.0	0.0	0.0	0.0	0.0
160	2912.0	0.0	0.0	0.0	0.0	0.0	0.0
170	2723.8333333333335	0.0	0.0	0.0	0.0	0.0	0.0
180	2943.1666666666665	0.0	0.0	0.0	0.0	0.0	0.0
190	2450.5	0.0	0.0	0.0	0.0	0.0	0.0
200	2348.8333333333335	0.0	0.0	0.0	0.0	0.0	0.0
210	2091.8333333333335	0.0	0.0	0.0	0.0	0.0	0.0
220	2605.1666666666665	0.0	0.0	0.0	0.0	0.0	0.0
230	2534.0	0.0	0.0	0.0	0.0	0.0	0.0
240	2552.5	0.0	0.0	0.0	0.0	0.0	0.0
250	2672.3333333333335	0.0	0.0	0.0	0.0	0.0	0.0
260	2452.1666666666665	0.0	0.0	0.0	0.0	0.0	0.0
270	2551.1666666666665	0.0	0.0	0.0	0.0	0.0	0.0
280	2832.0	0.0	0.0	0.0	0.0	0.0	0.0
290	2717.5	0.0	0.0	0.0	0.0	0.0	0.0
300	2967.5	0.0	0.0	0.0	0.0	0.0	0.0
310	2800.6666666666665	0.0	0.0	0.0	0.0	0.0	0.0
320	2633.6666666666665	0.0	0.0	0.0	0.0	0.0	0.0
330	3036.8333333333335	0.0	0.0	0.0	0.0	0.0	0.0
340	2879.5	0.0	0.0	0.0	0.0	0.0	0.0
350	2736.0	0.0	0.0	0.0	0.0	0.0	0.0
360	2982.1666666666665	0.0	0.0	0.0	0.0	0.0	0.0
370	2985.6666666666665	0.0	0.0	0.0	0.0	0.0	0.0
380	3209.1666666666665	0.0	0.0	0.0	0.0	0.0	0.0
390	3426.1666666666665	0.0	0.0	0.0	0.0	0.0	0.0
400	2842.3333333333335	0.0	0.0	0.0	0.0	0.0	0.0
410	3402.5	0.0	0.0	0.0	0.0	0.0	0.0
420	3481.1666666666665	0.0	0.0	0.0	0.0	0.0	0.0
430	3396.1666666666665	0.0	0.0	0.0	0.0	0.0	0.0
440	2550.8333333333335	0.0	0.0	0.0	0.0	0.0	0.0
450	3204.6666666666665	0.0	0.0	0.0	0.0	0.0	0.0
460	3345.3333333333335	0.0	0.0	0.0	0.0	0.0	0.0
470	3256.6666666666665	0.0	0.0	0.0	0.0	0.0	0.0
480	3269.0	0.0	0.0	0.0	0.0	0.0	0.0
490	3406.6666666666665	0.0	0.0	0.0	0.0	0.0	0.0
500	3529.0	0.0	0.0	0.0	0.0	0.0	0.0
510	3844.1666666666665	0.0	0.0	0.0	0.0	0.0	0.0
520	3981.6666666666665	0.0	0.0	0.0	0.0	0.0	0.0
530	3325.3333333333335	0.0	0.0	0.0	0.0	0.0	0.0
540	3697.3333333333335	0.0	0.0	0.0	0.0	0.0	0.0
550	3442.3333333333335	0.0	0.0	0.0	0.0	0.0	0.0
560	3335.0	0.0	0.0	0.0	0.0	0.0	0.0
570	3241.1666666666665	0.0	0.0	0.0	0.0	0.0	0.0
580	3416.1666666666665	0.0	0.0	0.0	0.0	0.0	0.0
590	3475.5	0.0	0.0	0.0	0.0	0.0	0.0
600	3335.8333333333335	0.0	0.0	0.0	0.0	0.0	0.0
610	3853.0	0.0	0.0	0.0	0.0	0.0	0.0
620	3757.1666666666665	0.0	0.0	0.0	0.0	0.0	0.0
630	3685.6666666666665	0.0	0.0	0.0	0.0	0.0	0.0
640	3666.3333333333335	0.0	0.0	0.0	0.0	0.0	0.0
650	3459.8333333333335	0.0	0.0	0.0	0.0	0.0	0.0
660	3560.0	0.0	0.0	0.0	0.0	0.0	0.0
670	3219.3333333333335	0.0	0.0	0.0	0.0	0.0	0.0
680	3212.0	0.0	0.0	0.0	0.0	0.0	0.0
690	3851.6666666666665	0.0	0.0	0.0	0.0	0.0	0.0
700	3301.5	0.0	0.0	0.0	0.0	0.0	0.0
710	3755.8333333333335	0.0	0.0	0.0	0.0	0.0	0.0
720	3822.1666666666665	0.0	0.0	0.0	0.0	0.0	0.0
730	3212.5	0.0	0.0	0.0	0.0	0.0	0.0
740	3863.3333333333335	0.0	0.0	0.0	0.0	0.0	0.0
750	3350.5	0.0	0.0	0.0	0.0	0.0	0.0
760	3814.1666666666665	0.0	0.0	0.0	0.0	0.0	0.0
770	3668.5	0.0	0.0	0.0	0.0	0.0	0.0
780	3400.5	0.0	0.0	0.0	0.0	0.0	0.0
790	3710.1666666666665	0.0	0.0	0.0	0.0	0.0	0.0
800	3441.3333333333335	0.0	0.0	0.0	0.0	0.0	0.0
810	3686.5	0.0	0.0	0.0	0.0	0.0	0.0
820	3747.3333333333335	0.0	0.0	0.0	0.0	0.0	0.0
830	3955.3333333333335	0.0	0.0	0.0	0.0	0.0	0.0
840	3755.6666666666665	0.0	0.0	0.0	0.0	0.0	0.0
850	3929.3333333333335	0.0	0.0	0.0	0.0	0.0	0.0
860	3820.6666666666665	0.0	0.0	0.0	0.0	0.0	0.0
870	3768.3333333333335	0.0	0.0	0.0	0.0	0.0	0.0
880	3679.0	0.0	0.0	0.0	0.0	0.0	0.0
890	3604.3333333333335	0.0	0.0	0.0	0.0	0.0	0.0
900	3620.8333333333335	0.0	0.0	0.0	0.0	0.0	0.0
910	3766.8333333333335	0.0	0.0	0.0	0.0	0.0	0.0
920	3494.1666666666665	0.0	0.0	0.0	0.0	0.0	0.0
930	3998.1666666666665	0.0	0.0	0.0	0.0	0.0	0.0
940	3473.6666666666665	0.0	0.0	0.0	0.0	0.0	0.0
950	3845.8333333333335	0.0	0.0	0.0	0.0	0.0	0.0
960	3854.0	0.0	0.0	0.0	0.0	0.0	0.0
970	3751.3333333333335	0.0	0.0	0.0	0.0	0.0	0.0
980	3429.6666666666665	0.0	0.0	0.0	0.0	0.0	0.0
990	3659.8333333333335	0.0	0.0	0.0	0.0	0.0	0.0
1000	3674.8333333333335	0.0	0.0	0.0	0.0	0.0	0.0
