0	263.6666666666667	0.0	0.0	0.0	0.0	0.0	0.0
10	2137.6666666666665	984.0	5006.0	471.0	821.0	303.0	163.0
20	1918.3333333333333	16.0	136.0	16.0	16.0	16.0	0.0
30	1608.8333333333333	0.0	0.0	0.0	0.0	0.0	0.0
40	1928.5	0.0	0.0	0.0	0.0	0.0	0.0
50	2138.0	0.0	0.0	0.0	0.0	0.0	0.0
60	1848.0	0.0	0.0	0.0	0.0	0.0	0.0
70	2240.5	0.0	0.0	0.0	0.0	0.0	0.0
80	2657.5	0.0	0.0	0.0	0.0	0.0	0.0
90	2539.5	0.0	0.0	0.0	0.0	0.0	0.0
100	2477.1666666666665	0.0	0.0	0.0	0.0	0.0	0.0
110	2355.0	0.0	0.0	0.0	0.0	0.0	0.0
120	2150.5	0.0	0.0	0.0	0.0	0.0	0.0
130	2396.3333333333335	0.0	0.0	0.0	0.0	0.0	0.0
140	2310.8333333333335	0.0	0.0	0.0	0.0	0.0	0.0
150	1952.5	0.0	0.0	0.0	0.0	0.0	0.0
160	2520.3333333333335	0.0	0.0	0.0	0.0	0.0	0.0
170	2060.6666666666665	0.0	0.0	0.0	0.0	0.0	0.0
180	1924.3333333333333	0.0	0.0	0.0	0.0	0.0	0.0
190	2547.0	0.0	0.0	0.0	0.0	0.0	0.0
200	2812.3333333333335	0.0	0.0	0.0	0.0	0.0	0.0
210	2472.5	0.0	0.0	0.0	0.0	0.0	0.0
220	2538.5	0.0	0.0	0.0	0.0	0.0	0.0
230	2356.0	0.0	0.0	0.0	0.0	0.0	0.0
240	2736.5	0.0	0.0	0.0	0.0	0.0	0.0
250	2397.8333333333335	0.0	0.0	0.0	0.0	0.0	0.0
260	2385.8333333333335	0.0	0.0	0.0	0.0	0.0	0.0
270	2599.3333333333335	0.0	0.0	0.0	0.0	0.0	0.0
280	2744.0	0.0	0.0	0.0	0.0	0.0	0.0
290	2617.0	0.0	0.0	0.0	0.0	0.0	0.0
300	2525.5	0.0	0.0	0.0	0.0	0.0	0.0
310	2474.1666666666665	0.0	0.0	0.0	0.0	0.0	0.0
320	2498.3333333333335	0.0	0.0	0.0	0.0	0.0	0.0
330	2684.6666666666665	0.0	0.0	0.0	0.0	0.0	0.0
340	2697.3333333333335	0.0	0.0	0.0	0.0	0.0	0.0
350	2812.3333333333335	0.0	0.0	0.0	0.0	0.0	0.0
360	2613.6666666666665	0.0	0.0	0.0	0.0	0.0	0.0
370	2530.8333333333335	0.0	0.0	0.0	0.0	0.0	0.0
380	2427.6666666666665	0.0	0.0	0.0	0.0	0.0	0.0
390	2662.3333333333335	0.0	0.0	0.0	0.0	0.0	0.0
400	2790.1666666666665	0.0	0.0	0.0	0.0	0.0	0.0
410	2608.0	0.0	0.0	0.0	0.0	0.0	0.0
420	2876.0	0.0	0.0	0.0	0.0	0.0	0.0
430	2278.5	0.0	0.0	0.0	0.0	0.0	0.0
440	3260.3333333333335	0.0	0.0	0.0	0.0	0.0	0.0
450	2812.5	0.0	0.0	0.0	0.0	0.0	0.0
460	2853.0	0.0	0.0	0.0	0.0	0.0	0.0
470	3552.6666666666665	0.0	0.0	0.0	0.0	0.0	0.0
480	3359.0	0.0	0.0	0.0	0.0	0.0	0.0
490	3013.0	0.0	0.0	0.0	0.0	0.0	0.0
500	3264.5	0.0	0.0	0.0	0.0	0.0	0.0
510	3434.1666666666665	0.0	0.0	0.0	0.0	0.0	0.0
520	3677.6666666666665	0.0	0.0	0.0	0.0	0.0	0.0
530	3426.6666666666665	0.0	0.0	0.0	0.0	0.0	0.0
540	3372.5	0.0	0.0	0.0	0.0	0.0	0.0
550	3418.6666666666665	0.0	0.0	0.0	0.0	0.0	0.0
560	3543.0	0.0	0.0	0.0	0.0	0.0	0.0
570	3375.5	0.0	0.0	0.0	0.0	0.0	0.0
580	3150.8333333333335	0.0	0.0	0.0	0.0	0.0	0.0
590	3051.8333333333335	0.0	0.0	0.0	0.0	0.0	0.0
600	3330.5	0.0	0.0	0.0	0.0	0.0	0.0
610	3872.5	0.0	0.0	0.0	0.0	0.0	0.0
620	3465.8333333333335	0.0	0.0	0.0	0.0	0.0	0.0
630	3289.3333333333335	0.0	0.0	0.0	0.0	0.0	0.0
640	3033.8333333333335	0.0	0.0	0.0	0.0	0.0	0.0
650	3142.0	0.0	0.0	0.0	0.0	0.0	0.0
660	3419.8333333333335	0.0	0.0	0.0	0.0	0.0	0.0
670	4077.6666666666665	0.0	0.0	0.0	0.0	0.0	0.0
680	3798.6666666666665	0.0	0.0	0.0	0.0	0.0	0.0
690	3793.6666666666665	0.0	0.0	0.0	0.0	0.0	0.0
700	3604.0	0.0	0.0	0.0	0.0	0.0	0.0
710	3589.0	0.0	0.0	0.0	0.0	0.0	0.0
720	3477.6666666666665	0.0	0.0	0.0	0.0	0.0	0.0
730	3612.8333333333335	0.0	0.0	0.0	0.0	0.0	0.0
740	3293.0	0.0	0.0	0.0	0.0	0.0	0.0
750	3540.8333333333335	0.0	0.0	0.0	0.0	0.0	0.0
760	3508.0	0.0	0.0	0.0	0.0	0.0	0.0
770	3055.1666666666665	0.0	0.0	0.0	0.0	0.0	0.0
780	3879.5	0.0	0.0	0.0	0.0	0.0	0.0
790	3846.8333333333335	0.0	0.0	0.0	0.0	0.0	0.0
800	3689.5	0.0	0.0	0.0	0.0	0.0	0.0
810	3611.0	0.0	0.0	0.0	0.0	0.0	0.0
820	1816.3333333333333	0.0	0.0	0.0	0.0	0.0	0.0
830	3760.1666666666665	0.0	0.0	0.0	0.0	0.0	0.0
840	4014.0	0.0	0.0	0.0	0.0	0.0	0.0
850	3988.5	0.0	0.0	0.0	0.0	0.0	0.0
860	3497.5	0.0	0.0	0.0	0.0	0.0	0.0
870	3737.6666666666665	0.0	0.0	0.0	0.0	0.0	0.0
880	3360.6666666666665	0.0	0.0	0.0	0.0	0.0	0.0
890	3998.8333333333335	0.0	0.0	0.0	0.0	0.0	0.0
900	4144.166666666667	0.0	0.0	0.0	0.0	0.0	0.0
910	3775.0	0.0	0.0	0.0	0.0	0.0	0.0
920	3861.5	0.0	0.0	0.0	0.0	0.0	0.0
930	3533.6666666666665	0.0	0.0	0.0	0.0	0.0	0.0
940	3575.8333333333335	0.0	0.0	0.0	0.0	0.0	0.0
950	4082.3333333333335	0.0	0.0	0.0	0.0	0.0	0.0
960	3602.0	0.0	0.0	0.0	0.0	0.0	0.0
970	3419.8333333333335	0.0	0.0	0.0	0.0	0.0	0.0
980	3997.1666666666665	0.0	0.0	0.0	0.0	0.0	0.0
990	3796.1666666666665	0.0	0.0	0.0	0.0	0.0	0.0
1000	3752.1666666666665	0.0	0.0	0.0	0.0	0.0	0.0
