0	255.33333333333334	0.0	0.0	0.0	0.0	0.0	0.0
10	2087.6666666666665	11.0	173.0	16.0	7.0	11.0	4.0
20	2197.5	17.0	121.0	31.0	8.0	19.0	9.0
30	2157.6666666666665	53.0	432.0	58.0	46.0	38.0	7.0
40	2175.6666666666665	52.0	428.0	37.0	47.0	31.0	5.0
50	2002.1666666666667	38.0	256.0	23.0	30.0	12.0	8.0
60	2157.5	15.0	452.0	45.0	10.0	40.0	5.0
70	2389.3333333333335	29.0	205.0	27.0	27.0	19.0	2.0
80	2550.0	29.0	308.0	36.0	25.0	28.0	4.0
90	2617.3333333333335	14.0	153.0	12.0	12.0	10.0	2.0
100	2796.3333333333335	42.0	244.0	27.0	34.0	18.0	8.0
110	2297.0	10.0	128.0	14.0	8.0	9.0	2.0
120	2960.8333333333335	20.0	262.0	30.0	7.0	15.0	13.0
130	2336.0	21.0	213.0	17.0	18.0	11.0	3.0
140	2388.6666666666665	21.0	375.0	24.0	17.0	17.0	4.0
150	2299.8333333333335	16.0	248.0	26.0	7.0	14.0	9.0
160	2540.6666666666665	8.0	210.0	16.0	7.0	11.0	1.0
170	2808.8333333333335	20.0	129.0	14.0	17.0	10.0	3.0
180	2499.1666666666665	15.0	220.0	17.0	10.0	11.0	5.0
190	2974.1666666666665	2.0	93.0	6.0	0.0	4.0	2.0
200	2682.3333333333335	19.0	283.0	25.0	3.0	9.0	16.0
210	3013.0	16.0	148.0	22.0	7.0	13.0	9.0
220	2789.3333333333335	24.0	572.0	36.0	17.0	28.0	7.0
230	2499.8333333333335	7.0	349.0	23.0	3.0	19.0	4.0
240	2809.1666666666665	11.0	340.0	20.0	5.0	12.0	6.0
250	3000.1666666666665	4.0	242.0	11.0	2.0	8.0	2.0
260	2653.5	4.0	216.0	13.0	0.0	9.0	4.0
270	2975.0	15.0	389.0	38.0	6.0	29.0	9.0
280	3047.8333333333335	43.0	192.0	50.0	7.0	10.0	36.0
290	3447.5	24.0	338.0	38.0	19.0	32.0	5.0
300	3644.8333333333335	33.0	216.0	47.0	5.0	16.0	28.0
310	3204.6666666666665	14.0	254.0	26.0	2.0	12.0	12.0
320	3038.5	77.0	422.0	97.0	8.0	25.0	69.0
330	3577.8333333333335	35.0	246.0	41.0	3.0	8.0	32.0
340	3327.3333333333335	23.0	311.0	41.0	4.0	21.0	19.0
350	2910.1666666666665	5.0	154.0	11.0	1.0	7.0	4.0
360	3262.8333333333335	13.0	158.0	19.0	3.0	9.0	10.0
370	3540.5	4.0	272.0	14.0	2.0	12.0	2.0
380	3267.1666666666665	6.0	367.0	23.0	2.0	19.0	4.0
390	3362.6666666666665	5.0	161.0	16.0	2.0	12.0	3.0
400	3716.6666666666665	7.0	177.0	10.0	5.0	8.0	2.0
410	3643.0	0.0	65.0	10.0	0.0	10.0	0.0
420	3776.1666666666665	9.0	98.0	17.0	2.0	9.0	7.0
430	3523.1666666666665	4.0	114.0	8.0	2.0	6.0	2.0
440	3149.1666666666665	6.0	255.0	14.0	1.0	9.0	5.0
450	3915.5	29.0	140.0	32.0	3.0	5.0	26.0
460	3532.8333333333335	5.0	203.0	13.0	1.0	8.0	4.0
470	3789.1666666666665	15.0	178.0	13.0	11.0	9.0	4.0
480	2943.0	5.0	296.0	24.0	2.0	20.0	3.0
490	3404.0	3.0	270.0	15.0	2.0	13.0	1.0
500	3830.6666666666665	17.0	232.0	24.0	6.0	12.0	11.0
510	3536.5	5.0	187.0	10.0	3.0	8.0	2.0
520	3460.0	6.0	26.0	6.0	6.0	3.0	0.0
530	3722.1666666666665	6.0	74.0	13.0	5.0	9.0	1.0
540	3885.8333333333335	5.0	118.0	16.0	2.0	11.0	3.0
550	3592.3333333333335	8.0	185.0	14.0	6.0	11.0	2.0
560	3363.8333333333335	1.0	309.0	15.0	1.0	15.0	0.0
570	3481.3333333333335	16.0	188.0	25.0	1.0	9.0	15.0
580	3432.3333333333335	4.0	305.0	11.0	3.0	9.0	1.0
590	3311.3333333333335	3.0	150.0	6.0	3.0	6.0	0.0
600	4016.5	2.0	185.0	8.0	0.0	6.0	2.0
610	4032.0	29.0	154.0	27.0	5.0	2.0	24.0
620	4003.5	0.0	0.0	0.0	0.0	0.0	0.0
630	3861.8333333333335	0.0	0.0	0.0	0.0	0.0	0.0
640	3976.3333333333335	0.0	0.0	0.0	0.0	0.0	0.0
650	3743.1666666666665	0.0	0.0	0.0	0.0	0.0	0.0
660	3658.6666666666665	0.0	0.0	0.0	0.0	0.0	0.0
670	4145.666666666667	0.0	0.0	0.0	0.0	0.0	0.0
680	3902.5	0.0	0.0	0.0	0.0	0.0	0.0
690	3717.0	0.0	0.0	0.0	0.0	0.0	0.0
700	3637.5	0.0	0.0	0.0	0.0	0.0	0.0
710	3746.3333333333335	0.0	0.0	0.0	0.0	0.0	0.0
720	3868.8333333333335	0.0	0.0	0.0	0.0	0.0	0.0
730	3755.8333333333335	0.0	0.0	0.0	0.0	0.0	0.0
740	3653.3333333333335	0.0	0.0	0.0	0.0	0.0	0.0
750	3801.0	0.0	0.0	0.0	0.0	0.0	0.0
760	3905.0	0.0	0.0	0.0	0.0	0.0	0.0
770	3816.5	0.0	0.0	0.0	0.0	0.0	0.0
780	4040.1666666666665	0.0	0.0	0.0	0.0	0.0	0.0
790	4012.6666666666665	0.0	0.0	0.0	0.0	0.0	0.0
800	3715.1666666666665	0.0	0.0	0.0	0.0	0.0	0.0
810	4039.8333333333335	0.0	0.0	0.0	0.0	0.0	0.0
820	3483.3333333333335	0.0	0.0	0.0	0.0	0.0	0.0
830	3839.8333333333335	0.0	0.0	0.0	0.0	0.0	0.0
840	3614.0	0.0	0.0	0.0	0.0	0.0	0.0
850	3656.0	0.0	0.0	0.0	0.0	0.0	0.0
860	3308.1666666666665	0.0	0.0	0.0	0.0	0.0	0.0
870	3895.6666666666665	0.0	0.0	0.0	0.0	0.0	0.0
880	4099.166666666667	0.0	0.0	0.0	0.0	0.0	0.0
890	3684.1666666666665	0.0	0.0	0.0	0.0	0.0	0.0
900	3670.1666666666665	0.0	0.0	0.0	0.0	0.0	0.0
910	3734.6666666666665	0.0	0.0	0.0	0.0	0.0	0.0
920	3778.3333333333335	0.0	0.0	0.0	0.0	0.0	0.0
930	3786.8333333333335	0.0	0.0	0.0	0.0	0.0	0.0
940	3647.8333333333335	0.0	0.0	0.0	0.0	0.0	0.0
950	3755.3333333333335	0.0	0.0	0.0	0.0	0.0	0.0
960	3931.0	0.0	0.0	0.0	0.0	0.0	0.0
970	3785.0	0.0	0.0	0.0	0.0	0.0	0.0
980	3714.5	0.0	0.0	0.0	0.0	0.0	0.0
990	3604.8333333333335	0.0	0.0	0.0	0.0	0.0	0.0
1000	3759.8333333333335	0.0	0.0	0.0	0.0	0.0	0.0
