0	256.6666666666667	0.0	0.0	0.0	0.0	0.0	0.0
10	2009.1666666666667	18.0	207.0	20.0	17.0	17.0	1.0
20	2112.8333333333335	45.0	260.0	38.0	19.0	11.0	26.0
30	1994.3333333333333	36.0	349.0	31.0	29.0	20.0	7.0
40	2044.3333333333333	76.0	403.0	37.0	71.0	29.0	5.0
50	1898.5	19.0	156.0	22.0	18.0	20.0	1.0
60	2060.6666666666665	32.0	232.0	36.0	25.0	27.0	7.0
70	2035.0	62.0	397.0	47.0	53.0	25.0	9.0
80	2252.0	9.0	122.0	19.0	6.0	12.0	3.0
90	2077.3333333333335	94.0	289.0	88.0	25.0	13.0	69.0
100	2184.8333333333335	33.0	284.0	32.0	29.0	23.0	4.0
110	2285.0	44.0	329.0	63.0	21.0	38.0	23.0
120	2433.0	31.0	307.0	45.0	23.0	25.0	8.0
130	2398.8333333333335	27.0	251.0	41.0	7.0	20.0	20.0
140	2337.6666666666665	20.0	252.0	21.0	17.0	15.0	3.0
150	2181.8333333333335	23.0	276.0	25.0	20.0	21.0	3.0
160	2170.1666666666665	15.0	135.0	19.0	7.0	11.0	8.0
170	2255.3333333333335	26.0	181.0	25.0	4.0	3.0	22.0
180	2315.1666666666665	12.0	196.0	17.0	8.0	10.0	4.0
190	1854.8333333333333	22.0	217.0	28.0	3.0	9.0	19.0
200	2457.1666666666665	56.0	373.0	48.0	47.0	33.0	9.0
210	2191.3333333333335	21.0	135.0	17.0	11.0	7.0	10.0
220	2362.1666666666665	10.0	280.0	21.0	9.0	16.0	1.0
230	2355.6666666666665	4.0	147.0	13.0	0.0	9.0	4.0
240	2439.6666666666665	10.0	317.0	25.0	2.0	17.0	8.0
250	2801.6666666666665	9.0	366.0	19.0	4.0	13.0	5.0
260	2632.3333333333335	22.0	327.0	31.0	17.0	25.0	5.0
270	2386.8333333333335	24.0	322.0	30.0	13.0	19.0	11.0
280	2678.0	15.0	334.0	21.0	8.0	13.0	7.0
290	2841.3333333333335	10.0	277.0	13.0	4.0	7.0	6.0
300	2892.5	11.0	315.0	19.0	9.0	17.0	2.0
310	2597.6666666666665	25.0	238.0	24.0	15.0	11.0	10.0
320	3016.1666666666665	11.0	395.0	25.0	5.0	18.0	6.0
330	3150.8333333333335	29.0	364.0	31.0	23.0	18.0	6.0
340	3569.8333333333335	4.0	214.0	21.0	1.0	17.0	3.0
350	3120.1666666666665	30.0	267.0	33.0	14.0	17.0	16.0
360	3501.0	19.0	91.0	21.0	3.0	4.0	16.0
370	3562.3333333333335	46.0	64.0	28.0	21.0	2.0	25.0
380	3368.1666666666665	0.0	0.0	0.0	0.0	0.0	0.0
390	2850.8333333333335	0.0	0.0	0.0	0.0	0.0	0.0
400	3695.1666666666665	0.0	0.0	0.0	0.0	0.0	0.0
410	3487.0	0.0	0.0	0.0	0.0	0.0	0.0
420	3327.1666666666665	0.0	0.0	0.0	0.0	0.0	0.0
430	3746.0	0.0	0.0	0.0	0.0	0.0	0.0
440	3785.6666666666665	0.0	0.0	0.0	0.0	0.0	0.0
450	3582.1666666666665	0.0	0.0	0.0	0.0	0.0	0.0
460	3954.0	0.0	0.0	0.0	0.0	0.0	0.0
470	3100.3333333333335	0.0	0.0	0.0	0.0	0.0	0.0
480	3612.6666666666665	0.0	0.0	0.0	0.0	0.0	0.0
490	3316.1666666666665	0.0	0.0	0.0	0.0	0.0	0.0
500	3452.3333333333335	0.0	0.0	0.0	0.0	0.0	0.0
510	3970.0	0.0	0.0	0.0	0.0	0.0	0.0
520	3771.1666666666665	0.0	0.0	0.0	0.0	0.0	0.0
530	4060.1666666666665	0.0	0.0	0.0	0.0	0.0	0.0
540	3648.0	0.0	0.0	0.0	0.0	0.0	0.0
550	3982.1666666666665	0.0	0.0	0.0	0.0	0.0	0.0
560	3923.5	0.0	0.0	0.0	0.0	0.0	0.0
570	3714.5	0.0	0.0	0.0	0.0	0.0	0.0
580	3820.3333333333335	0.0	0.0	0.0	0.0	0.0	0.0
590	3788.6666666666665	0.0	0.0	0.0	0.0	0.0	0.0
600	3772.8333333333335	0.0	0.0	0.0	0.0	0.0	0.0
610	3488.5	0.0	0.0	0.0	0.0	0.0	0.0
620	3327.8333333333335	0.0	0.0	0.0	0.0	0.0	0.0
630	3869.1666666666665	0.0	0.0	0.0	0.0	0.0	0.0
640	4106.333333333333	0.0	0.0	0.0	0.0	0.0	0.0
650	3130.0	0.0	0.0	0.0	0.0	0.0	0.0
660	3473.0	0.0	0.0	0.0	0.0	0.0	0.0
670	3532.6666666666665	0.0	0.0	0.0	0.0	0.0	0.0
680	3480.8333333333335	0.0	0.0	0.0	0.0	0.0	0.0
690	3982.0	0.0	0.0	0.0	0.0	0.0	0.0
700	3506.6666666666665	0.0	0.0	0.0	0.0	0.0	0.0
710	3649.5	0.0	0.0	0.0	0.0	0.0	0.0
720	3813.1666666666665	0.0	0.0	0.0	0.0	0.0	0.0
730	3722.3333333333335	0.0	0.0	0.0	0.0	0.0	0.0
740	4001.5	0.0	0.0	0.0	0.0	0.0	0.0
750	3908.8333333333335	0.0	0.0	0.0	0.0	0.0	0.0
760	3834.5	0.0	0.0	0.0	0.0	0.0	0.0
770	3502.6666666666665	0.0	0.0	0.0	0.0	0.0	0.0
780	3405.1666666666665	0.0	0.0	0.0	0.0	0.0	0.0
790	3569.8333333333335	0.0	0.0	0.0	0.0	0.0	0.0
800	3660.3333333333335	0.0	0.0	0.0	0.0	0.0	0.0
810	3787.1666666666665	0.0	0.0	0.0	0.0	0.0	0.0
820	3648.6666666666665	0.0	0.0	0.0	0.0	0.0	0.0
830	3924.5	0.0	0.0	0.0	0.0	0.0	0.0
840	3846.5	0.0	0.0	0.0	0.0	0.0	0.0
850	4043.6666666666665	0.0	0.0	0.0	0.0	0.0	0.0
860	3444.1666666666665	0.0	0.0	0.0	0.0	0.0	0.0
870	3998.0	0.0	0.0	0.0	0.0	0.0	0.0
880	3890.8333333333335	0.0	0.0	0.0	0.0	0.0	0.0
890	3776.0	0.0	0.0	0.0	0.0	0.0	0.0
900	3674.6666666666665	0.0	0.0	0.0	0.0	0.0	0.0
910	3686.6666666666665	0.0	0.0	0.0	0.0	0.0	0.0
920	3677.8333333333335	0.0	0.0	0.0	0.0	0.0	0.0
930	3990.8333333333335	0.0	0.0	0.0	0.0	0.0	0.0
940	3855.3333333333335	0.0	0.0	0.0	0.0	0.0	0.0
950	4117.833333333333	0.0	0.0	0.0	0.0	0.0	0.0
960	3904.3333333333335	0.0	0.0	0.0	0.0	0.0	0.0
970	3522.1666666666665	0.0	0.0	0.0	0.0	0.0	0.0
980	3993.3333333333335	0.0	0.0	0.0	0.0	0.0	0.0
990	4111.5	0.0	0.0	0.0	0.0	0.0	0.0
1000	3757.1666666666665	0.0	0.0	0.0	0.0	0.0	0.0
