0	288.3333333333333	0.0	0.0	0.0	0.0	0.0	0.0
10	1920.5	52.0	245.0	38.0	44.0	28.0	8.0
20	2203.0	16.0	203.0	16.0	14.0	10.0	2.0
30	2055.8333333333335	38.0	466.0	46.0	28.0	33.0	10.0
40	2199.1666666666665	13.0	191.0	21.0	10.0	14.0	3.0
50	1997.1666666666667	32.0	289.0	34.0	31.0	31.0	1.0
60	2174.8333333333335	12.0	184.0	26.0	10.0	18.0	2.0
70	2217.6666666666665	18.0	196.0	21.0	8.0	9.0	10.0
80	2412.6666666666665	17.0	293.0	20.0	14.0	14.0	3.0
90	2433.0	38.0	201.0	22.0	36.0	18.0	2.0
100	2422.3333333333335	38.0	383.0	28.0	33.0	18.0	5.0
110	2352.3333333333335	36.0	314.0	41.0	31.0	26.0	5.0
120	2273.3333333333335	7.0	176.0	16.0	3.0	12.0	4.0
130	2172.5	43.0	276.0	26.0	35.0	18.0	8.0
140	2293.8333333333335	12.0	70.0	10.0	11.0	9.0	1.0
150	2122.6666666666665	63.0	197.0	56.0	19.0	8.0	44.0
160	2528.8333333333335	21.0	468.0	28.0	9.0	16.0	12.0
170	2769.1666666666665	7.0	149.0	19.0	4.0	16.0	3.0
180	2968.3333333333335	3.0	129.0	21.0	3.0	20.0	0.0
190	2542.0	63.0	342.0	45.0	44.0	21.0	19.0
200	2691.8333333333335	17.0	216.0	16.0	13.0	12.0	4.0
210	2455.0	10.0	268.0	19.0	3.0	11.0	7.0
220	2593.6666666666665	69.0	44.0	61.0	14.0	3.0	55.0
230	2646.3333333333335	15.0	190.0	35.0	14.0	26.0	1.0
240	2406.8333333333335	29.0	275.0	20.0	27.0	7.0	2.0
250	2658.5	13.0	268.0	25.0	4.0	16.0	9.0
260	2334.5	73.0	238.0	83.0	15.0	15.0	58.0
270	2597.3333333333335	15.0	411.0	26.0	8.0	18.0	7.0
280	3013.3333333333335	2.0	247.0	14.0	1.0	13.0	1.0
290	2956.1666666666665	75.0	197.0	73.0	26.0	16.0	49.0
300	3015.3333333333335	4.0	116.0	8.0	0.0	4.0	4.0
310	2707.1666666666665	139.0	332.0	148.0	14.0	20.0	125.0
320	3483.0	10.0	91.0	13.0	1.0	4.0	9.0
330	2812.0	0.0	0.0	0.0	0.0	0.0	0.0
340	3211.8333333333335	0.0	0.0	0.0	0.0	0.0	0.0
350	2993.1666666666665	0.0	0.0	0.0	0.0	0.0	0.0
360	3217.6666666666665	0.0	0.0	0.0	0.0	0.0	0.0
370	2919.6666666666665	0.0	0.0	0.0	0.0	0.0	0.0
380	3385.5	0.0	0.0	0.0	0.0	0.0	0.0
390	3508.6666666666665	0.0	0.0	0.0	0.0	0.0	0.0
400	3665.6666666666665	0.0	0.0	0.0	0.0	0.0	0.0
410	3426.0	0.0	0.0	0.0	0.0	0.0	0.0
420	3156.3333333333335	0.0	0.0	0.0	0.0	0.0	0.0
430	3007.0	0.0	0.0	0.0	0.0	0.0	0.0
440	3310.6666666666665	0.0	0.0	0.0	0.0	0.0	0.0
450	3268.8333333333335	0.0	0.0	0.0	0.0	0.0	0.0
460	3929.1666666666665	0.0	0.0	0.0	0.0	0.0	0.0
470	3495.6666666666665	0.0	0.0	0.0	0.0	0.0	0.0
480	3078.3333333333335	0.0	0.0	0.0	0.0	0.0	0.0
490	3623.6666666666665	0.0	0.0	0.0	0.0	0.0	0.0
500	3549.5	0.0	0.0	0.0	0.0	0.0	0.0
510	3608.6666666666665	0.0	0.0	0.0	0.0	0.0	0.0
520	2744.8333333333335	0.0	0.0	0.0	0.0	0.0	0.0
530	3828.8333333333335	0.0	0.0	0.0	0.0	0.0	0.0
540	3700.5	0.0	0.0	0.0	0.0	0.0	0.0
550	3163.5	0.0	0.0	0.0	0.0	0.0	0.0
560	3401.8333333333335	0.0	0.0	0.0	0.0	0.0	0.0
570	3830.6666666666665	0.0	0.0	0.0	0.0	0.0	0.0
580	3305.6666666666665	0.0	0.0	0.0	0.0	0.0	0.0
590	3893.8333333333335	0.0	0.0	0.0	0.0	0.0	0.0
600	3556.6666666666665	0.0	0.0	0.0	0.0	0.0	0.0
610	3138.1666666666665	0.0	0.0	0.0	0.0	0.0	0.0
620	3566.5	0.0	0.0	0.0	0.0	0.0	0.0
630	3328.1666666666665	0.0	0.0	0.0	0.0	0.0	0.0
640	3743.1666666666665	0.0	0.0	0.0	0.0	0.0	0.0
650	3897.5	0.0	0.0	0.0	0.0	0.0	0.0
660	3531.0	0.0	0.0	0.0	0.0	0.0	0.0
670	3786.3333333333335	0.0	0.0	0.0	0.0	0.0	0.0
680	3850.5	0.0	0.0	0.0	0.0	0.0	0.0
690	4096.666666666667	0.0	0.0	0.0	0.0	0.0	0.0
700	3665.5	0.0	0.0	0.0	0.0	0.0	0.0
710	3150.1666666666665	0.0	0.0	0.0	0.0	0.0	0.0
720	3354.6666666666665	0.0	0.0	0.0	0.0	0.0	0.0
730	3662.0	0.0	0.0	0.0	0.0	0.0	0.0
740	3314.3333333333335	0.0	0.0	0.0	0.0	0.0	0.0
750	3290.0	0.0	0.0	0.0	0.0	0.0	0.0
760	3631.1666666666665	0.0	0.0	0.0	0.0	0.0	0.0
770	3959.6666666666665	0.0	0.0	0.0	0.0	0.0	0.0
780	3707.6666666666665	0.0	0.0	0.0	0.0	0.0	0.0
790	3681.0	0.0	0.0	0.0	0.0	0.0	0.0
800	3794.0	0.0	0.0	0.0	0.0	0.0	0.0
810	3934.8333333333335	0.0	0.0	0.0	0.0	0.0	0.0
820	3504.0	0.0	0.0	0.0	0.0	0.0	0.0
830	3793.5	0.0	0.0	0.0	0.0	0.0	0.0
840	4393.5	0.0	0.0	0.0	0.0	0.0	0.0
850	3798.3333333333335	0.0	0.0	0.0	0.0	0.0	0.0
860	3803.1666666666665	0.0	0.0	0.0	0.0	0.0	0.0
870	3770.8333333333335	0.0	0.0	0.0	0.0	0.0	0.0
880	3451.3333333333335	0.0	0.0	0.0	0.0	0.0	0.0
890	3940.1666666666665	0.0	0.0	0.0	0.0	0.0	0.0
900	3473.5	0.0	0.0	0.0	0.0	0.0	0.0
910	3822.0	0.0	0.0	0.0	0.0	0.0	0.0
920	3622.0	0.0	0.0	0.0	0.0	0.0	0.0
930	3603.1666666666665	0.0	0.0	0.0	0.0	0.0	0.0
940	3631.6666666666665	0.0	0.0	0.0	0.0	0.0	0.0
950	4077.1666666666665	0.0	0.0	0.0	0.0	0.0	0.0
960	3658.5	0.0	0.0	0.0	0.0	0.0	0.0
970	3861.6666666666665	0.0	0.0	0.0	0.0	0.0	0.0
980	3859.5	0.0	0.0	0.0	0.0	0.0	0.0
990	4073.0	0.0	0.0	0.0	0.0	0.0	0.0
1000	3817.3333333333335	0.0	0.0	0.0	0.0	0.0	0.0
