0	340.3333333333333	0.0	0.0	0.0	0.0	0.0	0.0
10	1967.8333333333333	37.0	385.0	30.0	36.0	27.0	1.0
20	2027.8333333333333	12.0	225.0	18.0	9.0	13.0	3.0
30	1884.5	41.0	344.0	29.0	36.0	22.0	5.0
40	1991.6666666666667	28.0	282.0	25.0	23.0	19.0	5.0
50	1923.8333333333333	42.0	241.0	35.0	36.0	25.0	6.0
60	2320.3333333333335	101.0	246.0	95.0	54.0	35.0	47.0
70	2175.8333333333335	30.0	257.0	39.0	21.0	29.0	9.0
80	2378.1666666666665	16.0	224.0	27.0	14.0	22.0	2.0
90	2454.8333333333335	25.0	158.0	32.0	9.0	10.0	16.0
100	2382.1666666666665	23.0	288.0	30.0	21.0	23.0	2.0
110	2615.3333333333335	35.0	418.0	41.0	22.0	27.0	13.0
120	2658.3333333333335	50.0	251.0	26.0	44.0	17.0	6.0
130	2604.8333333333335	19.0	126.0	20.0	16.0	15.0	3.0
140	2860.0	36.0	349.0	41.0	33.0	28.0	3.0
150	2419.6666666666665	78.0	140.0	84.0	10.0	10.0	68.0
160	2297.1666666666665	5.0	132.0	19.0	1.0	15.0	4.0
170	2562.8333333333335	21.0	280.0	20.0	16.0	15.0	5.0
180	2409.5	7.0	188.0	10.0	3.0	6.0	4.0
190	2492.5	24.0	304.0	46.0	2.0	24.0	22.0
200	2761.0	18.0	242.0	28.0	13.0	22.0	5.0
210	2570.1666666666665	57.0	316.0	67.0	5.0	14.0	52.0
220	2614.8333333333335	123.0	249.0	116.0	32.0	8.0	91.0
230	2917.3333333333335	25.0	266.0	24.0	14.0	13.0	11.0
240	2858.1666666666665	4.0	82.0	6.0	2.0	4.0	2.0
250	2891.3333333333335	5.0	282.0	17.0	0.0	12.0	5.0
260	2898.3333333333335	23.0	67.0	29.0	1.0	7.0	22.0
270	3456.0	11.0	161.0	22.0	9.0	14.0	2.0
280	2686.8333333333335	9.0	197.0	10.0	5.0	6.0	4.0
290	3293.1666666666665	21.0	346.0	34.0	9.0	21.0	12.0
300	2829.3333333333335	26.0	284.0	27.0	14.0	14.0	12.0
310	3452.8333333333335	4.0	166.0	10.0	0.0	6.0	4.0
320	3186.0	23.0	132.0	29.0	2.0	8.0	21.0
330	3639.5	5.0	162.0	16.0	3.0	14.0	2.0
340	2760.0	7.0	219.0	15.0	4.0	11.0	3.0
350	3297.0	9.0	347.0	32.0	0.0	23.0	9.0
360	3239.0	0.0	0.0	0.0	0.0	0.0	0.0
370	3517.5	0.0	0.0	0.0	0.0	0.0	0.0
380	3306.6666666666665	0.0	0.0	0.0	0.0	0.0	0.0
390	3017.5	0.0	0.0	0.0	0.0	0.0	0.0
400	3652.8333333333335	0.0	0.0	0.0	0.0	0.0	0.0
410	3439.0	0.0	0.0	0.0	0.0	0.0	0.0
420	3445.1666666666665	0.0	0.0	0.0	0.0	0.0	0.0
430	3187.0	0.0	0.0	0.0	0.0	0.0	0.0
440	3203.5	0.0	0.0	0.0	0.0	0.0	0.0
450	3559.8333333333335	0.0	0.0	0.0	0.0	0.0	0.0
460	3209.1666666666665	0.0	0.0	0.0	0.0	0.0	0.0
470	3277.5	0.0	0.0	0.0	0.0	0.0	0.0
480	3347.1666666666665	0.0	0.0	0.0	0.0	0.0	0.0
490	3848.8333333333335	0.0	0.0	0.0	0.0	0.0	0.0
500	3327.5	0.0	0.0	0.0	0.0	0.0	0.0
510	3094.5	0.0	0.0	0.0	0.0	0.0	0.0
520	3774.1666666666665	0.0	0.0	0.0	0.0	0.0	0.0
530	3223.3333333333335	0.0	0.0	0.0	0.0	0.0	0.0
540	3567.0	0.0	0.0	0.0	0.0	0.0	0.0
550	3174.1666666666665	0.0	0.0	0.0	0.0	0.0	0.0
560	3468.0	0.0	0.0	0.0	0.0	0.0	0.0
570	3721.3333333333335	0.0	0.0	0.0	0.0	0.0	0.0
580	3033.8333333333335	0.0	0.0	0.0	0.0	0.0	0.0
590	3714.8333333333335	0.0	0.0	0.0	0.0	0.0	0.0
600	3968.5	0.0	0.0	0.0	0.0	0.0	0.0
610	4085.6666666666665	0.0	0.0	0.0	0.0	0.0	0.0
620	3503.8333333333335	0.0	0.0	0.0	0.0	0.0	0.0
630	3680.3333333333335	0.0	0.0	0.0	0.0	0.0	0.0
640	4030.0	0.0	0.0	0.0	0.0	0.0	0.0
650	3643.5	0.0	0.0	0.0	0.0	0.0	0.0
660	3958.0	0.0	0.0	0.0	0.0	0.0	0.0
670	3930.1666666666665	0.0	0.0	0.0	0.0	0.0	0.0
680	3846.8333333333335	0.0	0.0	0.0	0.0	0.0	0.0
690	3904.1666666666665	0.0	0.0	0.0	0.0	0.0	0.0
700	3713.5	0.0	0.0	0.0	0.0	0.0	0.0
710	3953.8333333333335	0.0	0.0	0.0	0.0	0.0	0.0
720	4005.3333333333335	0.0	0.0	0.0	0.0	0.0	0.0
730	3973.0	0.0	0.0	0.0	0.0	0.0	0.0
740	3498.0	0.0	0.0	0.0	0.0	0.0	0.0
750	3666.1666666666665	0.0	0.0	0.0	0.0	0.0	0.0
760	3888.3333333333335	0.0	0.0	0.0	0.0	0.0	0.0
770	3688.8333333333335	0.0	0.0	0.0	0.0	0.0	0.0
780	3615.8333333333335	0.0	0.0	0.0	0.0	0.0	0.0
790	3613.5	0.0	0.0	0.0	0.0	0.0	0.0
800	3692.0	0.0	0.0	0.0	0.0	0.0	0.0
810	3907.6666666666665	0.0	0.0	0.0	0.0	0.0	0.0
820	4163.5	0.0	0.0	0.0	0.0	0.0	0.0
830	3762.5	0.0	0.0	0.0	0.0	0.0	0.0
840	3041.1666666666665	0.0	0.0	0.0	0.0	0.0	0.0
850	3737.3333333333335	0.0	0.0	0.0	0.0	0.0	0.0
860	3911.5	0.0	0.0	0.0	0.0	0.0	0.0
870	3707.1666666666665	0.0	0.0	0.0	0.0	0.0	0.0
880	3807.3333333333335	0.0	0.0	0.0	0.0	0.0	0.0
890	3743.6666666666665	0.0	0.0	0.0	0.0	0.0	0.0
900	3577.0	0.0	0.0	0.0	0.0	0.0	0.0
910	3828.1666666666665	0.0	0.0	0.0	0.0	0.0	0.0
920	3491.5	0.0	0.0	0.0	0.0	0.0	0.0
930	3896.6666666666665	0.0	0.0	0.0	0.0	0.0	0.0
940	3358.3333333333335	0.0	0.0	0.0	0.0	0.0	0.0
950	3765.6666666666665	0.0	0.0	0.0	0.0	0.0	0.0
960	3962.8333333333335	0.0	0.0	0.0	0.0	0.0	0.0
970	3781.0	0.0	0.0	0.0	0.0	0.0	0.0
980	3552.0	0.0	0.0	0.0	0.0	0.0	0.0
990	3853.5	0.0	0.0	0.0	0.0	0.0	0.0
1000	3917.6666666666665	0.0	0.0	0.0	0.0	0.0	0.0
