0	250.0	0.0	0.0	0.0	0.0	0.0	0.0
10	1988.0	10.0	189.0	20.0	7.0	17.0	3.0
20	2108.5	53.0	292.0	50.0	32.0	25.0	21.0
30	2025.0	35.0	357.0	43.0	29.0	33.0	6.0
40	2167.0	43.0	366.0	31.0	35.0	19.0	8.0
50	2133.3333333333335	32.0	220.0	21.0	28.0	12.0	4.0
60	2228.3333333333335	26.0	347.0	30.0	20.0	20.0	6.0
70	2424.3333333333335	34.0	270.0	29.0	30.0	22.0	4.0
80	2439.6666666666665	60.0	257.0	42.0	38.0	18.0	22.0
90	2446.8333333333335	31.0	198.0	21.0	24.0	12.0	7.0
100	2548.1666666666665	7.0	180.0	17.0	6.0	14.0	1.0
110	2466.5	15.0	196.0	19.0	9.0	10.0	6.0
120	2793.1666666666665	26.0	283.0	26.0	23.0	21.0	3.0
130	2584.1666666666665	45.0	165.0	36.0	23.0	12.0	22.0
140	2348.5	36.0	315.0	36.0	29.0	24.0	7.0
150	2806.3333333333335	19.0	186.0	19.0	13.0	10.0	6.0
160	2710.6666666666665	70.0	157.0	65.0	26.0	16.0	44.0
170	2812.5	50.0	303.0	63.0	20.0	29.0	30.0
180	2318.6666666666665	16.0	232.0	28.0	10.0	16.0	6.0
190	2738.3333333333335	15.0	230.0	17.0	14.0	16.0	1.0
200	2787.8333333333335	24.0	302.0	27.0	18.0	19.0	6.0
210	2737.6666666666665	64.0	100.0	70.0	2.0	7.0	62.0
220	2845.6666666666665	11.0	337.0	22.0	9.0	20.0	2.0
230	2463.0	15.0	297.0	18.0	7.0	6.0	8.0
240	2753.8333333333335	14.0	192.0	27.0	2.0	15.0	12.0
250	2905.8333333333335	4.0	200.0	14.0	4.0	14.0	0.0
260	2213.0	17.0	121.0	17.0	3.0	2.0	14.0
270	3057.1666666666665	21.0	89.0	20.0	3.0	1.0	18.0
280	2599.5	10.0	420.0	29.0	6.0	24.0	4.0
290	3045.8333333333335	25.0	149.0	30.0	5.0	6.0	20.0
300	2713.3333333333335	7.0	188.0	20.0	4.0	14.0	3.0
310	2797.8333333333335	91.0	160.0	89.0	19.0	15.0	72.0
320	2959.8333333333335	41.0	281.0	49.0	8.0	15.0	33.0
330	2914.6666666666665	8.0	331.0	18.0	3.0	11.0	5.0
340	3213.5	18.0	243.0	17.0	12.0	10.0	6.0
350	3116.8333333333335	7.0	155.0	10.0	7.0	7.0	0.0
360	3764.1666666666665	0.0	0.0	0.0	0.0	0.0	0.0
370	3302.8333333333335	0.0	0.0	0.0	0.0	0.0	0.0
380	3555.6666666666665	0.0	0.0	0.0	0.0	0.0	0.0
390	3547.3333333333335	0.0	0.0	0.0	0.0	0.0	0.0
400	3698.0	0.0	0.0	0.0	0.0	0.0	0.0
410	3654.6666666666665	0.0	0.0	0.0	0.0	0.0	0.0
420	3511.5	0.0	0.0	0.0	0.0	0.0	0.0
430	3342.8333333333335	0.0	0.0	0.0	0.0	0.0	0.0
440	3795.1666666666665	0.0	0.0	0.0	0.0	0.0	0.0
450	3203.0	0.0	0.0	0.0	0.0	0.0	0.0
460	3395.6666666666665	0.0	0.0	0.0	0.0	0.0	0.0
470	3228.1666666666665	0.0	0.0	0.0	0.0	0.0	0.0
480	3266.0	0.0	0.0	0.0	0.0	0.0	0.0
490	3793.8333333333335	0.0	0.0	0.0	0.0	0.0	0.0
500	3361.8333333333335	0.0	0.0	0.0	0.0	0.0	0.0
510	3332.3333333333335	0.0	0.0	0.0	0.0	0.0	0.0
520	3276.0	0.0	0.0	0.0	0.0	0.0	0.0
530	3650.1666666666665	0.0	0.0	0.0	0.0	0.0	0.0
540	3699.3333333333335	0.0	0.0	0.0	0.0	0.0	0.0
550	3320.8333333333335	0.0	0.0	0.0	0.0	0.0	0.0
560	3539.5	0.0	0.0	0.0	0.0	0.0	0.0
570	3529.0	0.0	0.0	0.0	0.0	0.0	0.0
580	3589.3333333333335	0.0	0.0	0.0	0.0	0.0	0.0
590	3647.6666666666665	0.0	0.0	0.0	0.0	0.0	0.0
600	3828.6666666666665	0.0	0.0	0.0	0.0	0.0	0.0
610	3830.6666666666665	0.0	0.0	0.0	0.0	0.0	0.0
620	3915.1666666666665	0.0	0.0	0.0	0.0	0.0	0.0
630	4005.6666666666665	0.0	0.0	0.0	0.0	0.0	0.0
640	3729.0	0.0	0.0	0.0	0.0	0.0	0.0
650	3891.8333333333335	0.0	0.0	0.0	0.0	0.0	0.0
660	3610.8333333333335	0.0	0.0	0.0	0.0	0.0	0.0
670	3756.6666666666665	0.0	0.0	0.0	0.0	0.0	0.0
680	3507.8333333333335	0.0	0.0	0.0	0.0	0.0	0.0
690	3768.1666666666665	0.0	0.0	0.0	0.0	0.0	0.0
700	3449.6666666666665	0.0	0.0	0.0	0.0	0.0	0.0
710	3610.3333333333335	0.0	0.0	0.0	0.0	0.0	0.0
720	3534.8333333333335	0.0	0.0	0.0	0.0	0.0	0.0
730	3479.5	0.0	0.0	0.0	0.0	0.0	0.0
740	3822.0	0.0	0.0	0.0	0.0	0.0	0.0
750	3583.5	0.0	0.0	0.0	0.0	0.0	0.0
760	3956.8333333333335	0.0	0.0	0.0	0.0	0.0	0.0
770	4031.0	0.0	0.0	0.0	0.0	0.0	0.0
780	3832.0	0.0	0.0	0.0	0.0	0.0	0.0
790	3491.3333333333335	0.0	0.0	0.0	0.0	0.0	0.0
800	4032.0	0.0	0.0	0.0	0.0	0.0	0.0
810	3385.1666666666665	0.0	0.0	0.0	0.0	0.0	0.0
820	3426.6666666666665	0.0	0.0	0.0	0.0	0.0	0.0
830	3809.3333333333335	0.0	0.0	0.0	0.0	0.0	0.0
840	3933.3333333333335	0.0	0.0	0.0	0.0	0.0	0.0
850	3991.6666666666665	0.0	0.0	0.0	0.0	0.0	0.0
860	4028.8333333333335	0.0	0.0	0.0	0.0	0.0	0.0
870	3595.6666666666665	0.0	0.0	0.0	0.0	0.0	0.0
880	4175.666666666667	0.0	0.0	0.0	0.0	0.0	0.0
890	3687.0	0.0	0.0	0.0	0.0	0.0	0.0
900	3582.3333333333335	0.0	0.0	0.0	0.0	0.0	0.0
910	3528.0	0.0	0.0	0.0	0.0	0.0	0.0
920	3841.0	0.0	0.0	0.0	0.0	0.0	0.0
930	3658.3333333333335	0.0	0.0	0.0	0.0	0.0	0.0
940	3850.6666666666665	0.0	0.0	0.0	0.0	0.0	0.0
950	3567.3333333333335	0.0	0.0	0.0	0.0	0.0	0.0
960	4013.5	0.0	0.0	0.0	0.0	0.0	0.0
970	4021.3333333333335	0.0	0.0	0.0	0.0	0.0	0.0
980	3701.5	0.0	0.0	0.0	0.0	0.0	0.0
990	3915.5	0.0	0.0	0.0	0.0	0.0	0.0
1000	3408.3333333333335	0.0	0.0	0.0	0.0	0.0	0.0
