0	232.33333333333334	0.0
10	78.33333333333333	1000.0
20	70.0	0.0
30	70.0	0.0
40	70.0	0.0
50	81.0	0.0
60	629.3333333333334	0.0
70	545.6666666666666	0.0
80	1037.3333333333333	0.0
90	462.3333333333333	0.0
100	969.0	0.0
110	844.6666666666666	0.0
120	1568.6666666666667	0.0
130	1833.6666666666667	0.0
140	2214.8333333333335	0.0
150	2281.3333333333335	0.0
160	2287.0	0.0
170	2321.8333333333335	0.0
180	2351.1666666666665	0.0
190	2092.3333333333335	0.0
200	2402.3333333333335	0.0
210	2288.6666666666665	0.0
220	2000.0	0.0
230	2390.3333333333335	0.0
240	1981.3333333333333	0.0
250	2295.3333333333335	0.0
260	2296.6666666666665	0.0
270	2231.0	0.0
280	2443.0	0.0
290	2299.0	0.0
300	2427.6666666666665	0.0
310	2349.3333333333335	0.0
320	2567.6666666666665	0.0
330	1803.5	0.0
340	1154.6666666666667	0.0
350	1110.3333333333333	0.0
360	1937.6666666666667	0.0
370	1890.8333333333333	0.0
380	1936.8333333333333	0.0
390	2273.3333333333335	0.0
400	1717.6666666666667	0.0
410	2494.3333333333335	0.0
420	2440.5	0.0
430	2460.6666666666665	0.0
440	2380.0	0.0
450	2471.0	0.0
460	2285.8333333333335	0.0
470	2203.6666666666665	0.0
480	2349.3333333333335	0.0
490	2263.5	0.0
500	2447.6666666666665	0.0
510	1658.6666666666667	0.0
520	1819.0	0.0
530	2245.8333333333335	0.0
540	2141.3333333333335	0.0
550	2632.3333333333335	0.0
560	2017.1666666666667	0.0
570	2169.3333333333335	0.0
580	2184.0	0.0
590	1947.3333333333333	0.0
600	2205.1666666666665	0.0
610	1991.6666666666667	0.0
620	2213.6666666666665	0.0
630	1868.5	0.0
640	1608.1666666666667	0.0
650	2237.6666666666665	0.0
660	2009.6666666666667	0.0
670	2322.0	0.0
680	2350.0	0.0
690	1917.6666666666667	0.0
700	2443.0	0.0
710	2248.8333333333335	0.0
720	2522.0	0.0
730	2364.6666666666665	0.0
740	2398.1666666666665	0.0
750	2464.6666666666665	0.0
760	2742.1666666666665	0.0
770	2366.3333333333335	0.0
780	2044.3333333333333	0.0
790	2036.0	0.0
800	2413.0	0.0
810	2521.8333333333335	0.0
820	2416.0	0.0
830	2414.0	0.0
840	2457.6666666666665	0.0
850	2319.6666666666665	0.0
860	2400.6666666666665	0.0
870	2298.8333333333335	0.0
880	2435.3333333333335	0.0
890	2380.6666666666665	0.0
900	2306.8333333333335	0.0
910	2265.6666666666665	0.0
920	2541.6666666666665	0.0
930	2422.6666666666665	0.0
940	2402.8333333333335	0.0
950	2348.3333333333335	0.0
960	2342.6666666666665	0.0
970	2544.6666666666665	0.0
980	2374.1666666666665	0.0
990	2554.5	0.0
1000	1733.6666666666667	0.0
