0	226.33333333333334	0.0
10	101.0	1000.0
20	100.0	0.0
30	107.0	0.0
40	116.66666666666667	0.0
50	143.33333333333334	0.0
60	188.0	0.0
70	233.66666666666666	0.0
80	113.33333333333333	0.0
90	1713.3333333333333	0.0
100	1972.3333333333333	0.0
110	2253.1666666666665	0.0
120	2009.0	0.0
130	2054.0	0.0
140	2224.6666666666665	0.0
150	2089.5	0.0
160	1903.6666666666667	0.0
170	2336.5	0.0
180	2086.8333333333335	0.0
190	2674.1666666666665	0.0
200	2508.8333333333335	0.0
210	2328.6666666666665	0.0
220	2499.6666666666665	0.0
230	2407.0	0.0
240	2727.1666666666665	0.0
250	2440.3333333333335	0.0
260	2317.3333333333335	0.0
270	2456.8333333333335	0.0
280	2355.0	0.0
290	2464.3333333333335	0.0
300	2327.5	0.0
310	849.0	0.0
320	1954.0	0.0
330	2004.3333333333333	0.0
340	1840.5	0.0
350	1765.6666666666667	0.0
360	2285.1666666666665	0.0
370	1969.5	0.0
380	2219.0	0.0
390	2002.0	0.0
400	1310.0	0.0
410	1564.0	0.0
420	1782.6666666666667	0.0
430	1840.0	0.0
440	2433.8333333333335	0.0
450	2625.0	0.0
460	2369.3333333333335	0.0
470	2394.5	0.0
480	2377.6666666666665	0.0
490	2609.0	0.0
500	2302.3333333333335	0.0
510	2232.6666666666665	0.0
520	2605.5	0.0
530	2264.5	0.0
540	2446.8333333333335	0.0
550	2326.3333333333335	0.0
560	2278.3333333333335	0.0
570	2649.5	0.0
580	2444.1666666666665	0.0
590	2328.0	0.0
600	1858.6666666666667	0.0
610	2405.5	0.0
620	2371.5	0.0
630	2352.0	0.0
640	2532.6666666666665	0.0
650	2640.0	0.0
660	2504.6666666666665	0.0
670	2621.6666666666665	0.0
680	2367.6666666666665	0.0
690	2552.6666666666665	0.0
700	2429.8333333333335	0.0
710	1906.0	0.0
720	1960.0	0.0
730	1716.3333333333333	0.0
740	2409.3333333333335	0.0
750	2661.6666666666665	0.0
760	1739.8333333333333	0.0
770	1949.5	0.0
780	1973.8333333333333	0.0
790	1998.5	0.0
800	2295.6666666666665	0.0
810	2290.5	0.0
820	2028.6666666666667	0.0
830	1645.3333333333333	0.0
840	2321.8333333333335	0.0
850	2531.5	0.0
860	2375.8333333333335	0.0
870	2062.8333333333335	0.0
880	1440.0	0.0
890	1372.6666666666667	0.0
900	1761.6666666666667	0.0
910	1508.6666666666667	0.0
920	1891.6666666666667	0.0
930	2329.6666666666665	0.0
940	2449.0	0.0
950	2455.0	0.0
960	2438.5	0.0
970	2203.0	0.0
980	2495.3333333333335	0.0
990	2648.0	0.0
1000	2322.5	0.0
