0	276.3333333333333	0.0
10	70.0	1000.0
20	70.0	0.0
30	70.0	0.0
40	70.0	0.0
50	78.33333333333333	0.0
60	74.33333333333333	0.0
70	1034.3333333333333	0.0
80	1094.6666666666667	0.0
90	1201.3333333333333	0.0
100	132.0	0.0
110	324.0	0.0
120	2132.8333333333335	0.0
130	2413.3333333333335	0.0
140	2363.0	0.0
150	2304.3333333333335	0.0
160	2181.3333333333335	0.0
170	2161.6666666666665	0.0
180	2231.3333333333335	0.0
190	2288.3333333333335	0.0
200	2371.3333333333335	0.0
210	2474.0	0.0
220	2285.0	0.0
230	2394.0	0.0
240	2264.3333333333335	0.0
250	2386.5	0.0
260	2430.1666666666665	0.0
270	2277.0	0.0
280	2484.6666666666665	0.0
290	2399.8333333333335	0.0
300	2256.5	0.0
310	2551.3333333333335	0.0
320	2455.0	0.0
330	2528.6666666666665	0.0
340	2599.0	0.0
350	2524.1666666666665	0.0
360	1835.0	0.0
370	2456.1666666666665	0.0
380	2378.3333333333335	0.0
390	2066.6666666666665	0.0
400	1607.0	0.0
410	1238.8333333333333	0.0
420	2471.6666666666665	0.0
430	1781.3333333333333	0.0
440	2219.0	0.0
450	2036.6666666666667	0.0
460	1584.3333333333333	0.0
470	1841.6666666666667	0.0
480	1983.3333333333333	0.0
490	2090.6666666666665	0.0
500	1985.6666666666667	0.0
510	2418.5	0.0
520	2729.8333333333335	0.0
530	2364.0	0.0
540	2366.3333333333335	0.0
550	2481.8333333333335	0.0
560	2140.1666666666665	0.0
570	2449.8333333333335	0.0
580	2465.0	0.0
590	2240.1666666666665	0.0
600	2613.3333333333335	0.0
610	2319.0	0.0
620	2445.6666666666665	0.0
630	2552.3333333333335	0.0
640	2143.5	0.0
650	2026.0	0.0
660	2294.8333333333335	0.0
670	2384.8333333333335	0.0
680	1953.8333333333333	0.0
690	2380.6666666666665	0.0
700	1976.6666666666667	0.0
710	2063.0	0.0
720	2226.3333333333335	0.0
730	2281.3333333333335	0.0
740	1863.6666666666667	0.0
750	1820.3333333333333	0.0
760	2167.0	0.0
770	2504.3333333333335	0.0
780	2267.1666666666665	0.0
790	2209.0	0.0
800	2264.3333333333335	0.0
810	2438.0	0.0
820	2462.1666666666665	0.0
830	2338.5	0.0
840	2369.6666666666665	0.0
850	2295.6666666666665	0.0
860	2500.5	0.0
870	2574.1666666666665	0.0
880	2425.0	0.0
890	2601.8333333333335	0.0
900	2519.5	0.0
910	2526.5	0.0
920	2423.6666666666665	0.0
930	2307.5	0.0
940	2563.1666666666665	0.0
950	2629.3333333333335	0.0
960	2341.5	0.0
970	2117.6666666666665	0.0
980	1718.6666666666667	0.0
990	2535.1666666666665	0.0
1000	2414.1666666666665	0.0
