0	249.33333333333334	0.0	0.0
10	1675.1666666666667	37.0	7240.0
20	1996.5	47.0	11088.0
30	2007.0	33.0	6864.0
40	2115.6666666666665	43.0	10599.0
50	2062.5	27.0	7885.0
60	2074.3333333333335	31.0	9398.0
70	2109.8333333333335	23.0	6842.0
80	2012.0	17.0	12047.0
90	2286.0	49.0	11426.0
100	2002.3333333333333	39.0	10804.0
110	2308.6666666666665	26.0	8084.0
120	2247.8333333333335	38.0	8856.0
130	2429.3333333333335	21.0	11599.0
140	2298.3333333333335	20.0	10776.0
150	2252.0	41.0	10360.0
160	2351.3333333333335	36.0	8960.0
170	2314.5	20.0	9400.0
180	2517.5	20.0	14675.0
190	2430.3333333333335	32.0	13681.0
200	2423.5	21.0	9332.0
210	2655.6666666666665	27.0	9728.0
220	2600.1666666666665	17.0	7648.0
230	2310.8333333333335	2.0	4969.0
240	2438.1666666666665	20.0	7513.0
250	2512.6666666666665	36.0	10583.0
260	2434.3333333333335	26.0	9118.0
270	2429.1666666666665	20.0	9055.0
280	2656.1666666666665	33.0	9807.0
290	2493.6666666666665	12.0	6719.0
300	2528.6666666666665	21.0	9634.0
310	2747.5	14.0	6649.0
320	2796.0	29.0	9928.0
330	2687.1666666666665	11.0	8299.0
340	2639.0	53.0	10067.0
350	2711.6666666666665	28.0	9681.0
360	2813.5	17.0	7548.0
370	2729.0	13.0	5518.0
380	2662.6666666666665	0.0	9319.0
390	2818.6666666666665	0.0	11041.0
400	2583.6666666666665	0.0	8266.0
410	2753.3333333333335	0.0	11000.0
420	2914.5	0.0	12171.0
430	2864.0	0.0	7389.0
440	2601.8333333333335	0.0	8441.0
450	2938.3333333333335	0.0	7971.0
460	3035.5	0.0	12084.0
470	2578.0	0.0	11056.0
480	2761.6666666666665	0.0	12505.0
490	2979.3333333333335	0.0	10813.0
500	2827.8333333333335	0.0	9849.0
510	2787.3333333333335	0.0	11075.0
520	3148.0	0.0	9375.0
530	2938.0	0.0	11077.0
540	2929.8333333333335	0.0	11770.0
550	3050.6666666666665	0.0	11450.0
560	2918.0	0.0	9912.0
570	2927.8333333333335	0.0	11205.0
580	3145.3333333333335	0.0	10227.0
590	2848.6666666666665	0.0	9844.0
600	2945.3333333333335	0.0	6889.0
610	3031.3333333333335	0.0	8297.0
620	3100.1666666666665	0.0	12197.0
630	2983.3333333333335	0.0	10944.0
640	3186.3333333333335	0.0	11241.0
650	3179.8333333333335	0.0	13505.0
660	3193.0	0.0	11079.0
670	2968.0	0.0	10700.0
680	2968.0	0.0	9924.0
690	3245.0	0.0	7704.0
700	3072.0	0.0	9553.0
710	3197.1666666666665	0.0	11437.0
720	3108.0	0.0	9141.0
730	2966.0	0.0	7758.0
740	3261.3333333333335	0.0	10297.0
750	3017.3333333333335	0.0	7600.0
760	3066.1666666666665	0.0	11618.0
770	2953.8333333333335	0.0	10561.0
780	3048.0	0.0	7585.0
790	2857.1666666666665	0.0	10203.0
800	2871.1666666666665	0.0	7232.0
810	2884.6666666666665	0.0	9421.0
820	2985.1666666666665	0.0	8670.0
830	3224.0	0.0	10492.0
840	3207.6666666666665	0.0	8193.0
850	2898.6666666666665	0.0	9633.0
860	3186.8333333333335	0.0	7896.0
870	3080.5	0.0	9208.0
880	2696.8333333333335	0.0	9337.0
890	2903.3333333333335	0.0	12486.0
900	3303.0	0.0	11811.0
910	3143.6666666666665	0.0	10632.0
920	3208.1666666666665	0.0	11581.0
930	3333.6666666666665	0.0	9243.0
940	3181.8333333333335	0.0	9442.0
950	3492.0	0.0	13511.0
960	3213.5	0.0	10840.0
970	3465.1666666666665	0.0	8535.0
980	3013.5	0.0	6317.0
990	3422.5	0.0	10286.0
1000	3177.3333333333335	0.0	11982.0
