0	262.0	0.0	0.0	0.0	0.0	0.0	0.0
10	70.0	1000.0	3060.0	469.0	754.0	210.0	246.0
20	70.0	0.0	0.0	0.0	0.0	0.0	0.0
30	70.0	0.0	0.0	0.0	0.0	0.0	0.0
40	70.0	0.0	0.0	0.0	0.0	0.0	0.0
50	70.0	0.0	0.0	0.0	0.0	0.0	0.0
60	70.0	0.0	0.0	0.0	0.0	0.0	0.0
70	70.0	0.0	0.0	0.0	0.0	0.0	0.0
80	70.0	0.0	0.0	0.0	0.0	0.0	0.0
90	70.0	0.0	0.0	0.0	0.0	0.0	0.0
100	70.0	0.0	0.0	0.0	0.0	0.0	0.0
110	70.0	0.0	0.0	0.0	0.0	0.0	0.0
120	71.33333333333333	0.0	0.0	0.0	0.0	0.0	0.0
130	72.66666666666667	0.0	0.0	0.0	0.0	0.0	0.0
140	72.33333333333333	0.0	0.0	0.0	0.0	0.0	0.0
150	81.0	0.0	0.0	0.0	0.0	0.0	0.0
160	197.33333333333334	0.0	0.0	0.0	0.0	0.0	0.0
170	397.0	0.0	0.0	0.0	0.0	0.0	0.0
180	654.3333333333334	0.0	0.0	0.0	0.0	0.0	0.0
190	198.0	0.0	0.0	0.0	0.0	0.0	0.0
200	162.33333333333334	0.0	0.0	0.0	0.0	0.0	0.0
210	171.66666666666666	0.0	0.0	0.0	0.0	0.0	0.0
220	268.0	0.0	0.0	0.0	0.0	0.0	0.0
230	242.66666666666666	0.0	0.0	0.0	0.0	0.0	0.0
240	403.0	0.0	0.0	0.0	0.0	0.0	0.0
250	520.3333333333334	0.0	0.0	0.0	0.0	0.0	0.0
260	866.3333333333334	0.0	0.0	0.0	0.0	0.0	0.0
270	1223.0	0.0	0.0	0.0	0.0	0.0	0.0
280	1346.6666666666667	0.0	0.0	0.0	0.0	0.0	0.0
290	1324.6666666666667	0.0	0.0	0.0	0.0	0.0	0.0
300	1233.3333333333333	0.0	0.0	0.0	0.0	0.0	0.0
310	1501.0	0.0	0.0	0.0	0.0	0.0	0.0
320	1960.6666666666667	0.0	0.0	0.0	0.0	0.0	0.0
330	1751.3333333333333	0.0	0.0	0.0	0.0	0.0	0.0
340	2088.3333333333335	0.0	0.0	0.0	0.0	0.0	0.0
350	1880.6666666666667	0.0	0.0	0.0	0.0	0.0	0.0
360	1928.0	0.0	0.0	0.0	0.0	0.0	0.0
370	2247.6666666666665	0.0	0.0	0.0	0.0	0.0	0.0
380	2100.0	0.0	0.0	0.0	0.0	0.0	0.0
390	2388.6666666666665	0.0	0.0	0.0	0.0	0.0	0.0
400	2050.3333333333335	0.0	0.0	0.0	0.0	0.0	0.0
410	1959.3333333333333	0.0	0.0	0.0	0.0	0.0	0.0
420	2248.1666666666665	0.0	0.0	0.0	0.0	0.0	0.0
430	2167.5	0.0	0.0	0.0	0.0	0.0	0.0
440	2104.8333333333335	0.0	0.0	0.0	0.0	0.0	0.0
450	2187.3333333333335	0.0	0.0	0.0	0.0	0.0	0.0
460	2038.0	0.0	0.0	0.0	0.0	0.0	0.0
470	2086.5	0.0	0.0	0.0	0.0	0.0	0.0
480	2374.3333333333335	0.0	0.0	0.0	0.0	0.0	0.0
490	2192.6666666666665	0.0	0.0	0.0	0.0	0.0	0.0
500	2127.0	0.0	0.0	0.0	0.0	0.0	0.0
510	2463.3333333333335	0.0	0.0	0.0	0.0	0.0	0.0
520	2320.5	0.0	0.0	0.0	0.0	0.0	0.0
530	2541.0	0.0	0.0	0.0	0.0	0.0	0.0
540	2408.0	0.0	0.0	0.0	0.0	0.0	0.0
550	2307.6666666666665	0.0	0.0	0.0	0.0	0.0	0.0
560	2313.3333333333335	0.0	0.0	0.0	0.0	0.0	0.0
570	2572.5	0.0	0.0	0.0	0.0	0.0	0.0
580	2520.1666666666665	0.0	0.0	0.0	0.0	0.0	0.0
590	2486.6666666666665	0.0	0.0	0.0	0.0	0.0	0.0
600	2546.3333333333335	0.0	0.0	0.0	0.0	0.0	0.0
610	2594.5	0.0	0.0	0.0	0.0	0.0	0.0
620	2547.5	0.0	0.0	0.0	0.0	0.0	0.0
630	2543.5	0.0	0.0	0.0	0.0	0.0	0.0
640	2397.6666666666665	0.0	0.0	0.0	0.0	0.0	0.0
650	2607.1666666666665	0.0	0.0	0.0	0.0	0.0	0.0
660	2775.3333333333335	0.0	0.0	0.0	0.0	0.0	0.0
670	2412.0	0.0	0.0	0.0	0.0	0.0	0.0
680	2460.3333333333335	0.0	0.0	0.0	0.0	0.0	0.0
690	2523.3333333333335	0.0	0.0	0.0	0.0	0.0	0.0
700	2646.8333333333335	0.0	0.0	0.0	0.0	0.0	0.0
710	2470.6666666666665	0.0	0.0	0.0	0.0	0.0	0.0
720	2421.1666666666665	0.0	0.0	0.0	0.0	0.0	0.0
730	2448.5	0.0	0.0	0.0	0.0	0.0	0.0
740	2635.1666666666665	0.0	0.0	0.0	0.0	0.0	0.0
750	2588.6666666666665	0.0	0.0	0.0	0.0	0.0	0.0
760	2471.6666666666665	0.0	0.0	0.0	0.0	0.0	0.0
770	2559.0	0.0	0.0	0.0	0.0	0.0	0.0
780	2498.6666666666665	0.0	0.0	0.0	0.0	0.0	0.0
790	2464.6666666666665	0.0	0.0	0.0	0.0	0.0	0.0
800	2470.6666666666665	0.0	0.0	0.0	0.0	0.0	0.0
810	2544.0	0.0	0.0	0.0	0.0	0.0	0.0
820	2594.3333333333335	0.0	0.0	0.0	0.0	0.0	0.0
830	2430.0	0.0	0.0	0.0	0.0	0.0	0.0
840	2614.5	0.0	0.0	0.0	0.0	0.0	0.0
850	2587.3333333333335	0.0	0.0	0.0	0.0	0.0	0.0
860	2628.3333333333335	0.0	0.0	0.0	0.0	0.0	0.0
870	2355.0	0.0	0.0	0.0	0.0	0.0	0.0
880	2701.8333333333335	0.0	0.0	0.0	0.0	0.0	0.0
890	2640.6666666666665	0.0	0.0	0.0	0.0	0.0	0.0
900	2335.6666666666665	0.0	0.0	0.0	0.0	0.0	0.0
910	2667.3333333333335	0.0	0.0	0.0	0.0	0.0	0.0
920	1864.3333333333333	0.0	0.0	0.0	0.0	0.0	0.0
930	2209.5	0.0	0.0	0.0	0.0	0.0	0.0
940	2062.6666666666665	0.0	0.0	0.0	0.0	0.0	0.0
950	2219.8333333333335	0.0	0.0	0.0	0.0	0.0	0.0
960	2080.3333333333335	0.0	0.0	0.0	0.0	0.0	0.0
970	1759.3333333333333	0.0	0.0	0.0	0.0	0.0	0.0
980	1955.6666666666667	0.0	0.0	0.0	0.0	0.0	0.0
990	2174.0	0.0	0.0	0.0	0.0	0.0	0.0
1000	2076.0	0.0	0.0	0.0	0.0	0.0	0.0
