0	257.0	0.0
10	70.0	1.0
20	70.0	10.0
30	70.0	0.0
40	70.0	62.0
50	70.0	49.0
60	70.0	38.0
70	70.0	1.0
80	70.0	59.0
90	70.0	27.0
100	70.0	26.0
110	70.0	26.0
120	70.0	49.0
130	70.0	27.0
140	70.0	35.0
150	70.0	2.0
160	70.0	0.0
170	70.33333333333333	58.0
180	73.0	0.0
190	90.66666666666667	12.0
200	70.33333333333333	3.0
210	171.0	7.0
220	127.66666666666667	8.0
230	114.0	8.0
240	366.3333333333333	1.0
250	80.66666666666667	13.0
260	178.33333333333334	4.0
270	307.3333333333333	10.0
280	354.6666666666667	0.0
290	187.66666666666666	13.0
300	197.0	2.0
310	992.6666666666666	2.0
320	779.0	14.0
330	1561.8333333333333	5.0
340	1207.0	3.0
350	1293.6666666666667	12.0
360	1802.3333333333333	24.0
370	2000.3333333333333	7.0
380	1500.3333333333333	7.0
390	1476.6666666666667	13.0
400	1849.6666666666667	21.0
410	1596.6666666666667	34.0
420	1748.3333333333333	20.0
430	1982.3333333333333	4.0
440	2135.3333333333335	13.0
450	2394.8333333333335	7.0
460	2168.5	23.0
470	1881.6666666666667	11.0
480	2201.6666666666665	12.0
490	2377.5	23.0
500	2057.3333333333335	16.0
510	2374.5	16.0
520	2091.6666666666665	13.0
530	2322.3333333333335	13.0
540	2235.3333333333335	29.0
550	2288.1666666666665	13.0
560	2457.0	34.0
570	2492.0	23.0
580	2376.5	23.0
590	2414.8333333333335	14.0
600	2462.5	0.0
610	2359.0	0.0
620	2386.0	0.0
630	2617.1666666666665	0.0
640	2425.8333333333335	0.0
650	2604.8333333333335	0.0
660	2532.3333333333335	0.0
670	2460.1666666666665	0.0
680	2691.6666666666665	0.0
690	2662.1666666666665	0.0
700	2652.6666666666665	0.0
710	2550.3333333333335	0.0
720	2595.6666666666665	0.0
730	2534.5	0.0
740	2552.8333333333335	0.0
750	2568.5	0.0
760	2649.0	0.0
770	2723.5	0.0
780	2804.0	0.0
790	2698.0	0.0
800	2605.3333333333335	0.0
810	2466.0	0.0
820	2720.0	0.0
830	2640.0	0.0
840	2468.8333333333335	0.0
850	2291.1666666666665	0.0
860	2584.6666666666665	0.0
870	2797.1666666666665	0.0
880	2496.3333333333335	0.0
890	2401.3333333333335	0.0
900	2444.3333333333335	0.0
910	2937.8333333333335	0.0
920	2522.3333333333335	0.0
930	2290.5	0.0
940	1706.6666666666667	0.0
950	1598.3333333333333	0.0
960	1963.1666666666667	0.0
970	1972.0	0.0
980	1854.1666666666667	0.0
990	1711.3333333333333	0.0
1000	2034.5	0.0
