0	261.3333333333333	0.0
10	70.0	49.0
20	70.0	26.0
30	70.0	2.0
40	70.0	88.0
50	70.0	5.0
60	70.0	57.0
70	70.0	5.0
80	70.0	3.0
90	70.0	4.0
100	70.0	0.0
110	70.0	25.0
120	70.0	9.0
130	70.0	73.0
140	70.0	0.0
150	70.0	0.0
160	70.0	0.0
170	70.0	0.0
180	70.0	45.0
190	70.66666666666667	0.0
200	72.0	21.0
210	77.0	0.0
220	95.0	9.0
230	127.33333333333333	0.0
240	184.66666666666666	11.0
250	293.0	14.0
260	594.6666666666666	27.0
270	941.6666666666666	3.0
280	980.6666666666666	18.0
290	908.6666666666666	5.0
300	948.6666666666666	9.0
310	1098.6666666666667	7.0
320	1544.0	34.0
330	1233.3333333333333	10.0
340	1020.3333333333334	11.0
350	1349.3333333333333	31.0
360	1929.3333333333333	20.0
370	2126.6666666666665	38.0
380	1972.3333333333333	8.0
390	2070.0	7.0
400	1989.0	18.0
410	1942.6666666666667	16.0
420	1904.6666666666667	16.0
430	2176.3333333333335	21.0
440	2028.0	12.0
450	2276.6666666666665	7.0
460	1958.0	13.0
470	2112.0	23.0
480	2058.6666666666665	16.0
490	2259.3333333333335	24.0
500	2075.1666666666665	21.0
510	2198.3333333333335	12.0
520	2161.6666666666665	35.0
530	2399.1666666666665	20.0
540	2269.8333333333335	16.0
550	2353.5	16.0
560	2139.1666666666665	19.0
570	2533.3333333333335	21.0
580	2592.8333333333335	0.0
590	2465.0	0.0
600	2436.6666666666665	0.0
610	2556.6666666666665	0.0
620	2588.6666666666665	0.0
630	2498.8333333333335	0.0
640	2332.0	0.0
650	2542.1666666666665	0.0
660	2431.3333333333335	0.0
670	2605.0	0.0
680	2441.6666666666665	0.0
690	2470.8333333333335	0.0
700	2446.1666666666665	0.0
710	2407.1666666666665	0.0
720	2599.6666666666665	0.0
730	2475.0	0.0
740	2415.8333333333335	0.0
750	2467.6666666666665	0.0
760	2715.6666666666665	0.0
770	2681.3333333333335	0.0
780	2418.8333333333335	0.0
790	2452.1666666666665	0.0
800	2598.3333333333335	0.0
810	2427.6666666666665	0.0
820	2554.0	0.0
830	2494.6666666666665	0.0
840	2390.6666666666665	0.0
850	2599.3333333333335	0.0
860	2583.6666666666665	0.0
870	2613.5	0.0
880	2559.6666666666665	0.0
890	2425.0	0.0
900	1929.0	0.0
910	2235.3333333333335	0.0
920	1719.1666666666667	0.0
930	1454.3333333333333	0.0
940	1913.8333333333333	0.0
950	2524.0	0.0
960	2252.3333333333335	0.0
970	1605.0	0.0
980	1849.6666666666667	0.0
990	1604.3333333333333	0.0
1000	1399.6666666666667	0.0
