0	267.3333333333333	0.0
10	1978.0	24.0
20	1972.5	8.0
30	2078.6666666666665	36.0
40	2070.5	11.0
50	2085.3333333333335	6.0
60	2191.8333333333335	24.0
70	2584.5	40.0
80	2498.8333333333335	19.0
90	2149.5	9.0
100	2075.3333333333335	16.0
110	2506.8333333333335	19.0
120	2418.5	11.0
130	2840.5	18.0
140	2920.0	5.0
150	2832.6666666666665	7.0
160	2972.5	7.0
170	2947.5	17.0
180	3011.0	11.0
190	2760.8333333333335	17.0
200	2538.0	14.0
210	3066.6666666666665	13.0
220	2565.0	16.0
230	2612.5	9.0
240	2845.5	4.0
250	2652.5	13.0
260	2799.6666666666665	3.0
270	3015.5	25.0
280	2468.3333333333335	17.0
290	3023.8333333333335	9.0
300	2861.0	13.0
310	2899.0	24.0
320	3365.6666666666665	26.0
330	3574.5	16.0
340	2992.3333333333335	22.0
350	2991.1666666666665	16.0
360	3381.1666666666665	19.0
370	3345.3333333333335	18.0
380	2934.1666666666665	23.0
390	3043.5	21.0
400	3482.6666666666665	13.0
410	3815.5	9.0
420	3187.0	19.0
430	3413.3333333333335	26.0
440	3624.3333333333335	32.0
450	3879.6666666666665	17.0
460	3097.8333333333335	19.0
470	3639.1666666666665	33.0
480	3329.8333333333335	16.0
490	3660.5	32.0
500	3226.8333333333335	15.0
510	4009.0	22.0
520	3917.5	26.0
530	3712.8333333333335	28.0
540	3638.0	24.0
550	3572.1666666666665	10.0
560	3872.5	24.0
570	3505.1666666666665	9.0
580	3801.6666666666665	0.0
590	4001.8333333333335	0.0
600	3852.8333333333335	0.0
610	3828.6666666666665	0.0
620	3750.1666666666665	0.0
630	4162.833333333333	0.0
640	3923.5	0.0
650	3761.6666666666665	0.0
660	3205.8333333333335	0.0
670	3889.3333333333335	0.0
680	3947.3333333333335	0.0
690	3896.6666666666665	0.0
700	4212.666666666667	0.0
710	3985.0	0.0
720	4012.1666666666665	0.0
730	4231.833333333333	0.0
740	3826.8333333333335	0.0
750	3807.5	0.0
760	3807.6666666666665	0.0
770	3741.8333333333335	0.0
780	3686.0	0.0
790	3812.3333333333335	0.0
800	3984.0	0.0
810	3892.8333333333335	0.0
820	3967.8333333333335	0.0
830	3998.1666666666665	0.0
840	3716.5	0.0
850	3752.5	0.0
860	3671.8333333333335	0.0
870	3615.3333333333335	0.0
880	3663.5	0.0
890	3994.5	0.0
900	3452.0	0.0
910	3901.3333333333335	0.0
920	3972.5	0.0
930	3388.3333333333335	0.0
940	3581.3333333333335	0.0
950	3634.3333333333335	0.0
960	3638.8333333333335	0.0
970	3960.1666666666665	0.0
980	4013.0	0.0
990	3358.6666666666665	0.0
1000	3843.6666666666665	0.0
