0	277.6666666666667	0.0
10	1925.6666666666667	16.0
20	1964.3333333333333	24.0
30	2176.6666666666665	14.0
40	2233.1666666666665	26.0
50	2234.1666666666665	6.0
60	2456.6666666666665	15.0
70	2395.1666666666665	8.0
80	2370.1666666666665	5.0
90	2467.0	18.0
100	2474.8333333333335	12.0
110	2453.1666666666665	20.0
120	2291.8333333333335	19.0
130	2508.5	52.0
140	2766.1666666666665	30.0
150	2805.1666666666665	9.0
160	2901.5	29.0
170	2695.3333333333335	23.0
180	2270.8333333333335	13.0
190	2506.3333333333335	9.0
200	2500.6666666666665	5.0
210	2221.6666666666665	22.0
220	2657.8333333333335	10.0
230	2721.5	13.0
240	2730.3333333333335	15.0
250	3153.1666666666665	17.0
260	3200.1666666666665	10.0
270	2916.3333333333335	12.0
280	3776.3333333333335	17.0
290	3125.5	17.0
300	2845.1666666666665	28.0
310	3497.6666666666665	22.0
320	3525.3333333333335	13.0
330	2905.1666666666665	21.0
340	2972.8333333333335	14.0
350	3295.6666666666665	6.0
360	3286.6666666666665	20.0
370	3214.6666666666665	29.0
380	3501.0	19.0
390	3079.8333333333335	26.0
400	2815.8333333333335	23.0
410	3465.6666666666665	27.0
420	3724.6666666666665	18.0
430	3524.6666666666665	13.0
440	3349.6666666666665	31.0
450	3908.1666666666665	15.0
460	3343.3333333333335	32.0
470	3533.8333333333335	25.0
480	3854.5	33.0
490	3761.1666666666665	20.0
500	3972.5	32.0
510	3741.8333333333335	22.0
520	3520.0	24.0
530	4042.6666666666665	1.0
540	3721.1666666666665	0.0
550	3508.0	0.0
560	3553.5	0.0
570	3880.8333333333335	0.0
580	3821.3333333333335	0.0
590	3501.5	0.0
600	3826.6666666666665	0.0
610	3924.0	0.0
620	3835.8333333333335	0.0
630	3852.3333333333335	0.0
640	3806.6666666666665	0.0
650	3784.5	0.0
660	4062.6666666666665	0.0
670	3723.5	0.0
680	3508.1666666666665	0.0
690	3736.6666666666665	0.0
700	3628.6666666666665	0.0
710	3751.5	0.0
720	3777.3333333333335	0.0
730	3803.0	0.0
740	3997.6666666666665	0.0
750	3766.6666666666665	0.0
760	4071.0	0.0
770	3771.3333333333335	0.0
780	4018.6666666666665	0.0
790	3782.1666666666665	0.0
800	3757.3333333333335	0.0
810	3833.6666666666665	0.0
820	3909.6666666666665	0.0
830	3727.3333333333335	0.0
840	3988.1666666666665	0.0
850	3527.3333333333335	0.0
860	3547.6666666666665	0.0
870	3837.1666666666665	0.0
880	3699.1666666666665	0.0
890	3371.6666666666665	0.0
900	3954.8333333333335	0.0
910	4042.1666666666665	0.0
920	4181.0	0.0
930	3487.0	0.0
940	3799.6666666666665	0.0
950	3448.5	0.0
960	3738.0	0.0
970	3621.6666666666665	0.0
980	3521.1666666666665	0.0
990	3653.5	0.0
1000	3480.8333333333335	0.0
