0	260.6666666666667	0.0
10	2220.8333333333335	45.0
20	2149.3333333333335	33.0
30	2231.3333333333335	37.0
40	2115.6666666666665	11.0
50	2191.6666666666665	12.0
60	2345.5	30.0
70	2168.5	34.0
80	2480.6666666666665	29.0
90	2434.0	13.0
100	2230.8333333333335	16.0
110	2595.1666666666665	23.0
120	2759.6666666666665	22.0
130	2730.1666666666665	13.0
140	2649.8333333333335	3.0
150	2382.0	8.0
160	2864.0	18.0
170	2383.3333333333335	11.0
180	2628.1666666666665	20.0
190	2782.8333333333335	10.0
200	2890.6666666666665	16.0
210	3051.1666666666665	15.0
220	2436.3333333333335	13.0
230	2612.5	22.0
240	3390.6666666666665	26.0
250	2848.1666666666665	11.0
260	3085.8333333333335	17.0
270	3132.5	24.0
280	3399.6666666666665	20.0
290	3296.3333333333335	20.0
300	2658.5	10.0
310	3298.3333333333335	13.0
320	3448.0	28.0
330	3700.8333333333335	27.0
340	3224.5	28.0
350	3713.3333333333335	28.0
360	3389.0	9.0
370	3186.0	19.0
380	3459.6666666666665	21.0
390	3266.3333333333335	23.0
400	4005.3333333333335	15.0
410	3885.3333333333335	21.0
420	3416.5	31.0
430	3518.5	23.0
440	3973.3333333333335	8.0
450	3651.1666666666665	23.0
460	3773.1666666666665	23.0
470	3716.5	26.0
480	3406.1666666666665	22.0
490	4022.1666666666665	30.0
500	3822.8333333333335	0.0
510	3987.5	0.0
520	3633.6666666666665	0.0
530	4037.0	0.0
540	3525.8333333333335	0.0
550	3895.8333333333335	0.0
560	3708.6666666666665	0.0
570	3391.8333333333335	0.0
580	3206.5	0.0
590	4276.333333333333	0.0
600	3412.5	0.0
610	3525.3333333333335	0.0
620	3718.3333333333335	0.0
630	4008.5	0.0
640	3804.6666666666665	0.0
650	3867.6666666666665	0.0
660	3890.1666666666665	0.0
670	3897.3333333333335	0.0
680	3906.1666666666665	0.0
690	3932.8333333333335	0.0
700	3902.6666666666665	0.0
710	4003.8333333333335	0.0
720	3444.5	0.0
730	3642.6666666666665	0.0
740	3941.3333333333335	0.0
750	3794.6666666666665	0.0
760	3866.6666666666665	0.0
770	3769.8333333333335	0.0
780	3795.6666666666665	0.0
790	3677.5	0.0
800	3932.6666666666665	0.0
810	3466.3333333333335	0.0
820	3716.6666666666665	0.0
830	3874.5	0.0
840	3590.5	0.0
850	4006.3333333333335	0.0
860	3808.0	0.0
870	3681.8333333333335	0.0
880	3757.5	0.0
890	3875.8333333333335	0.0
900	3584.0	0.0
910	3692.1666666666665	0.0
920	3461.1666666666665	0.0
930	3754.8333333333335	0.0
940	3532.5	0.0
950	3955.0	0.0
960	3964.8333333333335	0.0
970	4081.6666666666665	0.0
980	3967.3333333333335	0.0
990	3790.8333333333335	0.0
1000	3787.5	0.0
