0	230.66666666666666	0.0
10	2178.5	24.0
20	2113.3333333333335	70.0
30	2093.6666666666665	15.0
40	2235.5	36.0
50	2347.1666666666665	6.0
60	2401.6666666666665	25.0
70	2380.6666666666665	11.0
80	2524.3333333333335	26.0
90	2464.0	11.0
100	2778.8333333333335	76.0
110	2825.0	11.0
120	2985.8333333333335	28.0
130	2640.3333333333335	8.0
140	2575.0	4.0
150	2357.8333333333335	13.0
160	2084.6666666666665	8.0
170	2129.0	10.0
180	2761.6666666666665	7.0
190	2786.8333333333335	11.0
200	2730.5	15.0
210	2574.3333333333335	22.0
220	2957.0	12.0
230	2932.5	18.0
240	3021.8333333333335	26.0
250	3140.0	10.0
260	2522.6666666666665	21.0
270	3234.0	16.0
280	2885.5	19.0
290	3479.8333333333335	22.0
300	3117.6666666666665	23.0
310	3513.5	21.0
320	3417.5	25.0
330	3206.8333333333335	30.0
340	3612.0	22.0
350	3366.3333333333335	18.0
360	3260.5	19.0
370	2930.3333333333335	13.0
380	3780.5	35.0
390	3194.5	17.0
400	3403.5	28.0
410	3653.6666666666665	18.0
420	3466.0	24.0
430	3499.3333333333335	32.0
440	3459.5	19.0
450	3505.6666666666665	22.0
460	3733.0	29.0
470	3612.1666666666665	21.0
480	3805.0	3.0
490	2910.8333333333335	0.0
500	4157.666666666667	0.0
510	3724.6666666666665	0.0
520	3022.6666666666665	0.0
530	3829.8333333333335	0.0
540	3636.8333333333335	0.0
550	3601.8333333333335	0.0
560	3858.3333333333335	0.0
570	3693.6666666666665	0.0
580	3558.5	0.0
590	3964.5	0.0
600	3421.1666666666665	0.0
610	4110.666666666667	0.0
620	3712.1666666666665	0.0
630	3911.3333333333335	0.0
640	3300.0	0.0
650	4024.1666666666665	0.0
660	3670.1666666666665	0.0
670	3896.0	0.0
680	3864.8333333333335	0.0
690	3593.0	0.0
700	3685.6666666666665	0.0
710	4197.5	0.0
720	3933.1666666666665	0.0
730	4090.6666666666665	0.0
740	3611.0	0.0
750	3995.1666666666665	0.0
760	3646.8333333333335	0.0
770	3815.0	0.0
780	3999.0	0.0
790	3767.6666666666665	0.0
800	3545.3333333333335	0.0
810	3728.3333333333335	0.0
820	4068.8333333333335	0.0
830	3753.0	0.0
840	3757.3333333333335	0.0
850	3865.5	0.0
860	3592.8333333333335	0.0
870	3611.1666666666665	0.0
880	3662.1666666666665	0.0
890	3698.3333333333335	0.0
900	3917.1666666666665	0.0
910	3922.5	0.0
920	3519.5	0.0
930	3570.3333333333335	0.0
940	3843.8333333333335	0.0
950	4077.3333333333335	0.0
960	3944.8333333333335	0.0
970	3651.8333333333335	0.0
980	3672.3333333333335	0.0
990	3753.6666666666665	0.0
1000	3613.8333333333335	0.0
