0	316.0	0.0
10	1604.1666666666667	149.0
20	1942.5	403.0
30	2153.6666666666665	448.0
40	2087.5	0.0
50	2119.3333333333335	0.0
60	1932.0	0.0
70	2009.0	0.0
80	2098.1666666666665	0.0
90	2050.8333333333335	0.0
100	2265.6666666666665	0.0
110	2287.0	0.0
120	2087.3333333333335	0.0
130	2234.1666666666665	0.0
140	2146.1666666666665	0.0
150	2483.8333333333335	0.0
160	2221.1666666666665	0.0
170	2435.5	0.0
180	2211.6666666666665	0.0
190	2227.1666666666665	0.0
200	2339.0	0.0
210	2300.6666666666665	0.0
220	2407.8333333333335	0.0
230	2565.1666666666665	0.0
240	2471.0	0.0
250	2601.6666666666665	0.0
260	2416.0	0.0
270	2369.6666666666665	0.0
280	2617.1666666666665	0.0
290	2415.0	0.0
300	2369.8333333333335	0.0
310	2458.3333333333335	0.0
320	2648.1666666666665	0.0
330	2334.8333333333335	0.0
340	2467.3333333333335	0.0
350	2706.5	0.0
360	2704.1666666666665	0.0
370	2445.3333333333335	0.0
380	2537.6666666666665	0.0
390	2649.5	0.0
400	2490.0	0.0
410	2496.5	0.0
420	2672.5	0.0
430	2779.6666666666665	0.0
440	2767.5	0.0
450	2588.3333333333335	0.0
460	2986.3333333333335	0.0
470	2923.0	0.0
480	2853.3333333333335	0.0
490	2781.8333333333335	0.0
500	2556.8333333333335	0.0
510	2530.0	0.0
520	2814.6666666666665	0.0
530	3057.6666666666665	0.0
540	2991.8333333333335	0.0
550	2699.3333333333335	0.0
560	2727.1666666666665	0.0
570	2540.8333333333335	0.0
580	2795.3333333333335	0.0
590	2938.1666666666665	0.0
600	2714.6666666666665	0.0
610	2699.8333333333335	0.0
620	2953.8333333333335	0.0
630	3015.1666666666665	0.0
640	2767.1666666666665	0.0
650	2829.3333333333335	0.0
660	2919.3333333333335	0.0
670	2718.3333333333335	0.0
680	2821.3333333333335	0.0
690	3013.1666666666665	0.0
700	2726.6666666666665	0.0
710	2628.6666666666665	0.0
720	2773.3333333333335	0.0
730	2863.5	0.0
740	2891.3333333333335	0.0
750	1968.6666666666667	0.0
760	3003.6666666666665	0.0
770	2702.3333333333335	0.0
780	2853.5	0.0
790	2709.5	0.0
800	2802.5	0.0
810	3061.6666666666665	0.0
820	2886.3333333333335	0.0
830	2656.1666666666665	0.0
840	3249.5	0.0
850	2857.6666666666665	0.0
860	2671.1666666666665	0.0
870	2832.8333333333335	0.0
880	3090.3333333333335	0.0
890	2951.1666666666665	0.0
900	3025.0	0.0
910	2911.1666666666665	0.0
920	2909.5	0.0
930	3083.0	0.0
940	2802.3333333333335	0.0
950	3005.5	0.0
960	2936.8333333333335	0.0
970	2894.8333333333335	0.0
980	2980.5	0.0
990	2720.8333333333335	0.0
1000	3067.3333333333335	0.0
