0	254.66666666666666	0.0
10	1836.8333333333333	532.0
20	1808.5	468.0
30	2216.5	0.0
40	2002.5	0.0
50	1988.6666666666667	0.0
60	2028.6666666666667	0.0
70	1951.5	0.0
80	2081.8333333333335	0.0
90	2220.1666666666665	0.0
100	2097.8333333333335	0.0
110	2187.3333333333335	0.0
120	2241.8333333333335	0.0
130	2014.6666666666667	0.0
140	2304.8333333333335	0.0
150	2292.5	0.0
160	2344.0	0.0
170	2440.5	0.0
180	2544.1666666666665	0.0
190	2353.5	0.0
200	2425.5	0.0
210	2361.1666666666665	0.0
220	2278.8333333333335	0.0
230	2266.0	0.0
240	2479.5	0.0
250	2531.0	0.0
260	2670.3333333333335	0.0
270	2543.1666666666665	0.0
280	2650.8333333333335	0.0
290	2523.8333333333335	0.0
300	2719.0	0.0
310	2530.3333333333335	0.0
320	2618.1666666666665	0.0
330	2522.0	0.0
340	2398.0	0.0
350	2608.0	0.0
360	2454.0	0.0
370	2467.1666666666665	0.0
380	2646.3333333333335	0.0
390	2668.1666666666665	0.0
400	2960.6666666666665	0.0
410	2926.0	0.0
420	2534.1666666666665	0.0
430	2694.1666666666665	0.0
440	2607.3333333333335	0.0
450	2505.3333333333335	0.0
460	2504.6666666666665	0.0
470	2756.3333333333335	0.0
480	2685.0	0.0
490	2576.6666666666665	0.0
500	2505.8333333333335	0.0
510	2678.0	0.0
520	2463.0	0.0
530	2543.1666666666665	0.0
540	2696.6666666666665	0.0
550	2687.8333333333335	0.0
560	2815.8333333333335	0.0
570	2562.5	0.0
580	2543.5	0.0
590	2570.8333333333335	0.0
600	2764.1666666666665	0.0
610	2821.5	0.0
620	2626.5	0.0
630	2871.3333333333335	0.0
640	2853.8333333333335	0.0
650	2812.0	0.0
660	2710.8333333333335	0.0
670	2803.3333333333335	0.0
680	2974.3333333333335	0.0
690	2720.8333333333335	0.0
700	2663.6666666666665	0.0
710	2739.0	0.0
720	3092.3333333333335	0.0
730	2762.5	0.0
740	2710.5	0.0
750	2940.3333333333335	0.0
760	3073.5	0.0
770	2965.6666666666665	0.0
780	3281.3333333333335	0.0
790	2690.0	0.0
800	3040.8333333333335	0.0
810	2865.3333333333335	0.0
820	2893.5	0.0
830	2840.6666666666665	0.0
840	2936.5	0.0
850	3125.0	0.0
860	2897.6666666666665	0.0
870	2975.0	0.0
880	3216.5	0.0
890	2799.5	0.0
900	2959.0	0.0
910	2858.5	0.0
920	2861.8333333333335	0.0
930	3251.5	0.0
940	3071.5	0.0
950	3070.8333333333335	0.0
960	2931.0	0.0
970	3118.6666666666665	0.0
980	2943.5	0.0
990	2941.6666666666665	0.0
1000	3188.5	0.0
