0	248.0	0.0
10	1914.0	727.0
20	1682.0	273.0
30	2072.0	0.0
40	2044.3333333333333	0.0
50	1985.6666666666667	0.0
60	1995.1666666666667	0.0
70	2149.8333333333335	0.0
80	2152.1666666666665	0.0
90	2086.6666666666665	0.0
100	2186.5	0.0
110	2080.5	0.0
120	2008.1666666666667	0.0
130	2051.3333333333335	0.0
140	2265.0	0.0
150	2260.6666666666665	0.0
160	2207.3333333333335	0.0
170	2232.8333333333335	0.0
180	2242.0	0.0
190	2244.5	0.0
200	2158.5	0.0
210	2442.8333333333335	0.0
220	2246.6666666666665	0.0
230	2425.5	0.0
240	2227.5	0.0
250	2426.8333333333335	0.0
260	2385.3333333333335	0.0
270	2475.5	0.0
280	2284.6666666666665	0.0
290	2773.0	0.0
300	2534.6666666666665	0.0
310	2548.6666666666665	0.0
320	2646.8333333333335	0.0
330	2214.3333333333335	0.0
340	2415.6666666666665	0.0
350	2427.5	0.0
360	2516.6666666666665	0.0
370	2310.3333333333335	0.0
380	2618.1666666666665	0.0
390	2618.5	0.0
400	2615.8333333333335	0.0
410	2656.8333333333335	0.0
420	2579.1666666666665	0.0
430	2684.6666666666665	0.0
440	2745.8333333333335	0.0
450	2967.6666666666665	0.0
460	2484.0	0.0
470	2707.0	0.0
480	2589.5	0.0
490	2772.3333333333335	0.0
500	2736.3333333333335	0.0
510	2877.1666666666665	0.0
520	2734.3333333333335	0.0
530	2674.6666666666665	0.0
540	2781.6666666666665	0.0
550	2643.5	0.0
560	2757.3333333333335	0.0
570	3025.6666666666665	0.0
580	2195.6666666666665	0.0
590	2904.0	0.0
600	2702.6666666666665	0.0
610	2889.3333333333335	0.0
620	2817.3333333333335	0.0
630	2937.6666666666665	0.0
640	2887.3333333333335	0.0
650	2781.1666666666665	0.0
660	2904.3333333333335	0.0
670	2841.3333333333335	0.0
680	2865.3333333333335	0.0
690	2816.0	0.0
700	2826.6666666666665	0.0
710	2812.0	0.0
720	2633.6666666666665	0.0
730	2860.1666666666665	0.0
740	2840.5	0.0
750	3037.8333333333335	0.0
760	2801.3333333333335	0.0
770	3029.1666666666665	0.0
780	2801.6666666666665	0.0
790	2949.0	0.0
800	2829.8333333333335	0.0
810	3110.5	0.0
820	2989.3333333333335	0.0
830	2952.0	0.0
840	3040.0	0.0
850	2930.1666666666665	0.0
860	2494.5	0.0
870	3098.5	0.0
880	3104.6666666666665	0.0
890	3135.0	0.0
900	2976.0	0.0
910	3096.3333333333335	0.0
920	3087.0	0.0
930	3079.0	0.0
940	2895.6666666666665	0.0
950	2944.0	0.0
960	3083.6666666666665	0.0
970	2952.1666666666665	0.0
980	2948.5	0.0
990	3093.0	0.0
1000	3182.3333333333335	0.0
