0	224.0	0.0
10	1887.3333333333333	510.0
20	1961.0	464.0
30	2115.0	26.0
40	2018.0	0.0
50	2161.0	0.0
60	2085.0	0.0
70	2086.3333333333335	0.0
80	2050.6666666666665	0.0
90	2052.6666666666665	0.0
100	2170.6666666666665	0.0
110	2116.6666666666665	0.0
120	2155.0	0.0
130	2105.0	0.0
140	2217.0	0.0
150	2274.5	0.0
160	2254.5	0.0
170	2331.0	0.0
180	2464.3333333333335	0.0
190	2392.0	0.0
200	2295.3333333333335	0.0
210	2464.1666666666665	0.0
220	2291.3333333333335	0.0
230	2582.6666666666665	0.0
240	2231.5	0.0
250	2132.5	0.0
260	2526.0	0.0
270	2479.5	0.0
280	2509.6666666666665	0.0
290	2454.0	0.0
300	2674.0	0.0
310	2672.8333333333335	0.0
320	2547.1666666666665	0.0
330	2470.0	0.0
340	2601.1666666666665	0.0
350	2637.5	0.0
360	2524.6666666666665	0.0
370	2493.8333333333335	0.0
380	2515.5	0.0
390	2888.0	0.0
400	2602.1666666666665	0.0
410	2650.8333333333335	0.0
420	2721.1666666666665	0.0
430	2596.8333333333335	0.0
440	2459.5	0.0
450	2626.1666666666665	0.0
460	2704.0	0.0
470	2746.1666666666665	0.0
480	2785.5	0.0
490	2672.1666666666665	0.0
500	2777.3333333333335	0.0
510	2540.6666666666665	0.0
520	2684.5	0.0
530	2703.6666666666665	0.0
540	2565.1666666666665	0.0
550	2934.1666666666665	0.0
560	2736.8333333333335	0.0
570	3186.0	0.0
580	2817.6666666666665	0.0
590	3062.3333333333335	0.0
600	2842.3333333333335	0.0
610	2717.3333333333335	0.0
620	2682.0	0.0
630	2932.8333333333335	0.0
640	2820.0	0.0
650	2784.3333333333335	0.0
660	2663.5	0.0
670	2715.0	0.0
680	2862.1666666666665	0.0
690	2871.3333333333335	0.0
700	2963.5	0.0
710	2819.3333333333335	0.0
720	2927.6666666666665	0.0
730	3229.6666666666665	0.0
740	2720.8333333333335	0.0
750	2928.3333333333335	0.0
760	3002.3333333333335	0.0
770	2980.0	0.0
780	2621.3333333333335	0.0
790	3020.5	0.0
800	2689.3333333333335	0.0
810	2746.6666666666665	0.0
820	2549.8333333333335	0.0
830	3256.6666666666665	0.0
840	3113.6666666666665	0.0
850	2703.1666666666665	0.0
860	2842.5	0.0
870	2909.3333333333335	0.0
880	2929.3333333333335	0.0
890	2823.6666666666665	0.0
900	3146.8333333333335	0.0
910	2868.5	0.0
920	2691.3333333333335	0.0
930	3001.5	0.0
940	3164.5	0.0
950	2791.5	0.0
960	3019.1666666666665	0.0
970	3022.8333333333335	0.0
980	3033.0	0.0
990	2951.3333333333335	0.0
1000	2747.5	0.0
