0	220.33333333333334	0.0	0.0	0.0	0.0	0.0	0.0
10	70.0	0.0	0.0	0.0	0.0	0.0	0.0
20	70.0	0.0	0.0	0.0	0.0	0.0	0.0
30	70.0	1.0	0.0	1.0	0.0	0.0	1.0
40	70.0	1.0	0.0	1.0	0.0	0.0	1.0
50	70.0	0.0	0.0	0.0	0.0	0.0	0.0
60	70.0	0.0	0.0	0.0	0.0	0.0	0.0
70	70.66666666666667	0.0	0.0	0.0	0.0	0.0	0.0
80	70.0	0.0	0.0	0.0	0.0	0.0	0.0
90	80.0	0.0	0.0	0.0	0.0	0.0	0.0
100	118.33333333333333	0.0	0.0	0.0	0.0	0.0	0.0
110	159.33333333333334	0.0	0.0	0.0	0.0	0.0	0.0
120	80.33333333333333	1.0	12.0	1.0	0.0	0.0	1.0
130	122.66666666666667	0.0	0.0	0.0	0.0	0.0	0.0
140	178.33333333333334	0.0	0.0	0.0	0.0	0.0	0.0
150	205.33333333333334	0.0	0.0	0.0	0.0	0.0	0.0
160	201.0	0.0	15.0	0.0	0.0	0.0	0.0
170	273.6666666666667	0.0	0.0	0.0	0.0	0.0	0.0
180	260.0	1.0	12.0	0.0	1.0	0.0	0.0
190	214.0	0.0	25.0	1.0	0.0	1.0	0.0
200	348.6666666666667	1.0	38.0	0.0	1.0	0.0	0.0
210	155.33333333333334	0.0	29.0	0.0	0.0	0.0	0.0
220	407.0	0.0	26.0	0.0	0.0	0.0	0.0
230	329.6666666666667	0.0	41.0	3.0	0.0	3.0	0.0
240	294.0	0.0	52.0	0.0	0.0	0.0	0.0
250	428.0	0.0	30.0	0.0	0.0	0.0	0.0
260	301.3333333333333	0.0	57.0	4.0	0.0	4.0	0.0
270	297.0	15.0	41.0	11.0	4.0	0.0	11.0
280	402.3333333333333	0.0	75.0	2.0	0.0	2.0	0.0
290	486.0	1.0	79.0	0.0	1.0	0.0	0.0
300	487.3333333333333	0.0	28.0	0.0	0.0	0.0	0.0
310	871.1666666666666	2.0	41.0	2.0	0.0	0.0	2.0
320	726.3333333333334	0.0	37.0	0.0	0.0	0.0	0.0
330	867.3333333333334	1.0	78.0	1.0	1.0	1.0	0.0
340	766.3333333333334	1.0	108.0	6.0	0.0	5.0	1.0
350	1148.0	4.0	132.0	10.0	0.0	6.0	4.0
360	1338.0	18.0	118.0	15.0	3.0	0.0	15.0
370	2050.0	3.0	93.0	7.0	1.0	5.0	2.0
380	1728.6666666666667	16.0	194.0	22.0	2.0	8.0	14.0
390	1895.5	1.0	117.0	3.0	0.0	2.0	1.0
400	2099.3333333333335	0.0	29.0	0.0	0.0	0.0	0.0
410	2423.6666666666665	0.0	74.0	2.0	0.0	2.0	0.0
420	2087.6666666666665	5.0	110.0	12.0	0.0	7.0	5.0
430	2265.5	0.0	96.0	2.0	0.0	2.0	0.0
440	2022.8333333333333	1.0	208.0	7.0	0.0	6.0	1.0
450	1973.1666666666667	1.0	116.0	5.0	0.0	4.0	1.0
460	2065.8333333333335	2.0	79.0	6.0	0.0	4.0	2.0
470	1994.3333333333333	0.0	99.0	4.0	0.0	4.0	0.0
480	1982.6666666666667	2.0	137.0	7.0	1.0	6.0	1.0
490	2308.0	1.0	132.0	2.0	0.0	1.0	1.0
500	2278.0	2.0	146.0	5.0	1.0	4.0	1.0
510	1964.0	2.0	190.0	7.0	0.0	5.0	2.0
520	2304.1666666666665	1.0	138.0	8.0	0.0	7.0	1.0
530	1991.0	1.0	162.0	3.0	0.0	2.0	1.0
540	2088.6666666666665	2.0	209.0	8.0	0.0	6.0	2.0
550	2221.5	0.0	142.0	2.0	0.0	2.0	0.0
560	2138.3333333333335	2.0	150.0	7.0	0.0	5.0	2.0
570	2444.5	2.0	190.0	8.0	0.0	6.0	2.0
580	2309.6666666666665	2.0	56.0	5.0	0.0	3.0	2.0
590	2401.6666666666665	1.0	112.0	2.0	1.0	2.0	0.0
600	1978.1666666666667	3.0	91.0	3.0	1.0	1.0	2.0
610	2456.3333333333335	0.0	17.0	0.0	0.0	0.0	0.0
620	2597.1666666666665	0.0	52.0	2.0	0.0	2.0	0.0
630	2193.6666666666665	0.0	55.0	0.0	0.0	0.0	0.0
640	2513.8333333333335	0.0	20.0	1.0	0.0	1.0	0.0
650	2427.0	1.0	31.0	1.0	1.0	1.0	0.0
660	2282.0	0.0	65.0	2.0	0.0	2.0	0.0
670	2532.6666666666665	0.0	15.0	0.0	0.0	0.0	0.0
680	2697.5	0.0	53.0	2.0	0.0	2.0	0.0
690	2147.3333333333335	0.0	45.0	2.0	0.0	2.0	0.0
700	2167.3333333333335	0.0	44.0	0.0	0.0	0.0	0.0
710	2230.0	2.0	60.0	2.0	2.0	2.0	0.0
720	2549.0	1.0	197.0	8.0	1.0	8.0	0.0
730	2179.3333333333335	2.0	156.0	5.0	0.0	3.0	2.0
740	2056.3333333333335	0.0	36.0	1.0	0.0	1.0	0.0
750	2432.8333333333335	4.0	132.0	9.0	0.0	5.0	4.0
760	2394.3333333333335	1.0	75.0	2.0	1.0	2.0	0.0
770	2417.3333333333335	0.0	90.0	1.0	0.0	1.0	0.0
780	2377.3333333333335	0.0	8.0	0.0	0.0	0.0	0.0
790	2196.1666666666665	0.0	55.0	2.0	0.0	2.0	0.0
800	2508.6666666666665	0.0	16.0	0.0	0.0	0.0	0.0
810	2605.0	1.0	68.0	4.0	0.0	3.0	1.0
820	2525.6666666666665	1.0	21.0	1.0	0.0	0.0	1.0
830	2376.0	0.0	28.0	0.0	0.0	0.0	0.0
840	2577.0	5.0	112.0	4.0	2.0	1.0	3.0
850	1902.0	2.0	164.0	7.0	0.0	5.0	2.0
860	1858.6666666666667	0.0	95.0	2.0	0.0	2.0	0.0
870	2297.0	2.0	89.0	5.0	0.0	3.0	2.0
880	2530.6666666666665	10.0	62.0	12.0	0.0	2.0	10.0
890	2515.0	0.0	40.0	2.0	0.0	2.0	0.0
900	2319.3333333333335	13.0	166.0	18.0	0.0	5.0	13.0
910	2298.8333333333335	1.0	112.0	4.0	0.0	3.0	1.0
920	2142.3333333333335	2.0	158.0	6.0	0.0	4.0	2.0
930	2413.6666666666665	0.0	66.0	0.0	0.0	0.0	0.0
940	2197.8333333333335	1.0	59.0	4.0	0.0	3.0	1.0
950	2291.3333333333335	3.0	125.0	8.0	1.0	6.0	2.0
960	2413.1666666666665	2.0	72.0	3.0	0.0	1.0	2.0
970	2307.5	20.0	45.0	19.0	2.0	1.0	18.0
980	2384.0	2.0	78.0	2.0	1.0	1.0	1.0
990	2583.5	1.0	98.0	3.0	0.0	2.0	1.0
1000	2347.3333333333335	33.0	96.0	36.0	1.0	4.0	32.0
