0	243.66666666666666	0.0	0.0	0.0	0.0	0.0	0.0
10	70.0	0.0	0.0	0.0	0.0	0.0	0.0
20	70.0	0.0	0.0	0.0	0.0	0.0	0.0
30	70.0	0.0	0.0	0.0	0.0	0.0	0.0
40	70.0	0.0	0.0	0.0	0.0	0.0	0.0
50	70.0	4.0	1.0	3.0	1.0	0.0	3.0
60	70.0	0.0	0.0	0.0	0.0	0.0	0.0
70	70.0	0.0	0.0	0.0	0.0	0.0	0.0
80	70.0	0.0	0.0	0.0	0.0	0.0	0.0
90	72.0	0.0	0.0	0.0	0.0	0.0	0.0
100	77.66666666666667	0.0	0.0	0.0	0.0	0.0	0.0
110	73.0	0.0	1.0	0.0	0.0	0.0	0.0
120	76.0	0.0	0.0	0.0	0.0	0.0	0.0
130	360.3333333333333	0.0	0.0	0.0	0.0	0.0	0.0
140	332.3333333333333	0.0	0.0	0.0	0.0	0.0	0.0
150	174.0	1.0	27.0	0.0	1.0	0.0	0.0
160	208.33333333333334	0.0	2.0	0.0	0.0	0.0	0.0
170	209.0	0.0	13.0	0.0	0.0	0.0	0.0
180	94.0	1.0	13.0	1.0	1.0	1.0	0.0
190	126.0	1.0	30.0	1.0	1.0	1.0	0.0
200	301.3333333333333	0.0	24.0	1.0	0.0	1.0	0.0
210	354.6666666666667	1.0	32.0	2.0	0.0	1.0	1.0
220	368.6666666666667	1.0	82.0	4.0	1.0	4.0	0.0
230	437.6666666666667	0.0	24.0	0.0	0.0	0.0	0.0
240	253.33333333333334	1.0	63.0	1.0	1.0	1.0	0.0
250	349.3333333333333	1.0	96.0	2.0	1.0	2.0	0.0
260	479.6666666666667	4.0	72.0	5.0	3.0	4.0	1.0
270	500.3333333333333	0.0	45.0	2.0	0.0	2.0	0.0
280	614.0	0.0	44.0	1.0	0.0	1.0	0.0
290	651.6666666666666	8.0	138.0	8.0	4.0	4.0	4.0
300	1189.6666666666667	1.0	117.0	4.0	0.0	3.0	1.0
310	1194.0	4.0	101.0	5.0	3.0	4.0	1.0
320	1440.6666666666667	12.0	7.0	12.0	0.0	0.0	12.0
330	2574.6666666666665	11.0	195.0	21.0	2.0	12.0	9.0
340	2364.5	0.0	125.0	3.0	0.0	3.0	0.0
350	2252.6666666666665	2.0	139.0	7.0	1.0	6.0	1.0
360	2529.5	0.0	29.0	2.0	0.0	2.0	0.0
370	2536.0	1.0	48.0	2.0	0.0	1.0	1.0
380	2350.6666666666665	6.0	134.0	13.0	0.0	7.0	6.0
390	1814.6666666666667	1.0	8.0	1.0	0.0	0.0	1.0
400	2410.3333333333335	7.0	48.0	8.0	1.0	2.0	6.0
410	2469.3333333333335	1.0	160.0	1.0	0.0	0.0	1.0
420	1853.3333333333333	0.0	32.0	0.0	0.0	0.0	0.0
430	2562.5	0.0	99.0	1.0	0.0	1.0	0.0
440	2517.3333333333335	7.0	46.0	7.0	0.0	0.0	7.0
450	2463.3333333333335	1.0	130.0	2.0	1.0	1.0	0.0
460	2202.3333333333335	5.0	143.0	8.0	2.0	4.0	3.0
470	2431.5	0.0	43.0	2.0	0.0	2.0	0.0
480	2550.3333333333335	0.0	75.0	5.0	0.0	5.0	0.0
490	2554.3333333333335	0.0	49.0	2.0	0.0	2.0	0.0
500	2308.3333333333335	2.0	50.0	6.0	0.0	4.0	2.0
510	2540.5	1.0	63.0	1.0	0.0	0.0	1.0
520	2236.1666666666665	4.0	84.0	9.0	0.0	5.0	4.0
530	1845.8333333333333	0.0	126.0	2.0	0.0	2.0	0.0
540	1924.8333333333333	3.0	162.0	9.0	0.0	6.0	3.0
550	1531.6666666666667	2.0	200.0	13.0	0.0	11.0	2.0
560	2320.6666666666665	2.0	56.0	8.0	0.0	6.0	2.0
570	1977.8333333333333	0.0	54.0	1.0	0.0	1.0	0.0
580	1956.5	7.0	46.0	7.0	0.0	0.0	7.0
590	1927.3333333333333	0.0	138.0	6.0	0.0	6.0	0.0
600	2062.1666666666665	12.0	133.0	20.0	0.0	8.0	12.0
610	1650.3333333333333	4.0	83.0	7.0	0.0	3.0	4.0
620	2015.6666666666667	1.0	71.0	5.0	0.0	4.0	1.0
630	2142.6666666666665	1.0	151.0	6.0	0.0	5.0	1.0
640	2140.3333333333335	20.0	160.0	23.0	1.0	4.0	19.0
650	2029.8333333333333	4.0	244.0	12.0	0.0	8.0	4.0
660	2128.3333333333335	1.0	127.0	4.0	0.0	3.0	1.0
670	1952.6666666666667	2.0	134.0	5.0	0.0	3.0	2.0
680	1534.6666666666667	1.0	137.0	4.0	0.0	3.0	1.0
690	1699.5	1.0	20.0	2.0	0.0	1.0	1.0
700	2126.3333333333335	0.0	110.0	2.0	0.0	2.0	0.0
710	2143.3333333333335	1.0	116.0	3.0	0.0	2.0	1.0
720	2124.6666666666665	4.0	298.0	14.0	0.0	10.0	4.0
730	2187.3333333333335	3.0	149.0	5.0	0.0	2.0	3.0
740	2422.6666666666665	1.0	141.0	6.0	0.0	5.0	1.0
750	1943.3333333333333	1.0	145.0	5.0	1.0	5.0	0.0
760	2428.6666666666665	0.0	125.0	6.0	0.0	6.0	0.0
770	2190.6666666666665	1.0	108.0	5.0	0.0	4.0	1.0
780	2050.1666666666665	2.0	137.0	6.0	0.0	4.0	2.0
790	1797.6666666666667	1.0	49.0	4.0	0.0	3.0	1.0
800	2485.6666666666665	0.0	34.0	0.0	0.0	0.0	0.0
810	2565.0	1.0	81.0	4.0	0.0	3.0	1.0
820	2440.6666666666665	3.0	95.0	4.0	0.0	1.0	3.0
830	2571.1666666666665	2.0	67.0	3.0	0.0	1.0	2.0
840	2705.0	1.0	36.0	3.0	0.0	2.0	1.0
850	2598.3333333333335	0.0	116.0	2.0	0.0	2.0	0.0
860	1978.5	2.0	42.0	2.0	0.0	0.0	2.0
870	1704.8333333333333	3.0	125.0	4.0	1.0	2.0	2.0
880	2046.5	2.0	103.0	2.0	1.0	1.0	1.0
890	2291.1666666666665	3.0	193.0	6.0	0.0	3.0	3.0
900	2515.6666666666665	1.0	64.0	2.0	0.0	1.0	1.0
910	2411.8333333333335	2.0	125.0	8.0	0.0	6.0	2.0
920	2387.0	0.0	49.0	1.0	0.0	1.0	0.0
930	2432.6666666666665	4.0	141.0	8.0	0.0	4.0	4.0
940	2566.1666666666665	0.0	96.0	2.0	0.0	2.0	0.0
950	2621.3333333333335	1.0	41.0	1.0	0.0	0.0	1.0
960	2348.8333333333335	0.0	24.0	0.0	0.0	0.0	0.0
970	2380.6666666666665	1.0	62.0	3.0	0.0	2.0	1.0
980	2489.1666666666665	2.0	99.0	6.0	0.0	4.0	2.0
990	2397.1666666666665	2.0	60.0	5.0	0.0	3.0	2.0
1000	2248.0	1.0	36.0	2.0	0.0	1.0	1.0
