0	289.0	0.0	0.0	0.0	0.0	0.0	0.0
10	70.0	0.0	0.0	0.0	0.0	0.0	0.0
20	70.0	1.0	0.0	1.0	0.0	0.0	1.0
30	70.0	0.0	0.0	0.0	0.0	0.0	0.0
40	70.0	0.0	0.0	0.0	0.0	0.0	0.0
50	70.0	0.0	0.0	0.0	0.0	0.0	0.0
60	70.0	0.0	0.0	0.0	0.0	0.0	0.0
70	70.0	5.0	5.0	0.0	5.0	0.0	0.0
80	70.0	0.0	0.0	0.0	0.0	0.0	0.0
90	72.66666666666667	0.0	0.0	0.0	0.0	0.0	0.0
100	88.66666666666667	0.0	0.0	0.0	0.0	0.0	0.0
110	98.0	3.0	7.0	0.0	3.0	0.0	0.0
120	73.66666666666667	0.0	12.0	0.0	0.0	0.0	0.0
130	388.3333333333333	0.0	0.0	0.0	0.0	0.0	0.0
140	315.3333333333333	1.0	17.0	0.0	1.0	0.0	0.0
150	335.6666666666667	0.0	0.0	0.0	0.0	0.0	0.0
160	222.66666666666666	0.0	6.0	0.0	0.0	0.0	0.0
170	153.66666666666666	0.0	0.0	0.0	0.0	0.0	0.0
180	198.33333333333334	0.0	11.0	1.0	0.0	1.0	0.0
190	478.0	0.0	0.0	0.0	0.0	0.0	0.0
200	280.6666666666667	0.0	30.0	0.0	0.0	0.0	0.0
210	252.33333333333334	2.0	56.0	1.0	2.0	1.0	0.0
220	271.0	1.0	37.0	2.0	1.0	2.0	0.0
230	499.3333333333333	0.0	0.0	0.0	0.0	0.0	0.0
240	327.3333333333333	2.0	67.0	2.0	2.0	1.0	0.0
250	381.3333333333333	1.0	67.0	1.0	1.0	1.0	0.0
260	486.6666666666667	0.0	40.0	1.0	0.0	1.0	0.0
270	521.3333333333334	7.0	126.0	8.0	2.0	3.0	5.0
280	581.6666666666666	1.0	56.0	2.0	1.0	2.0	0.0
290	980.8333333333334	5.0	26.0	8.0	0.0	3.0	5.0
300	1026.6666666666667	2.0	59.0	2.0	2.0	2.0	0.0
310	1188.0	2.0	56.0	2.0	1.0	1.0	1.0
320	2003.3333333333333	7.0	206.0	8.0	1.0	2.0	6.0
330	2552.8333333333335	11.0	104.0	14.0	0.0	3.0	11.0
340	1762.3333333333333	2.0	66.0	3.0	0.0	1.0	2.0
350	2578.3333333333335	2.0	124.0	5.0	0.0	3.0	2.0
360	2471.8333333333335	1.0	101.0	2.0	0.0	1.0	1.0
370	2446.6666666666665	10.0	315.0	23.0	1.0	14.0	9.0
380	2323.6666666666665	5.0	303.0	14.0	0.0	9.0	5.0
390	2400.3333333333335	0.0	73.0	0.0	0.0	0.0	0.0
400	2406.0	0.0	86.0	3.0	0.0	3.0	0.0
410	2510.3333333333335	0.0	36.0	1.0	0.0	1.0	0.0
420	2260.0	2.0	82.0	2.0	1.0	1.0	1.0
430	2630.3333333333335	2.0	81.0	2.0	0.0	0.0	2.0
440	2277.3333333333335	2.0	123.0	4.0	0.0	2.0	2.0
450	2585.0	9.0	108.0	10.0	1.0	2.0	8.0
460	2241.6666666666665	0.0	20.0	1.0	0.0	1.0	0.0
470	2388.8333333333335	0.0	21.0	1.0	0.0	1.0	0.0
480	2277.3333333333335	3.0	63.0	8.0	0.0	5.0	3.0
490	2520.1666666666665	0.0	45.0	0.0	0.0	0.0	0.0
500	2149.8333333333335	2.0	102.0	6.0	0.0	4.0	2.0
510	2214.1666666666665	9.0	93.0	16.0	0.0	7.0	9.0
520	1866.6666666666667	4.0	111.0	7.0	1.0	4.0	3.0
530	1799.3333333333333	3.0	79.0	5.0	0.0	2.0	3.0
540	2293.6666666666665	2.0	94.0	7.0	0.0	5.0	2.0
550	2491.8333333333335	0.0	118.0	0.0	0.0	0.0	0.0
560	1538.6666666666667	2.0	138.0	8.0	0.0	6.0	2.0
570	1473.0	0.0	147.0	1.0	0.0	1.0	0.0
580	1923.0	3.0	228.0	9.0	0.0	6.0	3.0
590	2030.6666666666667	1.0	106.0	3.0	0.0	2.0	1.0
600	854.6666666666666	2.0	143.0	9.0	0.0	7.0	2.0
610	1819.3333333333333	0.0	89.0	4.0	0.0	4.0	0.0
620	1722.1666666666667	2.0	207.0	10.0	0.0	8.0	2.0
630	2216.6666666666665	2.0	295.0	13.0	1.0	12.0	1.0
640	1763.5	2.0	131.0	4.0	0.0	2.0	2.0
650	1622.3333333333333	1.0	139.0	7.0	1.0	7.0	0.0
660	1801.0	2.0	43.0	4.0	0.0	2.0	2.0
670	2427.1666666666665	1.0	85.0	0.0	1.0	0.0	0.0
680	1850.0	3.0	158.0	7.0	1.0	5.0	2.0
690	2369.1666666666665	1.0	97.0	4.0	0.0	3.0	1.0
700	2461.6666666666665	0.0	26.0	1.0	0.0	1.0	0.0
710	2315.6666666666665	1.0	14.0	1.0	0.0	0.0	1.0
720	2366.6666666666665	1.0	99.0	4.0	0.0	3.0	1.0
730	2301.6666666666665	3.0	46.0	5.0	0.0	2.0	3.0
740	2069.5	0.0	34.0	1.0	0.0	1.0	0.0
750	2244.8333333333335	1.0	100.0	5.0	0.0	4.0	1.0
760	2260.3333333333335	10.0	100.0	15.0	0.0	5.0	10.0
770	2271.6666666666665	1.0	41.0	4.0	0.0	3.0	1.0
780	2550.3333333333335	0.0	47.0	6.0	0.0	6.0	0.0
790	2435.0	0.0	13.0	1.0	0.0	1.0	0.0
800	2543.5	1.0	61.0	2.0	1.0	2.0	0.0
810	1758.3333333333333	3.0	107.0	4.0	1.0	2.0	2.0
820	2178.3333333333335	1.0	61.0	2.0	0.0	1.0	1.0
830	2441.3333333333335	0.0	176.0	4.0	0.0	4.0	0.0
840	2619.6666666666665	1.0	114.0	4.0	1.0	4.0	0.0
850	1875.0	1.0	108.0	2.0	0.0	1.0	1.0
860	2473.6666666666665	0.0	37.0	1.0	0.0	1.0	0.0
870	1631.6666666666667	2.0	77.0	4.0	0.0	2.0	2.0
880	1834.6666666666667	1.0	97.0	2.0	0.0	1.0	1.0
890	1947.6666666666667	0.0	113.0	4.0	0.0	4.0	0.0
900	2062.0	2.0	58.0	2.0	1.0	1.0	1.0
910	2111.0	0.0	14.0	0.0	0.0	0.0	0.0
920	1889.3333333333333	0.0	123.0	1.0	0.0	1.0	0.0
930	2289.8333333333335	2.0	36.0	4.0	0.0	2.0	2.0
940	1708.1666666666667	1.0	12.0	1.0	0.0	0.0	1.0
950	1709.6666666666667	1.0	123.0	6.0	0.0	5.0	1.0
960	1796.6666666666667	0.0	60.0	1.0	0.0	1.0	0.0
970	1896.3333333333333	1.0	38.0	4.0	0.0	3.0	1.0
980	1822.0	1.0	79.0	3.0	0.0	2.0	1.0
990	1462.3333333333333	0.0	39.0	4.0	0.0	4.0	0.0
1000	2462.5	3.0	97.0	6.0	0.0	3.0	3.0
