0	260.6666666666667	0.0	0.0	0.0	0.0	0.0	0.0
10	70.0	0.0	0.0	0.0	0.0	0.0	0.0
20	70.0	0.0	0.0	0.0	0.0	0.0	0.0
30	70.0	0.0	0.0	0.0	0.0	0.0	0.0
40	70.0	0.0	0.0	0.0	0.0	0.0	0.0
50	70.0	0.0	0.0	0.0	0.0	0.0	0.0
60	70.0	0.0	0.0	0.0	0.0	0.0	0.0
70	70.0	0.0	0.0	0.0	0.0	0.0	0.0
80	70.66666666666667	0.0	0.0	0.0	0.0	0.0	0.0
90	71.66666666666667	0.0	0.0	0.0	0.0	0.0	0.0
100	79.66666666666667	0.0	0.0	0.0	0.0	0.0	0.0
110	77.33333333333333	18.0	19.0	15.0	3.0	0.0	15.0
120	85.33333333333333	6.0	13.0	0.0	6.0	0.0	0.0
130	355.0	0.0	0.0	0.0	0.0	0.0	0.0
140	269.3333333333333	1.0	9.0	1.0	1.0	1.0	0.0
150	374.0	0.0	0.0	0.0	0.0	0.0	0.0
160	126.0	0.0	28.0	0.0	0.0	0.0	0.0
170	383.0	0.0	0.0	0.0	0.0	0.0	0.0
180	374.6666666666667	1.0	29.0	0.0	1.0	0.0	0.0
190	463.0	4.0	76.0	3.0	4.0	3.0	0.0
200	438.0	2.0	51.0	1.0	1.0	0.0	1.0
210	596.0	1.0	15.0	0.0	1.0	0.0	0.0
220	505.6666666666667	0.0	25.0	0.0	0.0	0.0	0.0
230	484.6666666666667	3.0	68.0	2.0	3.0	2.0	0.0
240	382.0	4.0	94.0	1.0	4.0	1.0	0.0
250	466.6666666666667	2.0	44.0	2.0	2.0	2.0	0.0
260	589.6666666666666	0.0	35.0	0.0	0.0	0.0	0.0
270	771.0	1.0	36.0	0.0	1.0	0.0	0.0
280	594.0	2.0	35.0	1.0	2.0	1.0	0.0
290	1060.3333333333333	2.0	89.0	3.0	1.0	2.0	1.0
300	948.3333333333334	3.0	27.0	2.0	1.0	0.0	2.0
310	1627.3333333333333	0.0	39.0	1.0	0.0	1.0	0.0
320	2334.3333333333335	1.0	125.0	4.0	0.0	3.0	1.0
330	2596.0	2.0	69.0	3.0	0.0	1.0	2.0
340	2114.5	0.0	68.0	3.0	0.0	3.0	0.0
350	2114.6666666666665	2.0	57.0	3.0	0.0	1.0	2.0
360	2450.3333333333335	1.0	134.0	4.0	0.0	3.0	1.0
370	2874.1666666666665	0.0	54.0	1.0	0.0	1.0	0.0
380	1485.0	2.0	66.0	2.0	1.0	1.0	1.0
390	2440.3333333333335	1.0	36.0	3.0	0.0	2.0	1.0
400	1298.3333333333333	1.0	81.0	4.0	0.0	3.0	1.0
410	2007.5	0.0	54.0	2.0	0.0	2.0	0.0
420	1180.1666666666667	2.0	137.0	4.0	0.0	2.0	2.0
430	1886.0	11.0	79.0	13.0	0.0	2.0	11.0
440	2021.6666666666667	0.0	101.0	3.0	0.0	3.0	0.0
450	1815.3333333333333	0.0	86.0	1.0	0.0	1.0	0.0
460	1802.5	3.0	113.0	3.0	2.0	2.0	1.0
470	1684.5	2.0	121.0	3.0	1.0	2.0	1.0
480	1838.8333333333333	19.0	78.0	22.0	1.0	4.0	18.0
490	1975.3333333333333	3.0	322.0	12.0	0.0	9.0	3.0
500	2108.1666666666665	1.0	157.0	6.0	0.0	5.0	1.0
510	1886.6666666666667	0.0	81.0	3.0	0.0	3.0	0.0
520	1926.6666666666667	1.0	188.0	7.0	0.0	6.0	1.0
530	2173.5	5.0	296.0	6.0	4.0	5.0	1.0
540	1809.3333333333333	20.0	109.0	24.0	1.0	5.0	19.0
550	1861.3333333333333	1.0	152.0	6.0	0.0	5.0	1.0
560	2244.6666666666665	3.0	93.0	5.0	0.0	2.0	3.0
570	2605.5	0.0	38.0	1.0	0.0	1.0	0.0
580	2324.6666666666665	1.0	41.0	4.0	0.0	3.0	1.0
590	2231.6666666666665	2.0	92.0	2.0	1.0	1.0	1.0
600	2337.6666666666665	1.0	120.0	4.0	1.0	4.0	0.0
610	2208.5	0.0	26.0	0.0	0.0	0.0	0.0
620	2406.3333333333335	1.0	64.0	2.0	1.0	2.0	0.0
630	2378.3333333333335	1.0	31.0	2.0	0.0	1.0	1.0
640	2489.3333333333335	1.0	29.0	1.0	0.0	0.0	1.0
650	2660.0	3.0	142.0	7.0	0.0	4.0	3.0
660	2514.0	1.0	89.0	3.0	0.0	2.0	1.0
670	2482.3333333333335	9.0	83.0	10.0	1.0	2.0	8.0
680	2397.6666666666665	1.0	31.0	1.0	0.0	0.0	1.0
690	2256.6666666666665	1.0	78.0	2.0	0.0	1.0	1.0
700	2427.0	1.0	58.0	3.0	0.0	2.0	1.0
710	2300.0	2.0	97.0	3.0	0.0	1.0	2.0
720	2204.6666666666665	0.0	50.0	0.0	0.0	0.0	0.0
730	2389.0	1.0	64.0	1.0	0.0	0.0	1.0
740	2426.3333333333335	1.0	131.0	6.0	0.0	5.0	1.0
750	2478.3333333333335	2.0	108.0	4.0	1.0	3.0	1.0
760	1718.6666666666667	2.0	98.0	4.0	1.0	3.0	1.0
770	1939.6666666666667	16.0	104.0	17.0	0.0	1.0	16.0
780	1994.1666666666667	1.0	140.0	5.0	0.0	4.0	1.0
790	2273.3333333333335	0.0	153.0	7.0	0.0	7.0	0.0
800	2091.6666666666665	2.0	108.0	6.0	0.0	4.0	2.0
810	2099.6666666666665	2.0	176.0	5.0	0.0	3.0	2.0
820	2363.8333333333335	1.0	105.0	3.0	0.0	2.0	1.0
830	2188.1666666666665	3.0	194.0	5.0	0.0	2.0	3.0
840	2261.8333333333335	2.0	236.0	6.0	0.0	4.0	2.0
850	2018.5	3.0	232.0	7.0	1.0	4.0	2.0
860	1939.5	2.0	89.0	3.0	0.0	1.0	2.0
870	2375.5	4.0	136.0	10.0	0.0	6.0	4.0
880	2218.1666666666665	2.0	77.0	2.0	1.0	1.0	1.0
890	2202.0	1.0	101.0	5.0	0.0	4.0	1.0
900	1637.0	3.0	172.0	6.0	1.0	4.0	2.0
910	1972.5	4.0	104.0	8.0	0.0	4.0	4.0
920	1891.1666666666667	0.0	44.0	1.0	0.0	1.0	0.0
930	1757.8333333333333	9.0	110.0	10.0	1.0	2.0	8.0
940	1924.8333333333333	1.0	51.0	2.0	0.0	1.0	1.0
950	2007.5	3.0	56.0	3.0	0.0	0.0	3.0
960	1906.3333333333333	2.0	52.0	3.0	0.0	1.0	2.0
970	1881.0	6.0	232.0	11.0	3.0	7.0	3.0
980	2454.3333333333335	2.0	63.0	3.0	0.0	1.0	2.0
990	2565.5	3.0	89.0	5.0	1.0	3.0	2.0
1000	1676.5	1.0	40.0	2.0	1.0	2.0	0.0
