0	249.0	0.0	0.0	0.0	0.0	0.0	0.0
10	2069.3333333333335	49.0	421.0	17.0	48.0	15.0	1.0
20	1794.5	126.0	434.0	102.0	33.0	9.0	93.0
30	1954.0	75.0	691.0	25.0	73.0	23.0	2.0
40	2249.6666666666665	90.0	670.0	40.0	67.0	15.0	23.0
50	2123.3333333333335	8.0	246.0	13.0	7.0	12.0	1.0
60	2053.6666666666665	96.0	469.0	90.0	19.0	13.0	77.0
70	2245.3333333333335	51.0	603.0	27.0	49.0	20.0	2.0
80	2391.0	74.0	637.0	50.0	40.0	14.0	34.0
90	2383.0	40.0	531.0	28.0	30.0	17.0	10.0
100	2395.1666666666665	73.0	579.0	60.0	31.0	17.0	42.0
110	2590.6666666666665	61.0	506.0	39.0	39.0	17.0	22.0
120	2696.5	63.0	533.0	50.0	29.0	14.0	34.0
130	2437.8333333333335	22.0	377.0	17.0	20.0	14.0	2.0
140	2285.8333333333335	72.0	358.0	51.0	28.0	5.0	44.0
150	2918.0	100.0	661.0	87.0	33.0	20.0	67.0
160	3060.5	0.0	0.0	0.0	0.0	0.0	0.0
170	2824.0	0.0	0.0	0.0	0.0	0.0	0.0
180	2529.1666666666665	0.0	0.0	0.0	0.0	0.0	0.0
190	2520.5	0.0	0.0	0.0	0.0	0.0	0.0
200	2861.3333333333335	0.0	0.0	0.0	0.0	0.0	0.0
210	2504.8333333333335	0.0	0.0	0.0	0.0	0.0	0.0
220	2787.0	0.0	0.0	0.0	0.0	0.0	0.0
230	3028.6666666666665	0.0	0.0	0.0	0.0	0.0	0.0
240	3239.6666666666665	0.0	0.0	0.0	0.0	0.0	0.0
250	3428.1666666666665	0.0	0.0	0.0	0.0	0.0	0.0
260	2527.6666666666665	0.0	0.0	0.0	0.0	0.0	0.0
270	3560.3333333333335	0.0	0.0	0.0	0.0	0.0	0.0
280	3084.5	0.0	0.0	0.0	0.0	0.0	0.0
290	2822.0	0.0	0.0	0.0	0.0	0.0	0.0
300	3186.8333333333335	0.0	0.0	0.0	0.0	0.0	0.0
310	3399.0	0.0	0.0	0.0	0.0	0.0	0.0
320	3156.5	0.0	0.0	0.0	0.0	0.0	0.0
330	3387.5	0.0	0.0	0.0	0.0	0.0	0.0
340	3526.6666666666665	0.0	0.0	0.0	0.0	0.0	0.0
350	3125.8333333333335	0.0	0.0	0.0	0.0	0.0	0.0
360	3489.6666666666665	0.0	0.0	0.0	0.0	0.0	0.0
370	3479.5	0.0	0.0	0.0	0.0	0.0	0.0
380	3551.3333333333335	0.0	0.0	0.0	0.0	0.0	0.0
390	3345.6666666666665	0.0	0.0	0.0	0.0	0.0	0.0
400	3010.0	0.0	0.0	0.0	0.0	0.0	0.0
410	3527.3333333333335	0.0	0.0	0.0	0.0	0.0	0.0
420	3512.3333333333335	0.0	0.0	0.0	0.0	0.0	0.0
430	3210.5	0.0	0.0	0.0	0.0	0.0	0.0
440	3469.1666666666665	0.0	0.0	0.0	0.0	0.0	0.0
450	3674.1666666666665	0.0	0.0	0.0	0.0	0.0	0.0
460	3770.8333333333335	0.0	0.0	0.0	0.0	0.0	0.0
470	3679.8333333333335	0.0	0.0	0.0	0.0	0.0	0.0
480	3138.3333333333335	0.0	0.0	0.0	0.0	0.0	0.0
490	3165.5	0.0	0.0	0.0	0.0	0.0	0.0
500	3751.3333333333335	0.0	0.0	0.0	0.0	0.0	0.0
510	3083.3333333333335	0.0	0.0	0.0	0.0	0.0	0.0
520	3438.0	0.0	0.0	0.0	0.0	0.0	0.0
530	3250.0	0.0	0.0	0.0	0.0	0.0	0.0
540	3434.0	0.0	0.0	0.0	0.0	0.0	0.0
550	3934.1666666666665	0.0	0.0	0.0	0.0	0.0	0.0
560	3476.5	0.0	0.0	0.0	0.0	0.0	0.0
570	3890.1666666666665	0.0	0.0	0.0	0.0	0.0	0.0
580	3421.1666666666665	0.0	0.0	0.0	0.0	0.0	0.0
590	3624.8333333333335	0.0	0.0	0.0	0.0	0.0	0.0
600	3778.5	0.0	0.0	0.0	0.0	0.0	0.0
610	3621.1666666666665	0.0	0.0	0.0	0.0	0.0	0.0
620	3504.8333333333335	0.0	0.0	0.0	0.0	0.0	0.0
630	3745.1666666666665	0.0	0.0	0.0	0.0	0.0	0.0
640	3941.5	0.0	0.0	0.0	0.0	0.0	0.0
650	3371.0	0.0	0.0	0.0	0.0	0.0	0.0
660	3950.3333333333335	0.0	0.0	0.0	0.0	0.0	0.0
670	3983.3333333333335	0.0	0.0	0.0	0.0	0.0	0.0
680	3581.1666666666665	0.0	0.0	0.0	0.0	0.0	0.0
690	3878.0	0.0	0.0	0.0	0.0	0.0	0.0
700	3932.3333333333335	0.0	0.0	0.0	0.0	0.0	0.0
710	3943.0	0.0	0.0	0.0	0.0	0.0	0.0
720	3815.8333333333335	0.0	0.0	0.0	0.0	0.0	0.0
730	3773.5	0.0	0.0	0.0	0.0	0.0	0.0
740	4113.666666666667	0.0	0.0	0.0	0.0	0.0	0.0
750	3668.5	0.0	0.0	0.0	0.0	0.0	0.0
760	3729.0	0.0	0.0	0.0	0.0	0.0	0.0
770	3779.8333333333335	0.0	0.0	0.0	0.0	0.0	0.0
780	4032.8333333333335	0.0	0.0	0.0	0.0	0.0	0.0
790	3877.5	0.0	0.0	0.0	0.0	0.0	0.0
800	3830.8333333333335	0.0	0.0	0.0	0.0	0.0	0.0
810	3633.5	0.0	0.0	0.0	0.0	0.0	0.0
820	3877.3333333333335	0.0	0.0	0.0	0.0	0.0	0.0
830	3474.3333333333335	0.0	0.0	0.0	0.0	0.0	0.0
840	3453.8333333333335	0.0	0.0	0.0	0.0	0.0	0.0
850	3758.3333333333335	0.0	0.0	0.0	0.0	0.0	0.0
860	3689.8333333333335	0.0	0.0	0.0	0.0	0.0	0.0
870	3801.0	0.0	0.0	0.0	0.0	0.0	0.0
880	3996.5	0.0	0.0	0.0	0.0	0.0	0.0
890	3559.8333333333335	0.0	0.0	0.0	0.0	0.0	0.0
900	3837.8333333333335	0.0	0.0	0.0	0.0	0.0	0.0
910	3646.6666666666665	0.0	0.0	0.0	0.0	0.0	0.0
920	3763.5	0.0	0.0	0.0	0.0	0.0	0.0
930	3806.0	0.0	0.0	0.0	0.0	0.0	0.0
940	3543.1666666666665	0.0	0.0	0.0	0.0	0.0	0.0
950	3881.0	0.0	0.0	0.0	0.0	0.0	0.0
960	3927.8333333333335	0.0	0.0	0.0	0.0	0.0	0.0
970	3799.1666666666665	0.0	0.0	0.0	0.0	0.0	0.0
980	3723.1666666666665	0.0	0.0	0.0	0.0	0.0	0.0
990	3512.8333333333335	0.0	0.0	0.0	0.0	0.0	0.0
1000	3836.8333333333335	0.0	0.0	0.0	0.0	0.0	0.0
