0	230.66666666666666	0.0	0.0	0.0	0.0	0.0	0.0
10	1820.1666666666667	86.0	362.0	40.0	51.0	4.0	35.0
20	1932.1666666666667	76.0	377.0	61.0	32.0	11.0	44.0
30	1898.1666666666667	65.0	550.0	27.0	54.0	16.0	11.0
40	2094.0	50.0	313.0	23.0	35.0	7.0	15.0
50	2146.3333333333335	133.0	604.0	60.0	88.0	13.0	45.0
60	2302.0	106.0	723.0	52.0	71.0	16.0	35.0
70	2228.3333333333335	91.0	349.0	52.0	47.0	7.0	44.0
80	2536.5	32.0	416.0	12.0	26.0	5.0	6.0
90	2765.8333333333335	42.0	500.0	25.0	25.0	6.0	17.0
100	2780.0	70.0	341.0	49.0	33.0	12.0	37.0
110	2317.8333333333335	78.0	419.0	48.0	48.0	11.0	30.0
120	2175.3333333333335	112.0	932.0	91.0	51.0	29.0	61.0
130	2214.5	59.0	496.0	36.0	37.0	14.0	22.0
140	2856.6666666666665	0.0	0.0	0.0	0.0	0.0	0.0
150	2794.3333333333335	0.0	0.0	0.0	0.0	0.0	0.0
160	2977.0	0.0	0.0	0.0	0.0	0.0	0.0
170	2642.0	0.0	0.0	0.0	0.0	0.0	0.0
180	2833.6666666666665	0.0	0.0	0.0	0.0	0.0	0.0
190	2823.8333333333335	0.0	0.0	0.0	0.0	0.0	0.0
200	3215.3333333333335	0.0	0.0	0.0	0.0	0.0	0.0
210	3153.1666666666665	0.0	0.0	0.0	0.0	0.0	0.0
220	3223.3333333333335	0.0	0.0	0.0	0.0	0.0	0.0
230	2964.8333333333335	0.0	0.0	0.0	0.0	0.0	0.0
240	3278.3333333333335	0.0	0.0	0.0	0.0	0.0	0.0
250	3444.3333333333335	0.0	0.0	0.0	0.0	0.0	0.0
260	2755.5	0.0	0.0	0.0	0.0	0.0	0.0
270	3400.5	0.0	0.0	0.0	0.0	0.0	0.0
280	3004.0	0.0	0.0	0.0	0.0	0.0	0.0
290	3283.3333333333335	0.0	0.0	0.0	0.0	0.0	0.0
300	2635.3333333333335	0.0	0.0	0.0	0.0	0.0	0.0
310	3451.6666666666665	0.0	0.0	0.0	0.0	0.0	0.0
320	3732.0	0.0	0.0	0.0	0.0	0.0	0.0
330	3233.1666666666665	0.0	0.0	0.0	0.0	0.0	0.0
340	3866.6666666666665	0.0	0.0	0.0	0.0	0.0	0.0
350	3195.8333333333335	0.0	0.0	0.0	0.0	0.0	0.0
360	3310.5	0.0	0.0	0.0	0.0	0.0	0.0
370	3099.0	0.0	0.0	0.0	0.0	0.0	0.0
380	3144.0	0.0	0.0	0.0	0.0	0.0	0.0
390	3824.1666666666665	0.0	0.0	0.0	0.0	0.0	0.0
400	3099.6666666666665	0.0	0.0	0.0	0.0	0.0	0.0
410	2791.1666666666665	0.0	0.0	0.0	0.0	0.0	0.0
420	3739.3333333333335	0.0	0.0	0.0	0.0	0.0	0.0
430	3499.8333333333335	0.0	0.0	0.0	0.0	0.0	0.0
440	3650.6666666666665	0.0	0.0	0.0	0.0	0.0	0.0
450	3743.3333333333335	0.0	0.0	0.0	0.0	0.0	0.0
460	3940.0	0.0	0.0	0.0	0.0	0.0	0.0
470	3802.3333333333335	0.0	0.0	0.0	0.0	0.0	0.0
480	3382.3333333333335	0.0	0.0	0.0	0.0	0.0	0.0
490	3511.6666666666665	0.0	0.0	0.0	0.0	0.0	0.0
500	3290.1666666666665	0.0	0.0	0.0	0.0	0.0	0.0
510	3900.1666666666665	0.0	0.0	0.0	0.0	0.0	0.0
520	3797.0	0.0	0.0	0.0	0.0	0.0	0.0
530	3958.1666666666665	0.0	0.0	0.0	0.0	0.0	0.0
540	3505.6666666666665	0.0	0.0	0.0	0.0	0.0	0.0
550	3531.6666666666665	0.0	0.0	0.0	0.0	0.0	0.0
560	3698.3333333333335	0.0	0.0	0.0	0.0	0.0	0.0
570	3929.5	0.0	0.0	0.0	0.0	0.0	0.0
580	3931.0	0.0	0.0	0.0	0.0	0.0	0.0
590	3691.1666666666665	0.0	0.0	0.0	0.0	0.0	0.0
600	3736.3333333333335	0.0	0.0	0.0	0.0	0.0	0.0
610	3684.6666666666665	0.0	0.0	0.0	0.0	0.0	0.0
620	3651.0	0.0	0.0	0.0	0.0	0.0	0.0
630	3620.5	0.0	0.0	0.0	0.0	0.0	0.0
640	4075.3333333333335	0.0	0.0	0.0	0.0	0.0	0.0
650	3981.6666666666665	0.0	0.0	0.0	0.0	0.0	0.0
660	4096.0	0.0	0.0	0.0	0.0	0.0	0.0
670	3843.5	0.0	0.0	0.0	0.0	0.0	0.0
680	3319.5	0.0	0.0	0.0	0.0	0.0	0.0
690	3362.0	0.0	0.0	0.0	0.0	0.0	0.0
700	3749.0	0.0	0.0	0.0	0.0	0.0	0.0
710	4021.0	0.0	0.0	0.0	0.0	0.0	0.0
720	3690.8333333333335	0.0	0.0	0.0	0.0	0.0	0.0
730	3810.8333333333335	0.0	0.0	0.0	0.0	0.0	0.0
740	3570.5	0.0	0.0	0.0	0.0	0.0	0.0
750	3675.0	0.0	0.0	0.0	0.0	0.0	0.0
760	3690.8333333333335	0.0	0.0	0.0	0.0	0.0	0.0
770	4049.8333333333335	0.0	0.0	0.0	0.0	0.0	0.0
780	3554.3333333333335	0.0	0.0	0.0	0.0	0.0	0.0
790	3833.8333333333335	0.0	0.0	0.0	0.0	0.0	0.0
800	3561.1666666666665	0.0	0.0	0.0	0.0	0.0	0.0
810	3960.3333333333335	0.0	0.0	0.0	0.0	0.0	0.0
820	3576.1666666666665	0.0	0.0	0.0	0.0	0.0	0.0
830	3512.8333333333335	0.0	0.0	0.0	0.0	0.0	0.0
840	3878.1666666666665	0.0	0.0	0.0	0.0	0.0	0.0
850	3877.6666666666665	0.0	0.0	0.0	0.0	0.0	0.0
860	3956.8333333333335	0.0	0.0	0.0	0.0	0.0	0.0
870	3809.5	0.0	0.0	0.0	0.0	0.0	0.0
880	3768.8333333333335	0.0	0.0	0.0	0.0	0.0	0.0
890	3794.3333333333335	0.0	0.0	0.0	0.0	0.0	0.0
900	3876.1666666666665	0.0	0.0	0.0	0.0	0.0	0.0
910	3547.0	0.0	0.0	0.0	0.0	0.0	0.0
920	3948.0	0.0	0.0	0.0	0.0	0.0	0.0
930	4035.1666666666665	0.0	0.0	0.0	0.0	0.0	0.0
940	3511.3333333333335	0.0	0.0	0.0	0.0	0.0	0.0
950	3939.8333333333335	0.0	0.0	0.0	0.0	0.0	0.0
960	3387.0	0.0	0.0	0.0	0.0	0.0	0.0
970	3463.0	0.0	0.0	0.0	0.0	0.0	0.0
980	3899.3333333333335	0.0	0.0	0.0	0.0	0.0	0.0
990	3679.3333333333335	0.0	0.0	0.0	0.0	0.0	0.0
1000	3871.3333333333335	0.0	0.0	0.0	0.0	0.0	0.0
