0	244.33333333333334	0.0	0.0	0.0	0.0	0.0	0.0
10	1969.3333333333333	102.0	220.0	30.0	86.0	13.0	16.0
20	1985.8333333333333	182.0	414.0	103.0	96.0	13.0	86.0
30	2231.8333333333335	88.0	501.0	48.0	63.0	22.0	25.0
40	2146.8333333333335	25.0	230.0	22.0	19.0	14.0	6.0
50	2386.8333333333335	115.0	733.0	64.0	66.0	14.0	49.0
60	2362.1666666666665	45.0	477.0	27.0	34.0	15.0	11.0
70	2225.0	31.0	497.0	21.0	27.0	17.0	4.0
80	2525.5	56.0	539.0	25.0	50.0	17.0	6.0
90	2735.5	74.0	934.0	49.0	58.0	31.0	16.0
100	2861.5	42.0	437.0	25.0	33.0	16.0	9.0
110	2581.1666666666665	68.0	377.0	44.0	36.0	12.0	32.0
120	2455.3333333333335	60.0	470.0	30.0	39.0	9.0	21.0
130	2885.3333333333335	41.0	275.0	20.0	23.0	2.0	18.0
140	2904.6666666666665	71.0	366.0	15.0	67.0	11.0	4.0
150	2296.1666666666665	0.0	0.0	0.0	0.0	0.0	0.0
160	2823.0	0.0	0.0	0.0	0.0	0.0	0.0
170	2803.6666666666665	0.0	0.0	0.0	0.0	0.0	0.0
180	2878.6666666666665	0.0	0.0	0.0	0.0	0.0	0.0
190	2811.0	0.0	0.0	0.0	0.0	0.0	0.0
200	2978.5	0.0	0.0	0.0	0.0	0.0	0.0
210	3056.0	0.0	0.0	0.0	0.0	0.0	0.0
220	2525.5	0.0	0.0	0.0	0.0	0.0	0.0
230	2665.0	0.0	0.0	0.0	0.0	0.0	0.0
240	3024.8333333333335	0.0	0.0	0.0	0.0	0.0	0.0
250	3305.0	0.0	0.0	0.0	0.0	0.0	0.0
260	2416.3333333333335	0.0	0.0	0.0	0.0	0.0	0.0
270	2908.8333333333335	0.0	0.0	0.0	0.0	0.0	0.0
280	2771.8333333333335	0.0	0.0	0.0	0.0	0.0	0.0
290	3179.3333333333335	0.0	0.0	0.0	0.0	0.0	0.0
300	3583.1666666666665	0.0	0.0	0.0	0.0	0.0	0.0
310	3185.1666666666665	0.0	0.0	0.0	0.0	0.0	0.0
320	3118.5	0.0	0.0	0.0	0.0	0.0	0.0
330	3328.1666666666665	0.0	0.0	0.0	0.0	0.0	0.0
340	2846.3333333333335	0.0	0.0	0.0	0.0	0.0	0.0
350	3350.6666666666665	0.0	0.0	0.0	0.0	0.0	0.0
360	2795.6666666666665	0.0	0.0	0.0	0.0	0.0	0.0
370	3407.1666666666665	0.0	0.0	0.0	0.0	0.0	0.0
380	3266.0	0.0	0.0	0.0	0.0	0.0	0.0
390	3573.5	0.0	0.0	0.0	0.0	0.0	0.0
400	3329.3333333333335	0.0	0.0	0.0	0.0	0.0	0.0
410	2818.0	0.0	0.0	0.0	0.0	0.0	0.0
420	3301.3333333333335	0.0	0.0	0.0	0.0	0.0	0.0
430	3451.1666666666665	0.0	0.0	0.0	0.0	0.0	0.0
440	3341.3333333333335	0.0	0.0	0.0	0.0	0.0	0.0
450	3630.0	0.0	0.0	0.0	0.0	0.0	0.0
460	3695.1666666666665	0.0	0.0	0.0	0.0	0.0	0.0
470	3165.8333333333335	0.0	0.0	0.0	0.0	0.0	0.0
480	3634.1666666666665	0.0	0.0	0.0	0.0	0.0	0.0
490	3595.3333333333335	0.0	0.0	0.0	0.0	0.0	0.0
500	3147.0	0.0	0.0	0.0	0.0	0.0	0.0
510	3139.3333333333335	0.0	0.0	0.0	0.0	0.0	0.0
520	3481.5	0.0	0.0	0.0	0.0	0.0	0.0
530	3705.1666666666665	0.0	0.0	0.0	0.0	0.0	0.0
540	3895.0	0.0	0.0	0.0	0.0	0.0	0.0
550	3807.1666666666665	0.0	0.0	0.0	0.0	0.0	0.0
560	3981.6666666666665	0.0	0.0	0.0	0.0	0.0	0.0
570	3753.0	0.0	0.0	0.0	0.0	0.0	0.0
580	3040.3333333333335	0.0	0.0	0.0	0.0	0.0	0.0
590	3699.0	0.0	0.0	0.0	0.0	0.0	0.0
600	3728.0	0.0	0.0	0.0	0.0	0.0	0.0
610	3415.1666666666665	0.0	0.0	0.0	0.0	0.0	0.0
620	3798.3333333333335	0.0	0.0	0.0	0.0	0.0	0.0
630	3884.6666666666665	0.0	0.0	0.0	0.0	0.0	0.0
640	3952.8333333333335	0.0	0.0	0.0	0.0	0.0	0.0
650	4114.166666666667	0.0	0.0	0.0	0.0	0.0	0.0
660	3614.6666666666665	0.0	0.0	0.0	0.0	0.0	0.0
670	3795.1666666666665	0.0	0.0	0.0	0.0	0.0	0.0
680	3792.6666666666665	0.0	0.0	0.0	0.0	0.0	0.0
690	3475.5	0.0	0.0	0.0	0.0	0.0	0.0
700	3471.8333333333335	0.0	0.0	0.0	0.0	0.0	0.0
710	3194.6666666666665	0.0	0.0	0.0	0.0	0.0	0.0
720	3676.3333333333335	0.0	0.0	0.0	0.0	0.0	0.0
730	3836.3333333333335	0.0	0.0	0.0	0.0	0.0	0.0
740	3863.8333333333335	0.0	0.0	0.0	0.0	0.0	0.0
750	3561.0	0.0	0.0	0.0	0.0	0.0	0.0
760	3287.0	0.0	0.0	0.0	0.0	0.0	0.0
770	3637.0	0.0	0.0	0.0	0.0	0.0	0.0
780	3744.8333333333335	0.0	0.0	0.0	0.0	0.0	0.0
790	3860.6666666666665	0.0	0.0	0.0	0.0	0.0	0.0
800	3343.3333333333335	0.0	0.0	0.0	0.0	0.0	0.0
810	3930.3333333333335	0.0	0.0	0.0	0.0	0.0	0.0
820	3956.0	0.0	0.0	0.0	0.0	0.0	0.0
830	3605.1666666666665	0.0	0.0	0.0	0.0	0.0	0.0
840	3558.8333333333335	0.0	0.0	0.0	0.0	0.0	0.0
850	3586.3333333333335	0.0	0.0	0.0	0.0	0.0	0.0
860	3429.1666666666665	0.0	0.0	0.0	0.0	0.0	0.0
870	3877.8333333333335	0.0	0.0	0.0	0.0	0.0	0.0
880	3904.6666666666665	0.0	0.0	0.0	0.0	0.0	0.0
890	3879.6666666666665	0.0	0.0	0.0	0.0	0.0	0.0
900	3684.8333333333335	0.0	0.0	0.0	0.0	0.0	0.0
910	3520.1666666666665	0.0	0.0	0.0	0.0	0.0	0.0
920	3879.5	0.0	0.0	0.0	0.0	0.0	0.0
930	3822.1666666666665	0.0	0.0	0.0	0.0	0.0	0.0
940	3593.1666666666665	0.0	0.0	0.0	0.0	0.0	0.0
950	3698.5	0.0	0.0	0.0	0.0	0.0	0.0
960	3747.1666666666665	0.0	0.0	0.0	0.0	0.0	0.0
970	3935.6666666666665	0.0	0.0	0.0	0.0	0.0	0.0
980	3463.8333333333335	0.0	0.0	0.0	0.0	0.0	0.0
990	3927.1666666666665	0.0	0.0	0.0	0.0	0.0	0.0
1000	3744.8333333333335	0.0	0.0	0.0	0.0	0.0	0.0
