0	261.3333333333333	0.0
10	1968.6666666666667	5.0
20	1865.3333333333333	4.0
30	2281.3333333333335	4.0
40	2125.5	4.0
50	1987.0	10.0
60	2081.5	6.0
70	2199.0	7.0
80	2234.5	4.0
90	2208.6666666666665	6.0
100	2301.5	9.0
110	2336.3333333333335	9.0
120	2180.5	8.0
130	2258.3333333333335	5.0
140	2501.6666666666665	4.0
150	2476.3333333333335	31.0
160	2466.0	5.0
170	2704.0	6.0
180	2717.8333333333335	10.0
190	2659.6666666666665	10.0
200	2191.6666666666665	6.0
210	2645.6666666666665	6.0
220	2458.0	6.0
230	2416.3333333333335	4.0
240	3085.0	5.0
250	3077.0	12.0
260	3124.1666666666665	4.0
270	2651.0	1.0
280	2607.3333333333335	14.0
290	3119.8333333333335	0.0
300	2899.6666666666665	12.0
310	2630.0	8.0
320	2743.0	12.0
330	2854.8333333333335	9.0
340	3152.8333333333335	8.0
350	3264.1666666666665	4.0
360	2875.3333333333335	10.0
370	2924.8333333333335	7.0
380	3279.3333333333335	3.0
390	2632.6666666666665	10.0
400	3024.8333333333335	3.0
410	3866.0	0.0
420	3257.1666666666665	14.0
430	3269.1666666666665	1.0
440	3372.0	12.0
450	3217.1666666666665	5.0
460	3147.3333333333335	4.0
470	3643.0	5.0
480	3488.0	6.0
490	3186.6666666666665	11.0
500	3317.8333333333335	7.0
510	3668.3333333333335	3.0
520	3038.8333333333335	4.0
530	3719.5	4.0
540	3361.6666666666665	4.0
550	3540.1666666666665	7.0
560	3641.0	6.0
570	4099.333333333333	19.0
580	3609.1666666666665	8.0
590	3509.3333333333335	9.0
600	3923.0	7.0
610	3770.3333333333335	6.0
620	3645.8333333333335	4.0
630	3593.6666666666665	1.0
640	3436.0	12.0
650	3549.1666666666665	2.0
660	3685.1666666666665	3.0
670	3334.8333333333335	7.0
680	3767.3333333333335	9.0
690	3684.5	2.0
700	3998.3333333333335	3.0
710	3826.5	4.0
720	3979.0	6.0
730	3202.8333333333335	6.0
740	3799.6666666666665	12.0
750	3642.3333333333335	5.0
760	3338.3333333333335	18.0
770	3807.3333333333335	10.0
780	3912.6666666666665	6.0
790	3790.8333333333335	5.0
800	3903.1666666666665	3.0
810	3779.6666666666665	6.0
820	3876.8333333333335	2.0
830	3874.6666666666665	5.0
840	4159.333333333333	26.0
850	4030.6666666666665	5.0
860	3682.3333333333335	9.0
870	3515.0	13.0
880	3785.0	2.0
890	3902.3333333333335	6.0
900	3952.6666666666665	0.0
910	3540.3333333333335	8.0
920	3866.3333333333335	4.0
930	3852.8333333333335	7.0
940	3461.8333333333335	3.0
950	3794.6666666666665	14.0
960	4020.3333333333335	11.0
970	3408.6666666666665	1.0
980	3690.6666666666665	6.0
990	3737.1666666666665	7.0
1000	3799.3333333333335	5.0
