0	239.0	0.0
10	1904.0	7.0
20	2077.0	6.0
30	2049.5	4.0
40	2105.5	13.0
50	2010.3333333333333	8.0
60	2220.6666666666665	3.0
70	2269.1666666666665	15.0
80	2194.8333333333335	1.0
90	2412.6666666666665	10.0
100	2352.3333333333335	4.0
110	2251.8333333333335	1.0
120	2376.1666666666665	9.0
130	2396.1666666666665	7.0
140	2453.8333333333335	3.0
150	2309.1666666666665	9.0
160	2691.6666666666665	3.0
170	2505.5	10.0
180	2676.6666666666665	11.0
190	2638.3333333333335	6.0
200	2594.6666666666665	4.0
210	2726.6666666666665	2.0
220	2818.6666666666665	6.0
230	2079.8333333333335	6.0
240	2695.1666666666665	11.0
250	2639.5	14.0
260	2990.5	11.0
270	2934.1666666666665	5.0
280	2734.6666666666665	4.0
290	3117.5	8.0
300	2853.0	16.0
310	2779.1666666666665	3.0
320	2928.0	9.0
330	3162.8333333333335	13.0
340	3231.1666666666665	5.0
350	2738.3333333333335	6.0
360	2916.6666666666665	7.0
370	2896.3333333333335	7.0
380	3397.5	6.0
390	3321.1666666666665	6.0
400	3152.8333333333335	0.0
410	2685.8333333333335	14.0
420	3228.8333333333335	10.0
430	3308.0	5.0
440	2654.8333333333335	2.0
450	2994.3333333333335	9.0
460	3238.8333333333335	4.0
470	3224.0	1.0
480	3687.0	5.0
490	3301.5	5.0
500	4030.8333333333335	1.0
510	3530.5	2.0
520	3531.0	7.0
530	3581.1666666666665	18.0
540	3689.0	8.0
550	3370.0	1.0
560	3392.6666666666665	11.0
570	3852.1666666666665	8.0
580	3661.0	10.0
590	3101.6666666666665	8.0
600	3636.6666666666665	10.0
610	3442.8333333333335	5.0
620	4028.8333333333335	4.0
630	3959.6666666666665	14.0
640	3777.3333333333335	8.0
650	3942.3333333333335	9.0
660	4178.166666666667	6.0
670	3637.0	6.0
680	3898.3333333333335	12.0
690	3783.6666666666665	0.0
700	4213.333333333333	9.0
710	3899.5	11.0
720	3782.8333333333335	5.0
730	3977.6666666666665	6.0
740	3977.0	3.0
750	3526.0	10.0
760	3933.6666666666665	6.0
770	3833.6666666666665	4.0
780	3710.0	4.0
790	3535.0	4.0
800	3865.1666666666665	3.0
810	4111.5	11.0
820	3904.1666666666665	1.0
830	3847.0	12.0
840	3714.6666666666665	0.0
850	3656.3333333333335	9.0
860	4019.8333333333335	4.0
870	3881.0	7.0
880	3804.5	7.0
890	3861.0	0.0
900	3636.5	7.0
910	3787.1666666666665	5.0
920	3954.5	2.0
930	3594.0	5.0
940	4018.1666666666665	10.0
950	3875.8333333333335	9.0
960	3771.3333333333335	2.0
970	3809.3333333333335	8.0
980	3704.6666666666665	8.0
990	3963.8333333333335	4.0
1000	3741.6666666666665	1.0
