0	262.0	0.0
10	2243.1666666666665	3.0
20	1988.8333333333333	3.0
30	2058.3333333333335	11.0
40	2044.6666666666667	11.0
50	2154.6666666666665	12.0
60	2174.8333333333335	6.0
70	2029.5	5.0
80	2072.0	3.0
90	2251.0	4.0
100	2180.3333333333335	12.0
110	2456.5	10.0
120	2589.0	12.0
130	2791.8333333333335	6.0
140	2394.6666666666665	16.0
150	2565.6666666666665	11.0
160	2342.8333333333335	5.0
170	2263.3333333333335	3.0
180	2091.3333333333335	7.0
190	2119.0	13.0
200	2382.6666666666665	2.0
210	2941.8333333333335	15.0
220	2816.0	8.0
230	2596.0	6.0
240	2449.1666666666665	4.0
250	2080.0	13.0
260	2953.1666666666665	3.0
270	2984.0	3.0
280	2820.3333333333335	10.0
290	2682.0	6.0
300	2619.3333333333335	6.0
310	2862.6666666666665	7.0
320	2928.1666666666665	6.0
330	2824.5	6.0
340	2812.5	6.0
350	2955.5	8.0
360	2976.5	8.0
370	3486.0	3.0
380	3425.0	12.0
390	3314.3333333333335	3.0
400	3365.5	3.0
410	2809.8333333333335	5.0
420	3058.1666666666665	8.0
430	3261.1666666666665	4.0
440	3429.5	9.0
450	3614.5	3.0
460	3593.5	6.0
470	3564.5	10.0
480	3200.5	1.0
490	3084.5	7.0
500	3782.6666666666665	2.0
510	3951.1666666666665	17.0
520	3609.5	3.0
530	3697.3333333333335	8.0
540	3765.5	7.0
550	3660.6666666666665	17.0
560	3880.6666666666665	3.0
570	3832.6666666666665	9.0
580	3483.0	6.0
590	3582.5	6.0
600	3591.6666666666665	4.0
610	3278.6666666666665	8.0
620	3855.5	6.0
630	4005.8333333333335	4.0
640	3840.5	5.0
650	3948.8333333333335	3.0
660	3641.5	13.0
670	3986.5	1.0
680	3547.3333333333335	9.0
690	3851.1666666666665	9.0
700	3962.8333333333335	12.0
710	3540.6666666666665	2.0
720	3977.1666666666665	1.0
730	3482.6666666666665	3.0
740	4181.333333333333	3.0
750	3787.3333333333335	9.0
760	3882.8333333333335	6.0
770	3662.8333333333335	3.0
780	4033.3333333333335	11.0
790	3642.6666666666665	15.0
800	3674.6666666666665	11.0
810	3901.3333333333335	7.0
820	4039.5	5.0
830	3107.8333333333335	4.0
840	3463.0	1.0
850	4136.833333333333	5.0
860	3419.6666666666665	8.0
870	3759.6666666666665	20.0
880	4009.8333333333335	5.0
890	3758.8333333333335	6.0
900	3722.5	5.0
910	3898.0	2.0
920	3755.1666666666665	6.0
930	3889.3333333333335	2.0
940	3750.0	9.0
950	3608.1666666666665	18.0
960	4208.666666666667	5.0
970	3412.3333333333335	5.0
980	3782.6666666666665	5.0
990	3789.6666666666665	3.0
1000	3808.3333333333335	3.0
