0	289.0	0.0	0.0
10	2177.3333333333335	110.0	8710.0
20	2057.0	115.0	11887.0
30	1932.1666666666667	100.0	8695.0
40	1984.0	153.0	11688.0
50	2007.1666666666667	71.0	7586.0
60	1931.1666666666667	57.0	9175.0
70	1899.8333333333333	106.0	6668.0
80	2148.8333333333335	97.0	9258.0
90	2128.5	82.0	8012.0
100	2189.6666666666665	66.0	7513.0
110	2104.5	40.0	6735.0
120	2270.3333333333335	3.0	10582.0
130	2321.0	0.0	13456.0
140	2276.1666666666665	0.0	11761.0
150	2324.3333333333335	0.0	9468.0
160	2242.6666666666665	0.0	7898.0
170	2153.0	0.0	7264.0
180	2409.0	0.0	9976.0
190	2360.5	0.0	9376.0
200	2379.6666666666665	0.0	10082.0
210	2354.0	0.0	9376.0
220	2493.6666666666665	0.0	8038.0
230	2258.8333333333335	0.0	14900.0
240	2337.3333333333335	0.0	7878.0
250	2267.0	0.0	8603.0
260	2472.3333333333335	0.0	9801.0
270	2357.1666666666665	0.0	10251.0
280	2627.5	0.0	10910.0
290	2431.8333333333335	0.0	7808.0
300	2670.6666666666665	0.0	11021.0
310	2444.0	0.0	7447.0
320	2844.8333333333335	0.0	9791.0
330	2625.0	0.0	6851.0
340	2498.3333333333335	0.0	10178.0
350	2756.1666666666665	0.0	9135.0
360	2634.6666666666665	0.0	7836.0
370	2777.5	0.0	7088.0
380	2477.8333333333335	0.0	10319.0
390	2484.1666666666665	0.0	7456.0
400	2548.0	0.0	10500.0
410	2371.1666666666665	0.0	10631.0
420	2651.8333333333335	0.0	7075.0
430	2504.5	0.0	7720.0
440	2375.5	0.0	11095.0
450	2641.6666666666665	0.0	9137.0
460	2729.0	0.0	8114.0
470	2676.0	0.0	8942.0
480	2637.5	0.0	10815.0
490	2693.1666666666665	0.0	9152.0
500	2766.0	0.0	8722.0
510	2757.3333333333335	0.0	9715.0
520	2877.8333333333335	0.0	10684.0
530	2737.5	0.0	6612.0
540	2838.1666666666665	0.0	9876.0
550	3006.8333333333335	0.0	7991.0
560	2506.5	0.0	10523.0
570	2899.3333333333335	0.0	9430.0
580	2545.6666666666665	0.0	9335.0
590	2757.8333333333335	0.0	6061.0
600	2598.8333333333335	0.0	8269.0
610	2709.8333333333335	0.0	11345.0
620	2908.6666666666665	0.0	9189.0
630	2905.1666666666665	0.0	6326.0
640	2457.3333333333335	0.0	7477.0
650	2803.3333333333335	0.0	9749.0
660	2692.0	0.0	8692.0
670	2664.5	0.0	13020.0
680	2858.6666666666665	0.0	11275.0
690	2630.5	0.0	9133.0
700	2766.8333333333335	0.0	7355.0
710	2946.0	0.0	10926.0
720	2698.8333333333335	0.0	9737.0
730	2643.6666666666665	0.0	7989.0
740	2950.8333333333335	0.0	8448.0
750	2958.5	0.0	11286.0
760	2919.3333333333335	0.0	8334.0
770	2890.8333333333335	0.0	11259.0
780	2839.5	0.0	12081.0
790	2862.5	0.0	11055.0
800	2771.5	0.0	9465.0
810	2577.8333333333335	0.0	10970.0
820	2782.3333333333335	0.0	9539.0
830	2714.6666666666665	0.0	9745.0
840	2947.1666666666665	0.0	10335.0
850	3184.5	0.0	7864.0
860	2859.5	0.0	10236.0
870	2976.3333333333335	0.0	9261.0
880	2835.8333333333335	0.0	9671.0
890	3054.8333333333335	0.0	11333.0
900	3015.3333333333335	0.0	9541.0
910	2823.6666666666665	0.0	11207.0
920	2682.3333333333335	0.0	8404.0
930	2956.3333333333335	0.0	6765.0
940	3123.5	0.0	11628.0
950	2952.3333333333335	0.0	13022.0
960	2998.8333333333335	0.0	7953.0
970	2883.1666666666665	0.0	11664.0
980	2937.3333333333335	0.0	8890.0
990	3088.3333333333335	0.0	7948.0
1000	2978.6666666666665	0.0	11301.0
