0	262.6666666666667	0.0	0.0
10	1921.0	71.0	6978.0
20	1877.6666666666667	135.0	9860.0
30	2045.6666666666667	114.0	9522.0
40	2020.5	84.0	8488.0
50	2126.1666666666665	82.0	6368.0
60	2172.3333333333335	60.0	5330.0
70	2008.1666666666667	108.0	9925.0
80	2034.5	42.0	5796.0
90	2045.0	142.0	9831.0
100	2147.8333333333335	131.0	9755.0
110	2154.8333333333335	31.0	6304.0
120	2021.5	0.0	9732.0
130	2015.8333333333333	0.0	9247.0
140	2318.5	0.0	10757.0
150	2186.3333333333335	0.0	8844.0
160	2176.0	0.0	10985.0
170	2359.8333333333335	0.0	12691.0
180	2317.5	0.0	10353.0
190	2320.3333333333335	0.0	9677.0
200	2289.6666666666665	0.0	10582.0
210	2234.3333333333335	0.0	6839.0
220	2435.5	0.0	7875.0
230	2185.0	0.0	10192.0
240	2518.6666666666665	0.0	10714.0
250	2408.5	0.0	6629.0
260	2230.5	0.0	7911.0
270	2424.6666666666665	0.0	10645.0
280	1936.6666666666667	0.0	6400.0
290	2392.1666666666665	0.0	7905.0
300	2352.0	0.0	6393.0
310	2347.8333333333335	0.0	9312.0
320	2457.5	0.0	9163.0
330	2550.0	0.0	10830.0
340	2540.3333333333335	0.0	9582.0
350	2309.3333333333335	0.0	8934.0
360	2700.1666666666665	0.0	9205.0
370	2491.1666666666665	0.0	9311.0
380	2506.1666666666665	0.0	11097.0
390	2136.8333333333335	0.0	7103.0
400	2326.3333333333335	0.0	9551.0
410	2686.5	0.0	11184.0
420	2470.6666666666665	0.0	10854.0
430	2305.0	0.0	9077.0
440	2714.3333333333335	0.0	7238.0
450	2726.1666666666665	0.0	7831.0
460	2575.8333333333335	0.0	7106.0
470	2600.5	0.0	7791.0
480	2495.3333333333335	0.0	7491.0
490	2769.5	0.0	8088.0
500	2481.0	0.0	5661.0
510	2479.3333333333335	0.0	10779.0
520	2660.6666666666665	0.0	8359.0
530	2681.5	0.0	8900.0
540	2658.8333333333335	0.0	8251.0
550	2562.0	0.0	8837.0
560	2745.0	0.0	10900.0
570	2687.6666666666665	0.0	14693.0
580	2569.6666666666665	0.0	9982.0
590	2652.3333333333335	0.0	8729.0
600	2722.6666666666665	0.0	10482.0
610	2896.5	0.0	9509.0
620	2400.6666666666665	0.0	9843.0
630	2953.1666666666665	0.0	9489.0
640	2767.6666666666665	0.0	8575.0
650	2743.3333333333335	0.0	9387.0
660	3033.8333333333335	0.0	12118.0
670	2848.5	0.0	10029.0
680	2838.6666666666665	0.0	11750.0
690	2791.3333333333335	0.0	12267.0
700	2624.8333333333335	0.0	10446.0
710	2438.8333333333335	0.0	10909.0
720	2909.3333333333335	0.0	8723.0
730	2963.0	0.0	8766.0
740	2898.6666666666665	0.0	8348.0
750	2855.6666666666665	0.0	9604.0
760	2737.5	0.0	8534.0
770	2666.5	0.0	9876.0
780	3061.6666666666665	0.0	10930.0
790	3067.1666666666665	0.0	10741.0
800	2705.6666666666665	0.0	8953.0
810	2455.0	0.0	10664.0
820	2877.3333333333335	0.0	11422.0
830	2695.6666666666665	0.0	7840.0
840	2985.6666666666665	0.0	11841.0
850	2565.8333333333335	0.0	8235.0
860	3018.6666666666665	0.0	8284.0
870	3112.8333333333335	0.0	10521.0
880	2788.3333333333335	0.0	10749.0
890	2977.3333333333335	0.0	9679.0
900	3001.3333333333335	0.0	11056.0
910	3270.1666666666665	0.0	9943.0
920	2910.5	0.0	10312.0
930	3016.3333333333335	0.0	9823.0
940	2919.0	0.0	9630.0
950	2932.5	0.0	10869.0
960	3051.8333333333335	0.0	9109.0
970	2953.3333333333335	0.0	9598.0
980	3119.1666666666665	0.0	8357.0
990	3115.0	0.0	10600.0
1000	2942.6666666666665	0.0	8903.0
