0	221.0	0.0	0.0
10	1959.3333333333333	88.0	8627.0
20	2108.6666666666665	81.0	11223.0
30	2124.8333333333335	111.0	10962.0
40	2084.5	151.0	11067.0
50	2040.8333333333333	154.0	10661.0
60	2132.0	22.0	5655.0
70	2090.3333333333335	109.0	10553.0
80	2243.8333333333335	80.0	8492.0
90	2151.3333333333335	155.0	11260.0
100	2236.5	49.0	8310.0
110	2300.8333333333335	0.0	6250.0
120	2160.3333333333335	0.0	7075.0
130	2265.5	0.0	9879.0
140	2099.6666666666665	0.0	6413.0
150	2280.5	0.0	13447.0
160	2281.3333333333335	0.0	9570.0
170	2328.6666666666665	0.0	10861.0
180	2325.6666666666665	0.0	11333.0
190	2356.3333333333335	0.0	8642.0
200	2264.5	0.0	6667.0
210	2362.3333333333335	0.0	10157.0
220	2241.1666666666665	0.0	10920.0
230	2431.0	0.0	7719.0
240	2481.3333333333335	0.0	10313.0
250	2305.6666666666665	0.0	9868.0
260	2472.3333333333335	0.0	7369.0
270	2436.5	0.0	8720.0
280	2461.1666666666665	0.0	10120.0
290	2199.1666666666665	0.0	10400.0
300	2419.3333333333335	0.0	10199.0
310	2598.1666666666665	0.0	8523.0
320	2495.3333333333335	0.0	12933.0
330	2347.5	0.0	9247.0
340	2590.3333333333335	0.0	9971.0
350	2650.1666666666665	0.0	9498.0
360	2778.3333333333335	0.0	9940.0
370	2487.5	0.0	6159.0
380	2663.6666666666665	0.0	8509.0
390	2663.3333333333335	0.0	7251.0
400	2627.1666666666665	0.0	9505.0
410	2440.3333333333335	0.0	8938.0
420	2721.1666666666665	0.0	11534.0
430	2565.1666666666665	0.0	11929.0
440	2492.1666666666665	0.0	9130.0
450	2775.8333333333335	0.0	5098.0
460	2791.3333333333335	0.0	9517.0
470	2401.1666666666665	0.0	9003.0
480	2573.3333333333335	0.0	7776.0
490	2545.6666666666665	0.0	10839.0
500	2690.0	0.0	8464.0
510	2882.1666666666665	0.0	9456.0
520	2608.1666666666665	0.0	8656.0
530	2527.0	0.0	11128.0
540	2778.8333333333335	0.0	6906.0
550	2781.5	0.0	9815.0
560	2500.0	0.0	12337.0
570	2596.6666666666665	0.0	12637.0
580	2598.0	0.0	12044.0
590	2772.0	0.0	8359.0
600	3045.8333333333335	0.0	9536.0
610	2415.6666666666665	0.0	9738.0
620	2832.6666666666665	0.0	11718.0
630	2796.8333333333335	0.0	11077.0
640	2677.5	0.0	9198.0
650	2935.5	0.0	8132.0
660	2759.6666666666665	0.0	6365.0
670	2881.0	0.0	12583.0
680	2707.6666666666665	0.0	8297.0
690	3012.0	0.0	8424.0
700	2824.1666666666665	0.0	7816.0
710	2520.8333333333335	0.0	9759.0
720	2909.1666666666665	0.0	9311.0
730	2807.1666666666665	0.0	9717.0
740	2483.1666666666665	0.0	10714.0
750	2427.0	0.0	6440.0
760	2646.3333333333335	0.0	9024.0
770	2823.8333333333335	0.0	12569.0
780	2725.8333333333335	0.0	10458.0
790	2984.8333333333335	0.0	9349.0
800	2968.0	0.0	7091.0
810	2951.1666666666665	0.0	8956.0
820	3121.5	0.0	8718.0
830	2819.1666666666665	0.0	11433.0
840	2788.8333333333335	0.0	7821.0
850	2755.1666666666665	0.0	8551.0
860	2862.6666666666665	0.0	10153.0
870	2773.8333333333335	0.0	8952.0
880	2636.3333333333335	0.0	9838.0
890	2955.1666666666665	0.0	10475.0
900	3206.3333333333335	0.0	9902.0
910	3047.5	0.0	6839.0
920	2991.0	0.0	14109.0
930	2846.5	0.0	7567.0
940	3051.5	0.0	9470.0
950	3375.0	0.0	11180.0
960	3088.0	0.0	9786.0
970	3133.0	0.0	12740.0
980	3440.0	0.0	9073.0
990	3047.6666666666665	0.0	7658.0
1000	2973.6666666666665	0.0	9581.0
