0	248.0	0.0	0.0
10	2156.8333333333335	120.0	8475.0
20	1960.5	22.0	5568.0
30	2118.6666666666665	121.0	10255.0
40	2029.5	133.0	10811.0
50	1934.3333333333333	159.0	11841.0
60	2308.0	137.0	11216.0
70	2121.8333333333335	76.0	7770.0
80	2018.1666666666667	65.0	6779.0
90	2171.3333333333335	108.0	10162.0
100	1855.1666666666667	59.0	6271.0
110	2112.0	0.0	6197.0
120	2231.5	0.0	8658.0
130	2330.8333333333335	0.0	9115.0
140	2216.1666666666665	0.0	9989.0
150	2283.0	0.0	12099.0
160	2252.0	0.0	9544.0
170	2244.8333333333335	0.0	6965.0
180	2184.0	0.0	10715.0
190	2342.3333333333335	0.0	7154.0
200	2449.3333333333335	0.0	7793.0
210	2396.3333333333335	0.0	8505.0
220	2177.0	0.0	9828.0
230	2396.0	0.0	5088.0
240	2546.3333333333335	0.0	5985.0
250	2502.0	0.0	8045.0
260	2418.0	0.0	9357.0
270	2500.1666666666665	0.0	8978.0
280	2538.5	0.0	6707.0
290	2441.8333333333335	0.0	8005.0
300	2577.5	0.0	10280.0
310	2373.8333333333335	0.0	8309.0
320	2417.1666666666665	0.0	6351.0
330	2463.3333333333335	0.0	13355.0
340	2816.8333333333335	0.0	12038.0
350	2888.0	0.0	11887.0
360	2750.1666666666665	0.0	9405.0
370	2704.0	0.0	11123.0
380	2886.5	0.0	6255.0
390	2813.0	0.0	8526.0
400	2765.8333333333335	0.0	10549.0
410	2703.1666666666665	0.0	12394.0
420	2829.1666666666665	0.0	6696.0
430	2788.3333333333335	0.0	7593.0
440	2399.6666666666665	0.0	8724.0
450	2724.6666666666665	0.0	10662.0
460	2846.8333333333335	0.0	10216.0
470	2655.3333333333335	0.0	7384.0
480	2825.3333333333335	0.0	8449.0
490	2584.6666666666665	0.0	9883.0
500	3060.6666666666665	0.0	11633.0
510	2924.6666666666665	0.0	9777.0
520	2933.5	0.0	11026.0
530	2802.3333333333335	0.0	6704.0
540	2987.6666666666665	0.0	9245.0
550	2708.5	0.0	10529.0
560	2888.3333333333335	0.0	9409.0
570	2795.5	0.0	11495.0
580	2717.3333333333335	0.0	8366.0
590	2717.0	0.0	10184.0
600	2887.0	0.0	8623.0
610	2696.0	0.0	6933.0
620	2858.8333333333335	0.0	9793.0
630	2658.8333333333335	0.0	12315.0
640	2483.6666666666665	0.0	9230.0
650	2877.0	0.0	10573.0
660	2639.0	0.0	7810.0
670	2734.6666666666665	0.0	9725.0
680	2691.1666666666665	0.0	10506.0
690	2848.8333333333335	0.0	11248.0
700	2734.0	0.0	7804.0
710	2750.6666666666665	0.0	9875.0
720	2670.1666666666665	0.0	7032.0
730	2897.3333333333335	0.0	8759.0
740	2688.3333333333335	0.0	10408.0
750	2786.8333333333335	0.0	9646.0
760	2852.6666666666665	0.0	11356.0
770	2863.3333333333335	0.0	8636.0
780	2771.5	0.0	10096.0
790	2800.3333333333335	0.0	9003.0
800	2933.3333333333335	0.0	6394.0
810	2842.1666666666665	0.0	9841.0
820	2896.0	0.0	6769.0
830	2776.3333333333335	0.0	9219.0
840	3030.5	0.0	11188.0
850	3076.8333333333335	0.0	8292.0
860	2764.8333333333335	0.0	8579.0
870	2876.3333333333335	0.0	7141.0
880	2915.1666666666665	0.0	9179.0
890	2777.0	0.0	8450.0
900	2578.6666666666665	0.0	7587.0
910	2867.0	0.0	8195.0
920	2913.0	0.0	7021.0
930	2715.5	0.0	11753.0
940	3058.1666666666665	0.0	7427.0
950	3029.5	0.0	7786.0
960	3060.0	0.0	9694.0
970	2874.5	0.0	10563.0
980	2832.8333333333335	0.0	7489.0
990	2996.1666666666665	0.0	11505.0
1000	2942.8333333333335	0.0	10232.0
