0	262.0	0.0
10	1970.0	5.0
20	1893.3333333333333	2.0
30	1963.6666666666667	2.0
40	2157.0	0.0
50	2053.3333333333335	6.0
60	2101.1666666666665	3.0
70	2212.0	3.0
80	2147.5	4.0
90	2093.8333333333335	12.0
100	2024.6666666666667	4.0
110	2263.8333333333335	1.0
120	2237.5	5.0
130	2185.1666666666665	5.0
140	2302.6666666666665	0.0
150	2292.5	2.0
160	2058.0	1.0
170	2255.6666666666665	5.0
180	2302.8333333333335	13.0
190	2317.6666666666665	4.0
200	2438.0	1.0
210	2396.1666666666665	4.0
220	2287.3333333333335	10.0
230	2463.0	1.0
240	2306.6666666666665	2.0
250	2552.0	1.0
260	2343.3333333333335	4.0
270	2574.5	4.0
280	2427.3333333333335	3.0
290	2423.1666666666665	7.0
300	2486.8333333333335	0.0
310	2340.6666666666665	2.0
320	2641.3333333333335	3.0
330	2499.1666666666665	1.0
340	2697.6666666666665	1.0
350	2819.1666666666665	2.0
360	2491.8333333333335	2.0
370	2647.3333333333335	4.0
380	2390.1666666666665	0.0
390	2613.1666666666665	0.0
400	2514.5	14.0
410	2517.6666666666665	11.0
420	2475.1666666666665	5.0
430	2697.3333333333335	9.0
440	2681.6666666666665	1.0
450	2611.3333333333335	10.0
460	2881.5	1.0
470	2410.5	6.0
480	2575.3333333333335	0.0
490	2590.0	0.0
500	2712.1666666666665	1.0
510	2724.5	1.0
520	2719.0	4.0
530	2800.8333333333335	20.0
540	2904.6666666666665	5.0
550	2700.6666666666665	10.0
560	2671.3333333333335	5.0
570	2691.3333333333335	0.0
580	2619.3333333333335	2.0
590	2716.1666666666665	1.0
600	2400.5	3.0
610	2604.6666666666665	4.0
620	2624.5	7.0
630	2932.0	7.0
640	2822.0	3.0
650	2932.6666666666665	5.0
660	2871.6666666666665	19.0
670	2901.1666666666665	3.0
680	3074.6666666666665	12.0
690	3064.1666666666665	1.0
700	2716.0	2.0
710	2875.1666666666665	1.0
720	2624.0	1.0
730	2579.3333333333335	10.0
740	2718.0	3.0
750	2714.3333333333335	1.0
760	3069.1666666666665	2.0
770	2985.0	4.0
780	2712.6666666666665	4.0
790	3006.5	16.0
800	2580.1666666666665	4.0
810	2864.0	0.0
820	2836.5	0.0
830	2887.5	0.0
840	2824.6666666666665	15.0
850	2864.0	1.0
860	2458.5	0.0
870	2800.6666666666665	3.0
880	2879.6666666666665	1.0
890	2980.3333333333335	4.0
900	2691.8333333333335	3.0
910	2682.5	0.0
920	2998.3333333333335	4.0
930	2862.8333333333335	3.0
940	2892.0	1.0
950	2890.0	2.0
960	2939.6666666666665	1.0
970	3059.3333333333335	3.0
980	3027.5	5.0
990	3024.1666666666665	5.0
1000	2870.8333333333335	3.0
