0	232.33333333333334	0.0
10	1729.0	0.0
20	2051.3333333333335	3.0
30	2132.8333333333335	8.0
40	1929.0	2.0
50	2162.8333333333335	3.0
60	2094.6666666666665	1.0
70	2130.6666666666665	0.0
80	2215.0	9.0
90	2220.3333333333335	4.0
100	2033.0	2.0
110	2193.5	38.0
120	2158.6666666666665	17.0
130	2133.5	2.0
140	2134.6666666666665	7.0
150	2094.8333333333335	8.0
160	2115.5	1.0
170	2276.8333333333335	0.0
180	2387.5	2.0
190	2166.0	8.0
200	2096.8333333333335	1.0
210	2483.6666666666665	7.0
220	2450.0	0.0
230	2283.8333333333335	0.0
240	2214.1666666666665	3.0
250	2312.6666666666665	6.0
260	2057.0	0.0
270	2573.0	6.0
280	2305.8333333333335	6.0
290	2335.5	9.0
300	2406.0	3.0
310	2317.0	5.0
320	2460.8333333333335	3.0
330	2492.0	8.0
340	2472.5	0.0
350	2729.3333333333335	3.0
360	2703.3333333333335	0.0
370	2500.6666666666665	21.0
380	2743.8333333333335	6.0
390	2533.8333333333335	1.0
400	2514.1666666666665	6.0
410	2716.1666666666665	3.0
420	2716.3333333333335	5.0
430	2785.0	0.0
440	2707.6666666666665	4.0
450	2402.5	3.0
460	2566.3333333333335	4.0
470	2621.5	1.0
480	2587.0	8.0
490	2488.3333333333335	0.0
500	2790.0	2.0
510	2630.6666666666665	3.0
520	2534.0	2.0
530	2774.3333333333335	10.0
540	2923.3333333333335	3.0
550	2780.5	20.0
560	2943.3333333333335	6.0
570	2814.0	1.0
580	2867.1666666666665	0.0
590	3082.5	10.0
600	2816.6666666666665	4.0
610	2447.5	1.0
620	2678.3333333333335	2.0
630	2545.0	7.0
640	2954.6666666666665	13.0
650	2793.6666666666665	2.0
660	2748.0	8.0
670	2890.6666666666665	1.0
680	2589.5	1.0
690	2798.5	3.0
700	2725.0	4.0
710	3024.1666666666665	11.0
720	2789.6666666666665	3.0
730	2750.8333333333335	2.0
740	2776.6666666666665	6.0
750	2814.5	2.0
760	3146.1666666666665	4.0
770	2937.3333333333335	3.0
780	2949.6666666666665	4.0
790	3221.6666666666665	21.0
800	2827.6666666666665	1.0
810	2808.1666666666665	6.0
820	3034.0	0.0
830	3136.8333333333335	6.0
840	2847.8333333333335	1.0
850	2729.1666666666665	5.0
860	3055.3333333333335	2.0
870	3126.0	1.0
880	3198.0	4.0
890	3015.8333333333335	2.0
900	2999.1666666666665	2.0
910	2866.5	2.0
920	3180.5	2.0
930	2997.0	7.0
940	2920.5	2.0
950	3137.0	19.0
960	3354.6666666666665	2.0
970	3223.1666666666665	5.0
980	2921.6666666666665	4.0
990	3100.1666666666665	1.0
1000	3391.6666666666665	3.0
