0	270.3333333333333	0.0
10	2160.8333333333335	3.0
20	2077.3333333333335	4.0
30	2017.5	12.0
40	2078.5	16.0
50	2130.0	14.0
60	2105.5	2.0
70	2035.5	3.0
80	2162.1666666666665	14.0
90	1982.0	2.0
100	2020.8333333333333	0.0
110	2253.1666666666665	3.0
120	2166.5	4.0
130	2427.8333333333335	2.0
140	2264.5	5.0
150	2230.6666666666665	4.0
160	2525.0	8.0
170	2086.8333333333335	3.0
180	2231.1666666666665	4.0
190	2347.8333333333335	1.0
200	2308.6666666666665	5.0
210	2358.3333333333335	0.0
220	2186.6666666666665	3.0
230	2516.5	4.0
240	2610.6666666666665	2.0
250	2419.0	11.0
260	2481.5	0.0
270	2359.0	2.0
280	2439.8333333333335	2.0
290	2460.0	1.0
300	2380.5	5.0
310	2600.1666666666665	22.0
320	2492.3333333333335	1.0
330	2658.0	7.0
340	2521.3333333333335	7.0
350	2579.0	7.0
360	2533.5	6.0
370	2360.6666666666665	4.0
380	2458.8333333333335	22.0
390	2655.6666666666665	7.0
400	2233.0	7.0
410	2804.0	2.0
420	2721.1666666666665	1.0
430	2774.1666666666665	2.0
440	2732.3333333333335	1.0
450	2868.1666666666665	13.0
460	2558.0	0.0
470	2668.1666666666665	3.0
480	2811.3333333333335	2.0
490	2818.6666666666665	0.0
500	2530.3333333333335	6.0
510	2652.6666666666665	12.0
520	2813.3333333333335	3.0
530	2530.8333333333335	2.0
540	2666.3333333333335	15.0
550	2730.1666666666665	5.0
560	2678.6666666666665	5.0
570	2711.8333333333335	4.0
580	2662.0	2.0
590	2724.8333333333335	28.0
600	2613.8333333333335	1.0
610	2713.5	0.0
620	2774.6666666666665	1.0
630	2733.0	5.0
640	2449.1666666666665	6.0
650	2493.1666666666665	3.0
660	2919.6666666666665	8.0
670	2794.0	1.0
680	2737.0	14.0
690	2821.3333333333335	5.0
700	2737.3333333333335	5.0
710	2781.3333333333335	20.0
720	2951.8333333333335	3.0
730	3078.5	2.0
740	2872.6666666666665	2.0
750	2649.6666666666665	0.0
760	2863.8333333333335	2.0
770	2989.6666666666665	1.0
780	2941.0	0.0
790	3159.5	2.0
800	2788.5	10.0
810	2853.0	8.0
820	3234.3333333333335	12.0
830	2857.0	3.0
840	3042.1666666666665	4.0
850	2949.3333333333335	2.0
860	2827.6666666666665	1.0
870	3216.1666666666665	18.0
880	3116.6666666666665	5.0
890	3270.5	13.0
900	3281.6666666666665	15.0
910	3147.1666666666665	1.0
920	3224.3333333333335	5.0
930	3012.6666666666665	2.0
940	3139.8333333333335	8.0
950	3181.0	5.0
960	3172.3333333333335	6.0
970	2966.6666666666665	1.0
980	3137.1666666666665	1.0
990	3089.8333333333335	1.0
1000	3177.8333333333335	2.0
