0	268.0	0.0
10	1941.6666666666667	4.0
20	2100.0	1.0
30	2078.0	2.0
40	2103.6666666666665	5.0
50	1993.0	9.0
60	2126.8333333333335	28.0
70	2100.6666666666665	0.0
80	2284.8333333333335	4.0
90	2239.1666666666665	10.0
100	2127.0	12.0
110	2113.6666666666665	2.0
120	2217.6666666666665	3.0
130	2184.3333333333335	17.0
140	2318.6666666666665	2.0
150	2181.0	0.0
160	2197.0	2.0
170	2270.6666666666665	4.0
180	2367.6666666666665	3.0
190	2229.1666666666665	1.0
200	2267.1666666666665	5.0
210	2580.0	18.0
220	2317.6666666666665	7.0
230	2318.6666666666665	0.0
240	2511.8333333333335	1.0
250	2391.6666666666665	8.0
260	2523.1666666666665	1.0
270	2511.0	8.0
280	2428.1666666666665	2.0
290	2254.5	4.0
300	2432.8333333333335	8.0
310	2542.3333333333335	9.0
320	2435.8333333333335	6.0
330	2683.0	8.0
340	2599.8333333333335	1.0
350	2410.6666666666665	17.0
360	2761.1666666666665	5.0
370	2652.5	1.0
380	2242.0	2.0
390	2727.6666666666665	3.0
400	2603.8333333333335	2.0
410	2492.5	0.0
420	2702.3333333333335	1.0
430	2546.0	2.0
440	2663.1666666666665	7.0
450	2633.8333333333335	0.0
460	2638.1666666666665	8.0
470	3097.8333333333335	2.0
480	2846.5	4.0
490	2608.1666666666665	2.0
500	2623.6666666666665	1.0
510	2749.1666666666665	4.0
520	2532.3333333333335	6.0
530	2887.3333333333335	0.0
540	2665.3333333333335	9.0
550	2549.6666666666665	2.0
560	3063.6666666666665	2.0
570	3068.6666666666665	3.0
580	2757.8333333333335	16.0
590	2680.6666666666665	1.0
600	2928.1666666666665	4.0
610	2805.0	4.0
620	2736.1666666666665	1.0
630	2894.0	2.0
640	2751.5	2.0
650	2775.3333333333335	2.0
660	2846.5	0.0
670	2764.5	6.0
680	3000.5	2.0
690	2769.0	6.0
700	3110.8333333333335	2.0
710	2750.3333333333335	7.0
720	2731.5	4.0
730	2778.0	3.0
740	2834.5	1.0
750	2673.3333333333335	2.0
760	2811.6666666666665	9.0
770	2941.8333333333335	3.0
780	2748.3333333333335	2.0
790	2909.6666666666665	4.0
800	2940.0	2.0
810	3094.6666666666665	2.0
820	3268.3333333333335	2.0
830	2692.5	3.0
840	2684.5	1.0
850	2871.6666666666665	3.0
860	2880.6666666666665	1.0
870	2894.3333333333335	5.0
880	2410.5	7.0
890	3164.3333333333335	4.0
900	3072.5	6.0
910	2786.0	2.0
920	3100.1666666666665	5.0
930	3038.6666666666665	0.0
940	2958.3333333333335	1.0
950	2832.3333333333335	0.0
960	3083.0	1.0
970	2856.0	5.0
980	3295.3333333333335	4.0
990	3115.3333333333335	2.0
1000	3253.3333333333335	5.0
