0	299.3333333333333	0.0
10	2071.0	6.0
20	1954.3333333333333	0.0
30	1974.8333333333333	2.0
40	2043.0	3.0
50	1950.1666666666667	16.0
60	1995.8333333333333	8.0
70	2300.1666666666665	4.0
80	2217.1666666666665	3.0
90	2093.1666666666665	5.0
100	2124.5	7.0
110	2094.5	2.0
120	2118.3333333333335	1.0
130	2104.6666666666665	1.0
140	2140.0	1.0
150	2081.3333333333335	6.0
160	2230.6666666666665	4.0
170	2184.3333333333335	21.0
180	2213.1666666666665	15.0
190	2217.0	8.0
200	2089.0	0.0
210	2382.0	7.0
220	2228.1666666666665	14.0
230	2455.5	0.0
240	2447.3333333333335	4.0
250	2248.3333333333335	7.0
260	2432.8333333333335	18.0
270	2484.8333333333335	0.0
280	2162.3333333333335	3.0
290	2406.0	7.0
300	2451.1666666666665	1.0
310	2427.0	4.0
320	2365.8333333333335	0.0
330	2367.6666666666665	0.0
340	2395.5	4.0
350	2400.0	3.0
360	2575.8333333333335	1.0
370	2559.5	12.0
380	2464.5	5.0
390	2718.8333333333335	2.0
400	2583.6666666666665	0.0
410	2536.3333333333335	6.0
420	2720.6666666666665	13.0
430	2844.6666666666665	2.0
440	2804.5	2.0
450	2782.6666666666665	0.0
460	2689.1666666666665	7.0
470	2767.1666666666665	0.0
480	2776.5	23.0
490	2732.1666666666665	5.0
500	2848.0	2.0
510	2534.5	17.0
520	2798.0	0.0
530	2704.8333333333335	2.0
540	2925.1666666666665	4.0
550	2752.3333333333335	4.0
560	2952.8333333333335	6.0
570	2903.0	2.0
580	2868.3333333333335	1.0
590	2392.3333333333335	3.0
600	2966.5	4.0
610	2557.6666666666665	0.0
620	2758.8333333333335	9.0
630	2758.8333333333335	2.0
640	2704.1666666666665	2.0
650	2959.6666666666665	11.0
660	2782.3333333333335	3.0
670	3102.8333333333335	1.0
680	2655.0	2.0
690	3030.5	12.0
700	2731.3333333333335	2.0
710	2747.3333333333335	1.0
720	3047.6666666666665	0.0
730	2631.0	0.0
740	2849.5	1.0
750	2928.3333333333335	10.0
760	2714.3333333333335	2.0
770	2896.5	3.0
780	2875.1666666666665	25.0
790	2996.6666666666665	4.0
800	2805.6666666666665	0.0
810	3158.3333333333335	2.0
820	3198.0	7.0
830	3113.1666666666665	3.0
840	2892.1666666666665	0.0
850	2778.5	6.0
860	2738.8333333333335	3.0
870	2829.1666666666665	3.0
880	3199.3333333333335	8.0
890	3057.0	6.0
900	3235.3333333333335	4.0
910	3154.0	4.0
920	3107.6666666666665	1.0
930	3094.3333333333335	1.0
940	2983.3333333333335	4.0
950	3155.6666666666665	3.0
960	2987.0	2.0
970	3419.6666666666665	4.0
980	2792.8333333333335	9.0
990	3270.5	1.0
1000	3012.3333333333335	7.0
