0	291.3333333333333	0.0
10	2182.8333333333335	11.0
20	2029.5	2.0
30	2050.6666666666665	3.0
40	1977.0	0.0
50	2026.5	5.0
60	1913.8333333333333	5.0
70	2111.8333333333335	1.0
80	2145.8333333333335	25.0
90	2200.5	9.0
100	2065.1666666666665	12.0
110	2052.1666666666665	2.0
120	2035.3333333333333	1.0
130	2310.1666666666665	1.0
140	2242.8333333333335	4.0
150	2331.8333333333335	2.0
160	2047.6666666666667	7.0
170	2247.5	3.0
180	1885.3333333333333	3.0
190	2114.6666666666665	17.0
200	2107.5	1.0
210	2303.6666666666665	3.0
220	2382.0	10.0
230	2380.6666666666665	7.0
240	2488.5	0.0
250	2267.5	8.0
260	2281.3333333333335	12.0
270	2523.1666666666665	8.0
280	2387.0	7.0
290	2646.5	4.0
300	2328.0	0.0
310	2295.0	10.0
320	2514.3333333333335	1.0
330	2605.8333333333335	2.0
340	2520.0	0.0
350	2560.6666666666665	0.0
360	2381.0	6.0
370	2648.8333333333335	13.0
380	2353.1666666666665	5.0
390	2278.5	34.0
400	2370.6666666666665	19.0
410	2413.8333333333335	10.0
420	2538.6666666666665	2.0
430	2496.6666666666665	9.0
440	2591.5	1.0
450	2599.6666666666665	11.0
460	2477.6666666666665	4.0
470	2396.1666666666665	1.0
480	2674.6666666666665	5.0
490	2771.6666666666665	1.0
500	2734.0	1.0
510	2568.1666666666665	0.0
520	2720.5	8.0
530	2665.0	5.0
540	2738.5	2.0
550	2849.5	5.0
560	2779.0	6.0
570	2819.8333333333335	2.0
580	2800.6666666666665	0.0
590	2880.3333333333335	1.0
600	2801.1666666666665	1.0
610	2797.8333333333335	3.0
620	2698.6666666666665	2.0
630	2840.6666666666665	2.0
640	2847.1666666666665	10.0
650	3087.1666666666665	2.0
660	2877.3333333333335	9.0
670	3018.1666666666665	1.0
680	2835.1666666666665	2.0
690	2734.5	11.0
700	2895.0	8.0
710	2728.3333333333335	4.0
720	2705.8333333333335	2.0
730	3044.0	1.0
740	2975.5	2.0
750	2721.6666666666665	3.0
760	2805.8333333333335	22.0
770	2709.3333333333335	2.0
780	2760.3333333333335	2.0
790	2782.5	3.0
800	2812.1666666666665	10.0
810	3061.0	1.0
820	2752.5	0.0
830	2904.6666666666665	12.0
840	2866.6666666666665	4.0
850	2750.3333333333335	4.0
860	2696.6666666666665	17.0
870	2799.3333333333335	8.0
880	2637.0	10.0
890	2931.3333333333335	2.0
900	2902.6666666666665	8.0
910	3006.1666666666665	6.0
920	2789.6666666666665	0.0
930	2856.1666666666665	3.0
940	2764.6666666666665	2.0
950	3215.3333333333335	11.0
960	3026.6666666666665	20.0
970	3096.1666666666665	2.0
980	3091.3333333333335	6.0
990	3028.0	3.0
1000	2893.0	12.0
