0	281.6666666666667	0.0
10	70.0	25.0
20	70.0	155.0
30	70.0	162.0
40	70.0	26.0
50	70.0	124.0
60	70.0	214.0
70	70.0	143.0
80	70.0	134.0
90	70.0	17.0
100	70.0	0.0
110	70.0	0.0
120	70.0	0.0
130	70.0	0.0
140	70.0	0.0
150	70.0	0.0
160	71.33333333333333	0.0
170	71.33333333333333	0.0
180	71.0	0.0
190	76.33333333333333	0.0
200	182.0	0.0
210	107.0	0.0
220	105.0	0.0
230	98.33333333333333	0.0
240	172.33333333333334	0.0
250	127.33333333333333	0.0
260	621.3333333333334	0.0
270	141.33333333333334	0.0
280	295.6666666666667	0.0
290	271.0	0.0
300	136.66666666666666	0.0
310	235.33333333333334	0.0
320	280.0	0.0
330	242.0	0.0
340	269.0	0.0
350	267.6666666666667	0.0
360	217.0	0.0
370	307.6666666666667	0.0
380	209.33333333333334	0.0
390	301.3333333333333	0.0
400	528.0	0.0
410	538.3333333333334	0.0
420	906.0	0.0
430	764.0	0.0
440	783.3333333333334	0.0
450	1154.3333333333333	0.0
460	1459.0	0.0
470	1313.0	0.0
480	1474.0	0.0
490	1575.3333333333333	0.0
500	1648.0	0.0
510	1880.6666666666667	0.0
520	2053.0	0.0
530	2145.6666666666665	0.0
540	2140.3333333333335	0.0
550	2230.5	0.0
560	2412.3333333333335	0.0
570	2288.0	0.0
580	2133.3333333333335	0.0
590	2184.6666666666665	0.0
600	2002.0	0.0
610	2135.0	0.0
620	2208.6666666666665	0.0
630	2198.5	0.0
640	2142.5	0.0
650	2275.0	0.0
660	2156.6666666666665	0.0
670	2430.6666666666665	0.0
680	2472.6666666666665	0.0
690	2429.6666666666665	0.0
700	2270.0	0.0
710	2368.1666666666665	0.0
720	2554.5	0.0
730	2304.0	0.0
740	2433.0	0.0
750	2407.5	0.0
760	2687.0	0.0
770	2566.6666666666665	0.0
780	2685.8333333333335	0.0
790	2729.1666666666665	0.0
800	2501.0	0.0
810	2709.0	0.0
820	2526.6666666666665	0.0
830	2736.0	0.0
840	2441.0	0.0
850	2472.0	0.0
860	2694.1666666666665	0.0
870	2500.6666666666665	0.0
880	2662.6666666666665	0.0
890	2589.5	0.0
900	2554.0	0.0
910	2760.5	0.0
920	2412.1666666666665	0.0
930	2554.0	0.0
940	2409.6666666666665	0.0
950	2386.3333333333335	0.0
960	2614.1666666666665	0.0
970	2623.3333333333335	0.0
980	2618.8333333333335	0.0
990	2584.1666666666665	0.0
1000	2462.6666666666665	0.0
