0	271.0	0.0
10	2120.5	385.0
20	1920.0	444.0
30	2412.1666666666665	171.0
40	2301.0	0.0
50	2319.6666666666665	0.0
60	2549.1666666666665	0.0
70	2577.0	0.0
80	2654.6666666666665	0.0
90	2741.6666666666665	0.0
100	2577.0	0.0
110	2338.0	0.0
120	2925.1666666666665	0.0
130	2344.1666666666665	0.0
140	2400.0	0.0
150	2142.1666666666665	0.0
160	2211.5	0.0
170	2431.0	0.0
180	2646.8333333333335	0.0
190	2942.3333333333335	0.0
200	2514.8333333333335	0.0
210	2888.6666666666665	0.0
220	2604.1666666666665	0.0
230	2292.1666666666665	0.0
240	2839.6666666666665	0.0
250	2549.5	0.0
260	2871.1666666666665	0.0
270	2971.0	0.0
280	2545.8333333333335	0.0
290	2860.5	0.0
300	3225.8333333333335	0.0
310	3022.1666666666665	0.0
320	3482.5	0.0
330	3160.8333333333335	0.0
340	3840.8333333333335	0.0
350	3057.8333333333335	0.0
360	3269.6666666666665	0.0
370	3153.5	0.0
380	3208.0	0.0
390	3579.3333333333335	0.0
400	3310.5	0.0
410	3523.1666666666665	0.0
420	3200.8333333333335	0.0
430	3284.1666666666665	0.0
440	3669.5	0.0
450	3485.8333333333335	0.0
460	3219.5	0.0
470	3216.5	0.0
480	3505.6666666666665	0.0
490	3461.6666666666665	0.0
500	3653.1666666666665	0.0
510	3753.6666666666665	0.0
520	3524.3333333333335	0.0
530	3884.1666666666665	0.0
540	3448.6666666666665	0.0
550	3851.1666666666665	0.0
560	3611.6666666666665	0.0
570	3720.3333333333335	0.0
580	3807.3333333333335	0.0
590	3704.6666666666665	0.0
600	4038.6666666666665	0.0
610	3899.5	0.0
620	3561.5	0.0
630	3502.3333333333335	0.0
640	3045.0	0.0
650	3851.0	0.0
660	3429.0	0.0
670	3110.3333333333335	0.0
680	3750.8333333333335	0.0
690	3852.6666666666665	0.0
700	3756.0	0.0
710	3716.8333333333335	0.0
720	3545.6666666666665	0.0
730	4057.1666666666665	0.0
740	3851.8333333333335	0.0
750	3438.3333333333335	0.0
760	3868.0	0.0
770	3595.3333333333335	0.0
780	4111.333333333333	0.0
790	3591.1666666666665	0.0
800	4051.3333333333335	0.0
810	3706.6666666666665	0.0
820	4173.333333333333	0.0
830	3825.0	0.0
840	4231.0	0.0
850	3674.6666666666665	0.0
860	3816.6666666666665	0.0
870	4080.6666666666665	0.0
880	3691.6666666666665	0.0
890	3325.3333333333335	0.0
900	3580.0	0.0
910	3041.1666666666665	0.0
920	3621.5	0.0
930	3552.3333333333335	0.0
940	3394.6666666666665	0.0
950	3924.8333333333335	0.0
960	3819.6666666666665	0.0
970	3879.1666666666665	0.0
980	4101.666666666667	0.0
990	3827.3333333333335	0.0
1000	3814.0	0.0
