0	298.6666666666667	0.0
10	2039.5	221.0
20	2011.3333333333333	316.0
30	2209.8333333333335	463.0
40	2381.0	0.0
50	2373.8333333333335	0.0
60	2255.0	0.0
70	2409.5	0.0
80	2635.1666666666665	0.0
90	2585.6666666666665	0.0
100	2514.1666666666665	0.0
110	2598.1666666666665	0.0
120	2548.0	0.0
130	2291.6666666666665	0.0
140	2028.6666666666667	0.0
150	2635.8333333333335	0.0
160	2606.0	0.0
170	2076.8333333333335	0.0
180	2544.8333333333335	0.0
190	2470.8333333333335	0.0
200	2111.1666666666665	0.0
210	2686.0	0.0
220	2750.5	0.0
230	2514.1666666666665	0.0
240	2743.1666666666665	0.0
250	3127.6666666666665	0.0
260	2891.6666666666665	0.0
270	2607.1666666666665	0.0
280	2869.8333333333335	0.0
290	2911.6666666666665	0.0
300	2865.6666666666665	0.0
310	2774.1666666666665	0.0
320	3030.8333333333335	0.0
330	2684.8333333333335	0.0
340	3105.1666666666665	0.0
350	3250.6666666666665	0.0
360	2931.0	0.0
370	3124.1666666666665	0.0
380	3477.0	0.0
390	2521.8333333333335	0.0
400	3079.0	0.0
410	3073.0	0.0
420	3335.3333333333335	0.0
430	2913.1666666666665	0.0
440	3174.8333333333335	0.0
450	3213.1666666666665	0.0
460	3111.8333333333335	0.0
470	3008.0	0.0
480	3121.6666666666665	0.0
490	3154.0	0.0
500	3160.0	0.0
510	3699.6666666666665	0.0
520	3706.3333333333335	0.0
530	3368.5	0.0
540	3601.8333333333335	0.0
550	3465.0	0.0
560	3122.3333333333335	0.0
570	3223.8333333333335	0.0
580	3699.6666666666665	0.0
590	3599.8333333333335	0.0
600	3422.6666666666665	0.0
610	3342.3333333333335	0.0
620	3899.6666666666665	0.0
630	3861.1666666666665	0.0
640	3751.3333333333335	0.0
650	3922.5	0.0
660	3627.1666666666665	0.0
670	4011.6666666666665	0.0
680	3564.0	0.0
690	3541.0	0.0
700	3360.8333333333335	0.0
710	3490.1666666666665	0.0
720	3399.0	0.0
730	3702.1666666666665	0.0
740	3806.3333333333335	0.0
750	3539.0	0.0
760	3958.5	0.0
770	3965.0	0.0
780	4130.0	0.0
790	3834.0	0.0
800	3497.5	0.0
810	3709.0	0.0
820	3854.8333333333335	0.0
830	3682.1666666666665	0.0
840	3893.3333333333335	0.0
850	3682.5	0.0
860	3706.5	0.0
870	3712.5	0.0
880	3780.0	0.0
890	3764.1666666666665	0.0
900	4037.6666666666665	0.0
910	3794.6666666666665	0.0
920	3902.8333333333335	0.0
930	3934.3333333333335	0.0
940	3912.6666666666665	0.0
950	3219.3333333333335	0.0
960	4017.3333333333335	0.0
970	3476.0	0.0
980	3820.5	0.0
990	3720.5	0.0
1000	3705.6666666666665	0.0
