0	257.3333333333333	0.0
10	1961.8333333333333	278.0
20	1964.5	264.0
30	2121.1666666666665	411.0
40	2348.6666666666665	47.0
50	2472.0	0.0
60	2262.3333333333335	0.0
70	2345.3333333333335	0.0
80	2449.6666666666665	0.0
90	2496.6666666666665	0.0
100	2371.6666666666665	0.0
110	2509.6666666666665	0.0
120	2460.6666666666665	0.0
130	2705.5	0.0
140	2714.6666666666665	0.0
150	2695.5	0.0
160	2217.0	0.0
170	2616.0	0.0
180	2824.1666666666665	0.0
190	1919.0	0.0
200	2188.3333333333335	0.0
210	2479.0	0.0
220	2749.8333333333335	0.0
230	2258.8333333333335	0.0
240	2534.3333333333335	0.0
250	2814.8333333333335	0.0
260	2737.1666666666665	0.0
270	2809.8333333333335	0.0
280	2735.0	0.0
290	2418.8333333333335	0.0
300	2683.5	0.0
310	2991.0	0.0
320	2765.3333333333335	0.0
330	3209.3333333333335	0.0
340	2977.3333333333335	0.0
350	2983.0	0.0
360	3061.1666666666665	0.0
370	2854.6666666666665	0.0
380	2969.3333333333335	0.0
390	2708.6666666666665	0.0
400	3085.3333333333335	0.0
410	2500.5	0.0
420	3569.6666666666665	0.0
430	3512.1666666666665	0.0
440	3545.1666666666665	0.0
450	3101.1666666666665	0.0
460	3176.5	0.0
470	3113.6666666666665	0.0
480	3142.3333333333335	0.0
490	3603.5	0.0
500	3604.0	0.0
510	3424.5	0.0
520	3328.1666666666665	0.0
530	3537.6666666666665	0.0
540	3944.3333333333335	0.0
550	2913.3333333333335	0.0
560	3423.6666666666665	0.0
570	3798.8333333333335	0.0
580	3656.3333333333335	0.0
590	3463.6666666666665	0.0
600	3488.1666666666665	0.0
610	3362.1666666666665	0.0
620	3573.0	0.0
630	3069.3333333333335	0.0
640	4048.0	0.0
650	3699.6666666666665	0.0
660	3847.1666666666665	0.0
670	3104.8333333333335	0.0
680	3535.5	0.0
690	3681.0	0.0
700	3822.8333333333335	0.0
710	4003.6666666666665	0.0
720	3619.5	0.0
730	3800.6666666666665	0.0
740	3535.0	0.0
750	3848.1666666666665	0.0
760	3528.3333333333335	0.0
770	3573.6666666666665	0.0
780	3782.0	0.0
790	3499.0	0.0
800	3681.3333333333335	0.0
810	3886.5	0.0
820	3552.8333333333335	0.0
830	3652.5	0.0
840	3685.8333333333335	0.0
850	3179.0	0.0
860	3805.0	0.0
870	3735.3333333333335	0.0
880	3871.3333333333335	0.0
890	3854.6666666666665	0.0
900	3498.5	0.0
910	4044.0	0.0
920	3730.0	0.0
930	3594.8333333333335	0.0
940	3972.1666666666665	0.0
950	3788.5	0.0
960	3893.3333333333335	0.0
970	3884.6666666666665	0.0
980	3731.5	0.0
990	3664.3333333333335	0.0
1000	3814.1666666666665	0.0
