0	264.3333333333333	0.0	0.0
10	2007.5	74.0	11847.0
20	2169.8333333333335	28.0	7690.0
30	2121.6666666666665	93.0	10526.0
40	2067.3333333333335	174.0	10887.0
50	1772.8333333333333	76.0	7526.0
60	2191.6666666666665	76.0	6874.0
70	2357.0	83.0	9316.0
80	2429.1666666666665	118.0	14281.0
90	2378.6666666666665	86.0	10029.0
100	2067.1666666666665	44.0	8388.0
110	1876.8333333333333	22.0	7785.0
120	2440.1666666666665	29.0	9506.0
130	2755.5	46.0	8267.0
140	2812.0	27.0	11665.0
150	3153.3333333333335	24.0	11499.0
160	2618.5	0.0	8954.0
170	2940.3333333333335	0.0	9952.0
180	2961.1666666666665	0.0	9192.0
190	2471.5	0.0	11053.0
200	3024.1666666666665	0.0	8799.0
210	3161.6666666666665	0.0	10431.0
220	2835.5	0.0	11523.0
230	2946.6666666666665	0.0	9965.0
240	3422.3333333333335	0.0	13302.0
250	3162.1666666666665	0.0	9757.0
260	3021.5	0.0	13843.0
270	3331.6666666666665	0.0	14014.0
280	3723.8333333333335	0.0	14822.0
290	3336.5	0.0	10735.0
300	3341.6666666666665	0.0	13487.0
310	4038.0	0.0	11246.0
320	3775.6666666666665	0.0	5515.0
330	3455.8333333333335	0.0	10272.0
340	3293.6666666666665	0.0	13028.0
350	2971.1666666666665	0.0	10897.0
360	3638.1666666666665	0.0	12551.0
370	3266.0	0.0	9343.0
380	3510.3333333333335	0.0	9095.0
390	3545.5	0.0	11423.0
400	3724.5	0.0	10683.0
410	3097.3333333333335	0.0	11537.0
420	3941.8333333333335	0.0	10973.0
430	3815.1666666666665	0.0	8577.0
440	3881.0	0.0	8892.0
450	4026.0	0.0	12161.0
460	3646.3333333333335	0.0	8498.0
470	3836.0	0.0	11919.0
480	3718.8333333333335	0.0	10479.0
490	3545.0	0.0	10707.0
500	4072.6666666666665	0.0	9354.0
510	3677.8333333333335	0.0	13441.0
520	3616.6666666666665	0.0	8803.0
530	3058.8333333333335	0.0	9920.0
540	3857.3333333333335	0.0	11559.0
550	2874.8333333333335	0.0	10639.0
560	3655.8333333333335	0.0	12606.0
570	3878.1666666666665	0.0	10364.0
580	3651.3333333333335	0.0	8943.0
590	4033.8333333333335	0.0	9379.0
600	3564.0	0.0	14843.0
610	4005.1666666666665	0.0	9078.0
620	3981.0	0.0	9680.0
630	3841.1666666666665	0.0	8313.0
640	3765.0	0.0	11412.0
650	3853.3333333333335	0.0	10474.0
660	3745.8333333333335	0.0	9918.0
670	4084.8333333333335	0.0	12576.0
680	3849.8333333333335	0.0	9410.0
690	3600.5	0.0	13009.0
700	3932.6666666666665	0.0	10238.0
710	3473.0	0.0	11163.0
720	3826.1666666666665	0.0	10674.0
730	3755.6666666666665	0.0	9112.0
740	3538.3333333333335	0.0	11002.0
750	3839.1666666666665	0.0	12587.0
760	3536.1666666666665	0.0	11447.0
770	3287.8333333333335	0.0	9572.0
780	3824.5	0.0	11219.0
790	3989.5	0.0	8806.0
800	3944.6666666666665	0.0	10153.0
810	3865.0	0.0	10062.0
820	3856.5	0.0	7070.0
830	3836.5	0.0	10678.0
840	3541.6666666666665	0.0	12551.0
850	3797.3333333333335	0.0	10490.0
860	3793.6666666666665	0.0	12611.0
870	3640.0	0.0	12200.0
880	3428.6666666666665	0.0	8977.0
890	3801.6666666666665	0.0	9444.0
900	3692.1666666666665	0.0	13003.0
910	3907.0	0.0	5078.0
920	3524.3333333333335	0.0	8030.0
930	3759.8333333333335	0.0	12377.0
940	3917.0	0.0	9238.0
950	3753.1666666666665	0.0	11527.0
960	3892.6666666666665	0.0	12785.0
970	3776.3333333333335	0.0	12507.0
980	3791.1666666666665	0.0	9536.0
990	3960.8333333333335	0.0	10737.0
1000	3807.5	0.0	8033.0
