0	266.6666666666667	0.0	0.0
10	1907.6666666666667	61.0	6632.0
20	1861.1666666666667	83.0	9487.0
30	1881.5	113.0	12545.0
40	1645.5	198.0	12030.0
50	1871.5	62.0	8988.0
60	2095.8333333333335	110.0	11707.0
70	2359.8333333333335	79.0	11519.0
80	2441.0	222.0	13210.0
90	2280.8333333333335	56.0	8537.0
100	2394.6666666666665	16.0	8060.0
110	2488.8333333333335	0.0	10793.0
120	2755.6666666666665	0.0	7922.0
130	2521.0	0.0	6672.0
140	2424.6666666666665	0.0	10800.0
150	2688.6666666666665	0.0	9757.0
160	3297.3333333333335	0.0	12757.0
170	2763.8333333333335	0.0	4308.0
180	2678.8333333333335	0.0	10278.0
190	2747.5	0.0	9915.0
200	2932.5	0.0	11810.0
210	2836.3333333333335	0.0	11912.0
220	3388.6666666666665	0.0	7321.0
230	3339.8333333333335	0.0	8935.0
240	2997.3333333333335	0.0	13174.0
250	3309.3333333333335	0.0	9424.0
260	3525.5	0.0	10726.0
270	3215.3333333333335	0.0	12353.0
280	2632.1666666666665	0.0	10732.0
290	3336.8333333333335	0.0	11294.0
300	3053.5	0.0	9448.0
310	3375.8333333333335	0.0	11087.0
320	3787.5	0.0	11524.0
330	3127.6666666666665	0.0	8573.0
340	3686.8333333333335	0.0	11587.0
350	3206.8333333333335	0.0	11969.0
360	3856.6666666666665	0.0	12811.0
370	3383.3333333333335	0.0	12101.0
380	3398.0	0.0	12316.0
390	3889.0	0.0	10466.0
400	4063.1666666666665	0.0	12626.0
410	3718.0	0.0	9618.0
420	3139.0	0.0	12117.0
430	3580.8333333333335	0.0	7235.0
440	3368.3333333333335	0.0	8663.0
450	3023.3333333333335	0.0	11943.0
460	3846.1666666666665	0.0	11312.0
470	3058.6666666666665	0.0	9450.0
480	3873.3333333333335	0.0	12619.0
490	3375.1666666666665	0.0	11943.0
500	3552.6666666666665	0.0	10113.0
510	3728.1666666666665	0.0	11450.0
520	3777.3333333333335	0.0	11492.0
530	3698.6666666666665	0.0	9567.0
540	3496.8333333333335	0.0	8087.0
550	4011.3333333333335	0.0	11770.0
560	3719.3333333333335	0.0	8974.0
570	3550.8333333333335	0.0	9098.0
580	3111.8333333333335	0.0	12774.0
590	3954.1666666666665	0.0	9421.0
600	3724.3333333333335	0.0	15185.0
610	3928.5	0.0	10484.0
620	3915.5	0.0	9443.0
630	3664.1666666666665	0.0	10740.0
640	3281.0	0.0	7994.0
650	3454.0	0.0	13619.0
660	3429.6666666666665	0.0	8743.0
670	3746.8333333333335	0.0	11397.0
680	3791.5	0.0	9753.0
690	4015.0	0.0	10524.0
700	3520.1666666666665	0.0	10968.0
710	3695.6666666666665	0.0	8306.0
720	4018.5	0.0	9536.0
730	3987.8333333333335	0.0	11043.0
740	3961.1666666666665	0.0	11822.0
750	3643.6666666666665	0.0	10372.0
760	3574.6666666666665	0.0	10398.0
770	3779.1666666666665	0.0	8573.0
780	3922.0	0.0	8955.0
790	3976.0	0.0	8854.0
800	3725.0	0.0	10646.0
810	3758.5	0.0	11369.0
820	3426.3333333333335	0.0	11614.0
830	3454.6666666666665	0.0	11835.0
840	3870.6666666666665	0.0	10372.0
850	4075.5	0.0	10182.0
860	3689.1666666666665	0.0	9311.0
870	3764.6666666666665	0.0	8677.0
880	3801.6666666666665	0.0	6852.0
890	3604.1666666666665	0.0	8255.0
900	3648.3333333333335	0.0	11997.0
910	3729.8333333333335	0.0	9420.0
920	3593.5	0.0	9197.0
930	3553.0	0.0	8770.0
940	3481.3333333333335	0.0	10594.0
950	3645.8333333333335	0.0	10534.0
960	3925.6666666666665	0.0	10780.0
970	4009.6666666666665	0.0	8687.0
980	3503.0	0.0	8550.0
990	3725.0	0.0	12610.0
1000	3573.6666666666665	0.0	8225.0
