0	275.3333333333333	0.0	0.0
10	1902.6666666666667	117.0	8445.0
20	1930.6666666666667	62.0	9719.0
30	2234.5	60.0	9614.0
40	1919.6666666666667	36.0	8435.0
50	2216.3333333333335	140.0	11497.0
60	1861.3333333333333	63.0	10324.0
70	2127.5	53.0	8032.0
80	2290.3333333333335	192.0	13917.0
90	2394.5	22.0	7373.0
100	2762.5	38.0	8184.0
110	2008.6666666666667	68.0	8506.0
120	2754.8333333333335	17.0	9089.0
130	2316.8333333333335	41.0	9710.0
140	2252.1666666666665	51.0	10514.0
150	2863.3333333333335	17.0	9365.0
160	3051.6666666666665	23.0	10636.0
170	2900.0	0.0	8246.0
180	2698.0	0.0	8543.0
190	3213.1666666666665	0.0	8819.0
200	3432.5	0.0	12152.0
210	3305.3333333333335	0.0	9267.0
220	3420.8333333333335	0.0	8340.0
230	2626.1666666666665	0.0	10998.0
240	3209.6666666666665	0.0	9537.0
250	3513.6666666666665	0.0	9710.0
260	3347.3333333333335	0.0	11256.0
270	3249.8333333333335	0.0	10453.0
280	3423.1666666666665	0.0	12357.0
290	3446.3333333333335	0.0	10382.0
300	3402.5	0.0	8450.0
310	2877.6666666666665	0.0	12440.0
320	3532.5	0.0	11842.0
330	3352.6666666666665	0.0	10287.0
340	3296.8333333333335	0.0	7599.0
350	3537.8333333333335	0.0	8170.0
360	3649.3333333333335	0.0	11207.0
370	3467.5	0.0	11949.0
380	3173.8333333333335	0.0	10058.0
390	3768.8333333333335	0.0	7877.0
400	3542.8333333333335	0.0	10842.0
410	3758.3333333333335	0.0	8898.0
420	2964.1666666666665	0.0	9511.0
430	3953.8333333333335	0.0	9316.0
440	3558.1666666666665	0.0	9499.0
450	3113.1666666666665	0.0	9627.0
460	3521.5	0.0	13147.0
470	3419.3333333333335	0.0	8581.0
480	3592.0	0.0	8621.0
490	3959.0	0.0	9952.0
500	3802.3333333333335	0.0	12072.0
510	3502.8333333333335	0.0	10584.0
520	3246.6666666666665	0.0	10706.0
530	3879.0	0.0	13897.0
540	3879.3333333333335	0.0	10927.0
550	3879.8333333333335	0.0	9278.0
560	3682.3333333333335	0.0	13558.0
570	3492.1666666666665	0.0	8494.0
580	3845.0	0.0	7394.0
590	3702.6666666666665	0.0	10981.0
600	4153.833333333333	0.0	8860.0
610	3638.6666666666665	0.0	10194.0
620	3747.0	0.0	10353.0
630	3519.3333333333335	0.0	10866.0
640	3869.1666666666665	0.0	9893.0
650	3642.8333333333335	0.0	12554.0
660	3647.8333333333335	0.0	11108.0
670	3695.5	0.0	10601.0
680	3778.5	0.0	12664.0
690	3966.0	0.0	14462.0
700	4003.1666666666665	0.0	9058.0
710	3887.3333333333335	0.0	9065.0
720	4048.8333333333335	0.0	10760.0
730	3661.8333333333335	0.0	10741.0
740	3714.0	0.0	10085.0
750	3667.1666666666665	0.0	11429.0
760	3819.0	0.0	9458.0
770	3774.3333333333335	0.0	10732.0
780	3891.8333333333335	0.0	12156.0
790	3616.8333333333335	0.0	11713.0
800	3777.8333333333335	0.0	9875.0
810	3646.6666666666665	0.0	9515.0
820	3739.5	0.0	11230.0
830	3305.5	0.0	8251.0
840	3818.5	0.0	8084.0
850	3771.3333333333335	0.0	8837.0
860	4137.5	0.0	12139.0
870	3831.3333333333335	0.0	14310.0
880	3798.5	0.0	11030.0
890	4106.0	0.0	9688.0
900	3987.3333333333335	0.0	6988.0
910	4080.1666666666665	0.0	9570.0
920	3895.1666666666665	0.0	7514.0
930	3904.0	0.0	8492.0
940	3935.0	0.0	9636.0
950	3967.3333333333335	0.0	9047.0
960	3982.3333333333335	0.0	9795.0
970	3765.1666666666665	0.0	11139.0
980	3745.0	0.0	7832.0
990	3999.0	0.0	8455.0
1000	3738.0	0.0	10822.0
