0	235.33333333333334	0.0	0.0
10	1940.8333333333333	105.0	11749.0
20	2060.1666666666665	196.0	12188.0
30	1968.1666666666667	82.0	9529.0
40	2004.3333333333333	14.0	5329.0
50	2105.5	162.0	9690.0
60	2300.6666666666665	177.0	9815.0
70	2421.5	21.0	7699.0
80	2069.0	71.0	12908.0
90	2489.5	39.0	9019.0
100	2213.6666666666665	57.0	9498.0
110	2361.6666666666665	76.0	10920.0
120	2495.3333333333335	0.0	7727.0
130	2599.8333333333335	0.0	8757.0
140	2730.5	0.0	8322.0
150	2704.1666666666665	0.0	5691.0
160	2647.8333333333335	0.0	9989.0
170	2751.0	0.0	9771.0
180	2780.6666666666665	0.0	10996.0
190	3128.5	0.0	5497.0
200	2890.6666666666665	0.0	7926.0
210	2612.8333333333335	0.0	8632.0
220	2868.3333333333335	0.0	9199.0
230	2528.1666666666665	0.0	8420.0
240	3411.6666666666665	0.0	6705.0
250	3284.8333333333335	0.0	7434.0
260	3577.1666666666665	0.0	8037.0
270	2839.5	0.0	7757.0
280	3659.0	0.0	8163.0
290	3103.8333333333335	0.0	11088.0
300	3559.0	0.0	9058.0
310	3093.8333333333335	0.0	9619.0
320	3273.1666666666665	0.0	6885.0
330	3339.3333333333335	0.0	11323.0
340	3287.3333333333335	0.0	12027.0
350	3568.6666666666665	0.0	10188.0
360	2913.0	0.0	9499.0
370	3305.8333333333335	0.0	10231.0
380	3450.0	0.0	10716.0
390	3478.6666666666665	0.0	12087.0
400	3757.3333333333335	0.0	9712.0
410	3356.1666666666665	0.0	8892.0
420	3434.5	0.0	10027.0
430	3873.0	0.0	13715.0
440	3913.6666666666665	0.0	10517.0
450	3983.1666666666665	0.0	8311.0
460	3318.3333333333335	0.0	8154.0
470	3619.0	0.0	9475.0
480	3670.3333333333335	0.0	10227.0
490	3239.8333333333335	0.0	12324.0
500	3627.8333333333335	0.0	11655.0
510	3787.8333333333335	0.0	10860.0
520	3935.5	0.0	8659.0
530	3559.5	0.0	10546.0
540	3757.5	0.0	10762.0
550	3294.5	0.0	12053.0
560	3632.8333333333335	0.0	7051.0
570	3451.1666666666665	0.0	9972.0
580	3750.1666666666665	0.0	9224.0
590	4000.1666666666665	0.0	11732.0
600	4016.6666666666665	0.0	11937.0
610	4058.8333333333335	0.0	10092.0
620	3891.0	0.0	9702.0
630	3881.3333333333335	0.0	9952.0
640	3962.5	0.0	10508.0
650	3550.6666666666665	0.0	10342.0
660	3867.5	0.0	9088.0
670	3678.1666666666665	0.0	8494.0
680	3733.8333333333335	0.0	9145.0
690	3971.1666666666665	0.0	10825.0
700	3907.1666666666665	0.0	8640.0
710	3902.3333333333335	0.0	11115.0
720	3965.6666666666665	0.0	8229.0
730	3613.8333333333335	0.0	5491.0
740	3796.6666666666665	0.0	11017.0
750	3882.5	0.0	10991.0
760	4059.3333333333335	0.0	12322.0
770	3740.1666666666665	0.0	10433.0
780	3547.3333333333335	0.0	9336.0
790	3625.5	0.0	8985.0
800	4150.5	0.0	10528.0
810	3801.5	0.0	10294.0
820	3546.5	0.0	6731.0
830	3921.5	0.0	11521.0
840	3854.5	0.0	8135.0
850	3667.1666666666665	0.0	7673.0
860	4063.6666666666665	0.0	11346.0
870	3889.5	0.0	7980.0
880	3739.3333333333335	0.0	10723.0
890	4076.8333333333335	0.0	13258.0
900	3634.8333333333335	0.0	11184.0
910	3583.8333333333335	0.0	10275.0
920	3761.6666666666665	0.0	9543.0
930	3969.6666666666665	0.0	10969.0
940	3779.3333333333335	0.0	8445.0
950	3625.1666666666665	0.0	12183.0
960	4198.333333333333	0.0	12470.0
970	3671.6666666666665	0.0	10936.0
980	3829.6666666666665	0.0	9588.0
990	3749.6666666666665	0.0	11208.0
1000	3506.3333333333335	0.0	9148.0
