0	275.6666666666667	0.0
10	70.0	0.0
20	70.0	0.0
30	70.0	0.0
40	70.0	0.0
50	70.0	0.0
60	70.0	0.0
70	70.0	0.0
80	70.0	0.0
90	70.0	0.0
100	70.0	0.0
110	70.0	0.0
120	70.0	0.0
130	70.0	0.0
140	70.0	0.0
150	70.0	0.0
160	70.0	0.0
170	70.0	0.0
180	70.66666666666667	0.0
190	71.33333333333333	0.0
200	71.66666666666667	0.0
210	73.66666666666667	0.0
220	70.33333333333333	0.0
230	71.66666666666667	0.0
240	85.33333333333333	0.0
250	135.0	0.0
260	207.66666666666666	0.0
270	119.66666666666667	0.0
280	165.33333333333334	0.0
290	136.66666666666666	28.0
300	138.0	25.0
310	149.0	0.0
320	130.66666666666666	0.0
330	138.0	0.0
340	188.0	0.0
350	202.33333333333334	20.0
360	172.0	0.0
370	227.33333333333334	21.0
380	240.0	1.0
390	357.6666666666667	51.0
400	146.66666666666666	0.0
410	200.66666666666666	0.0
420	262.3333333333333	17.0
430	409.0	12.0
440	515.3333333333334	0.0
450	836.6666666666666	16.0
460	899.6666666666666	13.0
470	1123.1666666666667	1.0
480	1063.3333333333333	18.0
490	1425.0	39.0
500	1136.0	38.0
510	1087.3333333333333	36.0
520	1475.3333333333333	45.0
530	1660.3333333333333	2.0
540	1959.3333333333333	24.0
550	1999.0	28.0
560	2166.5	3.0
570	2109.3333333333335	5.0
580	2187.0	53.0
590	2027.6666666666667	42.0
600	2137.8333333333335	12.0
610	2349.8333333333335	8.0
620	2268.3333333333335	0.0
630	1934.1666666666667	4.0
640	2160.6666666666665	2.0
650	2386.0	9.0
660	2228.6666666666665	23.0
670	2034.0	44.0
680	2379.0	27.0
690	2235.0	28.0
700	2369.0	4.0
710	2338.6666666666665	17.0
720	2486.6666666666665	9.0
730	2426.0	33.0
740	2474.0	5.0
750	2529.3333333333335	5.0
760	2260.6666666666665	28.0
770	2482.0	11.0
780	2318.6666666666665	44.0
790	2122.3333333333335	27.0
800	2590.6666666666665	29.0
810	2624.6666666666665	39.0
820	2828.5	19.0
830	2618.5	35.0
840	2597.6666666666665	0.0
850	2758.5	0.0
860	2855.8333333333335	0.0
870	2694.6666666666665	0.0
880	2416.5	0.0
890	2833.5	0.0
900	2829.8333333333335	0.0
910	2679.0	0.0
920	2914.6666666666665	0.0
930	2021.0	0.0
940	2802.0	0.0
950	2732.6666666666665	0.0
960	2617.8333333333335	0.0
970	2666.6666666666665	0.0
980	2762.8333333333335	0.0
990	2659.0	0.0
1000	2718.8333333333335	0.0
