0	294.6666666666667	0.0
10	70.0	0.0
20	70.0	0.0
30	70.0	0.0
40	70.0	0.0
50	70.0	0.0
60	70.0	0.0
70	70.0	0.0
80	70.0	0.0
90	70.0	0.0
100	70.0	0.0
110	70.0	0.0
120	70.0	0.0
130	70.0	0.0
140	70.0	0.0
150	70.0	0.0
160	70.0	0.0
170	70.0	0.0
180	71.0	0.0
190	70.33333333333333	0.0
200	71.33333333333333	0.0
210	71.66666666666667	0.0
220	72.0	0.0
230	71.0	0.0
240	73.66666666666667	0.0
250	159.66666666666666	0.0
260	123.66666666666667	0.0
270	209.33333333333334	23.0
280	263.6666666666667	0.0
290	167.33333333333334	27.0
300	157.0	0.0
310	186.33333333333334	13.0
320	173.0	0.0
330	180.66666666666666	2.0
340	161.33333333333334	26.0
350	146.66666666666666	38.0
360	172.33333333333334	1.0
370	201.0	0.0
380	274.0	0.0
390	303.3333333333333	0.0
400	468.0	7.0
410	470.6666666666667	0.0
420	693.3333333333334	37.0
430	778.6666666666666	2.0
440	1459.6666666666667	7.0
450	1164.0	43.0
460	1582.3333333333333	77.0
470	1482.6666666666667	1.0
480	1742.6666666666667	33.0
490	1973.6666666666667	57.0
500	2015.0	23.0
510	1985.3333333333333	12.0
520	1733.3333333333333	0.0
530	2170.3333333333335	15.0
540	2217.6666666666665	16.0
550	2092.3333333333335	11.0
560	2340.0	1.0
570	2031.3333333333333	63.0
580	2316.1666666666665	1.0
590	2429.5	13.0
600	2277.0	27.0
610	2455.5	51.0
620	2507.6666666666665	0.0
630	2278.8333333333335	15.0
640	2237.0	29.0
650	2406.1666666666665	4.0
660	2198.0	25.0
670	2569.1666666666665	1.0
680	2661.3333333333335	8.0
690	2361.6666666666665	75.0
700	2642.8333333333335	15.0
710	2346.6666666666665	17.0
720	2388.5	8.0
730	2523.6666666666665	72.0
740	2508.0	31.0
750	2213.6666666666665	20.0
760	2569.6666666666665	6.0
770	2545.1666666666665	38.0
780	2559.8333333333335	9.0
790	2688.3333333333335	0.0
800	2779.1666666666665	0.0
810	2375.5	0.0
820	2706.3333333333335	0.0
830	2370.6666666666665	0.0
840	2655.0	0.0
850	2715.0	0.0
860	2280.5	0.0
870	2671.0	0.0
880	2464.0	0.0
890	2463.8333333333335	0.0
900	2720.6666666666665	0.0
910	2485.0	0.0
920	2569.1666666666665	0.0
930	2701.0	0.0
940	2474.6666666666665	0.0
950	2580.3333333333335	0.0
960	2608.6666666666665	0.0
970	2122.0	0.0
980	2489.6666666666665	0.0
990	2662.0	0.0
1000	2478.3333333333335	0.0
