0	302.6666666666667	0.0
10	70.0	0.0
20	70.0	0.0
30	70.0	0.0
40	70.0	0.0
50	70.0	0.0
60	70.0	0.0
70	70.0	0.0
80	70.0	0.0
90	70.0	0.0
100	70.0	0.0
110	70.0	0.0
120	70.0	0.0
130	70.0	0.0
140	70.0	0.0
150	70.0	0.0
160	70.0	0.0
170	70.0	0.0
180	70.0	0.0
190	71.33333333333333	0.0
200	70.33333333333333	0.0
210	72.66666666666667	0.0
220	73.33333333333333	0.0
230	73.66666666666667	0.0
240	70.0	0.0
250	164.66666666666666	0.0
260	184.33333333333334	0.0
270	246.66666666666666	0.0
280	201.33333333333334	64.0
290	161.0	20.0
300	129.33333333333334	47.0
310	138.0	0.0
320	130.0	32.0
330	159.33333333333334	28.0
340	251.33333333333334	0.0
350	165.33333333333334	24.0
360	256.6666666666667	0.0
370	617.6666666666666	0.0
380	632.3333333333334	0.0
390	871.3333333333334	0.0
400	820.6666666666666	35.0
410	939.6666666666666	33.0
420	1191.3333333333333	1.0
430	1069.3333333333333	10.0
440	1540.3333333333333	69.0
450	1491.3333333333333	25.0
460	1391.3333333333333	23.0
470	1547.3333333333333	6.0
480	1482.6666666666667	2.0
490	2128.3333333333335	16.0
500	1804.3333333333333	51.0
510	2067.6666666666665	1.0
520	2065.6666666666665	5.0
530	2266.6666666666665	5.0
540	2174.0	6.0
550	2362.3333333333335	5.0
560	2319.1666666666665	1.0
570	2469.5	20.0
580	2029.3333333333333	12.0
590	2373.0	5.0
600	1808.3333333333333	26.0
610	2212.0	21.0
620	2158.6666666666665	5.0
630	2335.3333333333335	18.0
640	2373.0	25.0
650	2210.6666666666665	13.0
660	2479.0	2.0
670	2202.0	31.0
680	2430.5	7.0
690	2083.0	4.0
700	2561.5	66.0
710	2675.0	26.0
720	2723.5	5.0
730	2832.1666666666665	76.0
740	2726.0	8.0
750	2536.3333333333335	4.0
760	2481.5	1.0
770	2785.3333333333335	9.0
780	2408.0	9.0
790	2799.6666666666665	15.0
800	2637.0	46.0
810	2502.3333333333335	36.0
820	2331.3333333333335	1.0
830	2752.0	0.0
840	2537.0	0.0
850	2823.0	0.0
860	2288.3333333333335	0.0
870	2646.0	0.0
880	2373.3333333333335	0.0
890	2745.5	0.0
900	2842.0	0.0
910	2768.0	0.0
920	2700.6666666666665	0.0
930	2716.3333333333335	0.0
940	2504.6666666666665	0.0
950	2645.3333333333335	0.0
960	2606.0	0.0
970	2749.5	0.0
980	2559.1666666666665	0.0
990	2834.5	0.0
1000	2887.0	0.0
