0	280.0	0.0
10	70.0	0.0
20	70.0	0.0
30	70.0	0.0
40	70.0	0.0
50	70.0	0.0
60	70.0	0.0
70	70.0	0.0
80	70.0	0.0
90	70.0	0.0
100	70.0	0.0
110	70.0	0.0
120	70.0	0.0
130	70.0	0.0
140	70.0	0.0
150	70.0	0.0
160	70.0	0.0
170	70.0	0.0
180	70.0	0.0
190	70.33333333333333	0.0
200	71.66666666666667	0.0
210	71.33333333333333	0.0
220	79.66666666666667	0.0
230	71.33333333333333	0.0
240	115.66666666666667	0.0
250	183.0	0.0
260	248.66666666666666	0.0
270	178.33333333333334	0.0
280	145.33333333333334	0.0
290	169.66666666666666	17.0
300	155.66666666666666	25.0
310	130.33333333333334	17.0
320	138.0	27.0
330	130.0	9.0
340	171.66666666666666	0.0
350	171.66666666666666	29.0
360	569.0	0.0
370	396.6666666666667	22.0
380	414.0	32.0
390	511.0	0.0
400	773.0	10.0
410	719.6666666666666	33.0
420	815.3333333333334	24.0
430	1202.0	9.0
440	1264.3333333333333	2.0
450	1493.3333333333333	0.0
460	1525.6666666666667	0.0
470	1527.6666666666667	15.0
480	1898.0	0.0
490	1874.0	38.0
500	1988.0	34.0
510	1831.0	8.0
520	1840.6666666666667	16.0
530	2003.6666666666667	41.0
540	2032.3333333333333	69.0
550	2104.3333333333335	56.0
560	2067.0	24.0
570	2161.6666666666665	35.0
580	2085.0	8.0
590	2396.0	18.0
600	2277.6666666666665	13.0
610	2287.3333333333335	5.0
620	2341.1666666666665	0.0
630	2457.0	8.0
640	2856.1666666666665	27.0
650	2566.5	21.0
660	2392.3333333333335	30.0
670	2534.5	32.0
680	2768.6666666666665	11.0
690	2485.8333333333335	1.0
700	2810.5	14.0
710	2216.0	3.0
720	2620.6666666666665	1.0
730	2628.6666666666665	10.0
740	2437.1666666666665	7.0
750	2644.3333333333335	23.0
760	2753.8333333333335	64.0
770	2773.6666666666665	26.0
780	2665.6666666666665	42.0
790	2718.8333333333335	36.0
800	2528.0	8.0
810	2130.1666666666665	0.0
820	2868.6666666666665	0.0
830	2598.5	0.0
840	2627.3333333333335	0.0
850	2664.0	0.0
860	2814.6666666666665	0.0
870	2672.0	0.0
880	2582.1666666666665	0.0
890	2526.1666666666665	0.0
900	2568.0	0.0
910	2417.0	0.0
920	2579.0	0.0
930	2931.8333333333335	0.0
940	2585.3333333333335	0.0
950	2604.8333333333335	0.0
960	2643.6666666666665	0.0
970	2755.1666666666665	0.0
980	2402.3333333333335	0.0
990	2561.6666666666665	0.0
1000	2287.3333333333335	0.0
