0	264.3333333333333	0.0
10	70.0	1000.0
20	70.0	0.0
30	70.0	0.0
40	70.0	0.0
50	70.0	0.0
60	70.0	0.0
70	70.0	0.0
80	70.0	0.0
90	70.0	0.0
100	70.0	0.0
110	70.0	0.0
120	70.33333333333333	0.0
130	71.33333333333333	0.0
140	78.33333333333333	0.0
150	204.66666666666666	0.0
160	101.33333333333333	0.0
170	132.33333333333334	0.0
180	71.0	0.0
190	70.66666666666667	0.0
200	139.0	0.0
210	93.66666666666667	0.0
220	165.0	0.0
230	453.6666666666667	0.0
240	890.6666666666666	0.0
250	228.0	0.0
260	468.6666666666667	0.0
270	204.33333333333334	0.0
280	304.3333333333333	0.0
290	473.3333333333333	0.0
300	510.6666666666667	0.0
310	306.3333333333333	0.0
320	399.6666666666667	0.0
330	779.3333333333334	0.0
340	862.3333333333334	0.0
350	1489.0	0.0
360	1478.3333333333333	0.0
370	1127.0	0.0
380	1979.3333333333333	0.0
390	1582.6666666666667	0.0
400	1552.6666666666667	0.0
410	1670.3333333333333	0.0
420	1436.3333333333333	0.0
430	1994.0	0.0
440	2148.0	0.0
450	1942.6666666666667	0.0
460	2030.0	0.0
470	1901.3333333333333	0.0
480	2244.6666666666665	0.0
490	2023.3333333333333	0.0
500	2209.3333333333335	0.0
510	2395.5	0.0
520	2338.6666666666665	0.0
530	1992.0	0.0
540	2221.5	0.0
550	2203.1666666666665	0.0
560	2139.0	0.0
570	2502.6666666666665	0.0
580	2296.3333333333335	0.0
590	2610.5	0.0
600	2524.3333333333335	0.0
610	2562.8333333333335	0.0
620	2430.8333333333335	0.0
630	2246.0	0.0
640	2541.3333333333335	0.0
650	2709.1666666666665	0.0
660	2704.6666666666665	0.0
670	2481.8333333333335	0.0
680	2546.3333333333335	0.0
690	2515.0	0.0
700	2403.8333333333335	0.0
710	2525.5	0.0
720	2564.5	0.0
730	2529.1666666666665	0.0
740	2633.6666666666665	0.0
750	2688.5	0.0
760	2775.8333333333335	0.0
770	2346.3333333333335	0.0
780	2562.0	0.0
790	2768.6666666666665	0.0
800	2249.5	0.0
810	2247.3333333333335	0.0
820	2495.0	0.0
830	2597.3333333333335	0.0
840	2745.6666666666665	0.0
850	2914.3333333333335	0.0
860	2450.0	0.0
870	2845.8333333333335	0.0
880	2930.8333333333335	0.0
890	2916.0	0.0
900	2803.8333333333335	0.0
910	3116.8333333333335	0.0
920	2577.6666666666665	0.0
930	2428.3333333333335	0.0
940	2537.3333333333335	0.0
950	1985.0	0.0
960	2494.3333333333335	0.0
970	2837.1666666666665	0.0
980	2639.6666666666665	0.0
990	2928.0	0.0
1000	2407.5	0.0
