0	317.3333333333333	0.0
10	70.0	1000.0
20	70.0	0.0
30	70.0	0.0
40	70.0	0.0
50	70.0	0.0
60	70.0	0.0
70	70.0	0.0
80	70.0	0.0
90	70.0	0.0
100	70.0	0.0
110	70.0	0.0
120	70.0	0.0
130	70.0	0.0
140	70.0	0.0
150	71.33333333333333	0.0
160	71.0	0.0
170	83.66666666666667	0.0
180	70.66666666666667	0.0
190	71.0	0.0
200	129.33333333333334	0.0
210	72.66666666666667	0.0
220	180.33333333333334	0.0
230	183.0	0.0
240	474.3333333333333	0.0
250	222.33333333333334	0.0
260	160.66666666666666	0.0
270	171.33333333333334	0.0
280	209.0	0.0
290	138.0	0.0
300	183.0	0.0
310	145.33333333333334	0.0
320	196.0	0.0
330	273.0	0.0
340	579.3333333333334	0.0
350	542.0	0.0
360	767.0	0.0
370	648.3333333333334	0.0
380	884.0	0.0
390	1509.0	0.0
400	1795.3333333333333	0.0
410	1559.0	0.0
420	1812.0	0.0
430	2245.3333333333335	0.0
440	2060.6666666666665	0.0
450	1801.6666666666667	0.0
460	1483.0	0.0
470	1852.0	0.0
480	1883.0	0.0
490	1960.8333333333333	0.0
500	2009.3333333333333	0.0
510	2291.3333333333335	0.0
520	2413.6666666666665	0.0
530	2058.0	0.0
540	2140.3333333333335	0.0
550	2233.0	0.0
560	2026.0	0.0
570	2204.3333333333335	0.0
580	2323.5	0.0
590	2162.0	0.0
600	2325.6666666666665	0.0
610	2694.0	0.0
620	2477.0	0.0
630	2467.6666666666665	0.0
640	2438.3333333333335	0.0
650	2566.0	0.0
660	2486.5	0.0
670	2567.0	0.0
680	2540.6666666666665	0.0
690	2572.1666666666665	0.0
700	2874.8333333333335	0.0
710	2533.3333333333335	0.0
720	2528.0	0.0
730	2690.1666666666665	0.0
740	2640.6666666666665	0.0
750	2605.0	0.0
760	2500.3333333333335	0.0
770	2808.3333333333335	0.0
780	2526.3333333333335	0.0
790	2628.8333333333335	0.0
800	2736.3333333333335	0.0
810	2668.1666666666665	0.0
820	2793.0	0.0
830	2641.5	0.0
840	2611.3333333333335	0.0
850	2474.5	0.0
860	2897.6666666666665	0.0
870	2440.1666666666665	0.0
880	2528.3333333333335	0.0
890	2527.3333333333335	0.0
900	1973.0	0.0
910	1570.6666666666667	0.0
920	2651.1666666666665	0.0
930	1825.0	0.0
940	2364.8333333333335	0.0
950	2137.5	0.0
960	1605.3333333333333	0.0
970	2090.6666666666665	0.0
980	1749.3333333333333	0.0
990	1993.6666666666667	0.0
1000	1833.6666666666667	0.0
