0	256.0	0.0
10	70.0	1000.0
20	70.0	0.0
30	70.0	0.0
40	70.0	0.0
50	70.0	0.0
60	70.0	0.0
70	70.0	0.0
80	70.0	0.0
90	70.0	0.0
100	108.0	0.0
110	74.0	0.0
120	72.0	0.0
130	128.66666666666666	0.0
140	79.0	0.0
150	256.6666666666667	0.0
160	430.0	0.0
170	1379.0	0.0
180	1782.0	0.0
190	1479.3333333333333	0.0
200	1583.3333333333333	0.0
210	1273.6666666666667	0.0
220	1559.0	0.0
230	1503.0	0.0
240	1975.6666666666667	0.0
250	2213.6666666666665	0.0
260	2230.1666666666665	0.0
270	2408.3333333333335	0.0
280	2433.3333333333335	0.0
290	2106.1666666666665	0.0
300	2160.3333333333335	0.0
310	2345.0	0.0
320	2432.0	0.0
330	2369.8333333333335	0.0
340	2167.6666666666665	0.0
350	2532.3333333333335	0.0
360	2372.6666666666665	0.0
370	2259.8333333333335	0.0
380	2210.8333333333335	0.0
390	2434.6666666666665	0.0
400	2324.1666666666665	0.0
410	2244.6666666666665	0.0
420	2477.5	0.0
430	2313.6666666666665	0.0
440	2460.1666666666665	0.0
450	2464.3333333333335	0.0
460	2591.0	0.0
470	2732.3333333333335	0.0
480	2723.1666666666665	0.0
490	2575.8333333333335	0.0
500	2638.0	0.0
510	2406.3333333333335	0.0
520	2489.0	0.0
530	2694.6666666666665	0.0
540	2611.1666666666665	0.0
550	2650.5	0.0
560	2538.6666666666665	0.0
570	2542.5	0.0
580	2750.3333333333335	0.0
590	2629.0	0.0
600	2435.1666666666665	0.0
610	2526.6666666666665	0.0
620	2542.5	0.0
630	2755.8333333333335	0.0
640	2644.0	0.0
650	2667.3333333333335	0.0
660	2720.0	0.0
670	2546.6666666666665	0.0
680	2578.0	0.0
690	2531.3333333333335	0.0
700	2301.0	0.0
710	2207.5	0.0
720	2460.0	0.0
730	2544.3333333333335	0.0
740	2753.0	0.0
750	2675.3333333333335	0.0
760	2730.5	0.0
770	2679.3333333333335	0.0
780	2618.0	0.0
790	2565.6666666666665	0.0
800	2387.6666666666665	0.0
810	1664.0	0.0
820	1851.8333333333333	0.0
830	1493.3333333333333	0.0
840	2058.8333333333335	0.0
850	2138.3333333333335	0.0
860	1892.0	0.0
870	2513.5	0.0
880	2007.6666666666667	0.0
890	2035.0	0.0
900	1573.1666666666667	0.0
910	2018.3333333333333	0.0
920	1858.0	0.0
930	1706.0	0.0
940	1515.3333333333333	0.0
950	993.8333333333334	0.0
960	1645.5	0.0
970	2165.0	0.0
980	2197.6666666666665	0.0
990	2297.0	0.0
1000	1831.1666666666667	0.0
