0	224.66666666666666	0.0
10	70.0	1000.0
20	70.0	0.0
30	70.0	0.0
40	70.0	0.0
50	70.0	0.0
60	70.0	0.0
70	70.0	0.0
80	70.0	0.0
90	70.0	0.0
100	70.0	0.0
110	70.33333333333333	0.0
120	72.0	0.0
130	74.33333333333333	0.0
140	71.0	0.0
150	106.66666666666667	0.0
160	187.66666666666666	0.0
170	103.33333333333333	0.0
180	197.0	0.0
190	693.6666666666666	0.0
200	643.3333333333334	0.0
210	936.6666666666666	0.0
220	1181.3333333333333	0.0
230	1170.0	0.0
240	926.6666666666666	0.0
250	1289.6666666666667	0.0
260	1171.0	0.0
270	1433.6666666666667	0.0
280	1029.3333333333333	0.0
290	1125.0	0.0
300	1603.0	0.0
310	1634.0	0.0
320	2177.6666666666665	0.0
330	2094.0	0.0
340	2018.6666666666667	0.0
350	2155.0	0.0
360	2389.1666666666665	0.0
370	2221.0	0.0
380	2285.3333333333335	0.0
390	2382.3333333333335	0.0
400	2294.5	0.0
410	2445.1666666666665	0.0
420	2444.3333333333335	0.0
430	2278.6666666666665	0.0
440	2206.8333333333335	0.0
450	2330.6666666666665	0.0
460	2374.3333333333335	0.0
470	2706.3333333333335	0.0
480	2339.3333333333335	0.0
490	2389.3333333333335	0.0
500	2444.5	0.0
510	2270.0	0.0
520	2071.0	0.0
530	2372.3333333333335	0.0
540	2399.5	0.0
550	2349.3333333333335	0.0
560	2368.1666666666665	0.0
570	2651.3333333333335	0.0
580	2605.1666666666665	0.0
590	2318.6666666666665	0.0
600	2154.6666666666665	0.0
610	2187.5	0.0
620	2535.5	0.0
630	2847.0	0.0
640	2368.6666666666665	0.0
650	2306.6666666666665	0.0
660	2806.6666666666665	0.0
670	2667.3333333333335	0.0
680	2542.1666666666665	0.0
690	2561.6666666666665	0.0
700	2361.0	0.0
710	2543.6666666666665	0.0
720	2024.5	0.0
730	2744.1666666666665	0.0
740	2697.3333333333335	0.0
750	2123.1666666666665	0.0
760	2507.0	0.0
770	2632.0	0.0
780	2744.0	0.0
790	2750.8333333333335	0.0
800	2651.3333333333335	0.0
810	2672.6666666666665	0.0
820	2600.5	0.0
830	2939.0	0.0
840	2434.6666666666665	0.0
850	2608.8333333333335	0.0
860	2511.8333333333335	0.0
870	2636.6666666666665	0.0
880	2589.3333333333335	0.0
890	2670.0	0.0
900	2818.1666666666665	0.0
910	2447.5	0.0
920	2538.6666666666665	0.0
930	2686.0	0.0
940	2792.6666666666665	0.0
950	2687.3333333333335	0.0
960	2522.5	0.0
970	2836.0	0.0
980	2568.1666666666665	0.0
990	2492.3333333333335	0.0
1000	2556.0	0.0
