0	300.0	0.0
10	131.0	1000.0
20	130.33333333333334	0.0
30	131.0	0.0
40	140.66666666666666	0.0
50	130.33333333333334	0.0
60	134.33333333333334	0.0
70	130.0	0.0
80	130.0	0.0
90	131.0	0.0
100	403.0	0.0
110	846.0	0.0
120	794.6666666666666	0.0
130	583.3333333333334	0.0
140	580.3333333333334	0.0
150	1056.6666666666667	0.0
160	1292.3333333333333	0.0
170	1444.0	0.0
180	1610.3333333333333	0.0
190	1491.0	0.0
200	2098.5	0.0
210	2040.0	0.0
220	2102.3333333333335	0.0
230	2121.3333333333335	0.0
240	2111.0	0.0
250	2141.3333333333335	0.0
260	2096.3333333333335	0.0
270	2132.0	0.0
280	2102.8333333333335	0.0
290	2323.8333333333335	0.0
300	2207.8333333333335	0.0
310	2151.0	0.0
320	2235.3333333333335	0.0
330	2041.3333333333333	0.0
340	2423.3333333333335	0.0
350	2451.1666666666665	0.0
360	2067.8333333333335	0.0
370	2461.1666666666665	0.0
380	2334.1666666666665	0.0
390	2408.0	0.0
400	2294.5	0.0
410	2526.8333333333335	0.0
420	2387.0	0.0
430	2810.1666666666665	0.0
440	2381.1666666666665	0.0
450	2586.6666666666665	0.0
460	2530.0	0.0
470	2723.8333333333335	0.0
480	2638.6666666666665	0.0
490	2725.5	0.0
500	2730.3333333333335	0.0
510	2696.5	0.0
520	2647.6666666666665	0.0
530	1757.1666666666667	0.0
540	2092.6666666666665	0.0
550	2781.5	0.0
560	2424.5	0.0
570	2643.1666666666665	0.0
580	2433.6666666666665	0.0
590	2674.0	0.0
600	2193.6666666666665	0.0
610	2604.0	0.0
620	2647.6666666666665	0.0
630	2737.6666666666665	0.0
640	2742.3333333333335	0.0
650	2596.5	0.0
660	2707.0	0.0
670	2693.8333333333335	0.0
680	2484.0	0.0
690	2518.6666666666665	0.0
700	2731.3333333333335	0.0
710	2772.1666666666665	0.0
720	2781.0	0.0
730	2601.3333333333335	0.0
740	2782.8333333333335	0.0
750	2807.8333333333335	0.0
760	2693.6666666666665	0.0
770	2721.8333333333335	0.0
780	2664.1666666666665	0.0
790	2414.3333333333335	0.0
800	2649.3333333333335	0.0
810	2657.3333333333335	0.0
820	2587.8333333333335	0.0
830	2739.1666666666665	0.0
840	2367.3333333333335	0.0
850	2449.8333333333335	0.0
860	2859.3333333333335	0.0
870	2284.6666666666665	0.0
880	2421.3333333333335	0.0
890	2481.0	0.0
900	2419.6666666666665	0.0
910	2625.3333333333335	0.0
920	2694.6666666666665	0.0
930	2721.3333333333335	0.0
940	2360.3333333333335	0.0
950	2770.6666666666665	0.0
960	2766.5	0.0
970	2530.6666666666665	0.0
980	3032.6666666666665	0.0
990	2708.1666666666665	0.0
1000	2561.5	0.0
