0	262.6666666666667	0.0
10	1834.5	21.0
20	1911.0	24.0
30	2140.3333333333335	9.0
40	2304.1666666666665	22.0
50	2312.8333333333335	3.0
60	2087.5	4.0
70	2400.1666666666665	5.0
80	2110.6666666666665	10.0
90	2310.5	19.0
100	2314.6666666666665	6.0
110	2677.0	20.0
120	2668.1666666666665	18.0
130	2933.5	6.0
140	2844.6666666666665	3.0
150	2284.3333333333335	15.0
160	2425.0	8.0
170	2026.3333333333333	2.0
180	2657.0	9.0
190	2704.5	0.0
200	2536.3333333333335	4.0
210	2535.0	3.0
220	2869.1666666666665	11.0
230	3286.1666666666665	5.0
240	3167.0	4.0
250	2305.1666666666665	1.0
260	2606.8333333333335	2.0
270	2665.5	8.0
280	2900.5	4.0
290	2820.3333333333335	4.0
300	3287.1666666666665	5.0
310	3155.3333333333335	6.0
320	3249.3333333333335	2.0
330	3605.8333333333335	4.0
340	3227.0	4.0
350	3525.6666666666665	12.0
360	3121.8333333333335	11.0
370	3394.8333333333335	3.0
380	3322.1666666666665	3.0
390	3546.6666666666665	7.0
400	3316.8333333333335	7.0
410	3521.6666666666665	8.0
420	3481.3333333333335	9.0
430	3598.3333333333335	13.0
440	3413.6666666666665	1.0
450	3205.0	6.0
460	3844.6666666666665	9.0
470	3695.8333333333335	9.0
480	3845.1666666666665	6.0
490	3805.8333333333335	14.0
500	3243.5	5.0
510	3870.5	6.0
520	3894.0	8.0
530	3763.5	7.0
540	3890.1666666666665	4.0
550	3695.5	9.0
560	3953.8333333333335	10.0
570	3481.0	14.0
580	3878.8333333333335	1.0
590	3582.5	10.0
600	3983.0	5.0
610	3679.5	13.0
620	3765.8333333333335	5.0
630	3749.5	6.0
640	3378.1666666666665	14.0
650	3775.8333333333335	4.0
660	3467.6666666666665	8.0
670	3556.6666666666665	8.0
680	3691.6666666666665	10.0
690	3782.0	2.0
700	3883.8333333333335	8.0
710	3714.6666666666665	4.0
720	3633.6666666666665	5.0
730	3857.0	11.0
740	3840.6666666666665	6.0
750	3618.3333333333335	12.0
760	3614.5	6.0
770	3708.5	6.0
780	3809.1666666666665	6.0
790	3552.8333333333335	10.0
800	3855.1666666666665	6.0
810	3736.0	10.0
820	3718.6666666666665	10.0
830	4005.3333333333335	6.0
840	3662.1666666666665	2.0
850	3794.1666666666665	11.0
860	3614.5	6.0
870	4024.3333333333335	11.0
880	3695.5	6.0
890	3939.3333333333335	7.0
900	3569.8333333333335	0.0
910	3370.8333333333335	5.0
920	3744.6666666666665	10.0
930	3996.1666666666665	7.0
940	3622.5	4.0
950	3669.0	3.0
960	3557.3333333333335	12.0
970	3827.0	9.0
980	3529.0	2.0
990	3461.8333333333335	11.0
1000	3434.5	1.0
