0	280.6666666666667	0.0
10	1933.1666666666667	28.0
20	2092.0	16.0
30	2140.0	1.0
40	2109.3333333333335	1.0
50	2096.5	34.0
60	2098.0	0.0
70	2544.3333333333335	11.0
80	2378.8333333333335	0.0
90	2149.0	5.0
100	2271.8333333333335	17.0
110	2462.8333333333335	5.0
120	2403.5	10.0
130	2803.6666666666665	11.0
140	2607.5	1.0
150	2642.3333333333335	22.0
160	2501.0	5.0
170	2851.3333333333335	3.0
180	2681.5	5.0
190	2734.3333333333335	17.0
200	2307.6666666666665	6.0
210	2733.0	4.0
220	2600.3333333333335	1.0
230	2968.5	4.0
240	3049.0	5.0
250	2876.5	4.0
260	2801.8333333333335	5.0
270	2537.8333333333335	8.0
280	2625.3333333333335	10.0
290	2893.1666666666665	1.0
300	2488.1666666666665	8.0
310	2440.0	5.0
320	3011.5	6.0
330	3505.1666666666665	3.0
340	3482.5	3.0
350	2811.3333333333335	5.0
360	2814.6666666666665	0.0
370	3302.5	7.0
380	3136.8333333333335	1.0
390	3820.3333333333335	6.0
400	3448.5	9.0
410	2843.1666666666665	3.0
420	3977.6666666666665	5.0
430	3431.1666666666665	6.0
440	3304.1666666666665	1.0
450	3893.8333333333335	9.0
460	3320.1666666666665	6.0
470	3327.5	1.0
480	3482.0	7.0
490	3356.5	9.0
500	3232.0	4.0
510	3493.1666666666665	6.0
520	3446.6666666666665	15.0
530	3636.3333333333335	4.0
540	3112.3333333333335	6.0
550	3656.6666666666665	8.0
560	3884.6666666666665	6.0
570	3626.8333333333335	8.0
580	3070.6666666666665	2.0
590	3887.3333333333335	7.0
600	2959.0	10.0
610	3772.6666666666665	2.0
620	3605.3333333333335	10.0
630	3571.8333333333335	8.0
640	3458.3333333333335	12.0
650	3426.1666666666665	7.0
660	3558.5	8.0
670	3250.3333333333335	5.0
680	3102.3333333333335	3.0
690	3665.3333333333335	10.0
700	3474.5	3.0
710	3610.1666666666665	6.0
720	3618.0	7.0
730	3912.5	17.0
740	3772.3333333333335	5.0
750	3765.3333333333335	5.0
760	3848.6666666666665	0.0
770	3909.6666666666665	4.0
780	3834.0	7.0
790	3659.0	5.0
800	3749.8333333333335	8.0
810	3828.3333333333335	14.0
820	3824.8333333333335	6.0
830	3687.3333333333335	5.0
840	3980.1666666666665	9.0
850	3815.1666666666665	2.0
860	3770.8333333333335	4.0
870	3914.3333333333335	6.0
880	3906.8333333333335	3.0
890	3507.6666666666665	5.0
900	3773.5	5.0
910	3771.5	7.0
920	4007.6666666666665	0.0
930	3717.8333333333335	2.0
940	3914.8333333333335	6.0
950	3297.3333333333335	9.0
960	3912.5	4.0
970	3720.8333333333335	7.0
980	3932.3333333333335	7.0
990	3719.3333333333335	4.0
1000	4029.0	12.0
