0	248.66666666666666	0.0	0.0
10	2239.6666666666665	31.0	9286.0
20	2127.3333333333335	40.0	10172.0
30	2075.0	37.0	11988.0
40	2128.3333333333335	32.0	10814.0
50	2092.6666666666665	26.0	7018.0
60	2093.5	22.0	7986.0
70	2182.0	18.0	7707.0
80	2188.3333333333335	36.0	12932.0
90	2121.6666666666665	29.0	13924.0
100	2316.0	21.0	9264.0
110	2291.0	25.0	7987.0
120	2219.1666666666665	43.0	9688.0
130	2274.1666666666665	38.0	9022.0
140	2347.1666666666665	47.0	10525.0
150	2322.3333333333335	14.0	7902.0
160	2307.0	54.0	12485.0
170	2244.5	17.0	9221.0
180	2483.3333333333335	31.0	9747.0
190	2511.5	57.0	13032.0
200	2493.5	28.0	8083.0
210	2577.1666666666665	30.0	11675.0
220	2552.6666666666665	30.0	6649.0
230	2367.5	11.0	7810.0
240	2437.3333333333335	43.0	7129.0
250	2612.5	21.0	9751.0
260	2148.5	61.0	6287.0
270	2263.3333333333335	24.0	7766.0
280	2778.0	16.0	8273.0
290	2562.5	36.0	11408.0
300	2610.5	42.0	14123.0
310	2690.0	40.0	12710.0
320	2773.5	0.0	8490.0
330	2673.6666666666665	0.0	10388.0
340	2697.5	0.0	11405.0
350	2607.3333333333335	0.0	9401.0
360	2794.8333333333335	0.0	9140.0
370	2885.0	0.0	8064.0
380	2857.6666666666665	0.0	8288.0
390	2677.0	0.0	10966.0
400	2906.5	0.0	14252.0
410	2620.1666666666665	0.0	7197.0
420	2635.0	0.0	11134.0
430	2771.1666666666665	0.0	9464.0
440	2626.1666666666665	0.0	6681.0
450	2798.6666666666665	0.0	8206.0
460	2792.8333333333335	0.0	11899.0
470	2821.3333333333335	0.0	9444.0
480	2691.6666666666665	0.0	10935.0
490	2903.8333333333335	0.0	9049.0
500	2939.6666666666665	0.0	11154.0
510	3063.6666666666665	0.0	11766.0
520	2999.3333333333335	0.0	10067.0
530	2971.3333333333335	0.0	9890.0
540	3025.3333333333335	0.0	7986.0
550	3005.0	0.0	8759.0
560	2884.1666666666665	0.0	7844.0
570	2957.3333333333335	0.0	8389.0
580	2931.6666666666665	0.0	12830.0
590	2764.3333333333335	0.0	10965.0
600	3098.5	0.0	7682.0
610	2928.3333333333335	0.0	10243.0
620	2899.1666666666665	0.0	11761.0
630	2899.0	0.0	9072.0
640	2861.8333333333335	0.0	9019.0
650	3000.3333333333335	0.0	9387.0
660	3126.3333333333335	0.0	11128.0
670	3024.6666666666665	0.0	8827.0
680	2778.1666666666665	0.0	12777.0
690	2999.5	0.0	11939.0
700	3102.3333333333335	0.0	9964.0
710	2678.8333333333335	0.0	9034.0
720	3132.3333333333335	0.0	11502.0
730	2945.3333333333335	0.0	9680.0
740	3127.8333333333335	0.0	11717.0
750	2859.6666666666665	0.0	12817.0
760	2959.1666666666665	0.0	13410.0
770	2743.0	0.0	7192.0
780	3134.6666666666665	0.0	9584.0
790	3229.8333333333335	0.0	7502.0
800	3100.0	0.0	10085.0
810	3199.1666666666665	0.0	9770.0
820	3371.3333333333335	0.0	11046.0
830	3014.8333333333335	0.0	10181.0
840	2941.3333333333335	0.0	10036.0
850	3156.8333333333335	0.0	7324.0
860	2816.0	0.0	12157.0
870	3224.8333333333335	0.0	10015.0
880	3132.3333333333335	0.0	8948.0
890	3250.0	0.0	10939.0
900	3324.1666666666665	0.0	12032.0
910	3165.3333333333335	0.0	9842.0
920	3257.8333333333335	0.0	12370.0
930	3105.1666666666665	0.0	9973.0
940	3245.8333333333335	0.0	9114.0
950	3467.3333333333335	0.0	11958.0
960	2987.6666666666665	0.0	11131.0
970	3189.3333333333335	0.0	11282.0
980	3509.6666666666665	0.0	9490.0
990	3280.1666666666665	0.0	10018.0
1000	3424.3333333333335	0.0	8348.0
