0	262.0	0.0	0.0
10	1963.3333333333333	100.0	11553.0
20	1853.3333333333333	23.0	8308.0
30	2099.8333333333335	129.0	10850.0
40	2156.8333333333335	26.0	7478.0
50	2119.1666666666665	75.0	12125.0
60	2198.6666666666665	30.0	7558.0
70	2055.3333333333335	84.0	10962.0
80	2293.0	84.0	10301.0
90	2242.0	21.0	10360.0
100	2306.8333333333335	24.0	9879.0
110	2337.6666666666665	93.0	10424.0
120	2293.3333333333335	31.0	7978.0
130	2329.0	38.0	12209.0
140	2337.1666666666665	56.0	12568.0
150	2534.3333333333335	44.0	10147.0
160	2441.8333333333335	55.0	10805.0
170	2323.1666666666665	28.0	12899.0
180	2484.0	40.0	10606.0
190	2692.1666666666665	19.0	10335.0
200	2537.3333333333335	0.0	6180.0
210	2604.8333333333335	0.0	6511.0
220	2411.3333333333335	0.0	9230.0
230	2466.0	0.0	8207.0
240	2582.8333333333335	0.0	6785.0
250	2588.6666666666665	0.0	7573.0
260	2553.5	0.0	11284.0
270	2628.1666666666665	0.0	10831.0
280	2580.8333333333335	0.0	6736.0
290	2503.0	0.0	6645.0
300	2736.0	0.0	5569.0
310	2773.0	0.0	7728.0
320	2764.3333333333335	0.0	7255.0
330	2787.5	0.0	8242.0
340	2762.3333333333335	0.0	5949.0
350	2509.5	0.0	10756.0
360	2598.6666666666665	0.0	7307.0
370	2783.0	0.0	5964.0
380	2611.3333333333335	0.0	9637.0
390	2511.8333333333335	0.0	13688.0
400	2736.0	0.0	8330.0
410	2758.5	0.0	8509.0
420	2818.3333333333335	0.0	10833.0
430	2761.6666666666665	0.0	9439.0
440	2831.6666666666665	0.0	7768.0
450	2652.3333333333335	0.0	11761.0
460	2588.8333333333335	0.0	13308.0
470	2992.5	0.0	9812.0
480	2675.5	0.0	8386.0
490	3124.3333333333335	0.0	12286.0
500	3211.6666666666665	0.0	9113.0
510	3043.0	0.0	8706.0
520	2749.3333333333335	0.0	8916.0
530	2984.5	0.0	9600.0
540	2979.0	0.0	11743.0
550	2974.0	0.0	9154.0
560	2987.0	0.0	9171.0
570	2903.1666666666665	0.0	6255.0
580	2644.0	0.0	8104.0
590	2947.5	0.0	9261.0
600	2735.1666666666665	0.0	13649.0
610	3009.0	0.0	9412.0
620	2828.8333333333335	0.0	8908.0
630	2810.8333333333335	0.0	10888.0
640	2877.6666666666665	0.0	5989.0
650	2862.8333333333335	0.0	7729.0
660	2990.3333333333335	0.0	10567.0
670	2878.8333333333335	0.0	8247.0
680	2955.6666666666665	0.0	9618.0
690	2701.8333333333335	0.0	9396.0
700	2989.6666666666665	0.0	9389.0
710	2896.1666666666665	0.0	8017.0
720	2970.5	0.0	8088.0
730	2969.3333333333335	0.0	10092.0
740	2873.8333333333335	0.0	10817.0
750	2885.8333333333335	0.0	9937.0
760	3039.1666666666665	0.0	11654.0
770	2926.5	0.0	12784.0
780	2844.5	0.0	10071.0
790	2965.8333333333335	0.0	8738.0
800	3092.5	0.0	10798.0
810	2909.3333333333335	0.0	11565.0
820	3109.5	0.0	8901.0
830	3001.1666666666665	0.0	9158.0
840	3044.1666666666665	0.0	13106.0
850	3155.8333333333335	0.0	10145.0
860	3010.3333333333335	0.0	7906.0
870	3053.6666666666665	0.0	10752.0
880	3220.8333333333335	0.0	11212.0
890	3124.6666666666665	0.0	14073.0
900	3245.8333333333335	0.0	8259.0
910	3413.1666666666665	0.0	8304.0
920	2899.8333333333335	0.0	9110.0
930	3104.3333333333335	0.0	7668.0
940	3428.0	0.0	8165.0
950	3130.5	0.0	10097.0
960	3274.1666666666665	0.0	9512.0
970	3605.1666666666665	0.0	7618.0
980	3086.0	0.0	12557.0
990	3300.5	0.0	9133.0
1000	3489.8333333333335	0.0	9560.0
