0	257.6666666666667	0.0	0.0
10	2230.6666666666665	26.0	9591.0
20	1943.0	29.0	6673.0
30	2109.0	37.0	8113.0
40	2000.3333333333333	16.0	11111.0
50	2055.1666666666665	33.0	8899.0
60	1993.0	29.0	8628.0
70	2384.6666666666665	28.0	10262.0
80	2118.5	17.0	12834.0
90	2183.5	33.0	12279.0
100	2365.3333333333335	58.0	13205.0
110	2437.5	56.0	11702.0
120	2619.5	98.0	10129.0
130	2298.0	50.0	11917.0
140	2380.1666666666665	63.0	12194.0
150	2274.0	28.0	10241.0
160	2467.6666666666665	32.0	9269.0
170	2363.8333333333335	54.0	9983.0
180	2203.0	98.0	13124.0
190	2619.6666666666665	25.0	8627.0
200	2544.3333333333335	42.0	10836.0
210	2298.8333333333335	33.0	10437.0
220	2672.3333333333335	28.0	8652.0
230	2726.1666666666665	49.0	10157.0
240	2394.3333333333335	38.0	11222.0
250	2627.0	0.0	12491.0
260	2795.1666666666665	0.0	7719.0
270	2378.6666666666665	0.0	7141.0
280	2833.5	0.0	12055.0
290	2313.6666666666665	0.0	7170.0
300	2480.5	0.0	8064.0
310	2569.3333333333335	0.0	9275.0
320	2770.1666666666665	0.0	9190.0
330	2631.3333333333335	0.0	11691.0
340	3005.1666666666665	0.0	10435.0
350	2632.0	0.0	10575.0
360	2932.5	0.0	11098.0
370	2582.1666666666665	0.0	9068.0
380	2877.5	0.0	9757.0
390	2628.6666666666665	0.0	11032.0
400	2575.8333333333335	0.0	11368.0
410	2544.6666666666665	0.0	11270.0
420	2933.5	0.0	11478.0
430	2758.6666666666665	0.0	7742.0
440	2739.8333333333335	0.0	8177.0
450	2898.6666666666665	0.0	10662.0
460	2772.1666666666665	0.0	9434.0
470	2756.5	0.0	9415.0
480	3023.3333333333335	0.0	9205.0
490	2521.3333333333335	0.0	9651.0
500	2922.6666666666665	0.0	12086.0
510	2858.3333333333335	0.0	9873.0
520	2914.6666666666665	0.0	10099.0
530	2777.0	0.0	10727.0
540	2842.8333333333335	0.0	11506.0
550	2876.3333333333335	0.0	9014.0
560	2930.8333333333335	0.0	10551.0
570	2887.3333333333335	0.0	11890.0
580	2705.8333333333335	0.0	11597.0
590	2943.3333333333335	0.0	8140.0
600	2852.0	0.0	10173.0
610	2933.8333333333335	0.0	10300.0
620	2540.5	0.0	10832.0
630	2780.1666666666665	0.0	6340.0
640	2566.0	0.0	13164.0
650	3055.5	0.0	9801.0
660	3157.0	0.0	10313.0
670	2872.8333333333335	0.0	6154.0
680	2881.0	0.0	10225.0
690	2870.5	0.0	10356.0
700	3201.8333333333335	0.0	10288.0
710	2822.8333333333335	0.0	10234.0
720	3056.8333333333335	0.0	7170.0
730	3214.3333333333335	0.0	10018.0
740	3215.3333333333335	0.0	12112.0
750	3204.3333333333335	0.0	9067.0
760	3093.0	0.0	6554.0
770	3047.3333333333335	0.0	7315.0
780	3262.1666666666665	0.0	6946.0
790	2992.6666666666665	0.0	12327.0
800	3057.8333333333335	0.0	8447.0
810	3222.5	0.0	12471.0
820	3091.6666666666665	0.0	11156.0
830	3197.0	0.0	13051.0
840	3273.6666666666665	0.0	12308.0
850	3032.3333333333335	0.0	8578.0
860	3192.6666666666665	0.0	8537.0
870	3093.0	0.0	12832.0
880	2995.5	0.0	12149.0
890	3161.8333333333335	0.0	9851.0
900	3235.3333333333335	0.0	8306.0
910	3100.5	0.0	10733.0
920	3060.1666666666665	0.0	7664.0
930	3334.1666666666665	0.0	9302.0
940	3154.3333333333335	0.0	11264.0
950	3284.8333333333335	0.0	10571.0
960	3189.0	0.0	12247.0
970	3402.0	0.0	10008.0
980	3194.1666666666665	0.0	12575.0
990	3411.6666666666665	0.0	12535.0
1000	3253.1666666666665	0.0	11684.0
