0	288.3333333333333	0.0
10	1756.3333333333333	318.0
20	1736.0	356.0
30	1776.6666666666667	295.0
40	1969.0	31.0
50	1989.8333333333333	0.0
60	2101.8333333333335	0.0
70	2121.0	0.0
80	2025.0	0.0
90	2085.1666666666665	0.0
100	2040.0	0.0
110	2311.0	0.0
120	2114.0	0.0
130	2086.3333333333335	0.0
140	2320.0	0.0
150	2259.8333333333335	0.0
160	2315.6666666666665	0.0
170	2382.1666666666665	0.0
180	2361.0	0.0
190	2206.6666666666665	0.0
200	2476.1666666666665	0.0
210	2333.6666666666665	0.0
220	2253.5	0.0
230	2376.5	0.0
240	2537.8333333333335	0.0
250	2484.3333333333335	0.0
260	2649.6666666666665	0.0
270	2604.6666666666665	0.0
280	2337.0	0.0
290	2486.1666666666665	0.0
300	2329.0	0.0
310	2471.0	0.0
320	2716.3333333333335	0.0
330	2479.0	0.0
340	2460.5	0.0
350	2493.0	0.0
360	2674.3333333333335	0.0
370	2762.6666666666665	0.0
380	2399.6666666666665	0.0
390	2666.0	0.0
400	2444.6666666666665	0.0
410	2428.3333333333335	0.0
420	2518.1666666666665	0.0
430	2414.3333333333335	0.0
440	2585.5	0.0
450	2663.5	0.0
460	2840.0	0.0
470	2485.0	0.0
480	2943.6666666666665	0.0
490	2548.0	0.0
500	2725.6666666666665	0.0
510	2589.1666666666665	0.0
520	2437.8333333333335	0.0
530	2492.1666666666665	0.0
540	2737.1666666666665	0.0
550	2737.1666666666665	0.0
560	2732.8333333333335	0.0
570	2695.3333333333335	0.0
580	2932.1666666666665	0.0
590	2681.3333333333335	0.0
600	2566.3333333333335	0.0
610	2791.5	0.0
620	2961.1666666666665	0.0
630	2868.1666666666665	0.0
640	2605.1666666666665	0.0
650	2607.1666666666665	0.0
660	2893.0	0.0
670	2888.8333333333335	0.0
680	2840.6666666666665	0.0
690	2731.3333333333335	0.0
700	2775.8333333333335	0.0
710	2649.1666666666665	0.0
720	2854.3333333333335	0.0
730	2917.0	0.0
740	2937.8333333333335	0.0
750	2686.1666666666665	0.0
760	2634.5	0.0
770	2874.6666666666665	0.0
780	2715.3333333333335	0.0
790	2675.3333333333335	0.0
800	2847.1666666666665	0.0
810	3020.6666666666665	0.0
820	2857.1666666666665	0.0
830	2942.3333333333335	0.0
840	2832.8333333333335	0.0
850	2969.8333333333335	0.0
860	2817.5	0.0
870	2642.6666666666665	0.0
880	2835.3333333333335	0.0
890	2986.5	0.0
900	2821.1666666666665	0.0
910	3037.0	0.0
920	3294.6666666666665	0.0
930	2830.1666666666665	0.0
940	2907.6666666666665	0.0
950	3051.5	0.0
960	3015.6666666666665	0.0
970	2944.6666666666665	0.0
980	3041.8333333333335	0.0
990	2771.8333333333335	0.0
1000	3114.1666666666665	0.0
