0	289.6666666666667	0.0
10	2089.0	163.0
20	2138.6666666666665	175.0
30	1931.8333333333333	318.0
40	2103.6666666666665	246.0
50	1909.3333333333333	98.0
60	2129.3333333333335	0.0
70	2110.3333333333335	0.0
80	2176.1666666666665	0.0
90	2317.0	0.0
100	2216.1666666666665	0.0
110	2312.8333333333335	0.0
120	2192.8333333333335	0.0
130	2047.0	0.0
140	2225.1666666666665	0.0
150	2330.3333333333335	0.0
160	2323.3333333333335	0.0
170	2300.6666666666665	0.0
180	2227.0	0.0
190	2394.8333333333335	0.0
200	2226.3333333333335	0.0
210	2325.5	0.0
220	2218.6666666666665	0.0
230	2362.0	0.0
240	2364.0	0.0
250	2419.5	0.0
260	2224.0	0.0
270	2476.5	0.0
280	2569.6666666666665	0.0
290	2503.6666666666665	0.0
300	2353.6666666666665	0.0
310	2464.1666666666665	0.0
320	2578.5	0.0
330	2354.1666666666665	0.0
340	2501.5	0.0
350	2682.6666666666665	0.0
360	2737.3333333333335	0.0
370	2697.8333333333335	0.0
380	2542.1666666666665	0.0
390	2589.1666666666665	0.0
400	2498.0	0.0
410	2686.0	0.0
420	2530.3333333333335	0.0
430	2598.1666666666665	0.0
440	2868.5	0.0
450	2684.0	0.0
460	2478.1666666666665	0.0
470	2533.3333333333335	0.0
480	2603.1666666666665	0.0
490	2929.1666666666665	0.0
500	2729.1666666666665	0.0
510	2609.6666666666665	0.0
520	2572.0	0.0
530	2692.1666666666665	0.0
540	2976.5	0.0
550	2667.6666666666665	0.0
560	2550.5	0.0
570	2832.6666666666665	0.0
580	2763.5	0.0
590	2821.5	0.0
600	2719.1666666666665	0.0
610	2796.5	0.0
620	3146.8333333333335	0.0
630	2811.6666666666665	0.0
640	2525.8333333333335	0.0
650	2649.3333333333335	0.0
660	2485.8333333333335	0.0
670	2960.0	0.0
680	2489.0	0.0
690	2750.5	0.0
700	2554.0	0.0
710	2962.6666666666665	0.0
720	2797.1666666666665	0.0
730	2639.6666666666665	0.0
740	2921.3333333333335	0.0
750	2830.5	0.0
760	2678.8333333333335	0.0
770	2777.0	0.0
780	2826.0	0.0
790	2521.8333333333335	0.0
800	2972.3333333333335	0.0
810	2844.5	0.0
820	3076.6666666666665	0.0
830	2734.8333333333335	0.0
840	2712.8333333333335	0.0
850	2967.1666666666665	0.0
860	2881.1666666666665	0.0
870	2883.8333333333335	0.0
880	3027.0	0.0
890	2708.0	0.0
900	2592.8333333333335	0.0
910	2845.1666666666665	0.0
920	3099.3333333333335	0.0
930	2899.3333333333335	0.0
940	3017.1666666666665	0.0
950	3089.3333333333335	0.0
960	2736.6666666666665	0.0
970	2758.0	0.0
980	3104.6666666666665	0.0
990	3080.5	0.0
1000	3031.5	0.0
