0	251.0	0.0
10	1743.6666666666667	169.0
20	2011.1666666666667	313.0
30	2073.5	241.0
40	2075.3333333333335	277.0
50	1924.1666666666667	0.0
60	1981.0	0.0
70	2124.3333333333335	0.0
80	1972.0	0.0
90	2092.3333333333335	0.0
100	2033.0	0.0
110	2276.6666666666665	0.0
120	2091.0	0.0
130	2157.8333333333335	0.0
140	2200.5	0.0
150	2439.0	0.0
160	2415.8333333333335	0.0
170	2399.1666666666665	0.0
180	2430.0	0.0
190	2403.8333333333335	0.0
200	2388.6666666666665	0.0
210	2367.0	0.0
220	2107.5	0.0
230	2526.5	0.0
240	2362.3333333333335	0.0
250	2499.8333333333335	0.0
260	2532.0	0.0
270	2447.1666666666665	0.0
280	2567.1666666666665	0.0
290	2421.1666666666665	0.0
300	2542.3333333333335	0.0
310	2215.5	0.0
320	2636.3333333333335	0.0
330	2564.6666666666665	0.0
340	2597.3333333333335	0.0
350	2772.3333333333335	0.0
360	2712.5	0.0
370	2649.3333333333335	0.0
380	2783.0	0.0
390	2599.1666666666665	0.0
400	2812.8333333333335	0.0
410	2633.0	0.0
420	2549.0	0.0
430	2578.8333333333335	0.0
440	2774.1666666666665	0.0
450	2534.3333333333335	0.0
460	2909.1666666666665	0.0
470	2854.5	0.0
480	2463.1666666666665	0.0
490	2717.0	0.0
500	2779.5	0.0
510	2623.6666666666665	0.0
520	2606.1666666666665	0.0
530	2439.6666666666665	0.0
540	2769.5	0.0
550	2544.5	0.0
560	2746.1666666666665	0.0
570	2817.8333333333335	0.0
580	2932.8333333333335	0.0
590	2737.0	0.0
600	2730.8333333333335	0.0
610	2811.0	0.0
620	2776.3333333333335	0.0
630	2625.3333333333335	0.0
640	2868.1666666666665	0.0
650	3058.3333333333335	0.0
660	2820.6666666666665	0.0
670	2775.5	0.0
680	2926.5	0.0
690	2849.6666666666665	0.0
700	3091.3333333333335	0.0
710	2794.1666666666665	0.0
720	2819.1666666666665	0.0
730	2927.0	0.0
740	2891.1666666666665	0.0
750	2618.1666666666665	0.0
760	2802.8333333333335	0.0
770	2853.3333333333335	0.0
780	2929.3333333333335	0.0
790	2804.0	0.0
800	2842.0	0.0
810	2935.3333333333335	0.0
820	2693.3333333333335	0.0
830	3015.5	0.0
840	2770.1666666666665	0.0
850	3023.6666666666665	0.0
860	3126.3333333333335	0.0
870	3115.3333333333335	0.0
880	3229.6666666666665	0.0
890	3052.3333333333335	0.0
900	3341.1666666666665	0.0
910	2994.6666666666665	0.0
920	3002.5	0.0
930	3444.1666666666665	0.0
940	3362.6666666666665	0.0
950	3038.8333333333335	0.0
960	2918.5	0.0
970	2993.6666666666665	0.0
980	3053.0	0.0
990	3443.8333333333335	0.0
1000	3058.3333333333335	0.0
