0	255.33333333333334	0.0
10	2034.3333333333333	392.0
20	1954.5	266.0
30	1713.3333333333333	203.0
40	1933.8333333333333	139.0
50	2245.3333333333335	0.0
60	1984.6666666666667	0.0
70	2158.5	0.0
80	2066.5	0.0
90	2128.5	0.0
100	1971.5	0.0
110	2122.3333333333335	0.0
120	2067.5	0.0
130	2156.6666666666665	0.0
140	2353.8333333333335	0.0
150	2324.0	0.0
160	2381.8333333333335	0.0
170	2129.3333333333335	0.0
180	2458.3333333333335	0.0
190	2419.6666666666665	0.0
200	2281.0	0.0
210	2493.6666666666665	0.0
220	2189.5	0.0
230	2481.3333333333335	0.0
240	2458.6666666666665	0.0
250	2396.0	0.0
260	2293.1666666666665	0.0
270	2589.6666666666665	0.0
280	2595.0	0.0
290	2288.8333333333335	0.0
300	2427.1666666666665	0.0
310	2441.0	0.0
320	2750.6666666666665	0.0
330	2761.3333333333335	0.0
340	2809.5	0.0
350	2633.8333333333335	0.0
360	2495.3333333333335	0.0
370	2536.6666666666665	0.0
380	2448.0	0.0
390	2532.5	0.0
400	2672.3333333333335	0.0
410	2812.8333333333335	0.0
420	2605.0	0.0
430	2586.5	0.0
440	2609.0	0.0
450	2651.3333333333335	0.0
460	2547.0	0.0
470	2796.8333333333335	0.0
480	2679.0	0.0
490	2847.6666666666665	0.0
500	2546.1666666666665	0.0
510	2861.8333333333335	0.0
520	2580.3333333333335	0.0
530	3041.6666666666665	0.0
540	2899.6666666666665	0.0
550	2532.3333333333335	0.0
560	2831.0	0.0
570	3018.8333333333335	0.0
580	2485.1666666666665	0.0
590	2682.3333333333335	0.0
600	2932.3333333333335	0.0
610	2760.0	0.0
620	2752.0	0.0
630	2775.3333333333335	0.0
640	2801.0	0.0
650	2883.6666666666665	0.0
660	2506.1666666666665	0.0
670	2499.0	0.0
680	2749.1666666666665	0.0
690	2921.5	0.0
700	3113.1666666666665	0.0
710	2766.0	0.0
720	2818.0	0.0
730	2509.6666666666665	0.0
740	2798.6666666666665	0.0
750	2886.5	0.0
760	2676.0	0.0
770	2701.5	0.0
780	2314.6666666666665	0.0
790	3070.0	0.0
800	3195.8333333333335	0.0
810	2822.3333333333335	0.0
820	2923.3333333333335	0.0
830	2735.1666666666665	0.0
840	2805.8333333333335	0.0
850	2391.5	0.0
860	3003.3333333333335	0.0
870	3077.0	0.0
880	2924.3333333333335	0.0
890	2978.5	0.0
900	3027.3333333333335	0.0
910	2975.1666666666665	0.0
920	2742.8333333333335	0.0
930	3026.3333333333335	0.0
940	3095.8333333333335	0.0
950	2799.1666666666665	0.0
960	2802.8333333333335	0.0
970	3121.3333333333335	0.0
980	2997.0	0.0
990	2810.3333333333335	0.0
1000	2813.8333333333335	0.0
