0	267.3333333333333	0.0
10	1928.6666666666667	198.0
20	2054.8333333333335	300.0
30	1804.1666666666667	304.0
40	1884.6666666666667	198.0
50	1896.6666666666667	0.0
60	1932.8333333333333	0.0
70	2062.5	0.0
80	2065.8333333333335	0.0
90	2133.1666666666665	0.0
100	2169.3333333333335	0.0
110	2051.0	0.0
120	2106.8333333333335	0.0
130	2156.3333333333335	0.0
140	2240.3333333333335	0.0
150	2354.8333333333335	0.0
160	2132.6666666666665	0.0
170	2242.0	0.0
180	2282.5	0.0
190	2314.3333333333335	0.0
200	2291.1666666666665	0.0
210	2551.5	0.0
220	2090.0	0.0
230	2330.3333333333335	0.0
240	2286.8333333333335	0.0
250	2515.0	0.0
260	2393.8333333333335	0.0
270	2417.3333333333335	0.0
280	2378.0	0.0
290	2601.5	0.0
300	2542.6666666666665	0.0
310	2439.1666666666665	0.0
320	2458.6666666666665	0.0
330	2418.0	0.0
340	2694.6666666666665	0.0
350	2222.3333333333335	0.0
360	2384.1666666666665	0.0
370	2418.5	0.0
380	2507.0	0.0
390	2449.1666666666665	0.0
400	2569.8333333333335	0.0
410	2515.3333333333335	0.0
420	2902.3333333333335	0.0
430	2833.1666666666665	0.0
440	2634.5	0.0
450	2647.8333333333335	0.0
460	2643.6666666666665	0.0
470	2934.5	0.0
480	2468.6666666666665	0.0
490	2671.5	0.0
500	2652.3333333333335	0.0
510	2749.6666666666665	0.0
520	2787.0	0.0
530	2749.0	0.0
540	2837.8333333333335	0.0
550	2781.5	0.0
560	2658.3333333333335	0.0
570	2800.0	0.0
580	2695.8333333333335	0.0
590	2403.1666666666665	0.0
600	2870.3333333333335	0.0
610	2578.8333333333335	0.0
620	2662.8333333333335	0.0
630	2612.8333333333335	0.0
640	2832.5	0.0
650	2906.3333333333335	0.0
660	2700.1666666666665	0.0
670	2973.0	0.0
680	2560.0	0.0
690	2843.5	0.0
700	2954.1666666666665	0.0
710	2572.3333333333335	0.0
720	3012.6666666666665	0.0
730	2628.0	0.0
740	2647.1666666666665	0.0
750	2810.3333333333335	0.0
760	2720.8333333333335	0.0
770	2832.8333333333335	0.0
780	2730.1666666666665	0.0
790	2584.8333333333335	0.0
800	2992.6666666666665	0.0
810	3041.0	0.0
820	2921.0	0.0
830	2939.8333333333335	0.0
840	3108.1666666666665	0.0
850	2691.1666666666665	0.0
860	3036.0	0.0
870	2884.0	0.0
880	2897.8333333333335	0.0
890	2919.8333333333335	0.0
900	2890.6666666666665	0.0
910	2718.3333333333335	0.0
920	2979.3333333333335	0.0
930	2891.6666666666665	0.0
940	2897.0	0.0
950	3190.3333333333335	0.0
960	2858.3333333333335	0.0
970	3274.3333333333335	0.0
980	3063.3333333333335	0.0
990	3162.5	0.0
1000	3175.0	0.0
