0	257.0	0.0
10	2012.5	314.0
20	2143.0	351.0
30	1984.1666666666667	211.0
40	1842.1666666666667	124.0
50	1972.0	0.0
60	2084.8333333333335	0.0
70	2258.3333333333335	0.0
80	1941.5	0.0
90	2242.1666666666665	0.0
100	2142.5	0.0
110	2332.0	0.0
120	2108.8333333333335	0.0
130	2368.6666666666665	0.0
140	2181.0	0.0
150	2191.0	0.0
160	2297.3333333333335	0.0
170	2360.0	0.0
180	2271.0	0.0
190	2543.1666666666665	0.0
200	2299.6666666666665	0.0
210	2269.6666666666665	0.0
220	2500.3333333333335	0.0
230	2311.3333333333335	0.0
240	2674.1666666666665	0.0
250	2430.6666666666665	0.0
260	2561.8333333333335	0.0
270	2465.8333333333335	0.0
280	2253.3333333333335	0.0
290	2547.6666666666665	0.0
300	2382.8333333333335	0.0
310	2384.3333333333335	0.0
320	2726.8333333333335	0.0
330	2410.5	0.0
340	2732.0	0.0
350	2703.5	0.0
360	2339.0	0.0
370	2328.1666666666665	0.0
380	2414.6666666666665	0.0
390	2743.0	0.0
400	2327.3333333333335	0.0
410	2860.1666666666665	0.0
420	2686.6666666666665	0.0
430	2380.1666666666665	0.0
440	2526.0	0.0
450	2783.8333333333335	0.0
460	2693.6666666666665	0.0
470	2649.8333333333335	0.0
480	2441.8333333333335	0.0
490	2653.5	0.0
500	2666.5	0.0
510	2855.0	0.0
520	2795.6666666666665	0.0
530	2809.6666666666665	0.0
540	2446.3333333333335	0.0
550	2607.6666666666665	0.0
560	2799.8333333333335	0.0
570	3002.8333333333335	0.0
580	2508.3333333333335	0.0
590	2745.8333333333335	0.0
600	2688.5	0.0
610	2884.6666666666665	0.0
620	2957.6666666666665	0.0
630	2723.3333333333335	0.0
640	2665.1666666666665	0.0
650	2877.1666666666665	0.0
660	2680.8333333333335	0.0
670	2660.1666666666665	0.0
680	2542.0	0.0
690	2790.3333333333335	0.0
700	2981.8333333333335	0.0
710	2645.6666666666665	0.0
720	2849.0	0.0
730	3113.0	0.0
740	2959.3333333333335	0.0
750	2814.8333333333335	0.0
760	2692.8333333333335	0.0
770	2753.8333333333335	0.0
780	2644.5	0.0
790	3055.1666666666665	0.0
800	2913.6666666666665	0.0
810	3029.1666666666665	0.0
820	3170.8333333333335	0.0
830	2867.3333333333335	0.0
840	2982.8333333333335	0.0
850	2875.3333333333335	0.0
860	3002.5	0.0
870	3015.6666666666665	0.0
880	2929.1666666666665	0.0
890	2759.3333333333335	0.0
900	2840.6666666666665	0.0
910	2956.3333333333335	0.0
920	2998.3333333333335	0.0
930	3267.6666666666665	0.0
940	3198.3333333333335	0.0
950	2767.3333333333335	0.0
960	2946.5	0.0
970	2887.5	0.0
980	3097.5	0.0
990	2982.3333333333335	0.0
1000	3105.1666666666665	0.0
