0	262.6666666666667	0.0
10	1863.5	1000.0
20	1962.3333333333333	0.0
30	2136.0	0.0
40	1957.3333333333333	0.0
50	1741.3333333333333	0.0
60	2052.5	0.0
70	2094.5	0.0
80	2087.6666666666665	0.0
90	2038.3333333333333	0.0
100	2168.6666666666665	0.0
110	1907.3333333333333	0.0
120	2316.0	0.0
130	2141.8333333333335	0.0
140	2167.5	0.0
150	2369.1666666666665	0.0
160	2155.5	0.0
170	2416.8333333333335	0.0
180	2583.5	0.0
190	2522.6666666666665	0.0
200	2488.1666666666665	0.0
210	2633.3333333333335	0.0
220	2499.8333333333335	0.0
230	2627.6666666666665	0.0
240	2751.6666666666665	0.0
250	2314.5	0.0
260	2803.0	0.0
270	2295.3333333333335	0.0
280	2775.6666666666665	0.0
290	2964.6666666666665	0.0
300	2652.6666666666665	0.0
310	2688.5	0.0
320	3353.1666666666665	0.0
330	3010.1666666666665	0.0
340	2198.3333333333335	0.0
350	2749.3333333333335	0.0
360	2635.0	0.0
370	2628.5	0.0
380	2683.1666666666665	0.0
390	2562.5	0.0
400	3132.3333333333335	0.0
410	2923.8333333333335	0.0
420	3237.6666666666665	0.0
430	3118.3333333333335	0.0
440	2875.5	0.0
450	2883.6666666666665	0.0
460	2811.8333333333335	0.0
470	3615.5	0.0
480	3345.1666666666665	0.0
490	3129.0	0.0
500	3511.0	0.0
510	3627.8333333333335	0.0
520	3568.0	0.0
530	3316.1666666666665	0.0
540	3610.0	0.0
550	4000.0	0.0
560	3543.3333333333335	0.0
570	2910.6666666666665	0.0
580	3394.3333333333335	0.0
590	3463.0	0.0
600	3590.6666666666665	0.0
610	3779.8333333333335	0.0
620	3761.6666666666665	0.0
630	3499.3333333333335	0.0
640	3736.6666666666665	0.0
650	3240.3333333333335	0.0
660	3579.6666666666665	0.0
670	3535.1666666666665	0.0
680	3560.1666666666665	0.0
690	3482.1666666666665	0.0
700	3601.3333333333335	0.0
710	3589.6666666666665	0.0
720	4022.3333333333335	0.0
730	3753.6666666666665	0.0
740	3750.6666666666665	0.0
750	3352.3333333333335	0.0
760	3450.8333333333335	0.0
770	3830.8333333333335	0.0
780	3508.3333333333335	0.0
790	3477.6666666666665	0.0
800	3784.3333333333335	0.0
810	3543.8333333333335	0.0
820	3739.3333333333335	0.0
830	3639.8333333333335	0.0
840	3504.1666666666665	0.0
850	3609.8333333333335	0.0
860	3913.5	0.0
870	3728.8333333333335	0.0
880	3921.0	0.0
890	3392.1666666666665	0.0
900	3651.5	0.0
910	3877.8333333333335	0.0
920	3814.5	0.0
930	3854.5	0.0
940	3685.5	0.0
950	3807.0	0.0
960	3721.5	0.0
970	3948.8333333333335	0.0
980	3838.8333333333335	0.0
990	3779.8333333333335	0.0
1000	3953.5	0.0
