0	262.0	0.0
10	1818.6666666666667	1000.0
20	2139.6666666666665	0.0
30	2005.3333333333333	0.0
40	1910.8333333333333	0.0
50	2270.1666666666665	0.0
60	2114.1666666666665	0.0
70	2089.5	0.0
80	2197.1666666666665	0.0
90	2152.1666666666665	0.0
100	2219.1666666666665	0.0
110	2113.3333333333335	0.0
120	2202.6666666666665	0.0
130	2377.1666666666665	0.0
140	1997.8333333333333	0.0
150	2421.5	0.0
160	2370.1666666666665	0.0
170	2100.3333333333335	0.0
180	2432.6666666666665	0.0
190	2543.0	0.0
200	2447.5	0.0
210	2284.6666666666665	0.0
220	2276.8333333333335	0.0
230	1949.3333333333333	0.0
240	2212.3333333333335	0.0
250	2282.3333333333335	0.0
260	2284.6666666666665	0.0
270	2382.3333333333335	0.0
280	2397.0	0.0
290	2262.0	0.0
300	2406.1666666666665	0.0
310	2583.0	0.0
320	2373.3333333333335	0.0
330	2412.8333333333335	0.0
340	2885.3333333333335	0.0
350	2584.1666666666665	0.0
360	2669.1666666666665	0.0
370	2722.0	0.0
380	2943.0	0.0
390	2326.6666666666665	0.0
400	2676.3333333333335	0.0
410	2624.3333333333335	0.0
420	3000.0	0.0
430	2804.6666666666665	0.0
440	2975.8333333333335	0.0
450	2616.6666666666665	0.0
460	2622.6666666666665	0.0
470	3677.0	0.0
480	2692.8333333333335	0.0
490	3199.8333333333335	0.0
500	2939.6666666666665	0.0
510	3060.3333333333335	0.0
520	2835.1666666666665	0.0
530	3227.3333333333335	0.0
540	3207.0	0.0
550	2843.8333333333335	0.0
560	2895.8333333333335	0.0
570	3262.1666666666665	0.0
580	2950.5	0.0
590	3585.5	0.0
600	3534.3333333333335	0.0
610	3491.3333333333335	0.0
620	3816.1666666666665	0.0
630	3285.3333333333335	0.0
640	3744.8333333333335	0.0
650	3316.1666666666665	0.0
660	3465.3333333333335	0.0
670	3156.6666666666665	0.0
680	3564.8333333333335	0.0
690	3642.8333333333335	0.0
700	3716.5	0.0
710	3865.1666666666665	0.0
720	3076.6666666666665	0.0
730	3494.5	0.0
740	3823.5	0.0
750	3966.1666666666665	0.0
760	3612.5	0.0
770	3626.6666666666665	0.0
780	3872.0	0.0
790	3764.6666666666665	0.0
800	3984.8333333333335	0.0
810	3690.0	0.0
820	3790.5	0.0
830	3538.6666666666665	0.0
840	3787.6666666666665	0.0
850	3967.8333333333335	0.0
860	3820.3333333333335	0.0
870	3521.6666666666665	0.0
880	3518.1666666666665	0.0
890	3881.6666666666665	0.0
900	3657.0	0.0
910	3805.5	0.0
920	3930.3333333333335	0.0
930	3785.1666666666665	0.0
940	3543.5	0.0
950	3883.6666666666665	0.0
960	4074.6666666666665	0.0
970	3824.0	0.0
980	3405.0	0.0
990	3930.3333333333335	0.0
1000	3576.3333333333335	0.0
