0	268.0	0.0
10	1759.6666666666667	1000.0
20	1883.6666666666667	0.0
30	1660.0	0.0
40	2058.0	0.0
50	2012.5	0.0
60	2223.0	0.0
70	2145.8333333333335	0.0
80	2053.0	0.0
90	2113.5	0.0
100	2157.6666666666665	0.0
110	2274.8333333333335	0.0
120	2175.0	0.0
130	2259.6666666666665	0.0
140	2456.0	0.0
150	2217.1666666666665	0.0
160	2185.5	0.0
170	2403.3333333333335	0.0
180	2234.5	0.0
190	2414.0	0.0
200	2122.1666666666665	0.0
210	2533.6666666666665	0.0
220	2438.6666666666665	0.0
230	2472.8333333333335	0.0
240	2395.3333333333335	0.0
250	2681.5	0.0
260	2542.0	0.0
270	2547.6666666666665	0.0
280	2789.3333333333335	0.0
290	2710.6666666666665	0.0
300	2248.8333333333335	0.0
310	2698.5	0.0
320	2550.0	0.0
330	2845.3333333333335	0.0
340	2617.8333333333335	0.0
350	2727.3333333333335	0.0
360	2590.1666666666665	0.0
370	2720.3333333333335	0.0
380	2887.8333333333335	0.0
390	2701.3333333333335	0.0
400	3108.8333333333335	0.0
410	3196.3333333333335	0.0
420	3203.0	0.0
430	3150.5	0.0
440	3525.0	0.0
450	2986.5	0.0
460	3052.1666666666665	0.0
470	3272.3333333333335	0.0
480	3144.3333333333335	0.0
490	3059.1666666666665	0.0
500	3542.5	0.0
510	3334.5	0.0
520	3239.8333333333335	0.0
530	3018.3333333333335	0.0
540	3412.5	0.0
550	2976.0	0.0
560	3322.3333333333335	0.0
570	3385.5	0.0
580	3487.8333333333335	0.0
590	3151.1666666666665	0.0
600	3384.0	0.0
610	3376.8333333333335	0.0
620	3318.1666666666665	0.0
630	3097.1666666666665	0.0
640	3576.8333333333335	0.0
650	3315.5	0.0
660	3410.8333333333335	0.0
670	3392.5	0.0
680	3992.5	0.0
690	3242.8333333333335	0.0
700	3720.8333333333335	0.0
710	3553.0	0.0
720	3969.1666666666665	0.0
730	3775.1666666666665	0.0
740	3551.6666666666665	0.0
750	3682.3333333333335	0.0
760	3602.8333333333335	0.0
770	3787.6666666666665	0.0
780	4043.3333333333335	0.0
790	3641.3333333333335	0.0
800	3596.6666666666665	0.0
810	3741.0	0.0
820	3575.5	0.0
830	3712.5	0.0
840	3913.1666666666665	0.0
850	3677.1666666666665	0.0
860	3650.1666666666665	0.0
870	3563.0	0.0
880	3745.8333333333335	0.0
890	3670.0	0.0
900	3773.6666666666665	0.0
910	3780.1666666666665	0.0
920	3674.6666666666665	0.0
930	4114.833333333333	0.0
940	3737.8333333333335	0.0
950	3844.5	0.0
960	3855.6666666666665	0.0
970	3700.3333333333335	0.0
980	3705.5	0.0
990	3805.5	0.0
1000	3768.6666666666665	0.0
