0	259.2444444444444	0.0
10	1884.6722222222224	1000.0
20	2031.2388888888888	0.0
30	2064.6055555555554	0.0
40	2087.1944444444443	0.0
50	2161.444444444445	0.0
60	2174.5611111111116	0.0
70	2230.7611111111114	0.0
80	2222.5	0.0
90	2241.1555555555556	0.0
100	2304.883333333333	0.0
110	2363.6055555555554	0.0
120	2464.727777777777	0.0
130	2391.1388888888882	0.0
140	2466.411111111111	0.0
150	2423.4388888888893	0.0
160	2465.9000000000005	0.0
170	2493.855555555556	0.0
180	2531.566666666667	0.0
190	2460.3555555555563	0.0
200	2530.411111111111	0.0
210	2538.8888888888896	0.0
220	2555.911111111111	0.0
230	2501.511111111111	0.0
240	2486.6833333333334	0.0
250	2526.077777777778	0.0
260	2547.8111111111116	0.0
270	2541.3222222222225	0.0
280	2550.0833333333326	0.0
290	2538.766666666666	0.0
300	2570.6500000000005	0.0
310	2675.472222222223	0.0
320	2637.7444444444454	0.0
330	2771.827777777778	0.0
340	2763.6388888888887	0.0
350	2766.872222222222	0.0
360	2749.1277777777777	0.0
370	2877.7166666666667	0.0
380	2857.177777777777	0.0
390	2933.4555555555557	0.0
400	2913.6888888888884	0.0
410	2964.7888888888897	0.0
420	3042.2777777777783	0.0
430	3101.4555555555553	0.0
440	3132.0388888888892	0.0
450	3189.1611111111115	0.0
460	3261.472222222222	0.0
470	3297.199999999999	0.0
480	3240.377777777778	0.0
490	3335.738888888889	0.0
500	3335.194444444445	0.0
510	3366.1000000000004	0.0
520	3272.0888888888885	0.0
530	3290.5611111111116	0.0
540	3326.527777777777	0.0
550	3454.211111111113	0.0
560	3455.655555555556	0.0
570	3436.0500000000006	0.0
580	3539.316666666666	0.0
590	3527.3666666666663	0.0
600	3498.7777777777787	0.0
610	3467.15	0.0
620	3508.9388888888884	0.0
630	3529.416666666666	0.0
640	3552.844444444444	0.0
650	3586.722222222222	0.0
660	3619.499999999999	0.0
670	3697.788888888889	0.0
680	3589.5166666666673	0.0
690	3711.283333333334	0.0
700	3719.1833333333334	0.0
710	3589.5555555555557	0.0
720	3598.238888888888	0.0
730	3622.972222222223	0.0
740	3638.6333333333328	0.0
750	3731.1166666666672	0.0
760	3681.105555555556	0.0
770	3707.261111111112	0.0
780	3691.4277777777775	0.0
790	3636.3555555555563	0.0
800	3730.938888888889	0.0
810	3713.4166666666665	0.0
820	3686.322222222222	0.0
830	3683.372222222223	0.0
840	3732.661111111111	0.0
850	3732.2000000000003	0.0
860	3726.733333333332	0.0
870	3747.183333333333	0.0
880	3765.8333333333344	0.0
890	3743.4444444444434	0.0
900	3823.127777777778	0.0
910	3755.366666666667	0.0
920	3731.5	0.0
930	3750.9666666666662	0.0
940	3756.0444444444443	0.0
950	3788.75	0.0
960	3780.383333333333	0.0
970	3747.272222222222	0.0
980	3765.7222222222217	0.0
990	3823.972222222223	0.0
1000	3769.4722222222217	0.0
