0	258.3333333333333	0.0
10	1943.1666666666667	1000.0
20	2015.3333333333333	0.0
30	1950.1666666666667	0.0
40	2068.6666666666665	0.0
50	2108.6666666666665	0.0
60	1992.3333333333333	0.0
70	1918.8333333333333	0.0
80	2253.1666666666665	0.0
90	2474.5	0.0
100	2238.1666666666665	0.0
110	2302.5	0.0
120	2362.1666666666665	0.0
130	1934.8333333333333	0.0
140	1954.3333333333333	0.0
150	2306.8333333333335	0.0
160	1993.0	0.0
170	1936.3333333333333	0.0
180	2356.0	0.0
190	2332.0	0.0
200	2210.0	0.0
210	2148.0	0.0
220	2384.6666666666665	0.0
230	2347.1666666666665	0.0
240	2221.3333333333335	0.0
250	2220.1666666666665	0.0
260	2186.3333333333335	0.0
270	2030.5	0.0
280	2247.1666666666665	0.0
290	2242.8333333333335	0.0
300	2432.8333333333335	0.0
310	2291.8333333333335	0.0
320	2403.5	0.0
330	1958.8333333333333	0.0
340	2432.1666666666665	0.0
350	2811.0	0.0
360	2348.8333333333335	0.0
370	2587.8333333333335	0.0
380	2663.3333333333335	0.0
390	2922.3333333333335	0.0
400	2784.8333333333335	0.0
410	2893.5	0.0
420	3003.6666666666665	0.0
430	2895.1666666666665	0.0
440	2582.3333333333335	0.0
450	2627.1666666666665	0.0
460	2541.3333333333335	0.0
470	2623.6666666666665	0.0
480	2678.8333333333335	0.0
490	2687.1666666666665	0.0
500	2437.6666666666665	0.0
510	2764.0	0.0
520	2952.8333333333335	0.0
530	3161.5	0.0
540	3434.8333333333335	0.0
550	2924.8333333333335	0.0
560	2967.0	0.0
570	2790.3333333333335	0.0
580	3264.0	0.0
590	3570.3333333333335	0.0
600	3613.1666666666665	0.0
610	3455.3333333333335	0.0
620	3360.5	0.0
630	3294.3333333333335	0.0
640	2986.0	0.0
650	3192.3333333333335	0.0
660	3526.1666666666665	0.0
670	3997.3333333333335	0.0
680	3947.8333333333335	0.0
690	3406.8333333333335	0.0
700	3493.6666666666665	0.0
710	2854.5	0.0
720	3171.1666666666665	0.0
730	3463.8333333333335	0.0
740	3704.1666666666665	0.0
750	3711.6666666666665	0.0
760	3118.3333333333335	0.0
770	3406.8333333333335	0.0
780	3051.1666666666665	0.0
790	3244.5	0.0
800	3897.6666666666665	0.0
810	3520.6666666666665	0.0
820	3609.6666666666665	0.0
830	3527.3333333333335	0.0
840	3249.5	0.0
850	3613.8333333333335	0.0
860	3529.5	0.0
870	3416.6666666666665	0.0
880	3310.5	0.0
890	3776.1666666666665	0.0
900	3587.3333333333335	0.0
910	3980.1666666666665	0.0
920	3891.8333333333335	0.0
930	4070.8333333333335	0.0
940	3607.0	0.0
950	3791.8333333333335	0.0
960	3603.8333333333335	0.0
970	3570.8333333333335	0.0
980	3796.5	0.0
990	3894.0	0.0
1000	3938.6666666666665	0.0
