0	224.0	0.0
10	1832.5	1000.0
20	2026.3333333333333	0.0
30	2035.6666666666667	0.0
40	1821.6666666666667	0.0
50	2206.0	0.0
60	2088.3333333333335	0.0
70	2242.6666666666665	0.0
80	2132.5	0.0
90	2285.8333333333335	0.0
100	2261.0	0.0
110	2411.5	0.0
120	2429.5	0.0
130	2222.5	0.0
140	2428.3333333333335	0.0
150	2502.6666666666665	0.0
160	2096.0	0.0
170	2541.1666666666665	0.0
180	2229.6666666666665	0.0
190	2177.1666666666665	0.0
200	2132.5	0.0
210	2428.5	0.0
220	2697.0	0.0
230	2493.8333333333335	0.0
240	2369.1666666666665	0.0
250	2723.5	0.0
260	2496.6666666666665	0.0
270	2246.1666666666665	0.0
280	2287.8333333333335	0.0
290	2171.0	0.0
300	2091.0	0.0
310	2415.1666666666665	0.0
320	2451.6666666666665	0.0
330	2568.5	0.0
340	2794.0	0.0
350	2713.5	0.0
360	2432.8333333333335	0.0
370	2344.0	0.0
380	2782.3333333333335	0.0
390	2843.6666666666665	0.0
400	2851.1666666666665	0.0
410	3223.0	0.0
420	2981.1666666666665	0.0
430	3130.6666666666665	0.0
440	3041.5	0.0
450	3304.6666666666665	0.0
460	3530.6666666666665	0.0
470	3180.3333333333335	0.0
480	3491.0	0.0
490	3632.6666666666665	0.0
500	3330.5	0.0
510	3308.0	0.0
520	2851.3333333333335	0.0
530	3671.0	0.0
540	2978.6666666666665	0.0
550	3919.0	0.0
560	3358.1666666666665	0.0
570	3143.0	0.0
580	3488.0	0.0
590	3505.0	0.0
600	3500.1666666666665	0.0
610	3314.5	0.0
620	3564.8333333333335	0.0
630	3555.5	0.0
640	3643.6666666666665	0.0
650	3684.0	0.0
660	3923.6666666666665	0.0
670	3768.6666666666665	0.0
680	3693.6666666666665	0.0
690	3675.3333333333335	0.0
700	3982.5	0.0
710	3892.8333333333335	0.0
720	3495.3333333333335	0.0
730	3404.6666666666665	0.0
740	3621.6666666666665	0.0
750	3361.0	0.0
760	3565.8333333333335	0.0
770	3793.3333333333335	0.0
780	3215.5	0.0
790	3623.1666666666665	0.0
800	3742.6666666666665	0.0
810	3575.8333333333335	0.0
820	3810.5	0.0
830	3342.1666666666665	0.0
840	3965.1666666666665	0.0
850	3781.6666666666665	0.0
860	3255.3333333333335	0.0
870	3667.3333333333335	0.0
880	3468.0	0.0
890	3678.3333333333335	0.0
900	3846.5	0.0
910	3940.3333333333335	0.0
920	3877.8333333333335	0.0
930	3705.0	0.0
940	4036.6666666666665	0.0
950	4068.1666666666665	0.0
960	3730.3333333333335	0.0
970	3878.0	0.0
980	3650.3333333333335	0.0
990	4062.5	0.0
1000	4251.5	0.0
