0	231.33333333333334	0.0
10	76.66666666666667	1000.0
20	71.0	0.0
30	70.0	0.0
40	70.0	0.0
50	70.0	0.0
60	70.0	0.0
70	70.0	0.0
80	70.0	0.0
90	70.0	0.0
100	70.0	0.0
110	70.0	0.0
120	71.0	0.0
130	71.66666666666667	0.0
140	107.0	0.0
150	149.33333333333334	0.0
160	349.0	0.0
170	649.0	0.0
180	377.0	0.0
190	192.0	0.0
200	555.0	0.0
210	930.6666666666666	0.0
220	733.3333333333334	0.0
230	785.3333333333334	0.0
240	767.6666666666666	0.0
250	1721.0	0.0
260	1209.0	0.0
270	1267.3333333333333	0.0
280	1781.0	0.0
290	1738.3333333333333	0.0
300	1482.6666666666667	0.0
310	2103.0	0.0
320	1788.0	0.0
330	2081.3333333333335	0.0
340	2118.6666666666665	0.0
350	1852.0	0.0
360	1983.3333333333333	0.0
370	2081.0	0.0
380	2349.1666666666665	0.0
390	2180.0	0.0
400	2183.6666666666665	0.0
410	2331.5	0.0
420	2385.6666666666665	0.0
430	2302.3333333333335	0.0
440	2330.1666666666665	0.0
450	2589.1666666666665	0.0
460	2299.3333333333335	0.0
470	2437.5	0.0
480	2533.8333333333335	0.0
490	2522.0	0.0
500	2545.6666666666665	0.0
510	2425.0	0.0
520	2603.5	0.0
530	2316.3333333333335	0.0
540	2337.3333333333335	0.0
550	2407.1666666666665	0.0
560	2682.0	0.0
570	2702.5	0.0
580	2612.5	0.0
590	2512.6666666666665	0.0
600	2421.0	0.0
610	2350.5	0.0
620	2559.0	0.0
630	2491.6666666666665	0.0
640	2677.8333333333335	0.0
650	2510.6666666666665	0.0
660	2467.0	0.0
670	2551.1666666666665	0.0
680	2624.5	0.0
690	2650.8333333333335	0.0
700	2946.6666666666665	0.0
710	2426.8333333333335	0.0
720	2885.6666666666665	0.0
730	2478.6666666666665	0.0
740	2904.0	0.0
750	2876.1666666666665	0.0
760	2624.6666666666665	0.0
770	2176.0	0.0
780	2691.0	0.0
790	2346.6666666666665	0.0
800	2622.0	0.0
810	2159.5	0.0
820	2163.3333333333335	0.0
830	2462.6666666666665	0.0
840	1874.5	0.0
850	2326.8333333333335	0.0
860	2834.3333333333335	0.0
870	2859.1666666666665	0.0
880	1911.6666666666667	0.0
890	1630.0	0.0
900	1847.0	0.0
910	2018.6666666666667	0.0
920	1969.1666666666667	0.0
930	1999.5	0.0
940	1622.0	0.0
950	2354.0	0.0
960	2170.0	0.0
970	2274.0	0.0
980	2073.5	0.0
990	2053.1666666666665	0.0
1000	1897.0	0.0
