0	261.3333333333333	0.0
10	98.0	922.0
20	95.0	78.0
30	95.0	0.0
40	72.0	0.0
50	70.66666666666667	0.0
60	71.66666666666667	0.0
70	70.0	0.0
80	70.0	0.0
90	70.0	0.0
100	70.0	0.0
110	71.0	0.0
120	236.0	0.0
130	443.6666666666667	0.0
140	1407.6666666666667	0.0
150	179.0	0.0
160	1209.3333333333333	0.0
170	483.6666666666667	0.0
180	631.0	0.0
190	466.6666666666667	0.0
200	540.0	0.0
210	929.3333333333334	0.0
220	867.0	0.0
230	1298.3333333333333	0.0
240	1645.3333333333333	0.0
250	1551.3333333333333	0.0
260	1969.6666666666667	0.0
270	2314.0	0.0
280	2269.3333333333335	0.0
290	2226.0	0.0
300	2256.6666666666665	0.0
310	2159.3333333333335	0.0
320	2252.0	0.0
330	2354.8333333333335	0.0
340	2232.6666666666665	0.0
350	2126.3333333333335	0.0
360	2292.3333333333335	0.0
370	2081.3333333333335	0.0
380	2188.3333333333335	0.0
390	2678.1666666666665	0.0
400	2329.6666666666665	0.0
410	2557.8333333333335	0.0
420	2306.8333333333335	0.0
430	2283.3333333333335	0.0
440	2332.5	0.0
450	2263.3333333333335	0.0
460	2512.5	0.0
470	2571.6666666666665	0.0
480	2452.6666666666665	0.0
490	2437.6666666666665	0.0
500	2361.8333333333335	0.0
510	2697.1666666666665	0.0
520	2498.6666666666665	0.0
530	2642.6666666666665	0.0
540	2255.5	0.0
550	2720.5	0.0
560	2639.3333333333335	0.0
570	2670.3333333333335	0.0
580	2440.0	0.0
590	2357.0	0.0
600	2674.6666666666665	0.0
610	2738.1666666666665	0.0
620	2588.6666666666665	0.0
630	2475.3333333333335	0.0
640	2540.6666666666665	0.0
650	2587.5	0.0
660	2452.0	0.0
670	2582.0	0.0
680	2721.1666666666665	0.0
690	2585.3333333333335	0.0
700	2688.8333333333335	0.0
710	2652.0	0.0
720	2186.3333333333335	0.0
730	2088.8333333333335	0.0
740	2830.6666666666665	0.0
750	2536.0	0.0
760	2700.6666666666665	0.0
770	2499.6666666666665	0.0
780	2785.8333333333335	0.0
790	2888.0	0.0
800	2711.3333333333335	0.0
810	2543.6666666666665	0.0
820	2737.6666666666665	0.0
830	2785.1666666666665	0.0
840	2644.0	0.0
850	2830.1666666666665	0.0
860	2777.3333333333335	0.0
870	2595.5	0.0
880	2840.0	0.0
890	2313.0	0.0
900	2665.1666666666665	0.0
910	2784.6666666666665	0.0
920	2470.6666666666665	0.0
930	2434.5	0.0
940	2511.5	0.0
950	2811.0	0.0
960	2832.8333333333335	0.0
970	2698.0	0.0
980	2618.6666666666665	0.0
990	2494.8333333333335	0.0
1000	2036.1666666666667	0.0
