0	251.66666666666666	0.0	0.0	0.0	0.0	0.0	0.0
10	70.0	0.0	0.0	0.0	0.0	0.0	0.0
20	70.0	0.0	0.0	0.0	0.0	0.0	0.0
30	70.0	0.0	0.0	0.0	0.0	0.0	0.0
40	70.0	0.0	0.0	0.0	0.0	0.0	0.0
50	70.0	0.0	0.0	0.0	0.0	0.0	0.0
60	70.0	0.0	0.0	0.0	0.0	0.0	0.0
70	70.0	0.0	0.0	0.0	0.0	0.0	0.0
80	70.0	0.0	0.0	0.0	0.0	0.0	0.0
90	72.33333333333333	0.0	0.0	0.0	0.0	0.0	0.0
100	91.0	0.0	0.0	0.0	0.0	0.0	0.0
110	162.33333333333334	0.0	0.0	0.0	0.0	0.0	0.0
120	361.6666666666667	29.0	7.0	30.0	7.0	7.0	22.0
130	218.66666666666666	5.0	30.0	10.0	1.0	6.0	4.0
140	373.0	0.0	0.0	0.0	0.0	0.0	0.0
150	221.66666666666666	53.0	91.0	37.0	36.0	5.0	17.0
160	230.0	3.0	54.0	3.0	2.0	2.0	1.0
170	91.66666666666667	1.0	17.0	4.0	1.0	3.0	0.0
180	286.3333333333333	2.0	6.0	1.0	1.0	0.0	1.0
190	944.0	54.0	5.0	51.0	4.0	0.0	50.0
200	1248.3333333333333	8.0	338.0	27.0	0.0	19.0	8.0
210	1308.1666666666667	34.0	232.0	41.0	5.0	7.0	29.0
220	2308.1666666666665	44.0	115.0	47.0	1.0	4.0	43.0
230	2348.8333333333335	77.0	497.0	100.0	10.0	26.0	67.0
240	1793.0	8.0	778.0	37.0	4.0	33.0	4.0
250	2039.6666666666667	2.0	477.0	33.0	0.0	31.0	2.0
260	2173.0	23.0	461.0	45.0	20.0	36.0	3.0
270	2258.3333333333335	20.0	314.0	28.0	6.0	14.0	14.0
280	2404.0	13.0	507.0	64.0	10.0	61.0	3.0
290	2182.0	17.0	589.0	55.0	5.0	43.0	12.0
300	2135.3333333333335	17.0	527.0	44.0	4.0	28.0	13.0
310	2502.0	4.0	439.0	51.0	2.0	48.0	2.0
320	2432.0	16.0	571.0	34.0	8.0	26.0	8.0
330	2428.3333333333335	0.0	513.0	18.0	0.0	18.0	0.0
340	2328.6666666666665	11.0	489.0	56.0	2.0	47.0	9.0
350	1915.5	67.0	307.0	87.0	4.0	24.0	63.0
360	2351.5	44.0	277.0	60.0	1.0	17.0	43.0
370	1768.3333333333333	42.0	541.0	105.0	17.0	67.0	25.0
380	2381.3333333333335	4.0	520.0	51.0	0.0	47.0	4.0
390	1715.3333333333333	10.0	552.0	33.0	9.0	30.0	1.0
400	1981.3333333333333	6.0	537.0	34.0	2.0	30.0	4.0
410	2474.3333333333335	8.0	489.0	37.0	2.0	29.0	6.0
420	2723.0	11.0	528.0	42.0	5.0	36.0	6.0
430	1872.6666666666667	76.0	187.0	83.0	3.0	10.0	73.0
440	1837.6666666666667	39.0	184.0	61.0	1.0	23.0	38.0
450	2159.3333333333335	163.0	547.0	196.0	30.0	62.0	133.0
460	1784.0	41.0	385.0	67.0	2.0	28.0	39.0
470	1823.3333333333333	48.0	19.0	45.0	3.0	0.0	45.0
480	1955.6666666666667	0.0	0.0	0.0	0.0	0.0	0.0
490	2082.6666666666665	0.0	0.0	0.0	0.0	0.0	0.0
500	2063.3333333333335	0.0	0.0	0.0	0.0	0.0	0.0
510	2347.3333333333335	0.0	0.0	0.0	0.0	0.0	0.0
520	1901.0	0.0	0.0	0.0	0.0	0.0	0.0
530	2114.5	0.0	0.0	0.0	0.0	0.0	0.0
540	1995.6666666666667	0.0	0.0	0.0	0.0	0.0	0.0
550	2068.6666666666665	0.0	0.0	0.0	0.0	0.0	0.0
560	2251.8333333333335	0.0	0.0	0.0	0.0	0.0	0.0
570	1946.3333333333333	0.0	0.0	0.0	0.0	0.0	0.0
580	2287.8333333333335	0.0	0.0	0.0	0.0	0.0	0.0
590	2448.3333333333335	0.0	0.0	0.0	0.0	0.0	0.0
600	2005.8333333333333	0.0	0.0	0.0	0.0	0.0	0.0
610	2514.0	0.0	0.0	0.0	0.0	0.0	0.0
620	2030.0	0.0	0.0	0.0	0.0	0.0	0.0
630	2245.6666666666665	0.0	0.0	0.0	0.0	0.0	0.0
640	2440.3333333333335	0.0	0.0	0.0	0.0	0.0	0.0
650	2656.0	0.0	0.0	0.0	0.0	0.0	0.0
660	2487.8333333333335	0.0	0.0	0.0	0.0	0.0	0.0
670	2465.0	0.0	0.0	0.0	0.0	0.0	0.0
680	2448.3333333333335	0.0	0.0	0.0	0.0	0.0	0.0
690	2492.6666666666665	0.0	0.0	0.0	0.0	0.0	0.0
700	2058.8333333333335	0.0	0.0	0.0	0.0	0.0	0.0
710	2521.3333333333335	0.0	0.0	0.0	0.0	0.0	0.0
720	1999.8333333333333	0.0	0.0	0.0	0.0	0.0	0.0
730	2287.6666666666665	0.0	0.0	0.0	0.0	0.0	0.0
740	2022.0	0.0	0.0	0.0	0.0	0.0	0.0
750	2447.3333333333335	0.0	0.0	0.0	0.0	0.0	0.0
760	1984.8333333333333	0.0	0.0	0.0	0.0	0.0	0.0
770	2035.3333333333333	0.0	0.0	0.0	0.0	0.0	0.0
780	2174.6666666666665	0.0	0.0	0.0	0.0	0.0	0.0
790	2439.5	0.0	0.0	0.0	0.0	0.0	0.0
800	1957.6666666666667	0.0	0.0	0.0	0.0	0.0	0.0
810	1921.0	0.0	0.0	0.0	0.0	0.0	0.0
820	2166.8333333333335	0.0	0.0	0.0	0.0	0.0	0.0
830	2391.6666666666665	0.0	0.0	0.0	0.0	0.0	0.0
840	2403.6666666666665	0.0	0.0	0.0	0.0	0.0	0.0
850	2427.0	0.0	0.0	0.0	0.0	0.0	0.0
860	2381.0	0.0	0.0	0.0	0.0	0.0	0.0
870	2584.6666666666665	0.0	0.0	0.0	0.0	0.0	0.0
880	2525.5	0.0	0.0	0.0	0.0	0.0	0.0
890	2275.6666666666665	0.0	0.0	0.0	0.0	0.0	0.0
900	2448.8333333333335	0.0	0.0	0.0	0.0	0.0	0.0
910	2296.6666666666665	0.0	0.0	0.0	0.0	0.0	0.0
920	2253.5	0.0	0.0	0.0	0.0	0.0	0.0
930	2492.6666666666665	0.0	0.0	0.0	0.0	0.0	0.0
940	2569.1666666666665	0.0	0.0	0.0	0.0	0.0	0.0
950	2579.6666666666665	0.0	0.0	0.0	0.0	0.0	0.0
960	2434.3333333333335	0.0	0.0	0.0	0.0	0.0	0.0
970	2046.6666666666667	0.0	0.0	0.0	0.0	0.0	0.0
980	1511.0	0.0	0.0	0.0	0.0	0.0	0.0
990	2253.3333333333335	0.0	0.0	0.0	0.0	0.0	0.0
1000	1884.6666666666667	0.0	0.0	0.0	0.0	0.0	0.0
