0	235.33333333333334	0.0	0.0	0.0	0.0	0.0	0.0
10	70.0	0.0	0.0	0.0	0.0	0.0	0.0
20	70.0	0.0	0.0	0.0	0.0	0.0	0.0
30	70.0	0.0	0.0	0.0	0.0	0.0	0.0
40	70.0	0.0	0.0	0.0	0.0	0.0	0.0
50	70.0	0.0	0.0	0.0	0.0	0.0	0.0
60	70.0	0.0	0.0	0.0	0.0	0.0	0.0
70	70.0	0.0	1.0	0.0	0.0	0.0	0.0
80	70.0	0.0	0.0	0.0	0.0	0.0	0.0
90	73.66666666666667	0.0	0.0	0.0	0.0	0.0	0.0
100	79.33333333333333	60.0	49.0	35.0	28.0	2.0	32.0
110	341.0	34.0	20.0	25.0	9.0	0.0	25.0
120	199.66666666666666	0.0	0.0	0.0	0.0	0.0	0.0
130	201.33333333333334	0.0	0.0	0.0	0.0	0.0	0.0
140	71.0	57.0	59.0	47.0	14.0	3.0	43.0
150	478.0	81.0	54.0	72.0	11.0	1.0	70.0
160	1003.6666666666666	80.0	89.0	86.0	5.0	9.0	75.0
170	1523.3333333333333	46.0	337.0	79.0	7.0	35.0	39.0
180	1779.3333333333333	75.0	305.0	116.0	18.0	46.0	57.0
190	2001.3333333333333	9.0	159.0	48.0	4.0	43.0	5.0
200	2149.0	21.0	534.0	48.0	15.0	40.0	6.0
210	2533.6666666666665	26.0	557.0	99.0	15.0	74.0	11.0
220	2300.5	10.0	444.0	37.0	1.0	28.0	9.0
230	2419.6666666666665	3.0	317.0	18.0	1.0	16.0	2.0
240	2366.6666666666665	6.0	730.0	99.0	1.0	93.0	5.0
250	2204.6666666666665	11.0	540.0	95.0	7.0	87.0	4.0
260	2023.3333333333333	16.0	803.0	58.0	9.0	45.0	7.0
270	2420.3333333333335	13.0	683.0	64.0	3.0	53.0	10.0
280	2498.0	8.0	371.0	27.0	0.0	19.0	8.0
290	2321.0	24.0	408.0	31.0	21.0	27.0	3.0
300	2339.1666666666665	3.0	556.0	56.0	0.0	53.0	3.0
310	2374.8333333333335	12.0	341.0	82.0	1.0	71.0	11.0
320	2237.6666666666665	4.0	462.0	22.0	2.0	19.0	2.0
330	2408.3333333333335	75.0	454.0	106.0	7.0	35.0	68.0
340	2270.1666666666665	9.0	434.0	62.0	6.0	58.0	3.0
350	2385.6666666666665	34.0	346.0	90.0	32.0	57.0	2.0
360	2392.3333333333335	22.0	498.0	60.0	5.0	43.0	17.0
370	1919.0	9.0	468.0	75.0	6.0	71.0	3.0
380	1454.1666666666667	13.0	396.0	43.0	3.0	33.0	10.0
390	1542.6666666666667	67.0	413.0	107.0	6.0	46.0	61.0
400	2081.3333333333335	103.0	418.0	119.0	10.0	24.0	93.0
410	1233.6666666666667	69.0	161.0	70.0	9.0	5.0	60.0
420	769.6666666666666	0.0	0.0	0.0	0.0	0.0	0.0
430	1765.6666666666667	0.0	0.0	0.0	0.0	0.0	0.0
440	1196.6666666666667	0.0	0.0	0.0	0.0	0.0	0.0
450	2062.3333333333335	0.0	0.0	0.0	0.0	0.0	0.0
460	1877.0	0.0	0.0	0.0	0.0	0.0	0.0
470	1763.0	0.0	0.0	0.0	0.0	0.0	0.0
480	2075.1666666666665	0.0	0.0	0.0	0.0	0.0	0.0
490	2270.0	0.0	0.0	0.0	0.0	0.0	0.0
500	2279.8333333333335	0.0	0.0	0.0	0.0	0.0	0.0
510	1670.1666666666667	0.0	0.0	0.0	0.0	0.0	0.0
520	1722.6666666666667	0.0	0.0	0.0	0.0	0.0	0.0
530	1576.8333333333333	0.0	0.0	0.0	0.0	0.0	0.0
540	1810.3333333333333	0.0	0.0	0.0	0.0	0.0	0.0
550	1559.6666666666667	0.0	0.0	0.0	0.0	0.0	0.0
560	2057.3333333333335	0.0	0.0	0.0	0.0	0.0	0.0
570	1857.3333333333333	0.0	0.0	0.0	0.0	0.0	0.0
580	1816.3333333333333	0.0	0.0	0.0	0.0	0.0	0.0
590	2188.0	0.0	0.0	0.0	0.0	0.0	0.0
600	2208.3333333333335	0.0	0.0	0.0	0.0	0.0	0.0
610	2455.6666666666665	0.0	0.0	0.0	0.0	0.0	0.0
620	2361.5	0.0	0.0	0.0	0.0	0.0	0.0
630	2231.3333333333335	0.0	0.0	0.0	0.0	0.0	0.0
640	2204.1666666666665	0.0	0.0	0.0	0.0	0.0	0.0
650	2138.6666666666665	0.0	0.0	0.0	0.0	0.0	0.0
660	2051.8333333333335	0.0	0.0	0.0	0.0	0.0	0.0
670	1817.3333333333333	0.0	0.0	0.0	0.0	0.0	0.0
680	2473.3333333333335	0.0	0.0	0.0	0.0	0.0	0.0
690	2562.3333333333335	0.0	0.0	0.0	0.0	0.0	0.0
700	2599.1666666666665	0.0	0.0	0.0	0.0	0.0	0.0
710	2466.3333333333335	0.0	0.0	0.0	0.0	0.0	0.0
720	2433.3333333333335	0.0	0.0	0.0	0.0	0.0	0.0
730	2491.0	0.0	0.0	0.0	0.0	0.0	0.0
740	2462.6666666666665	0.0	0.0	0.0	0.0	0.0	0.0
750	2392.3333333333335	0.0	0.0	0.0	0.0	0.0	0.0
760	2395.5	0.0	0.0	0.0	0.0	0.0	0.0
770	2497.0	0.0	0.0	0.0	0.0	0.0	0.0
780	2447.3333333333335	0.0	0.0	0.0	0.0	0.0	0.0
790	2477.0	0.0	0.0	0.0	0.0	0.0	0.0
800	2648.5	0.0	0.0	0.0	0.0	0.0	0.0
810	2390.8333333333335	0.0	0.0	0.0	0.0	0.0	0.0
820	2494.6666666666665	0.0	0.0	0.0	0.0	0.0	0.0
830	2432.1666666666665	0.0	0.0	0.0	0.0	0.0	0.0
840	2472.0	0.0	0.0	0.0	0.0	0.0	0.0
850	2562.0	0.0	0.0	0.0	0.0	0.0	0.0
860	2468.5	0.0	0.0	0.0	0.0	0.0	0.0
870	2428.3333333333335	0.0	0.0	0.0	0.0	0.0	0.0
880	2020.0	0.0	0.0	0.0	0.0	0.0	0.0
890	2348.8333333333335	0.0	0.0	0.0	0.0	0.0	0.0
900	2343.6666666666665	0.0	0.0	0.0	0.0	0.0	0.0
910	2305.0	0.0	0.0	0.0	0.0	0.0	0.0
920	2240.0	0.0	0.0	0.0	0.0	0.0	0.0
930	2245.1666666666665	0.0	0.0	0.0	0.0	0.0	0.0
940	2340.6666666666665	0.0	0.0	0.0	0.0	0.0	0.0
950	2377.6666666666665	0.0	0.0	0.0	0.0	0.0	0.0
960	2391.3333333333335	0.0	0.0	0.0	0.0	0.0	0.0
970	2513.1666666666665	0.0	0.0	0.0	0.0	0.0	0.0
980	1983.1666666666667	0.0	0.0	0.0	0.0	0.0	0.0
990	2071.5	0.0	0.0	0.0	0.0	0.0	0.0
1000	2453.6666666666665	0.0	0.0	0.0	0.0	0.0	0.0
