0	262.0	0.0
10	70.0	11.0
20	70.0	20.0
30	70.0	0.0
40	70.0	85.0
50	70.0	10.0
60	70.0	0.0
70	70.0	35.0
80	72.33333333333333	69.0
90	72.66666666666667	77.0
100	290.0	0.0
110	90.33333333333333	98.0
120	150.66666666666666	125.0
130	215.0	259.0
140	379.0	211.0
150	2121.3333333333335	0.0
160	1326.3333333333333	0.0
170	2059.3333333333335	0.0
180	2057.3333333333335	0.0
190	2259.3333333333335	0.0
200	2215.6666666666665	0.0
210	2341.6666666666665	0.0
220	2076.8333333333335	0.0
230	2307.0	0.0
240	2332.3333333333335	0.0
250	2174.0	0.0
260	2216.6666666666665	0.0
270	2338.5	0.0
280	2263.3333333333335	0.0
290	2395.5	0.0
300	2593.3333333333335	0.0
310	2309.1666666666665	0.0
320	2287.5	0.0
330	2500.3333333333335	0.0
340	2527.5	0.0
350	2000.3333333333333	0.0
360	2396.1666666666665	0.0
370	2226.6666666666665	0.0
380	2693.1666666666665	0.0
390	2263.1666666666665	0.0
400	2496.5	0.0
410	1551.0	0.0
420	1816.0	0.0
430	1888.6666666666667	0.0
440	2172.1666666666665	0.0
450	2730.0	0.0
460	2122.3333333333335	0.0
470	1968.5	0.0
480	2133.3333333333335	0.0
490	2086.6666666666665	0.0
500	1924.0	0.0
510	2436.5	0.0
520	2261.8333333333335	0.0
530	1945.8333333333333	0.0
540	2041.3333333333333	0.0
550	2158.1666666666665	0.0
560	2003.0	0.0
570	2063.0	0.0
580	2070.0	0.0
590	2033.5	0.0
600	2349.8333333333335	0.0
610	1922.6666666666667	0.0
620	2376.6666666666665	0.0
630	2057.0	0.0
640	2097.6666666666665	0.0
650	2279.5	0.0
660	2029.0	0.0
670	2352.5	0.0
680	1865.0	0.0
690	1612.8333333333333	0.0
700	1927.3333333333333	0.0
710	1908.8333333333333	0.0
720	2345.3333333333335	0.0
730	2452.3333333333335	0.0
740	2428.6666666666665	0.0
750	2335.8333333333335	0.0
760	2433.3333333333335	0.0
770	2370.3333333333335	0.0
780	2612.6666666666665	0.0
790	2459.0	0.0
800	2472.0	0.0
810	2616.6666666666665	0.0
820	2238.5	0.0
830	2603.5	0.0
840	2572.6666666666665	0.0
850	2465.3333333333335	0.0
860	2399.5	0.0
870	2249.0	0.0
880	2627.3333333333335	0.0
890	2588.6666666666665	0.0
900	2596.6666666666665	0.0
910	2113.5	0.0
920	2461.8333333333335	0.0
930	2344.5	0.0
940	2353.3333333333335	0.0
950	2323.3333333333335	0.0
960	2493.8333333333335	0.0
970	2380.6666666666665	0.0
980	1675.6666666666667	0.0
990	2105.3333333333335	0.0
1000	1938.6666666666667	0.0
