0	243.33333333333334	0.0
10	70.0	12.0
20	70.0	95.0
30	70.0	10.0
40	70.0	119.0
50	70.0	1.0
60	70.0	109.0
70	70.0	19.0
80	75.0	17.0
90	428.3333333333333	47.0
100	1422.3333333333333	245.0
110	70.66666666666667	141.0
120	176.0	117.0
130	1628.3333333333333	68.0
140	1339.0	0.0
150	1908.3333333333333	0.0
160	1981.6666666666667	0.0
170	2118.0	0.0
180	2314.0	0.0
190	2220.8333333333335	0.0
200	2370.5	0.0
210	2210.8333333333335	0.0
220	2357.8333333333335	0.0
230	2221.6666666666665	0.0
240	2175.6666666666665	0.0
250	2522.3333333333335	0.0
260	2594.0	0.0
270	2363.3333333333335	0.0
280	2459.3333333333335	0.0
290	2524.0	0.0
300	2251.0	0.0
310	2377.3333333333335	0.0
320	2462.0	0.0
330	1744.0	0.0
340	2489.0	0.0
350	1826.5	0.0
360	2190.3333333333335	0.0
370	2304.0	0.0
380	1935.6666666666667	0.0
390	1990.8333333333333	0.0
400	2144.8333333333335	0.0
410	2042.6666666666667	0.0
420	1693.6666666666667	0.0
430	2265.8333333333335	0.0
440	1753.5	0.0
450	2300.0	0.0
460	2382.0	0.0
470	1784.0	0.0
480	2390.6666666666665	0.0
490	1927.5	0.0
500	1799.0	0.0
510	1990.8333333333333	0.0
520	2232.6666666666665	0.0
530	2615.8333333333335	0.0
540	1545.0	0.0
550	1923.6666666666667	0.0
560	1979.6666666666667	0.0
570	2382.3333333333335	0.0
580	2173.3333333333335	0.0
590	1787.3333333333333	0.0
600	1566.0	0.0
610	2342.6666666666665	0.0
620	2228.6666666666665	0.0
630	2451.6666666666665	0.0
640	2350.6666666666665	0.0
650	2534.3333333333335	0.0
660	2428.6666666666665	0.0
670	2507.5	0.0
680	2478.1666666666665	0.0
690	2497.3333333333335	0.0
700	2321.0	0.0
710	2396.3333333333335	0.0
720	2599.3333333333335	0.0
730	2522.6666666666665	0.0
740	2613.3333333333335	0.0
750	2463.5	0.0
760	2294.0	0.0
770	2551.3333333333335	0.0
780	2272.8333333333335	0.0
790	2003.0	0.0
800	2264.1666666666665	0.0
810	2066.3333333333335	0.0
820	2663.6666666666665	0.0
830	2005.6666666666667	0.0
840	2386.0	0.0
850	2498.0	0.0
860	2035.3333333333333	0.0
870	2251.3333333333335	0.0
880	2597.5	0.0
890	2243.8333333333335	0.0
900	2453.0	0.0
910	2437.0	0.0
920	2521.3333333333335	0.0
930	2223.6666666666665	0.0
940	2667.5	0.0
950	2432.6666666666665	0.0
960	2491.3333333333335	0.0
970	2517.3333333333335	0.0
980	2599.3333333333335	0.0
990	2622.6666666666665	0.0
1000	2315.1666666666665	0.0
