0	262.0	0.0
10	70.0	0.0
20	70.0	45.0
30	70.0	11.0
40	70.0	0.0
50	70.0	13.0
60	70.0	11.0
70	70.0	13.0
80	70.0	73.0
90	73.0	11.0
100	79.0	1.0
110	129.0	51.0
120	70.66666666666667	194.0
130	274.3333333333333	133.0
140	120.0	61.0
150	102.0	277.0
160	160.0	106.0
170	501.0	0.0
180	1276.3333333333333	0.0
190	1325.0	0.0
200	1678.6666666666667	0.0
210	1887.3333333333333	0.0
220	2226.0	0.0
230	2591.1666666666665	0.0
240	2030.6666666666667	0.0
250	2424.1666666666665	0.0
260	2167.5	0.0
270	2646.0	0.0
280	1935.6666666666667	0.0
290	2492.1666666666665	0.0
300	2399.6666666666665	0.0
310	2283.6666666666665	0.0
320	2602.5	0.0
330	2395.1666666666665	0.0
340	2186.5	0.0
350	2283.3333333333335	0.0
360	2486.8333333333335	0.0
370	2493.1666666666665	0.0
380	2421.3333333333335	0.0
390	2392.0	0.0
400	2277.6666666666665	0.0
410	2574.3333333333335	0.0
420	2400.3333333333335	0.0
430	2418.6666666666665	0.0
440	1595.1666666666667	0.0
450	2392.3333333333335	0.0
460	1740.3333333333333	0.0
470	1652.3333333333333	0.0
480	1779.0	0.0
490	1698.3333333333333	0.0
500	1960.3333333333333	0.0
510	1645.3333333333333	0.0
520	1949.0	0.0
530	2395.8333333333335	0.0
540	2308.8333333333335	0.0
550	1872.1666666666667	0.0
560	1908.1666666666667	0.0
570	1802.3333333333333	0.0
580	2096.3333333333335	0.0
590	2015.0	0.0
600	2635.3333333333335	0.0
610	2510.5	0.0
620	1892.1666666666667	0.0
630	2064.0	0.0
640	2476.3333333333335	0.0
650	2561.5	0.0
660	2344.3333333333335	0.0
670	2375.5	0.0
680	2343.3333333333335	0.0
690	2515.0	0.0
700	2556.8333333333335	0.0
710	1714.8333333333333	0.0
720	2002.0	0.0
730	2281.6666666666665	0.0
740	1926.5	0.0
750	1972.5	0.0
760	1692.6666666666667	0.0
770	1924.6666666666667	0.0
780	1892.3333333333333	0.0
790	2480.6666666666665	0.0
800	2648.3333333333335	0.0
810	2233.3333333333335	0.0
820	2428.6666666666665	0.0
830	2646.8333333333335	0.0
840	2533.8333333333335	0.0
850	2658.1666666666665	0.0
860	2522.8333333333335	0.0
870	2492.6666666666665	0.0
880	2108.6666666666665	0.0
890	2484.6666666666665	0.0
900	2289.6666666666665	0.0
910	2357.5	0.0
920	1893.6666666666667	0.0
930	1873.3333333333333	0.0
940	2443.5	0.0
950	1726.3333333333333	0.0
960	1910.5	0.0
970	1882.6666666666667	0.0
980	2453.5	0.0
990	2481.1666666666665	0.0
1000	1670.1666666666667	0.0
