0	231.0	0.0
10	2229.0	1000.0
20	1990.5	0.0
30	2070.0	0.0
40	2051.6666666666665	0.0
50	1834.6666666666667	0.0
60	2101.6666666666665	0.0
70	2094.8333333333335	0.0
80	2162.8333333333335	0.0
90	2250.5	0.0
100	2078.3333333333335	0.0
110	2184.6666666666665	0.0
120	2163.1666666666665	0.0
130	2239.8333333333335	0.0
140	2224.3333333333335	0.0
150	2247.6666666666665	0.0
160	2009.1666666666667	0.0
170	2102.6666666666665	0.0
180	2184.1666666666665	0.0
190	2341.5	0.0
200	2358.6666666666665	0.0
210	2493.5	0.0
220	2462.6666666666665	0.0
230	2310.0	0.0
240	2487.8333333333335	0.0
250	2318.5	0.0
260	2488.8333333333335	0.0
270	2454.5	0.0
280	2499.0	0.0
290	2442.0	0.0
300	2493.0	0.0
310	2603.3333333333335	0.0
320	2406.5	0.0
330	2536.8333333333335	0.0
340	2667.1666666666665	0.0
350	2584.6666666666665	0.0
360	2692.3333333333335	0.0
370	2445.3333333333335	0.0
380	2760.1666666666665	0.0
390	2572.5	0.0
400	2514.5	0.0
410	2696.3333333333335	0.0
420	2644.3333333333335	0.0
430	2656.5	0.0
440	2722.6666666666665	0.0
450	2720.8333333333335	0.0
460	2862.1666666666665	0.0
470	2604.0	0.0
480	2932.0	0.0
490	2557.0	0.0
500	2771.6666666666665	0.0
510	2718.0	0.0
520	2802.8333333333335	0.0
530	2666.1666666666665	0.0
540	2845.1666666666665	0.0
550	2711.0	0.0
560	2875.1666666666665	0.0
570	2828.6666666666665	0.0
580	2583.6666666666665	0.0
590	2766.0	0.0
600	2918.8333333333335	0.0
610	2744.5	0.0
620	2896.3333333333335	0.0
630	2785.3333333333335	0.0
640	2692.8333333333335	0.0
650	2954.5	0.0
660	2740.8333333333335	0.0
670	2851.1666666666665	0.0
680	2753.3333333333335	0.0
690	2704.3333333333335	0.0
700	2852.3333333333335	0.0
710	2383.8333333333335	0.0
720	3095.5	0.0
730	2775.8333333333335	0.0
740	2761.1666666666665	0.0
750	2830.0	0.0
760	3233.6666666666665	0.0
770	2873.1666666666665	0.0
780	2975.0	0.0
790	2844.5	0.0
800	2979.6666666666665	0.0
810	2824.6666666666665	0.0
820	2909.0	0.0
830	3087.6666666666665	0.0
840	3068.1666666666665	0.0
850	3036.0	0.0
860	2860.3333333333335	0.0
870	3107.5	0.0
880	2849.8333333333335	0.0
890	3222.1666666666665	0.0
900	3463.5	0.0
910	2906.0	0.0
920	2948.0	0.0
930	3392.1666666666665	0.0
940	3007.8333333333335	0.0
950	2815.5	0.0
960	2700.1666666666665	0.0
970	3078.3333333333335	0.0
980	3156.0	0.0
990	2924.6666666666665	0.0
1000	3139.6666666666665	0.0
