0	245.33333333333334	0.0
10	2007.1666666666667	1000.0
20	1976.3333333333333	0.0
30	2030.0	0.0
40	2120.6666666666665	0.0
50	2173.1666666666665	0.0
60	2217.6666666666665	0.0
70	2121.6666666666665	0.0
80	2169.8333333333335	0.0
90	2179.1666666666665	0.0
100	2073.1666666666665	0.0
110	2147.8333333333335	0.0
120	2161.5	0.0
130	2229.6666666666665	0.0
140	2262.1666666666665	0.0
150	2425.1666666666665	0.0
160	2313.5	0.0
170	2375.3333333333335	0.0
180	2225.0	0.0
190	2326.1666666666665	0.0
200	2248.6666666666665	0.0
210	2129.6666666666665	0.0
220	2405.0	0.0
230	2407.3333333333335	0.0
240	2383.6666666666665	0.0
250	2320.1666666666665	0.0
260	2360.5	0.0
270	2394.1666666666665	0.0
280	2636.3333333333335	0.0
290	2606.6666666666665	0.0
300	2627.0	0.0
310	2657.0	0.0
320	2540.3333333333335	0.0
330	2296.6666666666665	0.0
340	2550.3333333333335	0.0
350	2620.6666666666665	0.0
360	2596.3333333333335	0.0
370	2803.1666666666665	0.0
380	2635.6666666666665	0.0
390	2617.1666666666665	0.0
400	2455.1666666666665	0.0
410	2447.6666666666665	0.0
420	2468.1666666666665	0.0
430	2678.8333333333335	0.0
440	2438.8333333333335	0.0
450	2826.8333333333335	0.0
460	2372.5	0.0
470	2732.6666666666665	0.0
480	2669.3333333333335	0.0
490	2612.8333333333335	0.0
500	2781.1666666666665	0.0
510	2355.0	0.0
520	2696.8333333333335	0.0
530	2542.8333333333335	0.0
540	2706.3333333333335	0.0
550	2501.0	0.0
560	2540.6666666666665	0.0
570	2583.0	0.0
580	2749.8333333333335	0.0
590	2795.3333333333335	0.0
600	2725.6666666666665	0.0
610	2978.0	0.0
620	2654.5	0.0
630	2577.6666666666665	0.0
640	2459.5	0.0
650	2613.5	0.0
660	2753.5	0.0
670	2725.1666666666665	0.0
680	2771.1666666666665	0.0
690	2606.8333333333335	0.0
700	3041.8333333333335	0.0
710	2752.3333333333335	0.0
720	2657.1666666666665	0.0
730	2868.3333333333335	0.0
740	2804.0	0.0
750	2976.6666666666665	0.0
760	2835.3333333333335	0.0
770	2719.5	0.0
780	2692.5	0.0
790	2938.6666666666665	0.0
800	2704.0	0.0
810	2949.6666666666665	0.0
820	2956.3333333333335	0.0
830	2838.5	0.0
840	2922.0	0.0
850	2778.0	0.0
860	2980.0	0.0
870	2861.3333333333335	0.0
880	2814.6666666666665	0.0
890	3176.5	0.0
900	3117.1666666666665	0.0
910	2677.3333333333335	0.0
920	2647.8333333333335	0.0
930	2666.3333333333335	0.0
940	2778.5	0.0
950	2993.3333333333335	0.0
960	2874.1666666666665	0.0
970	3018.0	0.0
980	3087.5	0.0
990	2808.8333333333335	0.0
1000	3152.8333333333335	0.0
