0	256.0	0.0
10	1997.0	1000.0
20	2113.5	0.0
30	2112.0	0.0
40	2160.6666666666665	0.0
50	2017.3333333333333	0.0
60	1902.5	0.0
70	2032.6666666666667	0.0
80	2327.5	0.0
90	2067.8333333333335	0.0
100	2246.1666666666665	0.0
110	2212.6666666666665	0.0
120	2308.1666666666665	0.0
130	2346.8333333333335	0.0
140	1981.6666666666667	0.0
150	2127.6666666666665	0.0
160	2223.1666666666665	0.0
170	2118.8333333333335	0.0
180	2230.5	0.0
190	2134.1666666666665	0.0
200	2340.3333333333335	0.0
210	2371.5	0.0
220	2271.1666666666665	0.0
230	2291.6666666666665	0.0
240	2418.6666666666665	0.0
250	2516.0	0.0
260	2419.1666666666665	0.0
270	2291.3333333333335	0.0
280	2288.0	0.0
290	2783.6666666666665	0.0
300	2607.1666666666665	0.0
310	2560.6666666666665	0.0
320	2717.3333333333335	0.0
330	2503.8333333333335	0.0
340	2546.5	0.0
350	2509.0	0.0
360	2367.8333333333335	0.0
370	2298.1666666666665	0.0
380	2527.3333333333335	0.0
390	2603.0	0.0
400	2334.1666666666665	0.0
410	2082.5	0.0
420	2446.8333333333335	0.0
430	2719.0	0.0
440	2674.6666666666665	0.0
450	2802.0	0.0
460	2596.3333333333335	0.0
470	2733.3333333333335	0.0
480	2718.5	0.0
490	2544.5	0.0
500	2517.8333333333335	0.0
510	2561.5	0.0
520	2515.3333333333335	0.0
530	2461.6666666666665	0.0
540	2704.8333333333335	0.0
550	2907.1666666666665	0.0
560	2665.0	0.0
570	2617.3333333333335	0.0
580	2665.6666666666665	0.0
590	2578.6666666666665	0.0
600	2499.0	0.0
610	2648.3333333333335	0.0
620	2594.1666666666665	0.0
630	2812.8333333333335	0.0
640	2552.0	0.0
650	2684.1666666666665	0.0
660	2540.1666666666665	0.0
670	2850.8333333333335	0.0
680	2714.3333333333335	0.0
690	2698.8333333333335	0.0
700	2432.0	0.0
710	2343.1666666666665	0.0
720	2543.1666666666665	0.0
730	2727.5	0.0
740	3033.0	0.0
750	2580.5	0.0
760	2648.5	0.0
770	2624.8333333333335	0.0
780	2888.3333333333335	0.0
790	2736.8333333333335	0.0
800	2657.8333333333335	0.0
810	2911.8333333333335	0.0
820	2953.5	0.0
830	2785.3333333333335	0.0
840	2915.1666666666665	0.0
850	2818.6666666666665	0.0
860	2869.0	0.0
870	3001.6666666666665	0.0
880	2744.8333333333335	0.0
890	2934.3333333333335	0.0
900	3156.0	0.0
910	2753.6666666666665	0.0
920	2849.0	0.0
930	2972.3333333333335	0.0
940	3075.0	0.0
950	2732.5	0.0
960	2996.8333333333335	0.0
970	3128.8333333333335	0.0
980	2915.8333333333335	0.0
990	2830.1666666666665	0.0
1000	2583.8333333333335	0.0
