0	256.0	0.0
10	2012.6666666666667	1000.0
20	2038.8333333333333	0.0
30	2044.5	0.0
40	2074.3333333333335	0.0
50	2003.8333333333333	0.0
60	2095.3333333333335	0.0
70	2254.6666666666665	0.0
80	2099.3333333333335	0.0
90	2067.3333333333335	0.0
100	2175.5	0.0
110	2195.6666666666665	0.0
120	2209.5	0.0
130	1971.5	0.0
140	2273.8333333333335	0.0
150	2380.5	0.0
160	2114.5	0.0
170	2067.3333333333335	0.0
180	2250.6666666666665	0.0
190	2269.3333333333335	0.0
200	2301.0	0.0
210	2395.0	0.0
220	2497.3333333333335	0.0
230	2225.5	0.0
240	2406.5	0.0
250	2342.8333333333335	0.0
260	2558.0	0.0
270	2461.5	0.0
280	2697.1666666666665	0.0
290	2373.3333333333335	0.0
300	2419.6666666666665	0.0
310	2514.8333333333335	0.0
320	2623.5	0.0
330	2419.1666666666665	0.0
340	2518.0	0.0
350	2296.5	0.0
360	2538.0	0.0
370	2510.8333333333335	0.0
380	2862.1666666666665	0.0
390	2687.3333333333335	0.0
400	2528.8333333333335	0.0
410	2690.3333333333335	0.0
420	2427.0	0.0
430	2497.3333333333335	0.0
440	2706.3333333333335	0.0
450	2591.0	0.0
460	2721.1666666666665	0.0
470	2721.0	0.0
480	2204.3333333333335	0.0
490	2678.5	0.0
500	2781.0	0.0
510	2577.5	0.0
520	2889.8333333333335	0.0
530	2706.1666666666665	0.0
540	2829.1666666666665	0.0
550	2728.8333333333335	0.0
560	2829.1666666666665	0.0
570	2669.6666666666665	0.0
580	2581.3333333333335	0.0
590	2819.6666666666665	0.0
600	2871.6666666666665	0.0
610	2886.8333333333335	0.0
620	3086.8333333333335	0.0
630	2348.8333333333335	0.0
640	2949.0	0.0
650	2942.5	0.0
660	2854.3333333333335	0.0
670	2753.1666666666665	0.0
680	2772.6666666666665	0.0
690	2991.1666666666665	0.0
700	2580.0	0.0
710	2518.8333333333335	0.0
720	2639.8333333333335	0.0
730	2886.1666666666665	0.0
740	3309.0	0.0
750	3154.0	0.0
760	2694.8333333333335	0.0
770	2808.6666666666665	0.0
780	2776.1666666666665	0.0
790	3038.3333333333335	0.0
800	2955.0	0.0
810	2968.0	0.0
820	2830.1666666666665	0.0
830	2959.3333333333335	0.0
840	3151.6666666666665	0.0
850	2744.0	0.0
860	3005.6666666666665	0.0
870	2707.1666666666665	0.0
880	2925.0	0.0
890	2730.6666666666665	0.0
900	3079.0	0.0
910	2826.5	0.0
920	3198.0	0.0
930	2978.6666666666665	0.0
940	3351.5	0.0
950	3041.8333333333335	0.0
960	3186.0	0.0
970	3003.1666666666665	0.0
980	3098.3333333333335	0.0
990	2720.3333333333335	0.0
1000	2950.8333333333335	0.0
