0	256.0	0.0
10	2044.5	1000.0
20	2169.5	0.0
30	2032.8333333333333	0.0
40	2028.5	0.0
50	2124.1666666666665	0.0
60	2039.0	0.0
70	2063.5	0.0
80	2146.0	0.0
90	2083.8333333333335	0.0
100	2271.3333333333335	0.0
110	2122.3333333333335	0.0
120	2105.3333333333335	0.0
130	2228.0	0.0
140	2131.3333333333335	0.0
150	2120.1666666666665	0.0
160	2256.6666666666665	0.0
170	2249.3333333333335	0.0
180	2405.1666666666665	0.0
190	2356.6666666666665	0.0
200	2435.1666666666665	0.0
210	2375.1666666666665	0.0
220	2414.5	0.0
230	2314.5	0.0
240	2323.3333333333335	0.0
250	2492.8333333333335	0.0
260	2343.6666666666665	0.0
270	2532.5	0.0
280	2596.0	0.0
290	2620.6666666666665	0.0
300	2552.3333333333335	0.0
310	2466.6666666666665	0.0
320	2397.5	0.0
330	2492.0	0.0
340	2389.6666666666665	0.0
350	2568.0	0.0
360	2296.1666666666665	0.0
370	2648.5	0.0
380	2449.0	0.0
390	2606.8333333333335	0.0
400	2472.3333333333335	0.0
410	2538.8333333333335	0.0
420	2777.3333333333335	0.0
430	2431.1666666666665	0.0
440	2671.5	0.0
450	2520.8333333333335	0.0
460	2762.3333333333335	0.0
470	2890.1666666666665	0.0
480	2526.1666666666665	0.0
490	2576.1666666666665	0.0
500	2775.0	0.0
510	2347.8333333333335	0.0
520	2822.0	0.0
530	2516.6666666666665	0.0
540	2676.3333333333335	0.0
550	2613.1666666666665	0.0
560	2634.8333333333335	0.0
570	2800.0	0.0
580	2707.0	0.0
590	2657.5	0.0
600	2853.8333333333335	0.0
610	2658.0	0.0
620	2472.6666666666665	0.0
630	2717.3333333333335	0.0
640	2424.5	0.0
650	2658.8333333333335	0.0
660	2700.0	0.0
670	2477.8333333333335	0.0
680	3007.1666666666665	0.0
690	2770.6666666666665	0.0
700	2787.5	0.0
710	2730.5	0.0
720	2539.8333333333335	0.0
730	2783.8333333333335	0.0
740	2877.3333333333335	0.0
750	2873.5	0.0
760	2904.0	0.0
770	2614.1666666666665	0.0
780	2746.8333333333335	0.0
790	2970.1666666666665	0.0
800	2620.5	0.0
810	2704.5	0.0
820	2687.8333333333335	0.0
830	2791.6666666666665	0.0
840	2921.0	0.0
850	2755.0	0.0
860	2661.1666666666665	0.0
870	2773.3333333333335	0.0
880	2583.1666666666665	0.0
890	2624.1666666666665	0.0
900	2763.5	0.0
910	2863.3333333333335	0.0
920	3097.5	0.0
930	2853.0	0.0
940	2960.6666666666665	0.0
950	3086.5	0.0
960	2771.6666666666665	0.0
970	2906.5	0.0
980	2592.5	0.0
990	2948.5	0.0
1000	2513.3333333333335	0.0
