0	239.0	0.0
10	1997.6666666666667	1000.0
20	2035.0	0.0
30	2048.5	0.0
40	2145.8333333333335	0.0
50	2100.8333333333335	0.0
60	1876.6666666666667	0.0
70	2103.3333333333335	0.0
80	2183.8333333333335	0.0
90	2044.0	0.0
100	2152.3333333333335	0.0
110	2124.3333333333335	0.0
120	2048.5	0.0
130	2097.6666666666665	0.0
140	2124.8333333333335	0.0
150	2251.1666666666665	0.0
160	2152.8333333333335	0.0
170	2161.5	0.0
180	2242.1666666666665	0.0
190	2236.3333333333335	0.0
200	2239.5	0.0
210	2199.8333333333335	0.0
220	2217.8333333333335	0.0
230	2427.8333333333335	0.0
240	2305.1666666666665	0.0
250	2481.3333333333335	0.0
260	2508.8333333333335	0.0
270	2203.1666666666665	0.0
280	2274.8333333333335	0.0
290	2519.6666666666665	0.0
300	2291.8333333333335	0.0
310	2427.1666666666665	0.0
320	2300.6666666666665	0.0
330	2545.8333333333335	0.0
340	2415.8333333333335	0.0
350	2541.0	0.0
360	2652.8333333333335	0.0
370	2751.3333333333335	0.0
380	2490.8333333333335	0.0
390	2790.8333333333335	0.0
400	2548.8333333333335	0.0
410	2557.8333333333335	0.0
420	2703.0	0.0
430	2429.3333333333335	0.0
440	2638.0	0.0
450	2786.1666666666665	0.0
460	2640.1666666666665	0.0
470	2711.3333333333335	0.0
480	2789.1666666666665	0.0
490	2422.3333333333335	0.0
500	2587.5	0.0
510	2794.5	0.0
520	2476.3333333333335	0.0
530	2747.5	0.0
540	2723.8333333333335	0.0
550	2825.8333333333335	0.0
560	3003.5	0.0
570	2878.3333333333335	0.0
580	2568.1666666666665	0.0
590	2848.6666666666665	0.0
600	2733.3333333333335	0.0
610	3107.0	0.0
620	2883.6666666666665	0.0
630	2789.6666666666665	0.0
640	2790.6666666666665	0.0
650	2824.5	0.0
660	2826.1666666666665	0.0
670	2827.3333333333335	0.0
680	2838.0	0.0
690	2827.0	0.0
700	2932.5	0.0
710	2727.6666666666665	0.0
720	2925.1666666666665	0.0
730	3127.6666666666665	0.0
740	3063.0	0.0
750	3047.6666666666665	0.0
760	2597.6666666666665	0.0
770	2909.3333333333335	0.0
780	3323.3333333333335	0.0
790	3331.0	0.0
800	3060.5	0.0
810	3137.1666666666665	0.0
820	3148.6666666666665	0.0
830	3062.8333333333335	0.0
840	3107.6666666666665	0.0
850	2874.5	0.0
860	3322.5	0.0
870	3088.8333333333335	0.0
880	3288.6666666666665	0.0
890	3082.1666666666665	0.0
900	3126.8333333333335	0.0
910	3042.1666666666665	0.0
920	3268.6666666666665	0.0
930	3043.6666666666665	0.0
940	3187.0	0.0
950	3369.6666666666665	0.0
960	2924.0	0.0
970	3186.6666666666665	0.0
980	3090.5	0.0
990	3242.3333333333335	0.0
1000	3037.3333333333335	0.0
