0	269.3333333333333	0.0
10	2081.1666666666665	1000.0
20	2067.8333333333335	0.0
30	2073.5	0.0
40	1964.6666666666667	0.0
50	1833.0	0.0
60	1976.5	0.0
70	2307.5	0.0
80	2037.6666666666667	0.0
90	2286.5	0.0
100	2181.5	0.0
110	1912.3333333333333	0.0
120	2227.1666666666665	0.0
130	2212.5	0.0
140	1945.3333333333333	0.0
150	2171.3333333333335	0.0
160	2262.6666666666665	0.0
170	2275.3333333333335	0.0
180	2093.1666666666665	0.0
190	2312.6666666666665	0.0
200	2476.6666666666665	0.0
210	2450.0	0.0
220	2402.5	0.0
230	2146.8333333333335	0.0
240	2372.3333333333335	0.0
250	2267.3333333333335	0.0
260	2376.0	0.0
270	2494.0	0.0
280	2232.6666666666665	0.0
290	2275.0	0.0
300	2305.1666666666665	0.0
310	2281.3333333333335	0.0
320	2545.0	0.0
330	2471.5	0.0
340	2563.8333333333335	0.0
350	2513.6666666666665	0.0
360	2397.1666666666665	0.0
370	2865.1666666666665	0.0
380	2592.6666666666665	0.0
390	2354.6666666666665	0.0
400	2565.8333333333335	0.0
410	2389.5	0.0
420	2461.3333333333335	0.0
430	2520.0	0.0
440	2227.3333333333335	0.0
450	2597.1666666666665	0.0
460	2537.0	0.0
470	2530.0	0.0
480	2617.6666666666665	0.0
490	2451.5	0.0
500	2666.3333333333335	0.0
510	2949.8333333333335	0.0
520	2456.1666666666665	0.0
530	2721.8333333333335	0.0
540	2659.1666666666665	0.0
550	2726.0	0.0
560	2765.5	0.0
570	2493.1666666666665	0.0
580	2464.8333333333335	0.0
590	2384.0	0.0
600	2757.3333333333335	0.0
610	2682.0	0.0
620	2866.0	0.0
630	2892.5	0.0
640	2851.5	0.0
650	2551.6666666666665	0.0
660	2807.3333333333335	0.0
670	2773.3333333333335	0.0
680	2856.0	0.0
690	2649.0	0.0
700	2783.6666666666665	0.0
710	2755.8333333333335	0.0
720	2615.8333333333335	0.0
730	2724.8333333333335	0.0
740	2589.6666666666665	0.0
750	3078.3333333333335	0.0
760	2884.1666666666665	0.0
770	2989.0	0.0
780	2882.8333333333335	0.0
790	2405.6666666666665	0.0
800	2959.1666666666665	0.0
810	2829.8333333333335	0.0
820	2663.1666666666665	0.0
830	2855.1666666666665	0.0
840	2931.1666666666665	0.0
850	2987.8333333333335	0.0
860	2918.3333333333335	0.0
870	3020.0	0.0
880	2857.1666666666665	0.0
890	3071.6666666666665	0.0
900	2732.8333333333335	0.0
910	2898.3333333333335	0.0
920	2924.0	0.0
930	3081.6666666666665	0.0
940	2946.5	0.0
950	3041.8333333333335	0.0
960	2900.5	0.0
970	3014.8333333333335	0.0
980	2929.6666666666665	0.0
990	2836.5	0.0
1000	2830.0	0.0
