0	286.6666666666667	0.0
10	1647.6666666666667	1000.0
20	1946.0	0.0
30	2131.3333333333335	0.0
40	2047.1666666666667	0.0
50	2115.0	0.0
60	1986.1666666666667	0.0
70	2326.6666666666665	0.0
80	2090.8333333333335	0.0
90	2197.6666666666665	0.0
100	2182.1666666666665	0.0
110	2349.3333333333335	0.0
120	2388.0	0.0
130	2316.5	0.0
140	2342.6666666666665	0.0
150	2439.1666666666665	0.0
160	2472.5	0.0
170	2636.3333333333335	0.0
180	2804.0	0.0
190	2602.0	0.0
200	2464.0	0.0
210	2417.3333333333335	0.0
220	2210.3333333333335	0.0
230	2638.8333333333335	0.0
240	2539.0	0.0
250	2758.3333333333335	0.0
260	2488.5	0.0
270	2592.6666666666665	0.0
280	3080.5	0.0
290	2877.0	0.0
300	2677.6666666666665	0.0
310	2728.8333333333335	0.0
320	2681.6666666666665	0.0
330	3035.3333333333335	0.0
340	2732.1666666666665	0.0
350	2529.3333333333335	0.0
360	3056.1666666666665	0.0
370	2306.8333333333335	0.0
380	3127.6666666666665	0.0
390	3100.0	0.0
400	3159.5	0.0
410	2862.6666666666665	0.0
420	3018.5	0.0
430	2817.3333333333335	0.0
440	2766.8333333333335	0.0
450	3080.1666666666665	0.0
460	3315.3333333333335	0.0
470	2952.0	0.0
480	3043.3333333333335	0.0
490	3091.8333333333335	0.0
500	3472.8333333333335	0.0
510	3807.1666666666665	0.0
520	3134.6666666666665	0.0
530	3764.0	0.0
540	3460.6666666666665	0.0
550	3374.1666666666665	0.0
560	3547.6666666666665	0.0
570	3677.5	0.0
580	3760.0	0.0
590	3499.8333333333335	0.0
600	3435.5	0.0
610	3546.1666666666665	0.0
620	3271.3333333333335	0.0
630	3366.6666666666665	0.0
640	3637.3333333333335	0.0
650	3559.6666666666665	0.0
660	3738.8333333333335	0.0
670	3658.0	0.0
680	3356.3333333333335	0.0
690	3930.0	0.0
700	3263.8333333333335	0.0
710	3366.1666666666665	0.0
720	3295.3333333333335	0.0
730	3592.8333333333335	0.0
740	3964.0	0.0
750	4154.833333333333	0.0
760	4091.3333333333335	0.0
770	3540.5	0.0
780	4045.5	0.0
790	3935.3333333333335	0.0
800	3745.6666666666665	0.0
810	3521.5	0.0
820	3674.0	0.0
830	4012.5	0.0
840	3768.0	0.0
850	3692.5	0.0
860	3593.3333333333335	0.0
870	3943.6666666666665	0.0
880	3650.1666666666665	0.0
890	3703.3333333333335	0.0
900	3582.6666666666665	0.0
910	3849.0	0.0
920	3769.1666666666665	0.0
930	3747.8333333333335	0.0
940	3931.8333333333335	0.0
950	3933.0	0.0
960	3589.5	0.0
970	3943.1666666666665	0.0
980	4019.8333333333335	0.0
990	3566.1666666666665	0.0
1000	3746.8333333333335	0.0
