0	250.33333333333334	0.0
10	2082.0	1000.0
20	1993.8333333333333	0.0
30	2052.6666666666665	0.0
40	2209.6666666666665	0.0
50	2225.5	0.0
60	2096.3333333333335	0.0
70	2115.1666666666665	0.0
80	1746.8333333333333	0.0
90	1804.3333333333333	0.0
100	2322.0	0.0
110	2285.3333333333335	0.0
120	2327.6666666666665	0.0
130	2317.6666666666665	0.0
140	2464.5	0.0
150	2454.5	0.0
160	2347.1666666666665	0.0
170	2226.6666666666665	0.0
180	2294.1666666666665	0.0
190	2642.6666666666665	0.0
200	2408.3333333333335	0.0
210	2284.0	0.0
220	2573.8333333333335	0.0
230	2604.6666666666665	0.0
240	2943.8333333333335	0.0
250	2404.5	0.0
260	2640.0	0.0
270	2405.8333333333335	0.0
280	2177.0	0.0
290	2402.8333333333335	0.0
300	2705.3333333333335	0.0
310	2503.5	0.0
320	2807.0	0.0
330	2761.8333333333335	0.0
340	2352.1666666666665	0.0
350	2507.6666666666665	0.0
360	2428.5	0.0
370	3266.8333333333335	0.0
380	2825.1666666666665	0.0
390	2763.6666666666665	0.0
400	2956.5	0.0
410	3453.0	0.0
420	3340.5	0.0
430	2866.6666666666665	0.0
440	3443.8333333333335	0.0
450	3893.0	0.0
460	3783.6666666666665	0.0
470	3467.3333333333335	0.0
480	3412.8333333333335	0.0
490	3092.1666666666665	0.0
500	3384.5	0.0
510	3468.3333333333335	0.0
520	3673.6666666666665	0.0
530	3436.1666666666665	0.0
540	3595.6666666666665	0.0
550	3320.5	0.0
560	3532.1666666666665	0.0
570	3450.3333333333335	0.0
580	3777.6666666666665	0.0
590	3773.3333333333335	0.0
600	3644.0	0.0
610	2644.1666666666665	0.0
620	3553.8333333333335	0.0
630	3657.3333333333335	0.0
640	3831.1666666666665	0.0
650	3114.6666666666665	0.0
660	3594.6666666666665	0.0
670	3389.5	0.0
680	3638.0	0.0
690	3678.8333333333335	0.0
700	3560.5	0.0
710	3550.8333333333335	0.0
720	3933.5	0.0
730	3583.5	0.0
740	3783.0	0.0
750	3696.3333333333335	0.0
760	3403.8333333333335	0.0
770	3661.0	0.0
780	4007.0	0.0
790	3590.0	0.0
800	3258.1666666666665	0.0
810	3411.8333333333335	0.0
820	3871.6666666666665	0.0
830	2945.1666666666665	0.0
840	3966.6666666666665	0.0
850	3028.0	0.0
860	3746.3333333333335	0.0
870	3875.6666666666665	0.0
880	3324.1666666666665	0.0
890	3320.1666666666665	0.0
900	3918.8333333333335	0.0
910	3539.1666666666665	0.0
920	3879.8333333333335	0.0
930	3447.6666666666665	0.0
940	3585.6666666666665	0.0
950	3705.5	0.0
960	3736.3333333333335	0.0
970	3450.1666666666665	0.0
980	3680.1666666666665	0.0
990	3907.3333333333335	0.0
1000	3623.3333333333335	0.0
