0	277.3333333333333	0.0	0.0	0.0	0.0	0.0	0.0
10	2087.0	1.0	4.0	2.0	1.0	1.0	0.0
20	2046.8333333333333	10.0	85.0	10.0	9.0	8.0	1.0
30	2034.3333333333333	7.0	133.0	13.0	6.0	8.0	1.0
40	1841.0	15.0	245.0	19.0	5.0	9.0	10.0
50	2114.5	40.0	154.0	37.0	27.0	13.0	13.0
60	2046.6666666666667	3.0	114.0	7.0	3.0	6.0	0.0
70	2121.6666666666665	24.0	53.0	28.0	1.0	5.0	23.0
80	2146.0	41.0	259.0	33.0	28.0	20.0	13.0
90	2047.8333333333333	15.0	61.0	7.0	10.0	2.0	5.0
100	2240.8333333333335	17.0	207.0	18.0	15.0	14.0	2.0
110	2259.8333333333335	23.0	26.0	25.0	2.0	3.0	21.0
120	2108.3333333333335	8.0	157.0	10.0	7.0	9.0	1.0
130	2046.5	4.0	96.0	11.0	4.0	11.0	0.0
140	2279.5	18.0	57.0	21.0	13.0	13.0	5.0
150	2237.5	29.0	91.0	31.0	1.0	3.0	28.0
160	2354.5	4.0	22.0	6.0	4.0	2.0	0.0
170	2187.1666666666665	6.0	43.0	5.0	3.0	2.0	3.0
180	2240.3333333333335	16.0	73.0	15.0	14.0	7.0	2.0
190	2402.8333333333335	9.0	112.0	12.0	3.0	6.0	6.0
200	2136.0	4.0	100.0	8.0	1.0	5.0	3.0
210	2426.6666666666665	18.0	234.0	21.0	7.0	8.0	11.0
220	2375.6666666666665	6.0	110.0	11.0	5.0	10.0	1.0
230	2160.1666666666665	13.0	75.0	14.0	3.0	4.0	10.0
240	2396.3333333333335	14.0	69.0	17.0	2.0	5.0	12.0
250	2446.5	11.0	107.0	9.0	6.0	4.0	5.0
260	2193.0	13.0	146.0	13.0	10.0	9.0	3.0
270	2252.5	9.0	145.0	11.0	8.0	10.0	1.0
280	2392.8333333333335	11.0	194.0	13.0	8.0	10.0	3.0
290	2693.3333333333335	3.0	105.0	10.0	2.0	9.0	1.0
300	2475.3333333333335	12.0	114.0	10.0	8.0	6.0	4.0
310	2755.8333333333335	8.0	118.0	8.0	3.0	2.0	5.0
320	2609.0	6.0	20.0	5.0	2.0	0.0	4.0
330	2217.8333333333335	2.0	87.0	14.0	1.0	13.0	1.0
340	2597.6666666666665	10.0	95.0	12.0	3.0	5.0	7.0
350	2520.6666666666665	5.0	67.0	9.0	4.0	8.0	1.0
360	2374.3333333333335	11.0	136.0	9.0	8.0	6.0	3.0
370	2528.8333333333335	15.0	68.0	7.0	11.0	2.0	4.0
380	2569.5	2.0	93.0	5.0	0.0	3.0	2.0
390	2743.8333333333335	20.0	104.0	24.0	4.0	6.0	16.0
400	3015.8333333333335	14.0	184.0	16.0	6.0	8.0	8.0
410	2665.6666666666665	14.0	107.0	13.0	10.0	9.0	4.0
420	2827.6666666666665	17.0	159.0	13.0	15.0	3.0	2.0
430	2559.6666666666665	24.0	80.0	12.0	23.0	5.0	1.0
440	2403.3333333333335	16.0	137.0	12.0	13.0	9.0	3.0
450	2546.6666666666665	20.0	93.0	21.0	2.0	2.0	18.0
460	2769.6666666666665	15.0	132.0	14.0	11.0	9.0	4.0
470	2519.6666666666665	4.0	68.0	8.0	2.0	6.0	2.0
480	2860.8333333333335	20.0	140.0	13.0	16.0	8.0	4.0
490	2690.5	4.0	95.0	16.0	0.0	12.0	4.0
500	2919.0	8.0	61.0	10.0	2.0	4.0	6.0
510	2444.3333333333335	3.0	45.0	5.0	1.0	3.0	2.0
520	2542.3333333333335	7.0	93.0	12.0	1.0	6.0	6.0
530	2754.3333333333335	13.0	122.0	12.0	8.0	7.0	5.0
540	2775.1666666666665	24.0	86.0	23.0	7.0	4.0	17.0
550	2589.0	9.0	46.0	7.0	8.0	6.0	1.0
560	2574.6666666666665	21.0	170.0	14.0	16.0	9.0	5.0
570	2608.3333333333335	2.0	79.0	16.0	1.0	15.0	1.0
580	2836.0	16.0	197.0	19.0	14.0	8.0	2.0
590	2698.3333333333335	3.0	35.0	7.0	1.0	5.0	2.0
600	2835.8333333333335	3.0	30.0	1.0	2.0	0.0	1.0
610	2786.6666666666665	16.0	83.0	13.0	12.0	4.0	4.0
620	2932.5	6.0	47.0	9.0	0.0	3.0	6.0
630	2571.6666666666665	15.0	257.0	24.0	7.0	16.0	8.0
640	2972.0	13.0	96.0	10.0	13.0	10.0	0.0
650	2828.6666666666665	10.0	93.0	11.0	2.0	3.0	8.0
660	2832.8333333333335	24.0	195.0	19.0	17.0	12.0	7.0
670	2979.3333333333335	4.0	13.0	2.0	3.0	1.0	1.0
680	2761.1666666666665	13.0	112.0	29.0	11.0	18.0	2.0
690	2556.0	10.0	207.0	22.0	6.0	18.0	4.0
700	2850.0	26.0	58.0	9.0	18.0	1.0	8.0
710	2784.3333333333335	1.0	39.0	3.0	0.0	2.0	1.0
720	2729.8333333333335	8.0	123.0	18.0	2.0	12.0	6.0
730	2935.3333333333335	4.0	86.0	5.0	1.0	2.0	3.0
740	2682.0	17.0	128.0	19.0	13.0	5.0	4.0
750	2916.0	5.0	43.0	6.0	5.0	6.0	0.0
760	2496.8333333333335	13.0	165.0	19.0	9.0	15.0	4.0
770	2773.8333333333335	23.0	149.0	38.0	1.0	15.0	22.0
780	2772.1666666666665	1.0	40.0	5.0	0.0	4.0	1.0
790	2791.5	14.0	164.0	17.0	11.0	12.0	3.0
800	3063.5	26.0	137.0	16.0	22.0	12.0	4.0
810	2856.8333333333335	4.0	126.0	9.0	2.0	7.0	2.0
820	2990.3333333333335	7.0	29.0	2.0	5.0	0.0	2.0
830	2821.3333333333335	0.0	0.0	0.0	0.0	0.0	0.0
840	2941.6666666666665	0.0	0.0	0.0	0.0	0.0	0.0
850	2984.3333333333335	0.0	0.0	0.0	0.0	0.0	0.0
860	2859.8333333333335	0.0	0.0	0.0	0.0	0.0	0.0
870	2788.0	0.0	0.0	0.0	0.0	0.0	0.0
880	2873.6666666666665	0.0	0.0	0.0	0.0	0.0	0.0
890	2889.8333333333335	0.0	0.0	0.0	0.0	0.0	0.0
900	2935.3333333333335	0.0	0.0	0.0	0.0	0.0	0.0
910	2932.0	0.0	0.0	0.0	0.0	0.0	0.0
920	2845.3333333333335	0.0	0.0	0.0	0.0	0.0	0.0
930	3155.5	0.0	0.0	0.0	0.0	0.0	0.0
940	2654.8333333333335	0.0	0.0	0.0	0.0	0.0	0.0
950	2876.5	0.0	0.0	0.0	0.0	0.0	0.0
960	3230.3333333333335	0.0	0.0	0.0	0.0	0.0	0.0
970	3365.8333333333335	0.0	0.0	0.0	0.0	0.0	0.0
980	3066.3333333333335	0.0	0.0	0.0	0.0	0.0	0.0
990	2862.6666666666665	0.0	0.0	0.0	0.0	0.0	0.0
1000	2752.6666666666665	0.0	0.0	0.0	0.0	0.0	0.0
