0	246.33333333333334	0.0	0.0	0.0	0.0	0.0	0.0
10	2094.1666666666665	18.0	86.0	22.0	18.0	17.0	0.0
20	2047.8333333333333	9.0	13.0	8.0	1.0	0.0	8.0
30	2021.1666666666667	4.0	52.0	6.0	0.0	2.0	4.0
40	2049.1666666666665	20.0	258.0	16.0	19.0	14.0	1.0
50	2055.5	14.0	177.0	14.0	9.0	9.0	5.0
60	2178.5	13.0	99.0	13.0	12.0	11.0	1.0
70	2024.0	15.0	209.0	26.0	12.0	21.0	3.0
80	2176.0	21.0	194.0	27.0	19.0	23.0	2.0
90	2158.3333333333335	15.0	75.0	15.0	8.0	7.0	7.0
100	2068.6666666666665	1.0	36.0	0.0	1.0	0.0	0.0
110	2163.0	7.0	89.0	3.0	7.0	3.0	0.0
120	2240.3333333333335	14.0	88.0	19.0	9.0	14.0	5.0
130	2261.6666666666665	7.0	45.0	4.0	5.0	2.0	2.0
140	2200.1666666666665	24.0	92.0	27.0	8.0	10.0	16.0
150	2224.0	27.0	121.0	18.0	16.0	5.0	11.0
160	2533.1666666666665	3.0	56.0	7.0	1.0	5.0	2.0
170	2407.1666666666665	17.0	45.0	31.0	6.0	16.0	11.0
180	2171.1666666666665	16.0	198.0	29.0	7.0	16.0	9.0
190	2552.0	22.0	131.0	17.0	22.0	8.0	0.0
200	2273.1666666666665	10.0	54.0	20.0	7.0	17.0	3.0
210	2444.6666666666665	13.0	53.0	9.0	7.0	3.0	6.0
220	2343.3333333333335	19.0	118.0	29.0	3.0	13.0	16.0
230	2397.3333333333335	17.0	82.0	18.0	4.0	5.0	13.0
240	2471.3333333333335	12.0	26.0	8.0	10.0	6.0	2.0
250	2533.8333333333335	6.0	82.0	15.0	6.0	14.0	0.0
260	2322.1666666666665	5.0	103.0	14.0	1.0	10.0	4.0
270	2348.6666666666665	10.0	107.0	26.0	8.0	18.0	2.0
280	2508.5	13.0	47.0	12.0	11.0	10.0	2.0
290	2672.6666666666665	4.0	98.0	12.0	3.0	10.0	1.0
300	2544.3333333333335	7.0	43.0	5.0	7.0	5.0	0.0
310	2352.0	1.0	32.0	2.0	0.0	1.0	1.0
320	2570.5	12.0	115.0	30.0	6.0	24.0	6.0
330	2549.8333333333335	17.0	70.0	14.0	7.0	4.0	10.0
340	2556.3333333333335	10.0	144.0	5.0	9.0	4.0	1.0
350	2517.6666666666665	21.0	99.0	17.0	18.0	14.0	3.0
360	2324.5	12.0	81.0	10.0	6.0	3.0	6.0
370	2535.3333333333335	14.0	202.0	18.0	9.0	13.0	5.0
380	2503.5	35.0	197.0	38.0	19.0	22.0	16.0
390	2599.0	6.0	104.0	18.0	2.0	13.0	4.0
400	2767.0	24.0	112.0	19.0	7.0	2.0	17.0
410	2528.6666666666665	9.0	20.0	9.0	6.0	2.0	3.0
420	2688.3333333333335	9.0	91.0	13.0	3.0	7.0	6.0
430	2599.6666666666665	4.0	34.0	12.0	4.0	11.0	0.0
440	2828.5	2.0	58.0	4.0	0.0	2.0	2.0
450	2587.3333333333335	18.0	131.0	14.0	14.0	10.0	4.0
460	2693.3333333333335	1.0	71.0	3.0	0.0	2.0	1.0
470	2954.0	11.0	138.0	15.0	5.0	9.0	6.0
480	2641.5	1.0	51.0	2.0	1.0	2.0	0.0
490	2691.6666666666665	21.0	87.0	23.0	4.0	6.0	17.0
500	2648.5	7.0	74.0	6.0	4.0	2.0	3.0
510	2956.1666666666665	1.0	44.0	6.0	0.0	5.0	1.0
520	2703.0	22.0	133.0	17.0	11.0	5.0	11.0
530	2450.5	0.0	64.0	6.0	0.0	6.0	0.0
540	2676.6666666666665	17.0	84.0	11.0	17.0	6.0	0.0
550	2758.5	0.0	14.0	5.0	0.0	5.0	0.0
560	2873.8333333333335	5.0	103.0	6.0	4.0	4.0	1.0
570	2613.8333333333335	1.0	47.0	4.0	0.0	3.0	1.0
580	2872.3333333333335	4.0	88.0	16.0	1.0	13.0	3.0
590	2815.1666666666665	4.0	108.0	11.0	1.0	7.0	3.0
600	3023.3333333333335	12.0	156.0	17.0	11.0	10.0	1.0
610	2906.3333333333335	20.0	151.0	21.0	15.0	6.0	5.0
620	2961.6666666666665	19.0	175.0	20.0	16.0	16.0	3.0
630	2992.8333333333335	4.0	116.0	11.0	1.0	7.0	3.0
640	2728.1666666666665	5.0	78.0	10.0	2.0	7.0	3.0
650	2753.1666666666665	5.0	200.0	9.0	3.0	6.0	2.0
660	2685.6666666666665	2.0	125.0	5.0	1.0	4.0	1.0
670	2861.6666666666665	7.0	117.0	5.0	6.0	4.0	1.0
680	2969.6666666666665	6.0	105.0	10.0	5.0	8.0	1.0
690	2802.3333333333335	2.0	89.0	4.0	1.0	3.0	1.0
700	3172.6666666666665	8.0	109.0	16.0	6.0	10.0	2.0
710	2875.8333333333335	20.0	151.0	28.0	5.0	11.0	15.0
720	2701.5	1.0	67.0	4.0	0.0	3.0	1.0
730	2838.3333333333335	9.0	96.0	10.0	2.0	2.0	7.0
740	2986.1666666666665	14.0	108.0	15.0	4.0	2.0	10.0
750	2549.3333333333335	5.0	72.0	5.0	5.0	5.0	0.0
760	3106.1666666666665	8.0	36.0	9.0	7.0	3.0	1.0
770	2805.0	4.0	48.0	6.0	1.0	3.0	3.0
780	3162.1666666666665	19.0	130.0	18.0	3.0	2.0	16.0
790	2992.3333333333335	29.0	33.0	31.0	2.0	4.0	27.0
800	2653.6666666666665	23.0	184.0	22.0	17.0	16.0	6.0
810	2863.5	4.0	163.0	11.0	2.0	9.0	2.0
820	3227.5	10.0	92.0	9.0	8.0	5.0	2.0
830	3029.0	1.0	66.0	5.0	1.0	5.0	0.0
840	3137.1666666666665	12.0	162.0	9.0	11.0	8.0	1.0
850	3261.1666666666665	20.0	133.0	14.0	13.0	4.0	7.0
860	3049.3333333333335	2.0	142.0	7.0	1.0	6.0	1.0
870	3014.5	1.0	109.0	5.0	1.0	5.0	0.0
880	3148.6666666666665	9.0	85.0	4.0	7.0	2.0	2.0
890	2847.6666666666665	1.0	98.0	15.0	0.0	14.0	1.0
900	3253.8333333333335	2.0	66.0	6.0	0.0	4.0	2.0
910	3157.3333333333335	17.0	51.0	21.0	1.0	5.0	16.0
920	3195.1666666666665	11.0	177.0	16.0	6.0	9.0	5.0
930	3139.1666666666665	4.0	295.0	27.0	2.0	25.0	2.0
940	3173.1666666666665	11.0	146.0	16.0	7.0	12.0	4.0
950	2685.3333333333335	1.0	79.0	12.0	0.0	11.0	1.0
960	3374.0	0.0	0.0	0.0	0.0	0.0	0.0
970	3336.1666666666665	0.0	0.0	0.0	0.0	0.0	0.0
980	3211.1666666666665	0.0	0.0	0.0	0.0	0.0	0.0
990	3037.0	0.0	0.0	0.0	0.0	0.0	0.0
1000	2993.0	0.0	0.0	0.0	0.0	0.0	0.0
