0	238.33333333333334	0.0	0.0	0.0	0.0	0.0	0.0
10	2067.8333333333335	14.0	80.0	9.0	8.0	3.0	6.0
20	2100.6666666666665	0.0	59.0	1.0	0.0	1.0	0.0
30	1934.5	20.0	50.0	12.0	10.0	2.0	10.0
40	2152.0	12.0	66.0	13.0	10.0	10.0	2.0
50	2141.8333333333335	24.0	117.0	14.0	20.0	5.0	4.0
60	2079.3333333333335	11.0	39.0	11.0	5.0	4.0	6.0
70	2054.8333333333335	8.0	141.0	14.0	7.0	12.0	1.0
80	2093.6666666666665	9.0	61.0	7.0	7.0	5.0	2.0
90	2050.6666666666665	6.0	53.0	3.0	5.0	2.0	1.0
100	2217.0	48.0	113.0	30.0	32.0	12.0	16.0
110	2084.6666666666665	31.0	205.0	24.0	23.0	16.0	8.0
120	1872.5	3.0	101.0	2.0	1.0	0.0	2.0
130	2162.0	7.0	52.0	15.0	5.0	8.0	2.0
140	1988.1666666666667	13.0	61.0	11.0	8.0	5.0	5.0
150	2156.3333333333335	32.0	210.0	13.0	23.0	4.0	9.0
160	2238.6666666666665	1.0	105.0	7.0	0.0	6.0	1.0
170	2157.1666666666665	23.0	151.0	19.0	22.0	18.0	1.0
180	2195.3333333333335	8.0	77.0	9.0	6.0	6.0	2.0
190	2351.1666666666665	11.0	120.0	15.0	6.0	9.0	5.0
200	2246.5	3.0	47.0	2.0	2.0	1.0	1.0
210	2336.3333333333335	10.0	176.0	11.0	5.0	6.0	5.0
220	2324.6666666666665	18.0	98.0	21.0	3.0	6.0	15.0
230	2353.8333333333335	16.0	95.0	7.0	14.0	5.0	2.0
240	2507.3333333333335	9.0	81.0	11.0	9.0	5.0	0.0
250	2344.6666666666665	7.0	37.0	3.0	7.0	2.0	0.0
260	2118.8333333333335	38.0	157.0	20.0	30.0	7.0	8.0
270	2042.5	34.0	111.0	9.0	31.0	5.0	3.0
280	2508.8333333333335	34.0	190.0	33.0	18.0	12.0	16.0
290	2147.8333333333335	17.0	98.0	13.0	14.0	9.0	3.0
300	2361.8333333333335	23.0	98.0	14.0	14.0	5.0	9.0
310	2477.3333333333335	4.0	110.0	16.0	3.0	15.0	1.0
320	2371.8333333333335	10.0	130.0	15.0	7.0	7.0	3.0
330	2584.5	13.0	125.0	13.0	11.0	11.0	2.0
340	2563.6666666666665	23.0	191.0	15.0	17.0	9.0	6.0
350	2478.8333333333335	9.0	50.0	7.0	8.0	4.0	1.0
360	2439.8333333333335	4.0	135.0	7.0	2.0	5.0	2.0
370	2537.6666666666665	17.0	203.0	19.0	13.0	14.0	4.0
380	2539.8333333333335	2.0	57.0	2.0	1.0	1.0	1.0
390	2412.6666666666665	12.0	42.0	5.0	10.0	3.0	2.0
400	2560.6666666666665	17.0	103.0	16.0	8.0	6.0	9.0
410	2329.8333333333335	22.0	47.0	26.0	9.0	10.0	13.0
420	2500.5	7.0	54.0	10.0	4.0	6.0	3.0
430	2479.3333333333335	7.0	147.0	17.0	1.0	10.0	6.0
440	2814.6666666666665	5.0	132.0	16.0	1.0	12.0	4.0
450	2753.0	16.0	174.0	22.0	6.0	12.0	10.0
460	2600.5	1.0	49.0	3.0	1.0	3.0	0.0
470	2530.0	6.0	121.0	10.0	3.0	7.0	3.0
480	2703.3333333333335	19.0	83.0	15.0	19.0	8.0	0.0
490	2340.1666666666665	3.0	56.0	21.0	0.0	18.0	3.0
500	2752.8333333333335	11.0	109.0	14.0	0.0	3.0	11.0
510	2763.1666666666665	0.0	19.0	0.0	0.0	0.0	0.0
520	2528.5	4.0	116.0	8.0	3.0	6.0	1.0
530	2706.1666666666665	7.0	90.0	12.0	0.0	5.0	7.0
540	2748.8333333333335	19.0	79.0	16.0	17.0	2.0	2.0
550	2584.3333333333335	23.0	185.0	9.0	20.0	5.0	3.0
560	2823.6666666666665	12.0	101.0	12.0	6.0	4.0	6.0
570	2760.3333333333335	10.0	131.0	10.0	6.0	5.0	4.0
580	2789.3333333333335	20.0	100.0	14.0	15.0	4.0	5.0
590	3069.5	1.0	18.0	1.0	1.0	1.0	0.0
600	2634.5	3.0	73.0	4.0	1.0	2.0	2.0
610	2401.6666666666665	12.0	107.0	12.0	6.0	4.0	6.0
620	2712.0	5.0	133.0	4.0	4.0	3.0	1.0
630	2733.3333333333335	3.0	67.0	8.0	1.0	6.0	2.0
640	2898.6666666666665	14.0	103.0	5.0	13.0	4.0	1.0
650	2798.3333333333335	4.0	84.0	18.0	0.0	14.0	4.0
660	2715.5	3.0	75.0	9.0	1.0	6.0	2.0
670	2743.0	3.0	122.0	6.0	0.0	3.0	3.0
680	2881.6666666666665	3.0	66.0	8.0	1.0	6.0	2.0
690	2917.0	15.0	162.0	13.0	9.0	7.0	6.0
700	2865.5	6.0	65.0	2.0	6.0	1.0	0.0
710	2893.3333333333335	12.0	87.0	13.0	8.0	5.0	4.0
720	2902.0	3.0	37.0	4.0	1.0	2.0	2.0
730	2929.6666666666665	16.0	125.0	12.0	8.0	4.0	8.0
740	3032.3333333333335	5.0	47.0	4.0	3.0	1.0	2.0
750	2779.0	10.0	42.0	8.0	6.0	4.0	4.0
760	2853.5	16.0	60.0	12.0	7.0	2.0	9.0
770	2556.5	6.0	122.0	12.0	1.0	7.0	5.0
780	2829.3333333333335	7.0	148.0	11.0	1.0	4.0	6.0
790	2964.0	4.0	32.0	18.0	0.0	14.0	4.0
800	3028.1666666666665	4.0	118.0	7.0	0.0	3.0	4.0
810	2895.5	12.0	155.0	20.0	2.0	10.0	10.0
820	2771.0	15.0	138.0	13.0	12.0	7.0	3.0
830	3057.0	18.0	21.0	16.0	3.0	1.0	15.0
840	2906.3333333333335	2.0	119.0	7.0	1.0	6.0	1.0
850	2707.0	1.0	6.0	1.0	1.0	0.0	0.0
860	3217.3333333333335	4.0	22.0	5.0	0.0	1.0	4.0
870	2659.0	0.0	0.0	0.0	0.0	0.0	0.0
880	2999.5	0.0	0.0	0.0	0.0	0.0	0.0
890	3151.1666666666665	0.0	0.0	0.0	0.0	0.0	0.0
900	3050.1666666666665	0.0	0.0	0.0	0.0	0.0	0.0
910	2738.3333333333335	0.0	0.0	0.0	0.0	0.0	0.0
920	2766.0	0.0	0.0	0.0	0.0	0.0	0.0
930	3110.5	0.0	0.0	0.0	0.0	0.0	0.0
940	3389.8333333333335	0.0	0.0	0.0	0.0	0.0	0.0
950	3048.0	0.0	0.0	0.0	0.0	0.0	0.0
960	3110.0	0.0	0.0	0.0	0.0	0.0	0.0
970	3137.0	0.0	0.0	0.0	0.0	0.0	0.0
980	2974.5	0.0	0.0	0.0	0.0	0.0	0.0
990	3090.1666666666665	0.0	0.0	0.0	0.0	0.0	0.0
1000	2941.3333333333335	0.0	0.0	0.0	0.0	0.0	0.0
