0	276.3333333333333	0.0	0.0	0.0	0.0	0.0	0.0
10	2067.8333333333335	9.0	37.0	5.0	7.0	3.0	2.0
20	2112.0	3.0	87.0	4.0	3.0	4.0	0.0
30	2158.0	15.0	162.0	14.0	11.0	9.0	4.0
40	2137.6666666666665	6.0	140.0	9.0	6.0	9.0	0.0
50	2160.5	32.0	91.0	13.0	29.0	8.0	3.0
60	2126.1666666666665	31.0	182.0	22.0	28.0	12.0	3.0
70	2118.8333333333335	14.0	106.0	12.0	7.0	5.0	7.0
80	2135.3333333333335	4.0	81.0	5.0	2.0	3.0	2.0
90	2179.0	21.0	151.0	13.0	17.0	9.0	4.0
100	2000.0	13.0	206.0	18.0	8.0	12.0	5.0
110	2136.0	29.0	174.0	16.0	26.0	12.0	3.0
120	2103.6666666666665	19.0	310.0	23.0	13.0	17.0	6.0
130	2189.3333333333335	9.0	81.0	8.0	2.0	1.0	7.0
140	2254.1666666666665	4.0	49.0	2.0	4.0	2.0	0.0
150	2119.1666666666665	4.0	111.0	9.0	1.0	6.0	3.0
160	2260.5	8.0	134.0	20.0	3.0	13.0	5.0
170	2364.0	31.0	216.0	18.0	27.0	14.0	4.0
180	2394.0	5.0	75.0	10.0	0.0	5.0	5.0
190	2214.5	7.0	60.0	19.0	5.0	14.0	2.0
200	2286.6666666666665	19.0	176.0	15.0	17.0	13.0	2.0
210	2303.1666666666665	2.0	33.0	7.0	0.0	5.0	2.0
220	2307.0	20.0	199.0	14.0	15.0	8.0	5.0
230	2446.1666666666665	1.0	54.0	4.0	0.0	3.0	1.0
240	2341.5	2.0	41.0	2.0	1.0	1.0	1.0
250	2589.6666666666665	36.0	117.0	38.0	36.0	35.0	0.0
260	2531.6666666666665	14.0	80.0	14.0	4.0	4.0	10.0
270	2426.3333333333335	1.0	45.0	2.0	1.0	2.0	0.0
280	2543.3333333333335	15.0	72.0	13.0	3.0	1.0	12.0
290	2358.6666666666665	21.0	130.0	14.0	19.0	5.0	2.0
300	2793.5	7.0	79.0	9.0	3.0	5.0	4.0
310	2292.0	9.0	112.0	8.0	6.0	5.0	3.0
320	2561.5	26.0	137.0	27.0	3.0	4.0	23.0
330	2670.1666666666665	20.0	138.0	25.0	2.0	6.0	18.0
340	2579.3333333333335	8.0	85.0	11.0	6.0	9.0	2.0
350	2503.8333333333335	14.0	116.0	8.0	12.0	5.0	2.0
360	2770.1666666666665	6.0	69.0	5.0	6.0	5.0	0.0
370	2414.0	17.0	89.0	12.0	16.0	11.0	1.0
380	2605.8333333333335	10.0	116.0	14.0	9.0	9.0	1.0
390	2834.6666666666665	1.0	56.0	4.0	0.0	3.0	1.0
400	2686.1666666666665	4.0	37.0	7.0	0.0	3.0	4.0
410	2665.0	12.0	117.0	27.0	10.0	22.0	2.0
420	2832.0	3.0	61.0	5.0	1.0	3.0	2.0
430	2894.8333333333335	5.0	138.0	9.0	2.0	6.0	3.0
440	2833.0	5.0	174.0	9.0	2.0	6.0	3.0
450	2973.0	18.0	144.0	32.0	8.0	22.0	10.0
460	2623.1666666666665	7.0	110.0	12.0	4.0	9.0	3.0
470	2371.0	11.0	128.0	15.0	9.0	13.0	2.0
480	2695.5	7.0	161.0	13.0	5.0	11.0	2.0
490	3024.6666666666665	5.0	53.0	10.0	3.0	7.0	2.0
500	2832.8333333333335	1.0	32.0	5.0	0.0	4.0	1.0
510	2789.3333333333335	13.0	121.0	15.0	10.0	4.0	3.0
520	2704.3333333333335	17.0	96.0	18.0	6.0	6.0	11.0
530	2898.1666666666665	9.0	139.0	18.0	2.0	11.0	7.0
540	2708.1666666666665	1.0	76.0	5.0	0.0	4.0	1.0
550	2761.1666666666665	12.0	167.0	14.0	7.0	6.0	5.0
560	2605.1666666666665	7.0	91.0	9.0	5.0	5.0	2.0
570	2760.0	21.0	177.0	35.0	19.0	24.0	2.0
580	3073.0	6.0	80.0	4.0	5.0	3.0	1.0
590	2866.1666666666665	10.0	89.0	5.0	8.0	2.0	2.0
600	2729.3333333333335	5.0	41.0	6.0	1.0	2.0	4.0
610	2736.0	10.0	50.0	11.0	8.0	2.0	2.0
620	2941.3333333333335	13.0	57.0	16.0	11.0	5.0	2.0
630	2547.6666666666665	5.0	130.0	9.0	5.0	9.0	0.0
640	2836.1666666666665	15.0	79.0	18.0	14.0	13.0	1.0
650	2715.1666666666665	11.0	53.0	3.0	10.0	2.0	1.0
660	2643.8333333333335	10.0	142.0	15.0	6.0	11.0	4.0
670	2742.1666666666665	24.0	100.0	9.0	20.0	4.0	4.0
680	3082.0	1.0	78.0	7.0	0.0	6.0	1.0
690	2805.3333333333335	1.0	38.0	6.0	1.0	6.0	0.0
700	3134.6666666666665	9.0	188.0	18.0	2.0	9.0	7.0
710	2857.3333333333335	7.0	109.0	16.0	3.0	10.0	4.0
720	2737.1666666666665	2.0	33.0	5.0	0.0	3.0	2.0
730	3028.6666666666665	4.0	38.0	5.0	3.0	4.0	1.0
740	2943.0	2.0	135.0	12.0	0.0	10.0	2.0
750	2872.5	8.0	111.0	7.0	5.0	1.0	3.0
760	2704.6666666666665	2.0	138.0	12.0	0.0	10.0	2.0
770	2824.6666666666665	5.0	102.0	10.0	4.0	8.0	1.0
780	3060.1666666666665	16.0	125.0	17.0	3.0	3.0	13.0
790	2785.0	3.0	43.0	3.0	2.0	2.0	1.0
800	2960.1666666666665	21.0	130.0	13.0	14.0	5.0	7.0
810	2618.6666666666665	28.0	82.0	27.0	2.0	1.0	26.0
820	2900.6666666666665	6.0	52.0	6.0	4.0	4.0	2.0
830	2955.0	2.0	60.0	6.0	0.0	4.0	2.0
840	3082.5	2.0	67.0	3.0	0.0	1.0	2.0
850	3111.6666666666665	20.0	135.0	31.0	18.0	21.0	2.0
860	2856.0	2.0	84.0	6.0	0.0	4.0	2.0
870	3254.8333333333335	5.0	182.0	14.0	3.0	12.0	2.0
880	3242.8333333333335	1.0	32.0	2.0	0.0	1.0	1.0
890	3125.1666666666665	2.0	11.0	3.0	0.0	1.0	2.0
900	3103.5	0.0	75.0	2.0	0.0	2.0	0.0
910	2966.8333333333335	11.0	50.0	10.0	4.0	2.0	7.0
920	2923.8333333333335	5.0	168.0	6.0	4.0	5.0	1.0
930	2955.3333333333335	4.0	107.0	7.0	1.0	4.0	3.0
940	2773.0	18.0	187.0	30.0	14.0	26.0	4.0
950	3092.1666666666665	12.0	65.0	34.0	7.0	26.0	5.0
960	3037.3333333333335	10.0	84.0	9.0	8.0	7.0	2.0
970	2983.3333333333335	6.0	143.0	13.0	4.0	11.0	2.0
980	2959.5	5.0	53.0	3.0	3.0	1.0	2.0
990	2830.1666666666665	0.0	0.0	0.0	0.0	0.0	0.0
1000	3071.0	0.0	0.0	0.0	0.0	0.0	0.0
