0	255.33333333333334	0.0	0.0	0.0	0.0	0.0	0.0
10	70.0	0.0	0.0	0.0	0.0	0.0	0.0
20	70.0	0.0	0.0	0.0	0.0	0.0	0.0
30	70.0	26.0	31.0	4.0	26.0	3.0	0.0
40	70.0	0.0	0.0	0.0	0.0	0.0	0.0
50	70.0	0.0	10.0	0.0	0.0	0.0	0.0
60	70.0	0.0	0.0	0.0	0.0	0.0	0.0
70	70.0	0.0	3.0	0.0	0.0	0.0	0.0
80	70.0	0.0	0.0	0.0	0.0	0.0	0.0
90	70.0	0.0	0.0	0.0	0.0	0.0	0.0
100	70.0	0.0	0.0	0.0	0.0	0.0	0.0
110	70.0	24.0	34.0	2.0	23.0	1.0	1.0
120	70.0	0.0	0.0	0.0	0.0	0.0	0.0
130	70.0	0.0	0.0	0.0	0.0	0.0	0.0
140	70.0	0.0	0.0	0.0	0.0	0.0	0.0
150	70.0	0.0	1.0	0.0	0.0	0.0	0.0
160	70.0	0.0	9.0	0.0	0.0	0.0	0.0
170	70.0	0.0	0.0	0.0	0.0	0.0	0.0
180	70.0	0.0	7.0	0.0	0.0	0.0	0.0
190	72.0	0.0	0.0	0.0	0.0	0.0	0.0
200	71.0	0.0	0.0	0.0	0.0	0.0	0.0
210	77.33333333333333	4.0	0.0	4.0	0.0	0.0	4.0
220	74.66666666666667	0.0	0.0	0.0	0.0	0.0	0.0
230	72.66666666666667	0.0	0.0	0.0	0.0	0.0	0.0
240	84.66666666666667	15.0	36.0	15.0	2.0	2.0	13.0
250	112.33333333333333	1.0	47.0	0.0	1.0	0.0	0.0
260	210.33333333333334	3.0	72.0	2.0	2.0	1.0	1.0
270	294.3333333333333	1.0	81.0	3.0	1.0	3.0	0.0
280	183.33333333333334	1.0	90.0	0.0	1.0	0.0	0.0
290	154.0	1.0	34.0	1.0	1.0	0.0	0.0
300	138.0	0.0	0.0	0.0	0.0	0.0	0.0
310	147.66666666666666	0.0	0.0	0.0	0.0	0.0	0.0
320	138.0	7.0	4.0	6.0	1.0	0.0	6.0
330	130.0	24.0	270.0	28.0	4.0	8.0	20.0
340	162.0	0.0	35.0	0.0	0.0	0.0	0.0
350	157.66666666666666	23.0	90.0	25.0	0.0	2.0	23.0
360	213.0	2.0	84.0	3.0	0.0	1.0	2.0
370	579.0	20.0	93.0	24.0	0.0	4.0	20.0
380	593.3333333333334	1.0	57.0	1.0	0.0	0.0	1.0
390	833.3333333333334	2.0	130.0	4.0	2.0	4.0	0.0
400	1365.8333333333333	0.0	10.0	0.0	0.0	0.0	0.0
410	1037.0	0.0	67.0	1.0	0.0	1.0	0.0
420	1372.3333333333333	3.0	99.0	4.0	2.0	3.0	1.0
430	1452.6666666666667	0.0	97.0	3.0	0.0	3.0	0.0
440	1175.0	17.0	240.0	24.0	2.0	9.0	15.0
450	1566.3333333333333	4.0	150.0	6.0	1.0	3.0	3.0
460	1523.0	107.0	214.0	107.0	6.0	3.0	101.0
470	1276.3333333333333	8.0	264.0	14.0	4.0	10.0	4.0
480	1432.6666666666667	1.0	255.0	4.0	1.0	4.0	0.0
490	1419.0	11.0	94.0	14.0	2.0	5.0	9.0
500	1916.3333333333333	17.0	123.0	16.0	1.0	0.0	16.0
510	1857.1666666666667	16.0	88.0	20.0	0.0	4.0	16.0
520	1635.3333333333333	15.0	279.0	18.0	1.0	4.0	14.0
530	2156.6666666666665	232.0	125.0	227.0	7.0	2.0	225.0
540	2080.6666666666665	6.0	278.0	10.0	3.0	7.0	3.0
550	2416.6666666666665	25.0	354.0	33.0	6.0	13.0	19.0
560	2336.3333333333335	0.0	80.0	1.0	0.0	1.0	0.0
570	2435.0	2.0	185.0	12.0	0.0	10.0	2.0
580	2059.0	10.0	129.0	12.0	3.0	4.0	7.0
590	2495.0	7.0	36.0	8.0	0.0	1.0	7.0
600	2364.6666666666665	0.0	156.0	4.0	0.0	4.0	0.0
610	2243.8333333333335	21.0	180.0	27.0	4.0	9.0	17.0
620	2290.0	41.0	230.0	42.0	7.0	7.0	34.0
630	2404.8333333333335	62.0	116.0	63.0	0.0	1.0	62.0
640	2577.1666666666665	1.0	117.0	6.0	0.0	5.0	1.0
650	2468.1666666666665	1.0	128.0	6.0	0.0	5.0	1.0
660	2830.3333333333335	6.0	430.0	15.0	0.0	9.0	6.0
670	2446.0	25.0	567.0	34.0	1.0	10.0	24.0
680	2729.6666666666665	5.0	203.0	9.0	4.0	8.0	1.0
690	2327.5	40.0	202.0	42.0	2.0	4.0	38.0
700	2259.3333333333335	6.0	238.0	11.0	1.0	6.0	5.0
710	2770.3333333333335	5.0	339.0	11.0	4.0	10.0	1.0
720	2538.0	2.0	168.0	6.0	0.0	4.0	2.0
730	2636.6666666666665	1.0	220.0	13.0	0.0	12.0	1.0
740	2679.1666666666665	3.0	366.0	11.0	0.0	8.0	3.0
750	2604.8333333333335	8.0	392.0	20.0	2.0	13.0	6.0
760	2796.6666666666665	2.0	426.0	12.0	1.0	11.0	1.0
770	2485.0	3.0	178.0	13.0	0.0	10.0	3.0
780	2687.5	13.0	117.0	12.0	1.0	0.0	12.0
790	2571.1666666666665	60.0	533.0	72.0	2.0	14.0	58.0
800	2531.0	1.0	285.0	13.0	1.0	13.0	0.0
810	2601.3333333333335	0.0	352.0	7.0	0.0	7.0	0.0
820	2351.3333333333335	7.0	247.0	15.0	0.0	8.0	7.0
830	2475.6666666666665	1.0	85.0	3.0	1.0	2.0	0.0
840	2669.3333333333335	0.0	312.0	6.0	0.0	6.0	0.0
850	2607.3333333333335	36.0	342.0	45.0	0.0	9.0	36.0
860	2497.0	4.0	329.0	10.0	1.0	7.0	3.0
870	2726.3333333333335	1.0	286.0	6.0	0.0	5.0	1.0
880	2603.0	9.0	172.0	15.0	0.0	6.0	9.0
890	2876.8333333333335	0.0	0.0	0.0	0.0	0.0	0.0
900	2303.6666666666665	0.0	0.0	0.0	0.0	0.0	0.0
910	2726.5	0.0	0.0	0.0	0.0	0.0	0.0
920	2506.0	0.0	0.0	0.0	0.0	0.0	0.0
930	2669.5	0.0	0.0	0.0	0.0	0.0	0.0
940	2638.5	0.0	0.0	0.0	0.0	0.0	0.0
950	2444.3333333333335	0.0	0.0	0.0	0.0	0.0	0.0
960	2319.1666666666665	0.0	0.0	0.0	0.0	0.0	0.0
970	2477.0	0.0	0.0	0.0	0.0	0.0	0.0
980	2813.0	0.0	0.0	0.0	0.0	0.0	0.0
990	2291.5	0.0	0.0	0.0	0.0	0.0	0.0
1000	2189.5	0.0	0.0	0.0	0.0	0.0	0.0
