0	258.3333333333333	0.0	0.0	0.0	0.0	0.0	0.0
10	70.0	0.0	0.0	0.0	0.0	0.0	0.0
20	70.0	0.0	0.0	0.0	0.0	0.0	0.0
30	70.0	0.0	0.0	0.0	0.0	0.0	0.0
40	70.0	0.0	10.0	2.0	0.0	2.0	0.0
50	70.0	0.0	0.0	0.0	0.0	0.0	0.0
60	70.0	0.0	2.0	1.0	0.0	1.0	0.0
70	70.0	0.0	0.0	0.0	0.0	0.0	0.0
80	70.0	0.0	0.0	0.0	0.0	0.0	0.0
90	70.0	0.0	2.0	1.0	0.0	1.0	0.0
100	70.0	0.0	2.0	0.0	0.0	0.0	0.0
110	70.0	0.0	13.0	0.0	0.0	0.0	0.0
120	70.0	0.0	0.0	0.0	0.0	0.0	0.0
130	70.0	0.0	0.0	0.0	0.0	0.0	0.0
140	70.0	0.0	1.0	0.0	0.0	0.0	0.0
150	70.0	0.0	0.0	0.0	0.0	0.0	0.0
160	70.0	0.0	0.0	0.0	0.0	0.0	0.0
170	70.0	0.0	0.0	0.0	0.0	0.0	0.0
180	70.33333333333333	0.0	1.0	0.0	0.0	0.0	0.0
190	70.33333333333333	0.0	0.0	0.0	0.0	0.0	0.0
200	70.33333333333333	0.0	0.0	0.0	0.0	0.0	0.0
210	70.33333333333333	0.0	0.0	0.0	0.0	0.0	0.0
220	79.0	0.0	1.0	0.0	0.0	0.0	0.0
230	74.0	0.0	0.0	0.0	0.0	0.0	0.0
240	126.0	1.0	4.0	0.0	1.0	0.0	0.0
250	266.6666666666667	1.0	18.0	0.0	1.0	0.0	0.0
260	262.6666666666667	11.0	66.0	9.0	2.0	0.0	9.0
270	225.0	1.0	57.0	4.0	1.0	4.0	0.0
280	153.33333333333334	1.0	37.0	0.0	1.0	0.0	0.0
290	139.66666666666666	3.0	114.0	5.0	2.0	4.0	1.0
300	139.0	3.0	27.0	3.0	1.0	1.0	2.0
310	237.33333333333334	3.0	23.0	3.0	0.0	0.0	3.0
320	130.0	0.0	17.0	1.0	0.0	1.0	0.0
330	335.3333333333333	8.0	5.0	8.0	0.0	0.0	8.0
340	162.0	1.0	13.0	1.0	0.0	0.0	1.0
350	462.0	1.0	27.0	1.0	0.0	0.0	1.0
360	520.6666666666666	1.0	16.0	1.0	0.0	0.0	1.0
370	608.6666666666666	5.0	42.0	5.0	0.0	0.0	5.0
380	868.3333333333334	0.0	54.0	1.0	0.0	1.0	0.0
390	685.6666666666666	8.0	141.0	14.0	1.0	7.0	7.0
400	1148.3333333333333	3.0	94.0	4.0	2.0	3.0	1.0
410	925.0	41.0	151.0	46.0	2.0	6.0	39.0
420	1275.3333333333333	1.0	130.0	3.0	1.0	3.0	0.0
430	1560.0	3.0	50.0	2.0	2.0	1.0	1.0
440	1457.0	2.0	113.0	5.0	1.0	4.0	1.0
450	1892.0	1.0	111.0	5.0	0.0	4.0	1.0
460	1862.0	7.0	148.0	12.0	1.0	6.0	6.0
470	1740.3333333333333	4.0	144.0	11.0	1.0	8.0	3.0
480	2123.6666666666665	5.0	148.0	3.0	3.0	1.0	2.0
490	2286.1666666666665	23.0	83.0	23.0	10.0	0.0	13.0
500	1939.6666666666667	4.0	124.0	5.0	1.0	2.0	3.0
510	2187.0	52.0	27.0	51.0	2.0	0.0	50.0
520	2122.3333333333335	21.0	269.0	27.0	2.0	8.0	19.0
530	2075.3333333333335	2.0	115.0	4.0	2.0	3.0	0.0
540	2248.8333333333335	2.0	72.0	1.0	2.0	1.0	0.0
550	1920.0	0.0	19.0	1.0	0.0	1.0	0.0
560	2438.6666666666665	39.0	54.0	40.0	2.0	2.0	37.0
570	2323.0	1.0	124.0	7.0	1.0	7.0	0.0
580	2192.0	20.0	155.0	15.0	7.0	2.0	13.0
590	2514.3333333333335	11.0	433.0	20.0	5.0	14.0	6.0
600	2428.8333333333335	28.0	321.0	33.0	8.0	11.0	20.0
610	2579.6666666666665	4.0	273.0	13.0	1.0	10.0	3.0
620	2301.3333333333335	13.0	260.0	9.0	9.0	5.0	4.0
630	2366.6666666666665	56.0	324.0	61.0	5.0	10.0	51.0
640	2628.3333333333335	6.0	120.0	12.0	0.0	6.0	6.0
650	2272.6666666666665	4.0	106.0	6.0	1.0	3.0	3.0
660	2764.6666666666665	4.0	345.0	7.0	2.0	4.0	2.0
670	2682.1666666666665	10.0	186.0	6.0	8.0	4.0	2.0
680	2622.5	4.0	317.0	4.0	2.0	2.0	2.0
690	2639.8333333333335	7.0	408.0	17.0	5.0	15.0	2.0
700	2617.3333333333335	2.0	482.0	17.0	1.0	16.0	1.0
710	2805.8333333333335	0.0	215.0	3.0	0.0	3.0	0.0
720	2612.1666666666665	5.0	214.0	9.0	0.0	4.0	5.0
730	2626.3333333333335	3.0	151.0	7.0	1.0	5.0	2.0
740	2811.8333333333335	2.0	155.0	6.0	0.0	4.0	2.0
750	2587.0	1.0	195.0	3.0	1.0	3.0	0.0
760	2541.6666666666665	25.0	78.0	27.0	0.0	2.0	25.0
770	2632.6666666666665	1.0	193.0	4.0	0.0	3.0	1.0
780	2525.3333333333335	1.0	57.0	2.0	1.0	2.0	0.0
790	2540.8333333333335	46.0	207.0	48.0	2.0	4.0	44.0
800	2416.3333333333335	5.0	505.0	15.0	2.0	12.0	3.0
810	2460.5	0.0	227.0	9.0	0.0	9.0	0.0
820	2751.5	0.0	303.0	9.0	0.0	9.0	0.0
830	2408.6666666666665	1.0	102.0	4.0	0.0	3.0	1.0
840	2414.0	11.0	287.0	15.0	3.0	7.0	8.0
850	2433.8333333333335	3.0	225.0	6.0	1.0	4.0	2.0
860	2647.3333333333335	4.0	303.0	17.0	2.0	15.0	2.0
870	2567.3333333333335	19.0	151.0	23.0	2.0	5.0	17.0
880	2474.3333333333335	5.0	277.0	11.0	0.0	6.0	5.0
890	2351.6666666666665	30.0	209.0	36.0	1.0	7.0	29.0
900	2503.8333333333335	2.0	74.0	4.0	0.0	2.0	2.0
910	2573.8333333333335	4.0	434.0	11.0	0.0	7.0	4.0
920	2698.3333333333335	3.0	141.0	3.0	0.0	0.0	3.0
930	2603.0	3.0	180.0	9.0	0.0	6.0	3.0
940	2542.6666666666665	11.0	267.0	16.0	2.0	7.0	9.0
950	2584.6666666666665	0.0	164.0	5.0	0.0	5.0	0.0
960	2641.5	1.0	38.0	1.0	0.0	0.0	1.0
970	2590.3333333333335	2.0	272.0	8.0	0.0	6.0	2.0
980	2770.8333333333335	2.0	189.0	6.0	0.0	4.0	2.0
990	2713.8333333333335	1.0	252.0	7.0	0.0	6.0	1.0
1000	2462.8333333333335	2.0	191.0	5.0	0.0	3.0	2.0
