0	220.33333333333334	0.0	0.0	0.0	0.0	0.0	0.0
10	70.0	0.0	1.0	0.0	0.0	0.0	0.0
20	70.0	0.0	0.0	0.0	0.0	0.0	0.0
30	70.0	0.0	8.0	1.0	0.0	1.0	0.0
40	70.0	0.0	0.0	0.0	0.0	0.0	0.0
50	70.0	0.0	1.0	0.0	0.0	0.0	0.0
60	70.0	0.0	4.0	0.0	0.0	0.0	0.0
70	70.0	0.0	0.0	0.0	0.0	0.0	0.0
80	70.0	0.0	0.0	0.0	0.0	0.0	0.0
90	70.0	0.0	0.0	0.0	0.0	0.0	0.0
100	70.0	0.0	0.0	0.0	0.0	0.0	0.0
110	70.0	0.0	0.0	0.0	0.0	0.0	0.0
120	70.0	0.0	0.0	0.0	0.0	0.0	0.0
130	70.0	0.0	0.0	0.0	0.0	0.0	0.0
140	70.0	0.0	1.0	0.0	0.0	0.0	0.0
150	70.0	0.0	0.0	0.0	0.0	0.0	0.0
160	70.0	0.0	0.0	0.0	0.0	0.0	0.0
170	70.0	0.0	0.0	0.0	0.0	0.0	0.0
180	70.0	17.0	30.0	4.0	17.0	4.0	0.0
190	70.66666666666667	0.0	0.0	0.0	0.0	0.0	0.0
200	74.33333333333333	13.0	21.0	0.0	13.0	0.0	0.0
210	72.66666666666667	0.0	0.0	0.0	0.0	0.0	0.0
220	81.0	0.0	0.0	0.0	0.0	0.0	0.0
230	77.0	11.0	11.0	0.0	11.0	0.0	0.0
240	149.66666666666666	10.0	76.0	9.0	4.0	2.0	6.0
250	250.33333333333334	1.0	24.0	2.0	1.0	2.0	0.0
260	184.66666666666666	8.0	62.0	6.0	2.0	0.0	6.0
270	180.0	15.0	89.0	13.0	4.0	2.0	11.0
280	124.0	3.0	86.0	5.0	3.0	5.0	0.0
290	130.0	3.0	93.0	2.0	2.0	1.0	1.0
300	155.0	2.0	8.0	2.0	1.0	1.0	1.0
310	155.0	5.0	64.0	6.0	0.0	1.0	5.0
320	220.33333333333334	1.0	48.0	3.0	0.0	2.0	1.0
330	784.0	20.0	118.0	18.0	3.0	1.0	17.0
340	1094.3333333333333	1.0	53.0	2.0	1.0	2.0	0.0
350	1034.6666666666667	13.0	115.0	7.0	9.0	3.0	4.0
360	1156.6666666666667	3.0	35.0	3.0	1.0	1.0	2.0
370	1274.3333333333333	3.0	128.0	3.0	0.0	0.0	3.0
380	1512.0	4.0	163.0	5.0	2.0	3.0	2.0
390	1741.3333333333333	1.0	121.0	7.0	0.0	6.0	1.0
400	1628.0	2.0	123.0	7.0	0.0	5.0	2.0
410	1797.6666666666667	38.0	117.0	41.0	0.0	3.0	38.0
420	1653.6666666666667	289.0	150.0	285.0	7.0	2.0	282.0
430	1890.6666666666667	1.0	120.0	4.0	0.0	3.0	1.0
440	1929.3333333333333	4.0	64.0	5.0	0.0	1.0	4.0
450	2296.0	3.0	164.0	6.0	2.0	5.0	1.0
460	2374.6666666666665	21.0	282.0	28.0	2.0	9.0	19.0
470	2229.0	134.0	144.0	128.0	10.0	1.0	124.0
480	2119.8333333333335	67.0	148.0	68.0	6.0	6.0	61.0
490	2280.3333333333335	16.0	167.0	17.0	3.0	4.0	13.0
500	1970.0	50.0	245.0	49.0	5.0	4.0	45.0
510	2126.6666666666665	1.0	203.0	5.0	1.0	5.0	0.0
520	2285.3333333333335	229.0	253.0	220.0	18.0	7.0	211.0
530	2275.0	3.0	92.0	4.0	3.0	4.0	0.0
540	2509.3333333333335	8.0	8.0	8.0	0.0	0.0	8.0
550	1930.6666666666667	0.0	0.0	0.0	0.0	0.0	0.0
560	2135.1666666666665	0.0	0.0	0.0	0.0	0.0	0.0
570	1963.6666666666667	0.0	0.0	0.0	0.0	0.0	0.0
580	2311.6666666666665	0.0	0.0	0.0	0.0	0.0	0.0
590	2448.3333333333335	0.0	0.0	0.0	0.0	0.0	0.0
600	2327.3333333333335	0.0	0.0	0.0	0.0	0.0	0.0
610	2263.3333333333335	0.0	0.0	0.0	0.0	0.0	0.0
620	2547.3333333333335	0.0	0.0	0.0	0.0	0.0	0.0
630	2590.6666666666665	0.0	0.0	0.0	0.0	0.0	0.0
640	2691.0	0.0	0.0	0.0	0.0	0.0	0.0
650	2482.5	0.0	0.0	0.0	0.0	0.0	0.0
660	2523.6666666666665	0.0	0.0	0.0	0.0	0.0	0.0
670	2448.6666666666665	0.0	0.0	0.0	0.0	0.0	0.0
680	2588.5	0.0	0.0	0.0	0.0	0.0	0.0
690	2591.3333333333335	0.0	0.0	0.0	0.0	0.0	0.0
700	2800.6666666666665	0.0	0.0	0.0	0.0	0.0	0.0
710	2659.5	0.0	0.0	0.0	0.0	0.0	0.0
720	2603.1666666666665	0.0	0.0	0.0	0.0	0.0	0.0
730	2751.0	0.0	0.0	0.0	0.0	0.0	0.0
740	2850.6666666666665	0.0	0.0	0.0	0.0	0.0	0.0
750	2564.0	0.0	0.0	0.0	0.0	0.0	0.0
760	2204.6666666666665	0.0	0.0	0.0	0.0	0.0	0.0
770	2451.1666666666665	0.0	0.0	0.0	0.0	0.0	0.0
780	2598.5	0.0	0.0	0.0	0.0	0.0	0.0
790	2384.5	0.0	0.0	0.0	0.0	0.0	0.0
800	2618.8333333333335	0.0	0.0	0.0	0.0	0.0	0.0
810	2353.6666666666665	0.0	0.0	0.0	0.0	0.0	0.0
820	2427.0	0.0	0.0	0.0	0.0	0.0	0.0
830	2522.6666666666665	0.0	0.0	0.0	0.0	0.0	0.0
840	2505.5	0.0	0.0	0.0	0.0	0.0	0.0
850	2691.3333333333335	0.0	0.0	0.0	0.0	0.0	0.0
860	2460.8333333333335	0.0	0.0	0.0	0.0	0.0	0.0
870	2592.3333333333335	0.0	0.0	0.0	0.0	0.0	0.0
880	2728.8333333333335	0.0	0.0	0.0	0.0	0.0	0.0
890	2513.0	0.0	0.0	0.0	0.0	0.0	0.0
900	1901.1666666666667	0.0	0.0	0.0	0.0	0.0	0.0
910	1809.8333333333333	0.0	0.0	0.0	0.0	0.0	0.0
920	2563.6666666666665	0.0	0.0	0.0	0.0	0.0	0.0
930	2299.6666666666665	0.0	0.0	0.0	0.0	0.0	0.0
940	2694.5	0.0	0.0	0.0	0.0	0.0	0.0
950	2066.6666666666665	0.0	0.0	0.0	0.0	0.0	0.0
960	2598.6666666666665	0.0	0.0	0.0	0.0	0.0	0.0
970	1700.0	0.0	0.0	0.0	0.0	0.0	0.0
980	1997.1666666666667	0.0	0.0	0.0	0.0	0.0	0.0
990	2147.6666666666665	0.0	0.0	0.0	0.0	0.0	0.0
1000	2143.1666666666665	0.0	0.0	0.0	0.0	0.0	0.0
