0	261.6444444444444	0.0	0.0
10	1946.7666666666662	337.3666666666667	8929.433333333332
20	1979.938888888889	87.63333333333334	8472.933333333332
30	2009.5222222222221	57.733333333333334	8282.166666666666
40	2087.311111111111	33.166666666666664	8317.133333333333
50	2099.5444444444447	32.833333333333336	9017.866666666667
60	2060.077777777778	25.766666666666666	8818.766666666666
70	2104.005555555556	22.366666666666667	8545.366666666667
80	2063.7388888888886	25.6	9346.966666666667
90	2088.622222222222	19.133333333333333	8719.933333333332
100	2115.488888888889	18.1	8887.933333333332
110	2112.755555555556	18.566666666666666	8838.833333333334
120	2132.694444444445	14.733333333333333	8186.866666666667
130	2170.038888888889	21.066666666666666	8850.7
140	2217.1666666666665	20.7	9080.4
150	2216.627777777778	20.533333333333335	9212.8
160	2240.827777777778	19.8	8970.1
170	2258.2611111111114	21.133333333333333	9128.066666666668
180	2282.927777777778	19.966666666666665	9251.2
190	2288.227777777777	29.6	9829.966666666667
200	2311.422222222222	24.866666666666667	9466.9
210	2315.766666666667	22.966666666666665	9085.733333333334
220	2350.333333333334	21.0	9252.2
230	2347.7833333333333	12.133333333333333	8499.333333333334
240	2351.7944444444443	16.133333333333333	9229.233333333334
250	2394.977777777778	12.366666666666667	8890.633333333333
260	2398.0444444444443	9.333333333333334	9149.666666666666
270	2392.261111111111	8.333333333333334	8433.7
280	2411.722222222222	8.266666666666667	8695.633333333333
290	2449.1444444444446	6.133333333333334	8770.4
300	2406.2277777777776	4.6	9046.933333333332
310	2489.1000000000004	2.4	9498.866666666667
320	2481.7055555555553	1.0333333333333334	9343.7
330	2464.9055555555556	1.6	9284.533333333333
340	2499.5611111111116	0.7	9226.4
350	2495.7611111111105	0.5666666666666667	9553.766666666666
360	2483.883333333333	1.0666666666666667	9075.8
370	2532.738888888889	0.7	8997.266666666666
380	2540.116666666667	0.0	8838.166666666666
390	2537.383333333333	0.0	9026.833333333334
400	2576.6888888888884	0.0	8410.033333333333
410	2544.9666666666667	0.0	9228.9
420	2608.3611111111113	0.0	9678.3
430	2649.9555555555557	0.0	8622.633333333333
440	2595.5000000000005	0.0	9032.466666666667
450	2606.233333333332	0.0	9507.733333333334
460	2632.6555555555547	0.0	9006.933333333332
470	2618.222222222223	0.0	9203.266666666666
480	2638.5277777777783	0.0	9501.366666666667
490	2657.983333333334	0.0	9060.3
500	2644.9	0.0	9203.866666666667
510	2703.011111111112	0.0	9516.833333333334
520	2703.4666666666667	0.0	8927.7
530	2711.1444444444446	0.0	9766.566666666668
540	2692.4555555555553	0.0	9034.366666666667
550	2668.472222222223	0.0	9362.933333333332
560	2688.4277777777775	0.0	9272.233333333334
570	2652.0500000000006	0.0	9615.9
580	2703.5333333333333	0.0	9851.466666666667
590	2702.1833333333343	0.0	9754.566666666668
600	2681.572222222222	0.0	9482.466666666667
610	2684.516666666667	0.0	9922.766666666666
620	2765.2833333333338	0.0	9444.633333333333
630	2735.033333333334	0.0	9324.933333333332
640	2767.8111111111116	0.0	9414.466666666667
650	2731.527777777778	0.0	9158.833333333334
660	2785.7388888888886	0.0	9825.633333333333
670	2727.1111111111113	0.0	9467.366666666667
680	2779.066666666666	0.0	9610.433333333332
690	2756.2555555555564	0.0	9474.466666666667
700	2770.8111111111107	0.0	9331.433333333332
710	2792.3277777777776	0.0	9907.633333333333
720	2766.999999999999	0.0	9758.966666666667
730	2822.35	0.0	9819.166666666666
740	2840.116666666667	0.0	9533.133333333333
750	2789.494444444444	0.0	9486.766666666666
760	2814.4833333333327	0.0	9778.766666666666
770	2833.144444444445	0.0	9684.133333333333
780	2842.2111111111108	0.0	9595.4
790	2821.394444444444	0.0	9686.733333333334
800	2796.4499999999994	0.0	10161.466666666667
810	2833.072222222222	0.0	10230.533333333333
820	2862.672222222223	0.0	9525.433333333332
830	2886.322222222222	0.0	9943.1
840	2924.327777777778	0.0	9265.0
850	2840.366666666666	0.0	10163.633333333333
860	2881.5944444444444	0.0	10112.133333333333
870	2879.6111111111113	0.0	9820.0
880	2907.75	0.0	10057.966666666667
890	2880.0388888888892	0.0	9601.3
900	2955.1555555555556	0.0	9439.6
910	2935.2888888888897	0.0	10517.6
920	2964.1	0.0	9984.233333333334
930	2983.5333333333333	0.0	9767.6
940	2934.4833333333327	0.0	9900.8
950	2980.9666666666662	0.0	9624.733333333334
960	2964.4722222222217	0.0	10356.9
970	2946.144444444444	0.0	9932.0
980	3011.066666666667	0.0	9614.033333333333
990	3053.6611111111106	0.0	10255.133333333333
1000	3002.5388888888892	0.0	9889.7
