0	289.0	0.0	0.0
10	2145.6666666666665	237.0	7784.0
20	2101.8333333333335	17.0	6788.0
30	1990.3333333333333	69.0	9249.0
40	2178.3333333333335	63.0	9930.0
50	1979.6666666666667	95.0	11805.0
60	2018.3333333333333	29.0	10487.0
70	2024.0	17.0	7808.0
80	2069.8333333333335	24.0	8435.0
90	2117.8333333333335	18.0	9558.0
100	2067.0	13.0	11251.0
110	1916.3333333333333	31.0	9494.0
120	2177.6666666666665	26.0	9126.0
130	2097.8333333333335	22.0	8731.0
140	2221.1666666666665	30.0	8969.0
150	2221.1666666666665	49.0	8860.0
160	2503.3333333333335	12.0	7431.0
170	2492.1666666666665	52.0	11442.0
180	2340.8333333333335	43.0	11065.0
190	2308.1666666666665	30.0	10763.0
200	2279.6666666666665	53.0	13570.0
210	2384.1666666666665	43.0	10828.0
220	2387.3333333333335	27.0	10933.0
230	2400.3333333333335	0.0	6701.0
240	2352.6666666666665	0.0	10061.0
250	2342.5	0.0	7825.0
260	2265.8333333333335	0.0	7783.0
270	2338.3333333333335	0.0	7649.0
280	2298.5	0.0	8191.0
290	2471.6666666666665	0.0	9488.0
300	2310.1666666666665	0.0	8524.0
310	2522.0	0.0	8822.0
320	2482.5	0.0	10758.0
330	2541.1666666666665	0.0	7024.0
340	2431.0	0.0	11750.0
350	2540.3333333333335	0.0	11737.0
360	2431.1666666666665	0.0	11828.0
370	2474.0	0.0	9347.0
380	2586.0	0.0	7035.0
390	2322.8333333333335	0.0	11839.0
400	2798.3333333333335	0.0	11886.0
410	2547.5	0.0	6302.0
420	2618.0	0.0	9598.0
430	2641.0	0.0	9811.0
440	2601.1666666666665	0.0	7357.0
450	2434.0	0.0	7963.0
460	2617.3333333333335	0.0	7891.0
470	2694.8333333333335	0.0	9334.0
480	2588.6666666666665	0.0	12712.0
490	2660.8333333333335	0.0	8055.0
500	2722.0	0.0	12443.0
510	2678.1666666666665	0.0	8092.0
520	2833.8333333333335	0.0	10511.0
530	2765.6666666666665	0.0	8145.0
540	2588.6666666666665	0.0	6687.0
550	2554.6666666666665	0.0	8606.0
560	2736.5	0.0	9023.0
570	2740.1666666666665	0.0	7915.0
580	2782.5	0.0	8397.0
590	2720.3333333333335	0.0	9235.0
600	2731.6666666666665	0.0	12162.0
610	2417.1666666666665	0.0	8443.0
620	2938.8333333333335	0.0	11998.0
630	3035.3333333333335	0.0	8235.0
640	2772.0	0.0	8351.0
650	2646.0	0.0	7548.0
660	2774.6666666666665	0.0	11666.0
670	2716.3333333333335	0.0	6962.0
680	2906.8333333333335	0.0	8705.0
690	2896.6666666666665	0.0	9599.0
700	2664.6666666666665	0.0	8308.0
710	2746.5	0.0	10980.0
720	3044.0	0.0	8405.0
730	2904.1666666666665	0.0	9905.0
740	2697.6666666666665	0.0	7624.0
750	2743.6666666666665	0.0	10378.0
760	2480.6666666666665	0.0	6566.0
770	2906.0	0.0	9176.0
780	2813.6666666666665	0.0	9764.0
790	2696.0	0.0	7156.0
800	2744.8333333333335	0.0	13034.0
810	3027.0	0.0	10577.0
820	2925.5	0.0	7316.0
830	2879.5	0.0	10375.0
840	2874.6666666666665	0.0	8220.0
850	2987.5	0.0	9778.0
860	3132.1666666666665	0.0	9415.0
870	2615.5	0.0	10836.0
880	3000.5	0.0	9109.0
890	3099.6666666666665	0.0	11244.0
900	2822.8333333333335	0.0	8238.0
910	3058.6666666666665	0.0	11165.0
920	2818.5	0.0	9284.0
930	3039.0	0.0	7262.0
940	2844.8333333333335	0.0	9456.0
950	2911.6666666666665	0.0	10188.0
960	3041.6666666666665	0.0	9074.0
970	3035.1666666666665	0.0	6092.0
980	3136.5	0.0	9756.0
990	2886.0	0.0	7649.0
1000	2941.5	0.0	9790.0
