0	242.0	0.0	0.0
10	2159.6666666666665	438.0	11064.0
20	2048.3333333333335	128.0	9861.0
30	2062.3333333333335	25.0	8596.0
40	2139.6666666666665	43.0	8151.0
50	2214.3333333333335	28.0	10124.0
60	1954.3333333333333	25.0	9300.0
70	1977.5	14.0	9653.0
80	2120.3333333333335	22.0	7443.0
90	2129.0	34.0	10772.0
100	2157.5	18.0	8551.0
110	2090.8333333333335	17.0	10420.0
120	2323.8333333333335	12.0	10341.0
130	2289.1666666666665	37.0	8660.0
140	2037.1666666666667	22.0	8202.0
150	2364.5	35.0	8747.0
160	1972.0	9.0	7516.0
170	2265.1666666666665	21.0	7798.0
180	2298.0	17.0	9262.0
190	2160.1666666666665	40.0	12105.0
200	2257.1666666666665	15.0	10166.0
210	2352.0	0.0	7888.0
220	2392.1666666666665	0.0	7464.0
230	2126.1666666666665	0.0	7786.0
240	2118.0	0.0	5688.0
250	2211.6666666666665	0.0	7721.0
260	2322.1666666666665	0.0	7929.0
270	2332.0	0.0	9874.0
280	2213.1666666666665	0.0	8093.0
290	2347.0	0.0	6125.0
300	2331.3333333333335	0.0	6793.0
310	2328.6666666666665	0.0	9060.0
320	2420.5	0.0	8051.0
330	2090.8333333333335	0.0	11779.0
340	2280.1666666666665	0.0	8117.0
350	2458.0	0.0	6679.0
360	2380.0	0.0	10301.0
370	2534.6666666666665	0.0	8473.0
380	2532.1666666666665	0.0	10353.0
390	2435.6666666666665	0.0	9280.0
400	2499.0	0.0	6033.0
410	2421.5	0.0	10321.0
420	2504.5	0.0	9565.0
430	2738.6666666666665	0.0	7879.0
440	2571.3333333333335	0.0	7164.0
450	2627.1666666666665	0.0	7696.0
460	2468.0	0.0	5046.0
470	2818.3333333333335	0.0	8948.0
480	2452.1666666666665	0.0	6951.0
490	2689.5	0.0	9159.0
500	2391.6666666666665	0.0	8616.0
510	2993.3333333333335	0.0	7886.0
520	2497.0	0.0	10851.0
530	2532.8333333333335	0.0	12583.0
540	2635.8333333333335	0.0	9057.0
550	2713.8333333333335	0.0	11296.0
560	2651.6666666666665	0.0	9935.0
570	2771.5	0.0	11894.0
580	2686.6666666666665	0.0	8546.0
590	2837.3333333333335	0.0	8513.0
600	2612.3333333333335	0.0	8074.0
610	2718.5	0.0	10873.0
620	2672.3333333333335	0.0	6068.0
630	2600.3333333333335	0.0	7555.0
640	2421.1666666666665	0.0	7087.0
650	2641.1666666666665	0.0	12654.0
660	2957.0	0.0	13540.0
670	2806.0	0.0	8086.0
680	2808.6666666666665	0.0	9504.0
690	2688.3333333333335	0.0	8522.0
700	2780.3333333333335	0.0	10896.0
710	2720.0	0.0	9283.0
720	2587.6666666666665	0.0	11263.0
730	2872.1666666666665	0.0	8171.0
740	2819.6666666666665	0.0	9725.0
750	2876.6666666666665	0.0	8269.0
760	2519.0	0.0	9796.0
770	2766.6666666666665	0.0	12318.0
780	2674.5	0.0	10220.0
790	2812.6666666666665	0.0	7324.0
800	2643.6666666666665	0.0	7236.0
810	2510.6666666666665	0.0	7591.0
820	2747.3333333333335	0.0	10045.0
830	2899.3333333333335	0.0	9569.0
840	2626.0	0.0	9667.0
850	2705.1666666666665	0.0	9925.0
860	2877.5	0.0	9783.0
870	2564.3333333333335	0.0	9918.0
880	2685.8333333333335	0.0	9476.0
890	2680.0	0.0	9249.0
900	2899.0	0.0	7451.0
910	2697.3333333333335	0.0	8493.0
920	2817.0	0.0	9950.0
930	3019.8333333333335	0.0	11391.0
940	2741.6666666666665	0.0	9692.0
950	2739.3333333333335	0.0	13576.0
960	2807.0	0.0	9141.0
970	2908.0	0.0	7177.0
980	2813.6666666666665	0.0	8640.0
990	2852.0	0.0	8226.0
1000	2733.5	0.0	11061.0
