0	262.0	0.0
10	1985.0	73.0
20	1940.1666666666667	4.0
30	2184.1666666666665	1.0
40	2121.5	5.0
50	2064.3333333333335	1.0
60	2242.6666666666665	25.0
70	2328.3333333333335	0.0
80	2396.3333333333335	39.0
90	2319.3333333333335	55.0
100	2556.6666666666665	37.0
110	2540.5	7.0
120	2580.3333333333335	34.0
130	2096.6666666666665	40.0
140	2647.1666666666665	128.0
150	2622.1666666666665	60.0
160	2638.1666666666665	7.0
170	2653.8333333333335	53.0
180	2742.5	98.0
190	2883.3333333333335	71.0
200	2594.6666666666665	67.0
210	2116.3333333333335	116.0
220	3100.0	79.0
230	2897.1666666666665	0.0
240	2713.8333333333335	0.0
250	2415.6666666666665	0.0
260	2887.0	0.0
270	2469.1666666666665	0.0
280	2943.5	0.0
290	2889.6666666666665	0.0
300	3004.8333333333335	0.0
310	3039.1666666666665	0.0
320	2882.6666666666665	0.0
330	3011.0	0.0
340	3671.6666666666665	0.0
350	3303.0	0.0
360	2515.1666666666665	0.0
370	3137.1666666666665	0.0
380	3518.1666666666665	0.0
390	3865.3333333333335	0.0
400	3016.3333333333335	0.0
410	3775.8333333333335	0.0
420	3183.1666666666665	0.0
430	3591.6666666666665	0.0
440	3487.3333333333335	0.0
450	3659.6666666666665	0.0
460	3150.0	0.0
470	3808.1666666666665	0.0
480	3499.6666666666665	0.0
490	3573.1666666666665	0.0
500	3825.5	0.0
510	3636.1666666666665	0.0
520	4134.166666666667	0.0
530	3734.0	0.0
540	3505.1666666666665	0.0
550	3668.0	0.0
560	3804.3333333333335	0.0
570	3548.1666666666665	0.0
580	3629.0	0.0
590	4140.666666666667	0.0
600	3641.8333333333335	0.0
610	3553.8333333333335	0.0
620	3744.0	0.0
630	2887.5	0.0
640	3684.8333333333335	0.0
650	3593.6666666666665	0.0
660	3738.3333333333335	0.0
670	3944.5	0.0
680	4001.6666666666665	0.0
690	3751.5	0.0
700	3376.3333333333335	0.0
710	3879.6666666666665	0.0
720	3967.1666666666665	0.0
730	3823.0	0.0
740	3280.3333333333335	0.0
750	3425.0	0.0
760	3620.5	0.0
770	3534.0	0.0
780	3655.5	0.0
790	3787.8333333333335	0.0
800	3857.5	0.0
810	3725.0	0.0
820	3587.8333333333335	0.0
830	3950.0	0.0
840	3584.5	0.0
850	3281.5	0.0
860	3729.0	0.0
870	3861.1666666666665	0.0
880	3561.1666666666665	0.0
890	3908.5	0.0
900	3638.8333333333335	0.0
910	3858.8333333333335	0.0
920	3966.1666666666665	0.0
930	3806.3333333333335	0.0
940	3618.1666666666665	0.0
950	3267.6666666666665	0.0
960	3620.5	0.0
970	3164.3333333333335	0.0
980	3655.0	0.0
990	3859.8333333333335	0.0
1000	4144.833333333333	0.0
