0	230.66666666666666	0.0
10	2119.6666666666665	37.0
20	2141.6666666666665	4.0
30	2033.0	102.0
40	2170.3333333333335	162.0
50	2299.1666666666665	78.0
60	2201.5	14.0
70	2341.5	15.0
80	2670.8333333333335	1.0
90	2644.6666666666665	14.0
100	2415.5	47.0
110	2575.8333333333335	45.0
120	2574.1666666666665	58.0
130	2215.0	18.0
140	2388.3333333333335	24.0
150	2492.6666666666665	44.0
160	2140.6666666666665	66.0
170	2628.1666666666665	45.0
180	2674.0	52.0
190	2990.0	66.0
200	2704.1666666666665	2.0
210	2688.6666666666665	106.0
220	2126.6666666666665	0.0
230	2766.1666666666665	0.0
240	2574.5	0.0
250	2716.1666666666665	0.0
260	2946.0	0.0
270	3123.1666666666665	0.0
280	3062.3333333333335	0.0
290	2613.8333333333335	0.0
300	3176.1666666666665	0.0
310	3245.1666666666665	0.0
320	2985.6666666666665	0.0
330	3180.3333333333335	0.0
340	3117.0	0.0
350	3055.6666666666665	0.0
360	3475.8333333333335	0.0
370	3265.8333333333335	0.0
380	2976.1666666666665	0.0
390	3126.3333333333335	0.0
400	3188.1666666666665	0.0
410	3030.0	0.0
420	3301.0	0.0
430	3833.5	0.0
440	3466.3333333333335	0.0
450	3245.3333333333335	0.0
460	3454.5	0.0
470	3512.1666666666665	0.0
480	3775.1666666666665	0.0
490	3465.3333333333335	0.0
500	3846.1666666666665	0.0
510	4090.1666666666665	0.0
520	3726.0	0.0
530	3301.1666666666665	0.0
540	3329.8333333333335	0.0
550	3428.5	0.0
560	3685.5	0.0
570	2859.0	0.0
580	3495.3333333333335	0.0
590	3464.0	0.0
600	3889.8333333333335	0.0
610	4214.666666666667	0.0
620	3889.3333333333335	0.0
630	3754.3333333333335	0.0
640	3829.6666666666665	0.0
650	3870.8333333333335	0.0
660	3713.8333333333335	0.0
670	4048.0	0.0
680	3799.3333333333335	0.0
690	3578.0	0.0
700	3702.8333333333335	0.0
710	3352.3333333333335	0.0
720	3525.3333333333335	0.0
730	3871.5	0.0
740	3465.0	0.0
750	3876.8333333333335	0.0
760	3810.8333333333335	0.0
770	3770.8333333333335	0.0
780	3974.6666666666665	0.0
790	3744.5	0.0
800	3778.1666666666665	0.0
810	3692.0	0.0
820	3999.3333333333335	0.0
830	3860.8333333333335	0.0
840	3709.1666666666665	0.0
850	3649.6666666666665	0.0
860	3701.0	0.0
870	4138.166666666667	0.0
880	3729.5	0.0
890	3745.6666666666665	0.0
900	3623.6666666666665	0.0
910	3863.1666666666665	0.0
920	3615.6666666666665	0.0
930	3793.1666666666665	0.0
940	3829.1666666666665	0.0
950	3744.3333333333335	0.0
960	4192.333333333333	0.0
970	3728.5	0.0
980	3821.3333333333335	0.0
990	3885.5	0.0
1000	3926.6666666666665	0.0
