0	254.66666666666666	0.0
10	2056.8333333333335	1.0
20	2136.6666666666665	3.0
30	1790.8333333333333	48.0
40	2018.5	66.0
50	2328.8333333333335	56.0
60	2229.8333333333335	0.0
70	2205.1666666666665	26.0
80	2369.6666666666665	22.0
90	2159.5	114.0
100	2568.0	52.0
110	2650.3333333333335	46.0
120	2428.0	64.0
130	2385.8333333333335	64.0
140	2398.6666666666665	42.0
150	2559.1666666666665	2.0
160	2627.0	53.0
170	2037.6666666666667	29.0
180	2464.3333333333335	32.0
190	2197.5	75.0
200	2557.3333333333335	32.0
210	2308.3333333333335	58.0
220	2501.0	36.0
230	2373.8333333333335	53.0
240	2416.3333333333335	26.0
250	2687.5	0.0
260	2942.6666666666665	0.0
270	2592.1666666666665	0.0
280	2615.1666666666665	0.0
290	2886.8333333333335	0.0
300	2947.5	0.0
310	3262.8333333333335	0.0
320	3030.8333333333335	0.0
330	3568.6666666666665	0.0
340	3697.8333333333335	0.0
350	3331.8333333333335	0.0
360	2977.3333333333335	0.0
370	3033.5	0.0
380	3192.6666666666665	0.0
390	3601.0	0.0
400	3750.5	0.0
410	3293.1666666666665	0.0
420	3399.3333333333335	0.0
430	3422.5	0.0
440	3047.0	0.0
450	3578.8333333333335	0.0
460	3757.3333333333335	0.0
470	2933.5	0.0
480	3344.5	0.0
490	3542.0	0.0
500	3520.0	0.0
510	3716.5	0.0
520	3867.5	0.0
530	3137.6666666666665	0.0
540	2873.5	0.0
550	3623.6666666666665	0.0
560	3216.1666666666665	0.0
570	3719.6666666666665	0.0
580	3460.0	0.0
590	3291.0	0.0
600	4002.5	0.0
610	3799.5	0.0
620	3765.6666666666665	0.0
630	3769.6666666666665	0.0
640	3680.8333333333335	0.0
650	3535.8333333333335	0.0
660	3836.0	0.0
670	4007.1666666666665	0.0
680	3727.1666666666665	0.0
690	3466.6666666666665	0.0
700	3607.8333333333335	0.0
710	3612.0	0.0
720	3702.8333333333335	0.0
730	4065.5	0.0
740	3609.5	0.0
750	4024.5	0.0
760	3631.6666666666665	0.0
770	3346.0	0.0
780	3787.1666666666665	0.0
790	3666.5	0.0
800	3802.8333333333335	0.0
810	3826.3333333333335	0.0
820	3903.6666666666665	0.0
830	3823.1666666666665	0.0
840	3964.3333333333335	0.0
850	3997.8333333333335	0.0
860	3515.6666666666665	0.0
870	3404.1666666666665	0.0
880	3643.0	0.0
890	3913.6666666666665	0.0
900	3951.3333333333335	0.0
910	3709.0	0.0
920	3738.1666666666665	0.0
930	3555.5	0.0
940	3601.6666666666665	0.0
950	3740.0	0.0
960	3772.8333333333335	0.0
970	3937.5	0.0
980	3635.0	0.0
990	3650.1666666666665	0.0
1000	3676.0	0.0
