0	282.0	0.0
10	2027.3333333333333	61.0
20	2010.5	73.0
30	2130.5	1.0
40	1954.8333333333333	21.0
50	2227.6666666666665	17.0
60	2300.6666666666665	13.0
70	2067.6666666666665	4.0
80	2136.6666666666665	16.0
90	2090.8333333333335	26.0
100	2299.3333333333335	68.0
110	2179.3333333333335	0.0
120	2229.8333333333335	88.0
130	2329.6666666666665	59.0
140	2679.6666666666665	18.0
150	2724.1666666666665	0.0
160	2838.6666666666665	28.0
170	2868.6666666666665	39.0
180	2648.0	39.0
190	2606.3333333333335	44.0
200	2905.6666666666665	16.0
210	2680.8333333333335	47.0
220	2884.1666666666665	95.0
230	2809.3333333333335	11.0
240	2630.1666666666665	17.0
250	3133.3333333333335	19.0
260	2549.0	141.0
270	2703.5	39.0
280	2788.5	0.0
290	2745.0	0.0
300	2786.8333333333335	0.0
310	2461.3333333333335	0.0
320	2887.8333333333335	0.0
330	2964.3333333333335	0.0
340	3105.0	0.0
350	2852.3333333333335	0.0
360	3140.6666666666665	0.0
370	2627.3333333333335	0.0
380	2922.0	0.0
390	2874.6666666666665	0.0
400	2889.6666666666665	0.0
410	3032.8333333333335	0.0
420	3097.5	0.0
430	3286.3333333333335	0.0
440	3094.1666666666665	0.0
450	3058.0	0.0
460	3346.8333333333335	0.0
470	3639.0	0.0
480	3376.3333333333335	0.0
490	3524.5	0.0
500	3200.0	0.0
510	3630.0	0.0
520	3527.6666666666665	0.0
530	3472.8333333333335	0.0
540	3373.1666666666665	0.0
550	3339.0	0.0
560	3737.1666666666665	0.0
570	3197.0	0.0
580	3101.6666666666665	0.0
590	3397.5	0.0
600	3719.8333333333335	0.0
610	3042.0	0.0
620	3462.0	0.0
630	3896.1666666666665	0.0
640	3790.5	0.0
650	3151.5	0.0
660	3662.6666666666665	0.0
670	3649.0	0.0
680	3637.0	0.0
690	3604.0	0.0
700	3337.1666666666665	0.0
710	3444.5	0.0
720	3891.1666666666665	0.0
730	3590.3333333333335	0.0
740	3812.8333333333335	0.0
750	3985.3333333333335	0.0
760	3422.0	0.0
770	3444.1666666666665	0.0
780	3369.0	0.0
790	4047.3333333333335	0.0
800	4095.1666666666665	0.0
810	3575.0	0.0
820	3785.0	0.0
830	3615.0	0.0
840	3336.6666666666665	0.0
850	3306.1666666666665	0.0
860	3971.3333333333335	0.0
870	3857.1666666666665	0.0
880	3529.1666666666665	0.0
890	3901.0	0.0
900	3679.1666666666665	0.0
910	3627.8333333333335	0.0
920	3326.8333333333335	0.0
930	3736.5	0.0
940	4002.1666666666665	0.0
950	3563.8333333333335	0.0
960	3830.0	0.0
970	3867.0	0.0
980	3668.8333333333335	0.0
990	3707.3333333333335	0.0
1000	3667.8333333333335	0.0
