0	274.6666666666667	0.0
10	1857.1666666666667	113.0
20	1982.6666666666667	56.0
30	2290.3333333333335	104.0
40	2311.0	45.0
50	2111.8333333333335	21.0
60	2323.0	51.0
70	2423.8333333333335	61.0
80	2379.5	32.0
90	2483.8333333333335	111.0
100	2208.3333333333335	75.0
110	2757.5	17.0
120	2468.6666666666665	44.0
130	2673.5	39.0
140	2597.0	51.0
150	2623.3333333333335	7.0
160	2718.3333333333335	15.0
170	2827.1666666666665	134.0
180	2568.8333333333335	3.0
190	2735.6666666666665	20.0
200	2378.8333333333335	1.0
210	2507.8333333333335	0.0
220	2384.1666666666665	0.0
230	2678.1666666666665	0.0
240	2677.8333333333335	0.0
250	2787.1666666666665	0.0
260	3393.0	0.0
270	2969.6666666666665	0.0
280	3272.0	0.0
290	2931.5	0.0
300	3047.3333333333335	0.0
310	3380.1666666666665	0.0
320	3365.3333333333335	0.0
330	3484.5	0.0
340	3313.1666666666665	0.0
350	3468.6666666666665	0.0
360	3634.5	0.0
370	3675.5	0.0
380	3533.5	0.0
390	3561.1666666666665	0.0
400	3486.1666666666665	0.0
410	3177.3333333333335	0.0
420	3982.0	0.0
430	2665.3333333333335	0.0
440	3533.5	0.0
450	3555.1666666666665	0.0
460	3995.0	0.0
470	3537.3333333333335	0.0
480	3484.8333333333335	0.0
490	3136.3333333333335	0.0
500	3492.1666666666665	0.0
510	3467.1666666666665	0.0
520	3895.0	0.0
530	3756.1666666666665	0.0
540	3613.6666666666665	0.0
550	3198.8333333333335	0.0
560	2903.0	0.0
570	3572.6666666666665	0.0
580	3842.8333333333335	0.0
590	3714.0	0.0
600	3739.0	0.0
610	3943.1666666666665	0.0
620	3849.0	0.0
630	3772.0	0.0
640	3842.1666666666665	0.0
650	3609.0	0.0
660	3245.1666666666665	0.0
670	3506.1666666666665	0.0
680	3304.3333333333335	0.0
690	3791.1666666666665	0.0
700	3668.5	0.0
710	3728.5	0.0
720	3768.5	0.0
730	3703.3333333333335	0.0
740	3668.0	0.0
750	3903.0	0.0
760	3517.6666666666665	0.0
770	3920.5	0.0
780	3637.6666666666665	0.0
790	3713.0	0.0
800	3634.5	0.0
810	3979.8333333333335	0.0
820	3953.0	0.0
830	3884.8333333333335	0.0
840	3784.6666666666665	0.0
850	3871.8333333333335	0.0
860	3743.1666666666665	0.0
870	3490.3333333333335	0.0
880	3566.8333333333335	0.0
890	3764.0	0.0
900	3841.8333333333335	0.0
910	3779.1666666666665	0.0
920	3857.1666666666665	0.0
930	3918.5	0.0
940	3846.3333333333335	0.0
950	3787.3333333333335	0.0
960	3707.5	0.0
970	3788.6666666666665	0.0
980	3809.0	0.0
990	4049.0	0.0
1000	3704.5	0.0
