0	266.6666666666667	0.0
10	70.0	0.0
20	70.0	52.0
30	70.0	0.0
40	70.0	3.0
50	70.0	0.0
60	70.0	9.0
70	71.33333333333333	26.0
80	82.33333333333333	12.0
90	342.3333333333333	13.0
100	77.0	17.0
110	137.0	10.0
120	71.66666666666667	55.0
130	494.0	10.0
140	879.6666666666666	19.0
150	2000.6666666666667	6.0
160	1731.5	34.0
170	1862.6666666666667	12.0
180	2141.5	36.0
190	2203.3333333333335	31.0
200	2297.0	27.0
210	2240.0	31.0
220	2151.0	23.0
230	2145.6666666666665	35.0
240	2229.1666666666665	22.0
250	2374.0	24.0
260	2412.0	32.0
270	1815.3333333333333	26.0
280	2186.5	11.0
290	2463.0	33.0
300	2379.1666666666665	34.0
310	1700.0	34.0
320	1840.3333333333333	42.0
330	2403.1666666666665	30.0
340	2278.0	29.0
350	2099.6666666666665	35.0
360	1903.5	25.0
370	2146.5	28.0
380	2539.0	31.0
390	2600.3333333333335	19.0
400	2441.3333333333335	33.0
410	2485.0	28.0
420	936.3333333333334	14.0
430	1910.5	9.0
440	1621.3333333333333	0.0
450	2069.0	0.0
460	2053.6666666666665	0.0
470	2164.0	0.0
480	2434.3333333333335	0.0
490	2265.3333333333335	0.0
500	2367.8333333333335	0.0
510	1824.1666666666667	0.0
520	1838.8333333333333	0.0
530	1920.6666666666667	0.0
540	1949.0	0.0
550	2085.6666666666665	0.0
560	2176.0	0.0
570	2402.0	0.0
580	2217.0	0.0
590	1778.5	0.0
600	2402.6666666666665	0.0
610	2529.6666666666665	0.0
620	2451.6666666666665	0.0
630	2179.6666666666665	0.0
640	2459.3333333333335	0.0
650	2509.0	0.0
660	1753.6666666666667	0.0
670	2442.6666666666665	0.0
680	2419.6666666666665	0.0
690	2716.8333333333335	0.0
700	2237.5	0.0
710	2500.5	0.0
720	1796.6666666666667	0.0
730	2199.5	0.0
740	1711.0	0.0
750	1729.6666666666667	0.0
760	2024.0	0.0
770	1616.6666666666667	0.0
780	2520.6666666666665	0.0
790	2688.6666666666665	0.0
800	2230.6666666666665	0.0
810	2754.6666666666665	0.0
820	1873.1666666666667	0.0
830	2067.8333333333335	0.0
840	2107.6666666666665	0.0
850	1983.0	0.0
860	2324.6666666666665	0.0
870	2312.1666666666665	0.0
880	1827.3333333333333	0.0
890	2009.0	0.0
900	2393.6666666666665	0.0
910	2347.1666666666665	0.0
920	2564.1666666666665	0.0
930	1714.6666666666667	0.0
940	1623.5	0.0
950	1656.3333333333333	0.0
960	1935.3333333333333	0.0
970	2222.3333333333335	0.0
980	2219.5	0.0
990	1847.3333333333333	0.0
1000	1849.1666666666667	0.0
