0	270.3333333333333	0.0
10	70.0	2.0
20	70.0	14.0
30	70.0	3.0
40	70.0	38.0
50	70.0	0.0
60	70.0	0.0
70	70.0	6.0
80	72.0	0.0
90	73.33333333333333	1.0
100	75.33333333333333	0.0
110	128.0	15.0
120	72.66666666666667	17.0
130	71.66666666666667	1.0
140	71.0	9.0
150	144.33333333333334	23.0
160	257.6666666666667	10.0
170	503.3333333333333	16.0
180	99.0	30.0
190	626.0	9.0
200	672.3333333333334	10.0
210	1797.1666666666667	20.0
220	1947.0	37.0
230	2278.3333333333335	31.0
240	2407.1666666666665	29.0
250	2530.5	17.0
260	2045.0	34.0
270	2320.0	25.0
280	2179.5	24.0
290	2108.6666666666665	16.0
300	2409.0	26.0
310	2359.0	17.0
320	2223.6666666666665	34.0
330	2493.8333333333335	16.0
340	2544.0	19.0
350	2430.3333333333335	3.0
360	1441.8333333333333	23.0
370	1204.3333333333333	26.0
380	988.6666666666666	40.0
390	1816.3333333333333	11.0
400	1611.6666666666667	47.0
410	1875.1666666666667	45.0
420	1840.5	21.0
430	2013.8333333333333	41.0
440	2090.0	25.0
450	1855.0	24.0
460	2014.3333333333333	16.0
470	1735.6666666666667	34.0
480	1753.3333333333333	10.0
490	2140.1666666666665	31.0
500	1119.6666666666667	17.0
510	1441.6666666666667	28.0
520	1483.3333333333333	7.0
530	1560.5	2.0
540	770.6666666666666	0.0
550	1280.3333333333333	0.0
560	1744.0	0.0
570	2208.3333333333335	0.0
580	1894.6666666666667	0.0
590	2121.8333333333335	0.0
600	1756.6666666666667	0.0
610	1526.6666666666667	0.0
620	1679.6666666666667	0.0
630	1699.1666666666667	0.0
640	1607.6666666666667	0.0
650	1652.3333333333333	0.0
660	1893.6666666666667	0.0
670	1784.3333333333333	0.0
680	1677.3333333333333	0.0
690	2298.6666666666665	0.0
700	2772.5	0.0
710	2315.0	0.0
720	2508.6666666666665	0.0
730	2406.3333333333335	0.0
740	2400.8333333333335	0.0
750	2313.3333333333335	0.0
760	2324.0	0.0
770	2577.1666666666665	0.0
780	2126.5	0.0
790	2431.8333333333335	0.0
800	2411.6666666666665	0.0
810	2412.0	0.0
820	2333.1666666666665	0.0
830	2299.6666666666665	0.0
840	2236.0	0.0
850	2451.5	0.0
860	2349.8333333333335	0.0
870	2504.3333333333335	0.0
880	2418.3333333333335	0.0
890	1923.0	0.0
900	2132.3333333333335	0.0
910	2487.0	0.0
920	2405.0	0.0
930	2546.5	0.0
940	2219.6666666666665	0.0
950	2440.5	0.0
960	2462.0	0.0
970	2372.3333333333335	0.0
980	2227.0	0.0
990	2509.6666666666665	0.0
1000	2209.6666666666665	0.0
