0	317.3333333333333	0.0	0.0	0.0	0.0	0.0	0.0
10	2158.3333333333335	369.0	826.0	171.0	281.0	81.0	88.0
20	2038.1666666666667	277.0	679.0	132.0	182.0	23.0	95.0
30	1764.1666666666667	241.0	719.0	118.0	170.0	42.0	71.0
40	1787.6666666666667	113.0	252.0	32.0	85.0	3.0	28.0
50	2112.5	0.0	0.0	0.0	0.0	0.0	0.0
60	1883.1666666666667	0.0	0.0	0.0	0.0	0.0	0.0
70	1758.6666666666667	0.0	0.0	0.0	0.0	0.0	0.0
80	2198.6666666666665	0.0	0.0	0.0	0.0	0.0	0.0
90	2064.0	0.0	0.0	0.0	0.0	0.0	0.0
100	2152.6666666666665	0.0	0.0	0.0	0.0	0.0	0.0
110	2335.6666666666665	0.0	0.0	0.0	0.0	0.0	0.0
120	2380.1666666666665	0.0	0.0	0.0	0.0	0.0	0.0
130	2451.6666666666665	0.0	0.0	0.0	0.0	0.0	0.0
140	2400.6666666666665	0.0	0.0	0.0	0.0	0.0	0.0
150	2455.3333333333335	0.0	0.0	0.0	0.0	0.0	0.0
160	2494.8333333333335	0.0	0.0	0.0	0.0	0.0	0.0
170	2163.8333333333335	0.0	0.0	0.0	0.0	0.0	0.0
180	2515.0	0.0	0.0	0.0	0.0	0.0	0.0
190	2363.3333333333335	0.0	0.0	0.0	0.0	0.0	0.0
200	2489.6666666666665	0.0	0.0	0.0	0.0	0.0	0.0
210	2545.5	0.0	0.0	0.0	0.0	0.0	0.0
220	2249.6666666666665	0.0	0.0	0.0	0.0	0.0	0.0
230	2431.0	0.0	0.0	0.0	0.0	0.0	0.0
240	2540.1666666666665	0.0	0.0	0.0	0.0	0.0	0.0
250	2211.3333333333335	0.0	0.0	0.0	0.0	0.0	0.0
260	2473.6666666666665	0.0	0.0	0.0	0.0	0.0	0.0
270	2608.6666666666665	0.0	0.0	0.0	0.0	0.0	0.0
280	2303.1666666666665	0.0	0.0	0.0	0.0	0.0	0.0
290	2606.3333333333335	0.0	0.0	0.0	0.0	0.0	0.0
300	2605.6666666666665	0.0	0.0	0.0	0.0	0.0	0.0
310	2514.0	0.0	0.0	0.0	0.0	0.0	0.0
320	2263.1666666666665	0.0	0.0	0.0	0.0	0.0	0.0
330	2737.0	0.0	0.0	0.0	0.0	0.0	0.0
340	2703.6666666666665	0.0	0.0	0.0	0.0	0.0	0.0
350	2600.0	0.0	0.0	0.0	0.0	0.0	0.0
360	2849.3333333333335	0.0	0.0	0.0	0.0	0.0	0.0
370	2295.0	0.0	0.0	0.0	0.0	0.0	0.0
380	2574.3333333333335	0.0	0.0	0.0	0.0	0.0	0.0
390	2592.0	0.0	0.0	0.0	0.0	0.0	0.0
400	2832.3333333333335	0.0	0.0	0.0	0.0	0.0	0.0
410	2589.0	0.0	0.0	0.0	0.0	0.0	0.0
420	2572.6666666666665	0.0	0.0	0.0	0.0	0.0	0.0
430	2589.8333333333335	0.0	0.0	0.0	0.0	0.0	0.0
440	2689.8333333333335	0.0	0.0	0.0	0.0	0.0	0.0
450	2540.6666666666665	0.0	0.0	0.0	0.0	0.0	0.0
460	2828.1666666666665	0.0	0.0	0.0	0.0	0.0	0.0
470	2650.6666666666665	0.0	0.0	0.0	0.0	0.0	0.0
480	2754.0	0.0	0.0	0.0	0.0	0.0	0.0
490	2625.6666666666665	0.0	0.0	0.0	0.0	0.0	0.0
500	2572.3333333333335	0.0	0.0	0.0	0.0	0.0	0.0
510	2683.1666666666665	0.0	0.0	0.0	0.0	0.0	0.0
520	2916.5	0.0	0.0	0.0	0.0	0.0	0.0
530	2979.8333333333335	0.0	0.0	0.0	0.0	0.0	0.0
540	2808.0	0.0	0.0	0.0	0.0	0.0	0.0
550	2864.1666666666665	0.0	0.0	0.0	0.0	0.0	0.0
560	2595.3333333333335	0.0	0.0	0.0	0.0	0.0	0.0
570	2790.5	0.0	0.0	0.0	0.0	0.0	0.0
580	2543.8333333333335	0.0	0.0	0.0	0.0	0.0	0.0
590	2560.5	0.0	0.0	0.0	0.0	0.0	0.0
600	2967.3333333333335	0.0	0.0	0.0	0.0	0.0	0.0
610	2788.5	0.0	0.0	0.0	0.0	0.0	0.0
620	2639.3333333333335	0.0	0.0	0.0	0.0	0.0	0.0
630	2910.1666666666665	0.0	0.0	0.0	0.0	0.0	0.0
640	2824.8333333333335	0.0	0.0	0.0	0.0	0.0	0.0
650	2868.5	0.0	0.0	0.0	0.0	0.0	0.0
660	2494.1666666666665	0.0	0.0	0.0	0.0	0.0	0.0
670	2776.3333333333335	0.0	0.0	0.0	0.0	0.0	0.0
680	2860.3333333333335	0.0	0.0	0.0	0.0	0.0	0.0
690	3131.0	0.0	0.0	0.0	0.0	0.0	0.0
700	3024.1666666666665	0.0	0.0	0.0	0.0	0.0	0.0
710	2687.0	0.0	0.0	0.0	0.0	0.0	0.0
720	2798.1666666666665	0.0	0.0	0.0	0.0	0.0	0.0
730	2788.8333333333335	0.0	0.0	0.0	0.0	0.0	0.0
740	2599.0	0.0	0.0	0.0	0.0	0.0	0.0
750	2740.3333333333335	0.0	0.0	0.0	0.0	0.0	0.0
760	2727.6666666666665	0.0	0.0	0.0	0.0	0.0	0.0
770	2851.1666666666665	0.0	0.0	0.0	0.0	0.0	0.0
780	2776.1666666666665	0.0	0.0	0.0	0.0	0.0	0.0
790	2932.0	0.0	0.0	0.0	0.0	0.0	0.0
800	3045.8333333333335	0.0	0.0	0.0	0.0	0.0	0.0
810	2889.5	0.0	0.0	0.0	0.0	0.0	0.0
820	3116.3333333333335	0.0	0.0	0.0	0.0	0.0	0.0
830	3107.0	0.0	0.0	0.0	0.0	0.0	0.0
840	2805.6666666666665	0.0	0.0	0.0	0.0	0.0	0.0
850	2728.5	0.0	0.0	0.0	0.0	0.0	0.0
860	3189.3333333333335	0.0	0.0	0.0	0.0	0.0	0.0
870	3204.5	0.0	0.0	0.0	0.0	0.0	0.0
880	3075.1666666666665	0.0	0.0	0.0	0.0	0.0	0.0
890	2567.1666666666665	0.0	0.0	0.0	0.0	0.0	0.0
900	2835.3333333333335	0.0	0.0	0.0	0.0	0.0	0.0
910	2810.0	0.0	0.0	0.0	0.0	0.0	0.0
920	3115.5	0.0	0.0	0.0	0.0	0.0	0.0
930	3164.5	0.0	0.0	0.0	0.0	0.0	0.0
940	2668.5	0.0	0.0	0.0	0.0	0.0	0.0
950	3112.1666666666665	0.0	0.0	0.0	0.0	0.0	0.0
960	2982.5	0.0	0.0	0.0	0.0	0.0	0.0
970	3083.6666666666665	0.0	0.0	0.0	0.0	0.0	0.0
980	2714.1666666666665	0.0	0.0	0.0	0.0	0.0	0.0
990	3027.1666666666665	0.0	0.0	0.0	0.0	0.0	0.0
1000	3262.3333333333335	0.0	0.0	0.0	0.0	0.0	0.0
