0	245.0	0.0
10	70.0	23.0
20	70.0	0.0
30	70.0	0.0
40	70.0	0.0
50	70.0	0.0
60	70.0	1.0
70	70.0	0.0
80	70.0	1.0
90	70.0	0.0
100	70.0	0.0
110	70.0	0.0
120	70.0	0.0
130	70.0	0.0
140	70.0	0.0
150	70.0	0.0
160	70.0	22.0
170	70.0	26.0
180	70.0	0.0
190	70.0	25.0
200	70.0	16.0
210	70.33333333333333	49.0
220	70.0	22.0
230	75.33333333333333	7.0
240	102.0	0.0
250	93.33333333333333	15.0
260	107.33333333333333	7.0
270	200.0	17.0
280	181.66666666666666	1.0
290	253.0	7.0
300	313.3333333333333	6.0
310	179.66666666666666	7.0
320	213.0	3.0
330	259.3333333333333	1.0
340	327.0	2.0
350	130.0	3.0
360	287.6666666666667	7.0
370	523.6666666666666	2.0
380	547.0	3.0
390	823.0	16.0
400	743.3333333333334	10.0
410	1264.3333333333333	8.0
420	1275.1666666666667	6.0
430	961.0	9.0
440	1814.0	9.0
450	1190.6666666666667	7.0
460	1699.6666666666667	11.0
470	1450.3333333333333	20.0
480	1913.0	10.0
490	2009.0	18.0
500	2280.3333333333335	18.0
510	2338.6666666666665	12.0
520	1552.5	10.0
530	1897.6666666666667	7.0
540	1678.3333333333333	15.0
550	2119.0	15.0
560	2185.3333333333335	21.0
570	1989.0	21.0
580	2284.6666666666665	20.0
590	2401.6666666666665	12.0
600	2250.3333333333335	16.0
610	2147.6666666666665	16.0
620	2179.0	21.0
630	2629.6666666666665	13.0
640	2340.6666666666665	21.0
650	2229.0	22.0
660	2270.1666666666665	13.0
670	2404.6666666666665	20.0
680	2593.3333333333335	13.0
690	2595.0	13.0
700	2542.5	45.0
710	2577.1666666666665	15.0
720	2210.6666666666665	24.0
730	2724.5	20.0
740	2623.3333333333335	15.0
750	2325.3333333333335	14.0
760	2505.0	32.0
770	2429.6666666666665	10.0
780	2495.6666666666665	28.0
790	2362.5	20.0
800	2774.6666666666665	10.0
810	2227.1666666666665	16.0
820	2708.3333333333335	13.0
830	2443.6666666666665	22.0
840	2194.0	0.0
850	2135.1666666666665	0.0
860	2569.0	0.0
870	2269.3333333333335	0.0
880	2467.0	0.0
890	2577.3333333333335	0.0
900	2589.8333333333335	0.0
910	2726.5	0.0
920	2399.6666666666665	0.0
930	2697.6666666666665	0.0
940	2590.0	0.0
950	2548.0	0.0
960	2508.1666666666665	0.0
970	2256.0	0.0
980	1770.6666666666667	0.0
990	2058.0	0.0
1000	2291.6666666666665	0.0
