0	256.0	0.0
10	70.0	43.0
20	70.0	2.0
30	70.0	2.0
40	70.0	0.0
50	70.0	29.0
60	70.0	0.0
70	70.0	49.0
80	70.0	2.0
90	70.0	26.0
100	70.0	39.0
110	70.0	0.0
120	70.0	51.0
130	70.0	69.0
140	70.0	28.0
150	70.0	0.0
160	72.0	25.0
170	71.0	0.0
180	139.33333333333334	4.0
190	82.0	14.0
200	187.0	0.0
210	224.0	1.0
220	79.33333333333333	9.0
230	260.3333333333333	9.0
240	448.6666666666667	1.0
250	705.3333333333334	5.0
260	1005.3333333333334	7.0
270	946.0	12.0
280	1319.0	10.0
290	1168.0	13.0
300	1046.0	9.0
310	1400.0	6.0
320	1273.3333333333333	13.0
330	1979.3333333333333	8.0
340	1812.0	4.0
350	2131.0	25.0
360	1863.3333333333333	29.0
370	2081.3333333333335	7.0
380	2203.6666666666665	7.0
390	2246.3333333333335	15.0
400	2184.6666666666665	23.0
410	2445.8333333333335	9.0
420	2305.6666666666665	13.0
430	2401.8333333333335	16.0
440	2564.5	12.0
450	2696.8333333333335	9.0
460	2263.0	11.0
470	2225.1666666666665	33.0
480	2358.8333333333335	20.0
490	2569.8333333333335	25.0
500	2361.8333333333335	6.0
510	2661.0	19.0
520	2432.6666666666665	18.0
530	2527.0	16.0
540	2467.1666666666665	22.0
550	2502.0	14.0
560	2746.0	21.0
570	2451.3333333333335	20.0
580	2777.3333333333335	35.0
590	2694.0	15.0
600	2735.5	21.0
610	2703.5	7.0
620	2477.3333333333335	17.0
630	2574.6666666666665	10.0
640	2598.1666666666665	15.0
650	2629.6666666666665	0.0
660	2565.1666666666665	0.0
670	2468.3333333333335	0.0
680	2420.0	0.0
690	2553.5	0.0
700	2451.0	0.0
710	2543.8333333333335	0.0
720	2600.5	0.0
730	2673.6666666666665	0.0
740	2727.6666666666665	0.0
750	2500.0	0.0
760	2376.3333333333335	0.0
770	2488.3333333333335	0.0
780	2411.8333333333335	0.0
790	2447.8333333333335	0.0
800	2683.5	0.0
810	2361.3333333333335	0.0
820	2586.6666666666665	0.0
830	2465.6666666666665	0.0
840	2457.3333333333335	0.0
850	2595.0	0.0
860	2421.6666666666665	0.0
870	2529.3333333333335	0.0
880	2549.3333333333335	0.0
890	2373.3333333333335	0.0
900	2523.6666666666665	0.0
910	2471.0	0.0
920	2417.6666666666665	0.0
930	2621.0	0.0
940	2394.0	0.0
950	2435.3333333333335	0.0
960	2585.0	0.0
970	2386.5	0.0
980	2615.3333333333335	0.0
990	1962.3333333333333	0.0
1000	1727.0	0.0
