0	220.33333333333334	0.0
10	70.0	24.0
20	70.0	44.0
30	70.0	0.0
40	70.0	0.0
50	70.0	0.0
60	70.0	0.0
70	70.0	33.0
80	70.0	1.0
90	70.0	0.0
100	70.0	1.0
110	70.0	25.0
120	70.0	2.0
130	70.0	0.0
140	70.0	0.0
150	70.0	0.0
160	70.0	25.0
170	70.0	0.0
180	70.33333333333333	0.0
190	72.33333333333333	24.0
200	75.0	2.0
210	70.66666666666667	42.0
220	70.66666666666667	20.0
230	70.0	14.0
240	81.33333333333333	16.0
250	174.66666666666666	0.0
260	151.33333333333334	6.0
270	324.0	6.0
280	229.33333333333334	2.0
290	311.3333333333333	5.0
300	283.6666666666667	1.0
310	156.33333333333334	8.0
320	195.0	2.0
330	224.33333333333334	4.0
340	246.33333333333334	9.0
350	685.3333333333334	6.0
360	918.0	8.0
370	1379.0	12.0
380	1034.3333333333333	4.0
390	1116.6666666666667	9.0
400	1392.0	5.0
410	1323.0	7.0
420	1437.3333333333333	14.0
430	2168.6666666666665	11.0
440	1411.3333333333333	9.0
450	1729.0	8.0
460	1871.6666666666667	5.0
470	2042.3333333333333	11.0
480	2122.3333333333335	6.0
490	2504.1666666666665	9.0
500	2351.6666666666665	23.0
510	2082.3333333333335	13.0
520	2353.0	22.0
530	1926.3333333333333	34.0
540	2445.3333333333335	36.0
550	2342.0	18.0
560	2443.6666666666665	21.0
570	2298.8333333333335	8.0
580	2247.6666666666665	32.0
590	2500.0	5.0
600	2580.5	17.0
610	2627.3333333333335	21.0
620	2386.6666666666665	19.0
630	2508.3333333333335	28.0
640	2578.3333333333335	7.0
650	2312.8333333333335	17.0
660	2734.0	24.0
670	2609.5	27.0
680	2569.3333333333335	20.0
690	2740.0	2.0
700	2565.8333333333335	22.0
710	2594.5	17.0
720	2819.6666666666665	19.0
730	2765.8333333333335	16.0
740	2706.0	13.0
750	2853.5	30.0
760	2607.5	18.0
770	2688.8333333333335	13.0
780	2726.1666666666665	18.0
790	2638.3333333333335	0.0
800	2683.5	0.0
810	2796.8333333333335	0.0
820	2790.5	0.0
830	2683.8333333333335	0.0
840	2653.0	0.0
850	2688.5	0.0
860	2702.6666666666665	0.0
870	2549.0	0.0
880	1925.3333333333333	0.0
890	2702.8333333333335	0.0
900	2041.0	0.0
910	2614.6666666666665	0.0
920	2680.6666666666665	0.0
930	2510.0	0.0
940	2488.1666666666665	0.0
950	2795.0	0.0
960	2662.6666666666665	0.0
970	2749.3333333333335	0.0
980	2085.6666666666665	0.0
990	1827.1666666666667	0.0
1000	2315.8333333333335	0.0
