0	262.0	0.0
10	70.0	23.0
20	70.0	0.0
30	70.0	0.0
40	70.0	0.0
50	70.0	0.0
60	70.0	66.0
70	70.0	3.0
80	70.0	115.0
90	70.0	68.0
100	70.0	0.0
110	70.0	0.0
120	70.0	68.0
130	70.0	1.0
140	70.0	26.0
150	70.0	26.0
160	70.0	23.0
170	70.0	0.0
180	70.0	16.0
190	71.33333333333333	25.0
200	72.33333333333333	5.0
210	73.33333333333333	48.0
220	71.0	0.0
230	91.0	2.0
240	186.33333333333334	5.0
250	188.33333333333334	2.0
260	277.3333333333333	4.0
270	251.0	5.0
280	168.0	4.0
290	133.0	7.0
300	137.33333333333334	10.0
310	220.0	2.0
320	178.0	1.0
330	193.33333333333334	1.0
340	454.0	3.0
350	426.0	4.0
360	649.3333333333334	11.0
370	528.3333333333334	2.0
380	667.6666666666666	3.0
390	1347.3333333333333	4.0
400	1416.0	9.0
410	1602.0	14.0
420	1383.3333333333333	6.0
430	1355.6666666666667	11.0
440	1977.3333333333333	3.0
450	2285.8333333333335	9.0
460	2055.3333333333335	11.0
470	2120.6666666666665	22.0
480	2023.6666666666667	33.0
490	2046.0	13.0
500	2203.6666666666665	25.0
510	2306.8333333333335	9.0
520	2288.6666666666665	12.0
530	2141.3333333333335	19.0
540	2168.5	17.0
550	2015.0	10.0
560	2120.3333333333335	21.0
570	2182.3333333333335	15.0
580	2492.0	9.0
590	2004.3333333333333	12.0
600	2368.0	14.0
610	2636.6666666666665	9.0
620	2451.1666666666665	19.0
630	2701.3333333333335	19.0
640	2446.6666666666665	15.0
650	2290.0	12.0
660	2301.6666666666665	18.0
670	2380.6666666666665	9.0
680	2583.3333333333335	22.0
690	2657.8333333333335	0.0
700	2573.8333333333335	0.0
710	2575.8333333333335	0.0
720	2568.1666666666665	0.0
730	2580.8333333333335	0.0
740	2483.8333333333335	0.0
750	2451.8333333333335	0.0
760	2623.6666666666665	0.0
770	2378.0	0.0
780	2596.8333333333335	0.0
790	2542.3333333333335	0.0
800	2428.0	0.0
810	2716.0	0.0
820	2595.0	0.0
830	2538.0	0.0
840	2767.1666666666665	0.0
850	2498.6666666666665	0.0
860	2702.3333333333335	0.0
870	2650.1666666666665	0.0
880	2064.1666666666665	0.0
890	2980.3333333333335	0.0
900	2448.3333333333335	0.0
910	2234.0	0.0
920	2107.3333333333335	0.0
930	2528.0	0.0
940	2361.6666666666665	0.0
950	2773.0	0.0
960	2132.8333333333335	0.0
970	2226.8333333333335	0.0
980	2087.3333333333335	0.0
990	2545.6666666666665	0.0
1000	2322.3333333333335	0.0
