0	289.6666666666667	0.0	0.0
10	1905.5	86.0	8802.0
20	2023.0	78.0	8500.0
30	2154.1666666666665	62.0	7799.0
40	1957.0	92.0	11659.0
50	1873.0	57.0	9179.0
60	2197.1666666666665	65.0	10236.0
70	2185.6666666666665	109.0	11062.0
80	2228.6666666666665	77.0	9499.0
90	2228.0	45.0	6004.0
100	2184.1666666666665	102.0	9729.0
110	2252.8333333333335	45.0	6836.0
120	2173.5	75.0	8555.0
130	1981.1666666666667	104.0	11667.0
140	2188.5	3.0	11677.0
150	2194.3333333333335	0.0	8441.0
160	2219.0	0.0	9251.0
170	2242.6666666666665	0.0	11329.0
180	2453.6666666666665	0.0	12361.0
190	2305.8333333333335	0.0	8361.0
200	2446.1666666666665	0.0	9951.0
210	2456.0	0.0	10444.0
220	2332.6666666666665	0.0	11898.0
230	2433.6666666666665	0.0	10223.0
240	2523.8333333333335	0.0	9551.0
250	2413.6666666666665	0.0	10996.0
260	2755.8333333333335	0.0	12924.0
270	2544.1666666666665	0.0	7412.0
280	2242.1666666666665	0.0	9295.0
290	2252.0	0.0	13162.0
300	2666.0	0.0	6495.0
310	2453.5	0.0	10682.0
320	2687.0	0.0	9986.0
330	2373.0	0.0	8974.0
340	2408.8333333333335	0.0	7233.0
350	2583.0	0.0	7328.0
360	2491.6666666666665	0.0	6475.0
370	2875.3333333333335	0.0	7615.0
380	2609.6666666666665	0.0	7030.0
390	2516.3333333333335	0.0	8380.0
400	2781.5	0.0	9305.0
410	2656.8333333333335	0.0	9769.0
420	2485.3333333333335	0.0	9950.0
430	2627.0	0.0	9802.0
440	2424.5	0.0	7035.0
450	2623.0	0.0	9623.0
460	2735.8333333333335	0.0	6974.0
470	2824.6666666666665	0.0	11961.0
480	2529.6666666666665	0.0	6692.0
490	2673.6666666666665	0.0	10605.0
500	3098.3333333333335	0.0	14152.0
510	2985.1666666666665	0.0	8234.0
520	3041.6666666666665	0.0	8200.0
530	2755.5	0.0	7800.0
540	2926.8333333333335	0.0	9994.0
550	2932.6666666666665	0.0	7470.0
560	2966.8333333333335	0.0	8999.0
570	2422.1666666666665	0.0	7913.0
580	2918.6666666666665	0.0	6114.0
590	2710.6666666666665	0.0	7305.0
600	2799.6666666666665	0.0	11377.0
610	2542.3333333333335	0.0	6431.0
620	2857.3333333333335	0.0	7963.0
630	2746.6666666666665	0.0	9767.0
640	2927.8333333333335	0.0	9692.0
650	3041.6666666666665	0.0	8601.0
660	2719.8333333333335	0.0	11073.0
670	2861.8333333333335	0.0	12679.0
680	2842.3333333333335	0.0	8320.0
690	2490.0	0.0	8113.0
700	2929.0	0.0	8060.0
710	2906.3333333333335	0.0	10490.0
720	2959.0	0.0	10179.0
730	2679.8333333333335	0.0	6210.0
740	2846.0	0.0	8646.0
750	2723.6666666666665	0.0	8853.0
760	2803.3333333333335	0.0	9718.0
770	2952.6666666666665	0.0	12014.0
780	2729.3333333333335	0.0	11549.0
790	3040.8333333333335	0.0	9548.0
800	3181.6666666666665	0.0	10903.0
810	3056.3333333333335	0.0	7976.0
820	2871.5	0.0	8056.0
830	3108.0	0.0	8400.0
840	2837.8333333333335	0.0	6966.0
850	2982.5	0.0	11797.0
860	2963.3333333333335	0.0	11369.0
870	3085.1666666666665	0.0	7097.0
880	2919.5	0.0	7924.0
890	3061.6666666666665	0.0	13326.0
900	2883.5	0.0	11171.0
910	2841.3333333333335	0.0	5593.0
920	2899.0	0.0	5748.0
930	3119.5	0.0	9976.0
940	3070.0	0.0	9137.0
950	2875.0	0.0	11536.0
960	3065.3333333333335	0.0	9765.0
970	3058.5	0.0	11407.0
980	3248.3333333333335	0.0	12230.0
990	3203.1666666666665	0.0	7325.0
1000	3209.0	0.0	9700.0
