0	251.33333333333334	0.0	0.0
10	2114.3333333333335	99.0	7789.0
20	2114.6666666666665	85.0	10734.0
30	2099.0	55.0	7396.0
40	2124.8333333333335	86.0	8167.0
50	1962.1666666666667	106.0	11122.0
60	1958.3333333333333	93.0	9372.0
70	1993.3333333333333	47.0	6800.0
80	1879.8333333333333	56.0	8895.0
90	2225.3333333333335	75.0	8393.0
100	2093.6666666666665	70.0	7982.0
110	2159.6666666666665	132.0	11305.0
120	2167.0	62.0	7445.0
130	2178.8333333333335	34.0	7312.0
140	2337.3333333333335	0.0	10208.0
150	2153.3333333333335	0.0	6662.0
160	2268.1666666666665	0.0	9773.0
170	2378.5	0.0	11408.0
180	2321.5	0.0	10821.0
190	2405.3333333333335	0.0	12193.0
200	2496.5	0.0	8714.0
210	2182.5	0.0	11236.0
220	2526.1666666666665	0.0	7823.0
230	2431.8333333333335	0.0	12268.0
240	2447.0	0.0	9308.0
250	2453.6666666666665	0.0	8413.0
260	2544.5	0.0	10000.0
270	2464.0	0.0	8011.0
280	2336.8333333333335	0.0	9076.0
290	2580.1666666666665	0.0	6761.0
300	2340.0	0.0	9798.0
310	2770.3333333333335	0.0	10843.0
320	2594.1666666666665	0.0	10910.0
330	2535.8333333333335	0.0	10522.0
340	2460.6666666666665	0.0	8692.0
350	2552.0	0.0	14160.0
360	2612.8333333333335	0.0	7051.0
370	2743.8333333333335	0.0	6402.0
380	2652.1666666666665	0.0	11458.0
390	2296.3333333333335	0.0	11521.0
400	2557.0	0.0	5606.0
410	2396.8333333333335	0.0	11460.0
420	2332.3333333333335	0.0	8114.0
430	2802.6666666666665	0.0	6605.0
440	2599.5	0.0	10556.0
450	2695.6666666666665	0.0	9628.0
460	2718.3333333333335	0.0	10426.0
470	2813.1666666666665	0.0	9845.0
480	2843.8333333333335	0.0	9420.0
490	2569.1666666666665	0.0	11699.0
500	2685.1666666666665	0.0	8952.0
510	2881.0	0.0	7464.0
520	2751.5	0.0	10671.0
530	2769.3333333333335	0.0	9227.0
540	2792.8333333333335	0.0	9843.0
550	2908.3333333333335	0.0	8221.0
560	2856.8333333333335	0.0	10799.0
570	2749.3333333333335	0.0	11137.0
580	2874.3333333333335	0.0	10976.0
590	2692.1666666666665	0.0	8827.0
600	2784.6666666666665	0.0	9322.0
610	2930.3333333333335	0.0	9741.0
620	2919.1666666666665	0.0	5873.0
630	2847.1666666666665	0.0	12755.0
640	2618.8333333333335	0.0	8900.0
650	3001.5	0.0	11484.0
660	2885.3333333333335	0.0	7928.0
670	2676.1666666666665	0.0	10794.0
680	2848.6666666666665	0.0	7686.0
690	2844.8333333333335	0.0	8257.0
700	3045.0	0.0	7641.0
710	2902.3333333333335	0.0	9974.0
720	2684.8333333333335	0.0	12348.0
730	3364.6666666666665	0.0	13348.0
740	2917.3333333333335	0.0	9947.0
750	2745.3333333333335	0.0	10300.0
760	3075.3333333333335	0.0	11597.0
770	2966.1666666666665	0.0	11106.0
780	3070.5	0.0	9749.0
790	2904.3333333333335	0.0	9797.0
800	2892.6666666666665	0.0	10272.0
810	2918.0	0.0	10014.0
820	3160.5	0.0	9729.0
830	3134.3333333333335	0.0	12639.0
840	3069.3333333333335	0.0	9247.0
850	2912.8333333333335	0.0	7479.0
860	2789.5	0.0	10415.0
870	3233.5	0.0	5588.0
880	3061.6666666666665	0.0	12453.0
890	2740.3333333333335	0.0	6412.0
900	2937.3333333333335	0.0	8267.0
910	2992.3333333333335	0.0	9624.0
920	3140.8333333333335	0.0	7913.0
930	3057.0	0.0	10157.0
940	3395.3333333333335	0.0	10252.0
950	2820.8333333333335	0.0	14766.0
960	3178.1666666666665	0.0	8121.0
970	3175.0	0.0	11896.0
980	3150.3333333333335	0.0	11138.0
990	2882.3333333333335	0.0	9294.0
1000	3025.5	0.0	10172.0
