0	233.0	0.0	0.0	0.0	0.0	0.0	0.0
10	70.0	24.0	102.0	76.0	8.0	59.0	16.0
20	70.0	286.0	296.0	196.0	189.0	90.0	97.0
30	70.0	690.0	530.0	361.0	440.0	69.0	250.0
40	70.0	0.0	0.0	0.0	0.0	0.0	0.0
50	70.0	0.0	0.0	0.0	0.0	0.0	0.0
60	70.0	0.0	0.0	0.0	0.0	0.0	0.0
70	70.0	0.0	0.0	0.0	0.0	0.0	0.0
80	70.0	0.0	0.0	0.0	0.0	0.0	0.0
90	70.0	0.0	0.0	0.0	0.0	0.0	0.0
100	70.0	0.0	0.0	0.0	0.0	0.0	0.0
110	70.0	0.0	0.0	0.0	0.0	0.0	0.0
120	70.0	0.0	0.0	0.0	0.0	0.0	0.0
130	70.0	0.0	0.0	0.0	0.0	0.0	0.0
140	70.0	0.0	0.0	0.0	0.0	0.0	0.0
150	70.0	0.0	0.0	0.0	0.0	0.0	0.0
160	70.66666666666667	0.0	0.0	0.0	0.0	0.0	0.0
170	71.0	0.0	0.0	0.0	0.0	0.0	0.0
180	74.33333333333333	0.0	0.0	0.0	0.0	0.0	0.0
190	72.33333333333333	0.0	0.0	0.0	0.0	0.0	0.0
200	71.33333333333333	0.0	0.0	0.0	0.0	0.0	0.0
210	281.3333333333333	0.0	0.0	0.0	0.0	0.0	0.0
220	414.6666666666667	0.0	0.0	0.0	0.0	0.0	0.0
230	289.3333333333333	0.0	0.0	0.0	0.0	0.0	0.0
240	164.33333333333334	0.0	0.0	0.0	0.0	0.0	0.0
250	193.0	0.0	0.0	0.0	0.0	0.0	0.0
260	154.66666666666666	0.0	0.0	0.0	0.0	0.0	0.0
270	147.33333333333334	0.0	0.0	0.0	0.0	0.0	0.0
280	139.33333333333334	0.0	0.0	0.0	0.0	0.0	0.0
290	146.0	0.0	0.0	0.0	0.0	0.0	0.0
300	130.0	0.0	0.0	0.0	0.0	0.0	0.0
310	264.3333333333333	0.0	0.0	0.0	0.0	0.0	0.0
320	206.33333333333334	0.0	0.0	0.0	0.0	0.0	0.0
330	154.0	0.0	0.0	0.0	0.0	0.0	0.0
340	185.0	0.0	0.0	0.0	0.0	0.0	0.0
350	154.66666666666666	0.0	0.0	0.0	0.0	0.0	0.0
360	267.0	0.0	0.0	0.0	0.0	0.0	0.0
370	397.3333333333333	0.0	0.0	0.0	0.0	0.0	0.0
380	557.6666666666666	0.0	0.0	0.0	0.0	0.0	0.0
390	830.0	0.0	0.0	0.0	0.0	0.0	0.0
400	901.6666666666666	0.0	0.0	0.0	0.0	0.0	0.0
410	1391.5	0.0	0.0	0.0	0.0	0.0	0.0
420	1386.0	0.0	0.0	0.0	0.0	0.0	0.0
430	1674.6666666666667	0.0	0.0	0.0	0.0	0.0	0.0
440	1488.3333333333333	0.0	0.0	0.0	0.0	0.0	0.0
450	1947.0	0.0	0.0	0.0	0.0	0.0	0.0
460	1907.6666666666667	0.0	0.0	0.0	0.0	0.0	0.0
470	1910.3333333333333	0.0	0.0	0.0	0.0	0.0	0.0
480	2084.6666666666665	0.0	0.0	0.0	0.0	0.0	0.0
490	1992.3333333333333	0.0	0.0	0.0	0.0	0.0	0.0
500	2146.3333333333335	0.0	0.0	0.0	0.0	0.0	0.0
510	2289.3333333333335	0.0	0.0	0.0	0.0	0.0	0.0
520	2266.1666666666665	0.0	0.0	0.0	0.0	0.0	0.0
530	2341.6666666666665	0.0	0.0	0.0	0.0	0.0	0.0
540	2267.3333333333335	0.0	0.0	0.0	0.0	0.0	0.0
550	2436.6666666666665	0.0	0.0	0.0	0.0	0.0	0.0
560	2453.6666666666665	0.0	0.0	0.0	0.0	0.0	0.0
570	2203.8333333333335	0.0	0.0	0.0	0.0	0.0	0.0
580	2365.6666666666665	0.0	0.0	0.0	0.0	0.0	0.0
590	2069.6666666666665	0.0	0.0	0.0	0.0	0.0	0.0
600	2264.0	0.0	0.0	0.0	0.0	0.0	0.0
610	2456.5	0.0	0.0	0.0	0.0	0.0	0.0
620	2425.0	0.0	0.0	0.0	0.0	0.0	0.0
630	2712.0	0.0	0.0	0.0	0.0	0.0	0.0
640	2640.6666666666665	0.0	0.0	0.0	0.0	0.0	0.0
650	2326.3333333333335	0.0	0.0	0.0	0.0	0.0	0.0
660	2648.5	0.0	0.0	0.0	0.0	0.0	0.0
670	2283.3333333333335	0.0	0.0	0.0	0.0	0.0	0.0
680	2527.6666666666665	0.0	0.0	0.0	0.0	0.0	0.0
690	2489.8333333333335	0.0	0.0	0.0	0.0	0.0	0.0
700	2335.0	0.0	0.0	0.0	0.0	0.0	0.0
710	2638.0	0.0	0.0	0.0	0.0	0.0	0.0
720	2516.0	0.0	0.0	0.0	0.0	0.0	0.0
730	2485.1666666666665	0.0	0.0	0.0	0.0	0.0	0.0
740	2644.0	0.0	0.0	0.0	0.0	0.0	0.0
750	2698.6666666666665	0.0	0.0	0.0	0.0	0.0	0.0
760	2494.6666666666665	0.0	0.0	0.0	0.0	0.0	0.0
770	2524.6666666666665	0.0	0.0	0.0	0.0	0.0	0.0
780	2720.8333333333335	0.0	0.0	0.0	0.0	0.0	0.0
790	2547.1666666666665	0.0	0.0	0.0	0.0	0.0	0.0
800	2494.1666666666665	0.0	0.0	0.0	0.0	0.0	0.0
810	2258.1666666666665	0.0	0.0	0.0	0.0	0.0	0.0
820	2603.0	0.0	0.0	0.0	0.0	0.0	0.0
830	2124.0	0.0	0.0	0.0	0.0	0.0	0.0
840	2137.5	0.0	0.0	0.0	0.0	0.0	0.0
850	2785.1666666666665	0.0	0.0	0.0	0.0	0.0	0.0
860	2511.6666666666665	0.0	0.0	0.0	0.0	0.0	0.0
870	2340.0	0.0	0.0	0.0	0.0	0.0	0.0
880	2750.1666666666665	0.0	0.0	0.0	0.0	0.0	0.0
890	2687.3333333333335	0.0	0.0	0.0	0.0	0.0	0.0
900	2618.5	0.0	0.0	0.0	0.0	0.0	0.0
910	2755.1666666666665	0.0	0.0	0.0	0.0	0.0	0.0
920	2596.6666666666665	0.0	0.0	0.0	0.0	0.0	0.0
930	2651.3333333333335	0.0	0.0	0.0	0.0	0.0	0.0
940	2523.6666666666665	0.0	0.0	0.0	0.0	0.0	0.0
950	2440.1666666666665	0.0	0.0	0.0	0.0	0.0	0.0
960	2846.0	0.0	0.0	0.0	0.0	0.0	0.0
970	2466.0	0.0	0.0	0.0	0.0	0.0	0.0
980	2692.1666666666665	0.0	0.0	0.0	0.0	0.0	0.0
990	2379.0	0.0	0.0	0.0	0.0	0.0	0.0
1000	2219.0	0.0	0.0	0.0	0.0	0.0	0.0
