0	235.33333333333334	0.0	0.0	0.0	0.0	0.0	0.0
10	70.0	31.0	103.0	83.0	21.0	66.0	10.0
20	70.0	766.0	555.0	450.0	432.0	90.0	334.0
30	70.0	203.0	163.0	104.0	144.0	24.0	59.0
40	70.0	0.0	0.0	0.0	0.0	0.0	0.0
50	70.0	0.0	0.0	0.0	0.0	0.0	0.0
60	70.0	0.0	0.0	0.0	0.0	0.0	0.0
70	70.0	0.0	0.0	0.0	0.0	0.0	0.0
80	70.0	0.0	0.0	0.0	0.0	0.0	0.0
90	70.0	0.0	0.0	0.0	0.0	0.0	0.0
100	70.0	0.0	0.0	0.0	0.0	0.0	0.0
110	70.0	0.0	0.0	0.0	0.0	0.0	0.0
120	70.0	0.0	0.0	0.0	0.0	0.0	0.0
130	70.0	0.0	0.0	0.0	0.0	0.0	0.0
140	70.0	0.0	0.0	0.0	0.0	0.0	0.0
150	70.0	0.0	0.0	0.0	0.0	0.0	0.0
160	71.0	0.0	0.0	0.0	0.0	0.0	0.0
170	72.66666666666667	0.0	0.0	0.0	0.0	0.0	0.0
180	74.33333333333333	0.0	0.0	0.0	0.0	0.0	0.0
190	133.33333333333334	0.0	0.0	0.0	0.0	0.0	0.0
200	170.33333333333334	0.0	0.0	0.0	0.0	0.0	0.0
210	236.66666666666666	0.0	0.0	0.0	0.0	0.0	0.0
220	187.33333333333334	0.0	0.0	0.0	0.0	0.0	0.0
230	174.33333333333334	0.0	0.0	0.0	0.0	0.0	0.0
240	156.0	0.0	0.0	0.0	0.0	0.0	0.0
250	130.0	0.0	0.0	0.0	0.0	0.0	0.0
260	163.66666666666666	0.0	0.0	0.0	0.0	0.0	0.0
270	138.0	0.0	0.0	0.0	0.0	0.0	0.0
280	153.66666666666666	0.0	0.0	0.0	0.0	0.0	0.0
290	172.0	0.0	0.0	0.0	0.0	0.0	0.0
300	188.33333333333334	0.0	0.0	0.0	0.0	0.0	0.0
310	130.0	0.0	0.0	0.0	0.0	0.0	0.0
320	218.33333333333334	0.0	0.0	0.0	0.0	0.0	0.0
330	162.0	0.0	0.0	0.0	0.0	0.0	0.0
340	239.66666666666666	0.0	0.0	0.0	0.0	0.0	0.0
350	337.3333333333333	0.0	0.0	0.0	0.0	0.0	0.0
360	551.6666666666666	0.0	0.0	0.0	0.0	0.0	0.0
370	725.0	0.0	0.0	0.0	0.0	0.0	0.0
380	915.0	0.0	0.0	0.0	0.0	0.0	0.0
390	952.0	0.0	0.0	0.0	0.0	0.0	0.0
400	1035.0	0.0	0.0	0.0	0.0	0.0	0.0
410	1114.6666666666667	0.0	0.0	0.0	0.0	0.0	0.0
420	1230.0	0.0	0.0	0.0	0.0	0.0	0.0
430	1691.0	0.0	0.0	0.0	0.0	0.0	0.0
440	1667.6666666666667	0.0	0.0	0.0	0.0	0.0	0.0
450	1537.0	0.0	0.0	0.0	0.0	0.0	0.0
460	2110.3333333333335	0.0	0.0	0.0	0.0	0.0	0.0
470	2015.0	0.0	0.0	0.0	0.0	0.0	0.0
480	1958.0	0.0	0.0	0.0	0.0	0.0	0.0
490	1830.6666666666667	0.0	0.0	0.0	0.0	0.0	0.0
500	1760.0	0.0	0.0	0.0	0.0	0.0	0.0
510	2130.0	0.0	0.0	0.0	0.0	0.0	0.0
520	1480.0	0.0	0.0	0.0	0.0	0.0	0.0
530	1448.3333333333333	0.0	0.0	0.0	0.0	0.0	0.0
540	2021.3333333333333	0.0	0.0	0.0	0.0	0.0	0.0
550	2152.3333333333335	0.0	0.0	0.0	0.0	0.0	0.0
560	2055.3333333333335	0.0	0.0	0.0	0.0	0.0	0.0
570	2278.0	0.0	0.0	0.0	0.0	0.0	0.0
580	2138.6666666666665	0.0	0.0	0.0	0.0	0.0	0.0
590	2266.1666666666665	0.0	0.0	0.0	0.0	0.0	0.0
600	2338.6666666666665	0.0	0.0	0.0	0.0	0.0	0.0
610	2368.0	0.0	0.0	0.0	0.0	0.0	0.0
620	2394.3333333333335	0.0	0.0	0.0	0.0	0.0	0.0
630	2312.3333333333335	0.0	0.0	0.0	0.0	0.0	0.0
640	2338.1666666666665	0.0	0.0	0.0	0.0	0.0	0.0
650	2276.5	0.0	0.0	0.0	0.0	0.0	0.0
660	2710.0	0.0	0.0	0.0	0.0	0.0	0.0
670	2518.0	0.0	0.0	0.0	0.0	0.0	0.0
680	2629.1666666666665	0.0	0.0	0.0	0.0	0.0	0.0
690	2631.6666666666665	0.0	0.0	0.0	0.0	0.0	0.0
700	2728.3333333333335	0.0	0.0	0.0	0.0	0.0	0.0
710	2606.0	0.0	0.0	0.0	0.0	0.0	0.0
720	2668.8333333333335	0.0	0.0	0.0	0.0	0.0	0.0
730	2915.6666666666665	0.0	0.0	0.0	0.0	0.0	0.0
740	2677.8333333333335	0.0	0.0	0.0	0.0	0.0	0.0
750	2598.3333333333335	0.0	0.0	0.0	0.0	0.0	0.0
760	2955.1666666666665	0.0	0.0	0.0	0.0	0.0	0.0
770	2377.8333333333335	0.0	0.0	0.0	0.0	0.0	0.0
780	2491.6666666666665	0.0	0.0	0.0	0.0	0.0	0.0
790	2616.1666666666665	0.0	0.0	0.0	0.0	0.0	0.0
800	2647.5	0.0	0.0	0.0	0.0	0.0	0.0
810	2501.3333333333335	0.0	0.0	0.0	0.0	0.0	0.0
820	2771.5	0.0	0.0	0.0	0.0	0.0	0.0
830	2719.3333333333335	0.0	0.0	0.0	0.0	0.0	0.0
840	2484.6666666666665	0.0	0.0	0.0	0.0	0.0	0.0
850	2441.8333333333335	0.0	0.0	0.0	0.0	0.0	0.0
860	2614.0	0.0	0.0	0.0	0.0	0.0	0.0
870	2640.8333333333335	0.0	0.0	0.0	0.0	0.0	0.0
880	2646.3333333333335	0.0	0.0	0.0	0.0	0.0	0.0
890	2756.8333333333335	0.0	0.0	0.0	0.0	0.0	0.0
900	2812.8333333333335	0.0	0.0	0.0	0.0	0.0	0.0
910	2839.0	0.0	0.0	0.0	0.0	0.0	0.0
920	2567.0	0.0	0.0	0.0	0.0	0.0	0.0
930	2599.0	0.0	0.0	0.0	0.0	0.0	0.0
940	2872.3333333333335	0.0	0.0	0.0	0.0	0.0	0.0
950	2580.6666666666665	0.0	0.0	0.0	0.0	0.0	0.0
960	2670.0	0.0	0.0	0.0	0.0	0.0	0.0
970	2495.8333333333335	0.0	0.0	0.0	0.0	0.0	0.0
980	2668.0	0.0	0.0	0.0	0.0	0.0	0.0
990	2536.6666666666665	0.0	0.0	0.0	0.0	0.0	0.0
1000	2637.6666666666665	0.0	0.0	0.0	0.0	0.0	0.0
