0	238.33333333333334	0.0	0.0	0.0	0.0	0.0	0.0
10	70.0	247.0	189.0	240.0	116.0	77.0	131.0
20	70.0	753.0	648.0	359.0	486.0	69.0	267.0
30	70.0	0.0	0.0	0.0	0.0	0.0	0.0
40	70.0	0.0	0.0	0.0	0.0	0.0	0.0
50	70.0	0.0	0.0	0.0	0.0	0.0	0.0
60	70.0	0.0	0.0	0.0	0.0	0.0	0.0
70	70.0	0.0	0.0	0.0	0.0	0.0	0.0
80	70.0	0.0	0.0	0.0	0.0	0.0	0.0
90	70.0	0.0	0.0	0.0	0.0	0.0	0.0
100	70.0	0.0	0.0	0.0	0.0	0.0	0.0
110	70.0	0.0	0.0	0.0	0.0	0.0	0.0
120	70.0	0.0	0.0	0.0	0.0	0.0	0.0
130	70.0	0.0	0.0	0.0	0.0	0.0	0.0
140	70.0	0.0	0.0	0.0	0.0	0.0	0.0
150	70.0	0.0	0.0	0.0	0.0	0.0	0.0
160	70.0	0.0	0.0	0.0	0.0	0.0	0.0
170	70.0	0.0	0.0	0.0	0.0	0.0	0.0
180	71.0	0.0	0.0	0.0	0.0	0.0	0.0
190	73.33333333333333	0.0	0.0	0.0	0.0	0.0	0.0
200	77.66666666666667	0.0	0.0	0.0	0.0	0.0	0.0
210	79.0	0.0	0.0	0.0	0.0	0.0	0.0
220	79.66666666666667	0.0	0.0	0.0	0.0	0.0	0.0
230	109.0	0.0	0.0	0.0	0.0	0.0	0.0
240	139.0	0.0	0.0	0.0	0.0	0.0	0.0
250	430.0	0.0	0.0	0.0	0.0	0.0	0.0
260	325.3333333333333	0.0	0.0	0.0	0.0	0.0	0.0
270	191.0	0.0	0.0	0.0	0.0	0.0	0.0
280	397.0	0.0	0.0	0.0	0.0	0.0	0.0
290	179.0	0.0	0.0	0.0	0.0	0.0	0.0
300	275.3333333333333	0.0	0.0	0.0	0.0	0.0	0.0
310	171.33333333333334	0.0	0.0	0.0	0.0	0.0	0.0
320	163.0	0.0	0.0	0.0	0.0	0.0	0.0
330	630.3333333333334	0.0	0.0	0.0	0.0	0.0	0.0
340	491.3333333333333	0.0	0.0	0.0	0.0	0.0	0.0
350	478.6666666666667	0.0	0.0	0.0	0.0	0.0	0.0
360	495.6666666666667	0.0	0.0	0.0	0.0	0.0	0.0
370	660.0	0.0	0.0	0.0	0.0	0.0	0.0
380	738.3333333333334	0.0	0.0	0.0	0.0	0.0	0.0
390	815.3333333333334	0.0	0.0	0.0	0.0	0.0	0.0
400	995.3333333333334	0.0	0.0	0.0	0.0	0.0	0.0
410	912.0	0.0	0.0	0.0	0.0	0.0	0.0
420	1157.0	0.0	0.0	0.0	0.0	0.0	0.0
430	1273.0	0.0	0.0	0.0	0.0	0.0	0.0
440	1600.3333333333333	0.0	0.0	0.0	0.0	0.0	0.0
450	1858.6666666666667	0.0	0.0	0.0	0.0	0.0	0.0
460	2401.3333333333335	0.0	0.0	0.0	0.0	0.0	0.0
470	1811.0	0.0	0.0	0.0	0.0	0.0	0.0
480	2350.8333333333335	0.0	0.0	0.0	0.0	0.0	0.0
490	1952.6666666666667	0.0	0.0	0.0	0.0	0.0	0.0
500	2154.1666666666665	0.0	0.0	0.0	0.0	0.0	0.0
510	2264.3333333333335	0.0	0.0	0.0	0.0	0.0	0.0
520	2140.3333333333335	0.0	0.0	0.0	0.0	0.0	0.0
530	2245.6666666666665	0.0	0.0	0.0	0.0	0.0	0.0
540	2260.0	0.0	0.0	0.0	0.0	0.0	0.0
550	2431.0	0.0	0.0	0.0	0.0	0.0	0.0
560	2444.3333333333335	0.0	0.0	0.0	0.0	0.0	0.0
570	2286.3333333333335	0.0	0.0	0.0	0.0	0.0	0.0
580	2529.5	0.0	0.0	0.0	0.0	0.0	0.0
590	2694.6666666666665	0.0	0.0	0.0	0.0	0.0	0.0
600	2314.3333333333335	0.0	0.0	0.0	0.0	0.0	0.0
610	2110.0	0.0	0.0	0.0	0.0	0.0	0.0
620	2316.3333333333335	0.0	0.0	0.0	0.0	0.0	0.0
630	2188.3333333333335	0.0	0.0	0.0	0.0	0.0	0.0
640	2052.0	0.0	0.0	0.0	0.0	0.0	0.0
650	2316.6666666666665	0.0	0.0	0.0	0.0	0.0	0.0
660	2262.5	0.0	0.0	0.0	0.0	0.0	0.0
670	2311.3333333333335	0.0	0.0	0.0	0.0	0.0	0.0
680	2447.8333333333335	0.0	0.0	0.0	0.0	0.0	0.0
690	2405.1666666666665	0.0	0.0	0.0	0.0	0.0	0.0
700	2462.5	0.0	0.0	0.0	0.0	0.0	0.0
710	2616.8333333333335	0.0	0.0	0.0	0.0	0.0	0.0
720	2611.6666666666665	0.0	0.0	0.0	0.0	0.0	0.0
730	2623.1666666666665	0.0	0.0	0.0	0.0	0.0	0.0
740	2544.0	0.0	0.0	0.0	0.0	0.0	0.0
750	2618.6666666666665	0.0	0.0	0.0	0.0	0.0	0.0
760	2655.5	0.0	0.0	0.0	0.0	0.0	0.0
770	2541.0	0.0	0.0	0.0	0.0	0.0	0.0
780	2312.5	0.0	0.0	0.0	0.0	0.0	0.0
790	2676.6666666666665	0.0	0.0	0.0	0.0	0.0	0.0
800	2739.3333333333335	0.0	0.0	0.0	0.0	0.0	0.0
810	2537.0	0.0	0.0	0.0	0.0	0.0	0.0
820	2491.0	0.0	0.0	0.0	0.0	0.0	0.0
830	2716.3333333333335	0.0	0.0	0.0	0.0	0.0	0.0
840	2876.0	0.0	0.0	0.0	0.0	0.0	0.0
850	2741.8333333333335	0.0	0.0	0.0	0.0	0.0	0.0
860	2777.8333333333335	0.0	0.0	0.0	0.0	0.0	0.0
870	2608.6666666666665	0.0	0.0	0.0	0.0	0.0	0.0
880	2329.8333333333335	0.0	0.0	0.0	0.0	0.0	0.0
890	2576.6666666666665	0.0	0.0	0.0	0.0	0.0	0.0
900	2198.3333333333335	0.0	0.0	0.0	0.0	0.0	0.0
910	2137.6666666666665	0.0	0.0	0.0	0.0	0.0	0.0
920	2714.1666666666665	0.0	0.0	0.0	0.0	0.0	0.0
930	2714.8333333333335	0.0	0.0	0.0	0.0	0.0	0.0
940	2703.1666666666665	0.0	0.0	0.0	0.0	0.0	0.0
950	2780.6666666666665	0.0	0.0	0.0	0.0	0.0	0.0
960	2624.0	0.0	0.0	0.0	0.0	0.0	0.0
970	2392.6666666666665	0.0	0.0	0.0	0.0	0.0	0.0
980	2521.6666666666665	0.0	0.0	0.0	0.0	0.0	0.0
990	2324.0	0.0	0.0	0.0	0.0	0.0	0.0
1000	2623.6666666666665	0.0	0.0	0.0	0.0	0.0	0.0
