0	289.6666666666667	0.0	0.0	0.0	0.0	0.0	0.0
10	70.0	301.0	259.0	250.0	154.0	89.0	147.0
20	70.0	558.0	452.0	298.0	356.0	76.0	202.0
30	70.0	141.0	99.0	79.0	81.0	11.0	60.0
40	70.0	0.0	0.0	0.0	0.0	0.0	0.0
50	70.0	0.0	0.0	0.0	0.0	0.0	0.0
60	70.0	0.0	0.0	0.0	0.0	0.0	0.0
70	70.0	0.0	0.0	0.0	0.0	0.0	0.0
80	70.0	0.0	0.0	0.0	0.0	0.0	0.0
90	70.0	0.0	0.0	0.0	0.0	0.0	0.0
100	70.0	0.0	0.0	0.0	0.0	0.0	0.0
110	70.0	0.0	0.0	0.0	0.0	0.0	0.0
120	70.0	0.0	0.0	0.0	0.0	0.0	0.0
130	70.0	0.0	0.0	0.0	0.0	0.0	0.0
140	70.33333333333333	0.0	0.0	0.0	0.0	0.0	0.0
150	71.33333333333333	0.0	0.0	0.0	0.0	0.0	0.0
160	71.33333333333333	0.0	0.0	0.0	0.0	0.0	0.0
170	72.0	0.0	0.0	0.0	0.0	0.0	0.0
180	72.0	0.0	0.0	0.0	0.0	0.0	0.0
190	103.66666666666667	0.0	0.0	0.0	0.0	0.0	0.0
200	126.0	0.0	0.0	0.0	0.0	0.0	0.0
210	187.66666666666666	0.0	0.0	0.0	0.0	0.0	0.0
220	134.33333333333334	0.0	0.0	0.0	0.0	0.0	0.0
230	229.0	0.0	0.0	0.0	0.0	0.0	0.0
240	129.0	0.0	0.0	0.0	0.0	0.0	0.0
250	255.0	0.0	0.0	0.0	0.0	0.0	0.0
260	199.0	0.0	0.0	0.0	0.0	0.0	0.0
270	169.0	0.0	0.0	0.0	0.0	0.0	0.0
280	190.33333333333334	0.0	0.0	0.0	0.0	0.0	0.0
290	307.3333333333333	0.0	0.0	0.0	0.0	0.0	0.0
300	251.66666666666666	0.0	0.0	0.0	0.0	0.0	0.0
310	146.0	0.0	0.0	0.0	0.0	0.0	0.0
320	162.66666666666666	0.0	0.0	0.0	0.0	0.0	0.0
330	295.3333333333333	0.0	0.0	0.0	0.0	0.0	0.0
340	231.33333333333334	0.0	0.0	0.0	0.0	0.0	0.0
350	225.0	0.0	0.0	0.0	0.0	0.0	0.0
360	194.0	0.0	0.0	0.0	0.0	0.0	0.0
370	188.33333333333334	0.0	0.0	0.0	0.0	0.0	0.0
380	789.3333333333334	0.0	0.0	0.0	0.0	0.0	0.0
390	784.3333333333334	0.0	0.0	0.0	0.0	0.0	0.0
400	832.6666666666666	0.0	0.0	0.0	0.0	0.0	0.0
410	1046.0	0.0	0.0	0.0	0.0	0.0	0.0
420	1186.3333333333333	0.0	0.0	0.0	0.0	0.0	0.0
430	1232.0	0.0	0.0	0.0	0.0	0.0	0.0
440	1424.0	0.0	0.0	0.0	0.0	0.0	0.0
450	1515.3333333333333	0.0	0.0	0.0	0.0	0.0	0.0
460	1204.3333333333333	0.0	0.0	0.0	0.0	0.0	0.0
470	1588.6666666666667	0.0	0.0	0.0	0.0	0.0	0.0
480	1860.6666666666667	0.0	0.0	0.0	0.0	0.0	0.0
490	2141.0	0.0	0.0	0.0	0.0	0.0	0.0
500	1717.0	0.0	0.0	0.0	0.0	0.0	0.0
510	1415.0	0.0	0.0	0.0	0.0	0.0	0.0
520	1742.3333333333333	0.0	0.0	0.0	0.0	0.0	0.0
530	2173.3333333333335	0.0	0.0	0.0	0.0	0.0	0.0
540	1778.0	0.0	0.0	0.0	0.0	0.0	0.0
550	2009.3333333333333	0.0	0.0	0.0	0.0	0.0	0.0
560	2518.1666666666665	0.0	0.0	0.0	0.0	0.0	0.0
570	2257.6666666666665	0.0	0.0	0.0	0.0	0.0	0.0
580	2211.0	0.0	0.0	0.0	0.0	0.0	0.0
590	2597.0	0.0	0.0	0.0	0.0	0.0	0.0
600	2198.3333333333335	0.0	0.0	0.0	0.0	0.0	0.0
610	2451.8333333333335	0.0	0.0	0.0	0.0	0.0	0.0
620	2556.3333333333335	0.0	0.0	0.0	0.0	0.0	0.0
630	2626.0	0.0	0.0	0.0	0.0	0.0	0.0
640	2324.1666666666665	0.0	0.0	0.0	0.0	0.0	0.0
650	2232.0	0.0	0.0	0.0	0.0	0.0	0.0
660	2549.3333333333335	0.0	0.0	0.0	0.0	0.0	0.0
670	2580.1666666666665	0.0	0.0	0.0	0.0	0.0	0.0
680	2734.0	0.0	0.0	0.0	0.0	0.0	0.0
690	2512.3333333333335	0.0	0.0	0.0	0.0	0.0	0.0
700	2638.5	0.0	0.0	0.0	0.0	0.0	0.0
710	2774.1666666666665	0.0	0.0	0.0	0.0	0.0	0.0
720	2506.8333333333335	0.0	0.0	0.0	0.0	0.0	0.0
730	2450.3333333333335	0.0	0.0	0.0	0.0	0.0	0.0
740	2569.3333333333335	0.0	0.0	0.0	0.0	0.0	0.0
750	2457.6666666666665	0.0	0.0	0.0	0.0	0.0	0.0
760	2868.8333333333335	0.0	0.0	0.0	0.0	0.0	0.0
770	2430.6666666666665	0.0	0.0	0.0	0.0	0.0	0.0
780	2548.6666666666665	0.0	0.0	0.0	0.0	0.0	0.0
790	2466.6666666666665	0.0	0.0	0.0	0.0	0.0	0.0
800	2543.3333333333335	0.0	0.0	0.0	0.0	0.0	0.0
810	2643.3333333333335	0.0	0.0	0.0	0.0	0.0	0.0
820	2580.5	0.0	0.0	0.0	0.0	0.0	0.0
830	2617.0	0.0	0.0	0.0	0.0	0.0	0.0
840	2470.3333333333335	0.0	0.0	0.0	0.0	0.0	0.0
850	2773.6666666666665	0.0	0.0	0.0	0.0	0.0	0.0
860	2585.3333333333335	0.0	0.0	0.0	0.0	0.0	0.0
870	2740.6666666666665	0.0	0.0	0.0	0.0	0.0	0.0
880	2649.5	0.0	0.0	0.0	0.0	0.0	0.0
890	2538.0	0.0	0.0	0.0	0.0	0.0	0.0
900	2657.6666666666665	0.0	0.0	0.0	0.0	0.0	0.0
910	2600.1666666666665	0.0	0.0	0.0	0.0	0.0	0.0
920	2633.8333333333335	0.0	0.0	0.0	0.0	0.0	0.0
930	2531.3333333333335	0.0	0.0	0.0	0.0	0.0	0.0
940	2726.3333333333335	0.0	0.0	0.0	0.0	0.0	0.0
950	2821.5	0.0	0.0	0.0	0.0	0.0	0.0
960	2501.0	0.0	0.0	0.0	0.0	0.0	0.0
970	2580.6666666666665	0.0	0.0	0.0	0.0	0.0	0.0
980	2509.6666666666665	0.0	0.0	0.0	0.0	0.0	0.0
990	2437.5	0.0	0.0	0.0	0.0	0.0	0.0
1000	2538.1666666666665	0.0	0.0	0.0	0.0	0.0	0.0
