0	287.3333333333333	0.0	0.0	0.0	0.0	0.0	0.0
10	70.0	732.0	542.0	397.0	428.0	72.0	304.0
20	70.0	268.0	183.0	115.0	173.0	15.0	95.0
30	70.0	0.0	0.0	0.0	0.0	0.0	0.0
40	70.0	0.0	0.0	0.0	0.0	0.0	0.0
50	70.0	0.0	0.0	0.0	0.0	0.0	0.0
60	70.0	0.0	0.0	0.0	0.0	0.0	0.0
70	70.0	0.0	0.0	0.0	0.0	0.0	0.0
80	70.0	0.0	0.0	0.0	0.0	0.0	0.0
90	70.0	0.0	0.0	0.0	0.0	0.0	0.0
100	70.0	0.0	0.0	0.0	0.0	0.0	0.0
110	70.0	0.0	0.0	0.0	0.0	0.0	0.0
120	70.0	0.0	0.0	0.0	0.0	0.0	0.0
130	70.0	0.0	0.0	0.0	0.0	0.0	0.0
140	70.0	0.0	0.0	0.0	0.0	0.0	0.0
150	70.66666666666667	0.0	0.0	0.0	0.0	0.0	0.0
160	71.0	0.0	0.0	0.0	0.0	0.0	0.0
170	71.0	0.0	0.0	0.0	0.0	0.0	0.0
180	73.66666666666667	0.0	0.0	0.0	0.0	0.0	0.0
190	86.33333333333333	0.0	0.0	0.0	0.0	0.0	0.0
200	131.0	0.0	0.0	0.0	0.0	0.0	0.0
210	238.66666666666666	0.0	0.0	0.0	0.0	0.0	0.0
220	194.0	0.0	0.0	0.0	0.0	0.0	0.0
230	427.0	0.0	0.0	0.0	0.0	0.0	0.0
240	224.66666666666666	0.0	0.0	0.0	0.0	0.0	0.0
250	110.66666666666667	0.0	0.0	0.0	0.0	0.0	0.0
260	143.66666666666666	0.0	0.0	0.0	0.0	0.0	0.0
270	138.66666666666666	0.0	0.0	0.0	0.0	0.0	0.0
280	131.0	0.0	0.0	0.0	0.0	0.0	0.0
290	162.33333333333334	0.0	0.0	0.0	0.0	0.0	0.0
300	490.3333333333333	0.0	0.0	0.0	0.0	0.0	0.0
310	578.6666666666666	0.0	0.0	0.0	0.0	0.0	0.0
320	577.3333333333334	0.0	0.0	0.0	0.0	0.0	0.0
330	1293.3333333333333	0.0	0.0	0.0	0.0	0.0	0.0
340	1423.3333333333333	0.0	0.0	0.0	0.0	0.0	0.0
350	1373.0	0.0	0.0	0.0	0.0	0.0	0.0
360	1219.0	0.0	0.0	0.0	0.0	0.0	0.0
370	1354.3333333333333	0.0	0.0	0.0	0.0	0.0	0.0
380	1872.6666666666667	0.0	0.0	0.0	0.0	0.0	0.0
390	2092.0	0.0	0.0	0.0	0.0	0.0	0.0
400	2046.0	0.0	0.0	0.0	0.0	0.0	0.0
410	2018.0	0.0	0.0	0.0	0.0	0.0	0.0
420	1922.3333333333333	0.0	0.0	0.0	0.0	0.0	0.0
430	2096.3333333333335	0.0	0.0	0.0	0.0	0.0	0.0
440	1978.3333333333333	0.0	0.0	0.0	0.0	0.0	0.0
450	2237.0	0.0	0.0	0.0	0.0	0.0	0.0
460	2136.6666666666665	0.0	0.0	0.0	0.0	0.0	0.0
470	2185.3333333333335	0.0	0.0	0.0	0.0	0.0	0.0
480	2127.6666666666665	0.0	0.0	0.0	0.0	0.0	0.0
490	2191.3333333333335	0.0	0.0	0.0	0.0	0.0	0.0
500	2177.0	0.0	0.0	0.0	0.0	0.0	0.0
510	2318.6666666666665	0.0	0.0	0.0	0.0	0.0	0.0
520	2142.0	0.0	0.0	0.0	0.0	0.0	0.0
530	2324.1666666666665	0.0	0.0	0.0	0.0	0.0	0.0
540	2258.5	0.0	0.0	0.0	0.0	0.0	0.0
550	2487.5	0.0	0.0	0.0	0.0	0.0	0.0
560	2593.3333333333335	0.0	0.0	0.0	0.0	0.0	0.0
570	2395.3333333333335	0.0	0.0	0.0	0.0	0.0	0.0
580	2401.0	0.0	0.0	0.0	0.0	0.0	0.0
590	2459.3333333333335	0.0	0.0	0.0	0.0	0.0	0.0
600	2490.8333333333335	0.0	0.0	0.0	0.0	0.0	0.0
610	2339.8333333333335	0.0	0.0	0.0	0.0	0.0	0.0
620	2442.6666666666665	0.0	0.0	0.0	0.0	0.0	0.0
630	2592.3333333333335	0.0	0.0	0.0	0.0	0.0	0.0
640	2413.1666666666665	0.0	0.0	0.0	0.0	0.0	0.0
650	2445.1666666666665	0.0	0.0	0.0	0.0	0.0	0.0
660	2455.3333333333335	0.0	0.0	0.0	0.0	0.0	0.0
670	2699.3333333333335	0.0	0.0	0.0	0.0	0.0	0.0
680	2422.6666666666665	0.0	0.0	0.0	0.0	0.0	0.0
690	2294.0	0.0	0.0	0.0	0.0	0.0	0.0
700	2462.6666666666665	0.0	0.0	0.0	0.0	0.0	0.0
710	2646.3333333333335	0.0	0.0	0.0	0.0	0.0	0.0
720	2974.6666666666665	0.0	0.0	0.0	0.0	0.0	0.0
730	2318.6666666666665	0.0	0.0	0.0	0.0	0.0	0.0
740	2755.6666666666665	0.0	0.0	0.0	0.0	0.0	0.0
750	2809.5	0.0	0.0	0.0	0.0	0.0	0.0
760	2666.8333333333335	0.0	0.0	0.0	0.0	0.0	0.0
770	2450.0	0.0	0.0	0.0	0.0	0.0	0.0
780	2617.8333333333335	0.0	0.0	0.0	0.0	0.0	0.0
790	2518.8333333333335	0.0	0.0	0.0	0.0	0.0	0.0
800	3035.8333333333335	0.0	0.0	0.0	0.0	0.0	0.0
810	2605.1666666666665	0.0	0.0	0.0	0.0	0.0	0.0
820	3035.6666666666665	0.0	0.0	0.0	0.0	0.0	0.0
830	2877.6666666666665	0.0	0.0	0.0	0.0	0.0	0.0
840	2907.3333333333335	0.0	0.0	0.0	0.0	0.0	0.0
850	2416.1666666666665	0.0	0.0	0.0	0.0	0.0	0.0
860	2361.6666666666665	0.0	0.0	0.0	0.0	0.0	0.0
870	2989.6666666666665	0.0	0.0	0.0	0.0	0.0	0.0
880	2309.5	0.0	0.0	0.0	0.0	0.0	0.0
890	2496.5	0.0	0.0	0.0	0.0	0.0	0.0
900	2571.5	0.0	0.0	0.0	0.0	0.0	0.0
910	2219.3333333333335	0.0	0.0	0.0	0.0	0.0	0.0
920	2405.3333333333335	0.0	0.0	0.0	0.0	0.0	0.0
930	2667.6666666666665	0.0	0.0	0.0	0.0	0.0	0.0
940	2953.6666666666665	0.0	0.0	0.0	0.0	0.0	0.0
950	1998.3333333333333	0.0	0.0	0.0	0.0	0.0	0.0
960	2691.5	0.0	0.0	0.0	0.0	0.0	0.0
970	2715.5	0.0	0.0	0.0	0.0	0.0	0.0
980	2745.0	0.0	0.0	0.0	0.0	0.0	0.0
990	2606.5	0.0	0.0	0.0	0.0	0.0	0.0
1000	2636.3333333333335	0.0	0.0	0.0	0.0	0.0	0.0
