0	270.3333333333333	0.0	0.0	0.0	0.0	0.0	0.0
10	70.0	25.0	93.0	81.0	2.0	58.0	23.0
20	70.0	237.0	233.0	183.0	136.0	76.0	101.0
30	70.0	131.0	138.0	161.0	65.0	81.0	66.0
40	70.0	13.0	114.0	85.0	1.0	72.0	12.0
50	70.0	29.0	99.0	97.0	5.0	71.0	24.0
60	70.0	33.0	100.0	110.0	9.0	85.0	24.0
70	70.0	182.0	199.0	191.0	75.0	81.0	107.0
80	70.0	130.0	216.0	175.0	90.0	95.0	40.0
90	70.0	43.0	86.0	112.0	5.0	72.0	38.0
100	70.0	42.0	112.0	103.0	16.0	75.0	26.0
110	70.0	18.0	125.0	84.0	10.0	76.0	8.0
120	70.0	8.0	116.0	86.0	1.0	79.0	7.0
130	70.0	8.0	116.0	78.0	0.0	70.0	8.0
140	70.0	8.0	110.0	91.0	0.0	83.0	8.0
150	70.0	69.0	91.0	113.0	25.0	66.0	44.0
160	70.66666666666667	24.0	28.0	39.0	8.0	23.0	16.0
170	70.0	0.0	0.0	0.0	0.0	0.0	0.0
180	71.33333333333333	0.0	0.0	0.0	0.0	0.0	0.0
190	83.0	0.0	0.0	0.0	0.0	0.0	0.0
200	73.33333333333333	0.0	0.0	0.0	0.0	0.0	0.0
210	79.66666666666667	0.0	0.0	0.0	0.0	0.0	0.0
220	82.0	0.0	0.0	0.0	0.0	0.0	0.0
230	154.33333333333334	0.0	0.0	0.0	0.0	0.0	0.0
240	150.0	0.0	0.0	0.0	0.0	0.0	0.0
250	192.33333333333334	0.0	0.0	0.0	0.0	0.0	0.0
260	197.33333333333334	0.0	0.0	0.0	0.0	0.0	0.0
270	154.0	0.0	0.0	0.0	0.0	0.0	0.0
280	178.0	0.0	0.0	0.0	0.0	0.0	0.0
290	213.66666666666666	0.0	0.0	0.0	0.0	0.0	0.0
300	196.66666666666666	0.0	0.0	0.0	0.0	0.0	0.0
310	252.0	0.0	0.0	0.0	0.0	0.0	0.0
320	244.66666666666666	0.0	0.0	0.0	0.0	0.0	0.0
330	130.66666666666666	0.0	0.0	0.0	0.0	0.0	0.0
340	171.33333333333334	0.0	0.0	0.0	0.0	0.0	0.0
350	232.33333333333334	0.0	0.0	0.0	0.0	0.0	0.0
360	242.66666666666666	0.0	0.0	0.0	0.0	0.0	0.0
370	180.66666666666666	0.0	0.0	0.0	0.0	0.0	0.0
380	136.66666666666666	0.0	0.0	0.0	0.0	0.0	0.0
390	266.3333333333333	0.0	0.0	0.0	0.0	0.0	0.0
400	146.0	0.0	0.0	0.0	0.0	0.0	0.0
410	130.0	0.0	0.0	0.0	0.0	0.0	0.0
420	132.0	0.0	0.0	0.0	0.0	0.0	0.0
430	405.0	0.0	0.0	0.0	0.0	0.0	0.0
440	509.0	0.0	0.0	0.0	0.0	0.0	0.0
450	552.0	0.0	0.0	0.0	0.0	0.0	0.0
460	770.3333333333334	0.0	0.0	0.0	0.0	0.0	0.0
470	764.0	0.0	0.0	0.0	0.0	0.0	0.0
480	1150.0	0.0	0.0	0.0	0.0	0.0	0.0
490	1140.0	0.0	0.0	0.0	0.0	0.0	0.0
500	959.0	0.0	0.0	0.0	0.0	0.0	0.0
510	1186.6666666666667	0.0	0.0	0.0	0.0	0.0	0.0
520	1359.0	0.0	0.0	0.0	0.0	0.0	0.0
530	1670.1666666666667	0.0	0.0	0.0	0.0	0.0	0.0
540	1779.3333333333333	0.0	0.0	0.0	0.0	0.0	0.0
550	1818.5	0.0	0.0	0.0	0.0	0.0	0.0
560	1821.5	0.0	0.0	0.0	0.0	0.0	0.0
570	1722.6666666666667	0.0	0.0	0.0	0.0	0.0	0.0
580	2204.1666666666665	0.0	0.0	0.0	0.0	0.0	0.0
590	2440.3333333333335	0.0	0.0	0.0	0.0	0.0	0.0
600	2086.6666666666665	0.0	0.0	0.0	0.0	0.0	0.0
610	2111.6666666666665	0.0	0.0	0.0	0.0	0.0	0.0
620	1786.6666666666667	0.0	0.0	0.0	0.0	0.0	0.0
630	2164.0	0.0	0.0	0.0	0.0	0.0	0.0
640	1913.6666666666667	0.0	0.0	0.0	0.0	0.0	0.0
650	2494.5	0.0	0.0	0.0	0.0	0.0	0.0
660	2082.6666666666665	0.0	0.0	0.0	0.0	0.0	0.0
670	2111.0	0.0	0.0	0.0	0.0	0.0	0.0
680	2506.3333333333335	0.0	0.0	0.0	0.0	0.0	0.0
690	2467.3333333333335	0.0	0.0	0.0	0.0	0.0	0.0
700	1980.1666666666667	0.0	0.0	0.0	0.0	0.0	0.0
710	2373.0	0.0	0.0	0.0	0.0	0.0	0.0
720	2634.3333333333335	0.0	0.0	0.0	0.0	0.0	0.0
730	2308.6666666666665	0.0	0.0	0.0	0.0	0.0	0.0
740	2515.3333333333335	0.0	0.0	0.0	0.0	0.0	0.0
750	2750.5	0.0	0.0	0.0	0.0	0.0	0.0
760	2613.0	0.0	0.0	0.0	0.0	0.0	0.0
770	2586.6666666666665	0.0	0.0	0.0	0.0	0.0	0.0
780	2516.3333333333335	0.0	0.0	0.0	0.0	0.0	0.0
790	2528.6666666666665	0.0	0.0	0.0	0.0	0.0	0.0
800	2746.6666666666665	0.0	0.0	0.0	0.0	0.0	0.0
810	2713.3333333333335	0.0	0.0	0.0	0.0	0.0	0.0
820	2749.0	0.0	0.0	0.0	0.0	0.0	0.0
830	2792.3333333333335	0.0	0.0	0.0	0.0	0.0	0.0
840	2540.1666666666665	0.0	0.0	0.0	0.0	0.0	0.0
850	2656.1666666666665	0.0	0.0	0.0	0.0	0.0	0.0
860	2577.6666666666665	0.0	0.0	0.0	0.0	0.0	0.0
870	2444.8333333333335	0.0	0.0	0.0	0.0	0.0	0.0
880	2556.0	0.0	0.0	0.0	0.0	0.0	0.0
890	2516.0	0.0	0.0	0.0	0.0	0.0	0.0
900	2745.0	0.0	0.0	0.0	0.0	0.0	0.0
910	2612.5	0.0	0.0	0.0	0.0	0.0	0.0
920	2410.3333333333335	0.0	0.0	0.0	0.0	0.0	0.0
930	2706.6666666666665	0.0	0.0	0.0	0.0	0.0	0.0
940	2652.8333333333335	0.0	0.0	0.0	0.0	0.0	0.0
950	2542.0	0.0	0.0	0.0	0.0	0.0	0.0
960	2290.3333333333335	0.0	0.0	0.0	0.0	0.0	0.0
970	2436.0	0.0	0.0	0.0	0.0	0.0	0.0
980	2263.1666666666665	0.0	0.0	0.0	0.0	0.0	0.0
990	2789.3333333333335	0.0	0.0	0.0	0.0	0.0	0.0
1000	2075.8333333333335	0.0	0.0	0.0	0.0	0.0	0.0
