0	252.33333333333334	0.0
10	70.0	0.0
20	70.0	0.0
30	70.0	0.0
40	70.0	0.0
50	70.0	7.0
60	70.0	7.0
70	70.0	9.0
80	70.0	0.0
90	70.0	0.0
100	70.0	0.0
110	70.0	3.0
120	70.0	2.0
130	70.0	0.0
140	70.0	0.0
150	70.0	3.0
160	70.0	0.0
170	70.0	0.0
180	70.0	0.0
190	70.0	0.0
200	70.0	0.0
210	76.0	3.0
220	79.0	0.0
230	70.0	9.0
240	78.0	0.0
250	123.66666666666667	0.0
260	146.0	8.0
270	479.6666666666667	2.0
280	347.3333333333333	71.0
290	324.6666666666667	50.0
300	200.66666666666666	124.0
310	177.66666666666666	164.0
320	218.66666666666666	0.0
330	131.0	165.0
340	170.0	25.0
350	355.0	0.0
360	697.3333333333334	51.0
370	608.6666666666666	16.0
380	710.0	71.0
390	973.0	65.0
400	763.6666666666666	124.0
410	774.6666666666666	13.0
420	1278.6666666666667	8.0
430	1303.3333333333333	0.0
440	1533.0	0.0
450	2149.0	0.0
460	1969.6666666666667	0.0
470	1920.3333333333333	0.0
480	1864.6666666666667	0.0
490	2372.3333333333335	0.0
500	2233.0	0.0
510	1993.6666666666667	0.0
520	2284.3333333333335	0.0
530	2244.0	0.0
540	1728.6666666666667	0.0
550	2410.3333333333335	0.0
560	2300.3333333333335	0.0
570	1932.3333333333333	0.0
580	2465.5	0.0
590	2276.5	0.0
600	2400.1666666666665	0.0
610	2485.8333333333335	0.0
620	2308.0	0.0
630	2543.5	0.0
640	2808.1666666666665	0.0
650	2518.3333333333335	0.0
660	2411.3333333333335	0.0
670	2636.3333333333335	0.0
680	2611.0	0.0
690	2565.6666666666665	0.0
700	2596.0	0.0
710	2741.5	0.0
720	2476.6666666666665	0.0
730	2439.0	0.0
740	2611.8333333333335	0.0
750	2612.3333333333335	0.0
760	2756.0	0.0
770	2572.0	0.0
780	2302.6666666666665	0.0
790	2476.6666666666665	0.0
800	2650.8333333333335	0.0
810	2511.3333333333335	0.0
820	2311.5	0.0
830	2686.0	0.0
840	2429.8333333333335	0.0
850	2620.5	0.0
860	2554.5	0.0
870	2320.1666666666665	0.0
880	2561.8333333333335	0.0
890	2401.8333333333335	0.0
900	2737.6666666666665	0.0
910	2556.3333333333335	0.0
920	2680.3333333333335	0.0
930	2365.8333333333335	0.0
940	2088.0	0.0
950	2361.1666666666665	0.0
960	1955.6666666666667	0.0
970	1764.0	0.0
980	1806.5	0.0
990	1872.6666666666667	0.0
1000	1729.3333333333333	0.0
