0	249.33333333333334	0.0
10	70.0	0.0
20	70.0	3.0
30	70.0	0.0
40	70.0	0.0
50	70.0	1.0
60	70.0	0.0
70	70.0	119.0
80	70.0	0.0
90	70.0	0.0
100	70.0	0.0
110	70.0	0.0
120	70.0	0.0
130	70.0	0.0
140	70.0	3.0
150	70.0	17.0
160	70.0	0.0
170	70.33333333333333	0.0
180	71.33333333333333	0.0
190	76.33333333333333	3.0
200	71.0	43.0
210	72.0	0.0
220	102.66666666666667	0.0
230	145.66666666666666	22.0
240	109.0	29.0
250	120.0	30.0
260	137.33333333333334	56.0
270	108.0	83.0
280	124.0	28.0
290	130.0	114.0
300	130.0	73.0
310	164.66666666666666	0.0
320	194.0	84.0
330	169.66666666666666	0.0
340	247.0	35.0
350	952.6666666666666	16.0
360	308.6666666666667	42.0
370	568.0	199.0
380	428.6666666666667	0.0
390	536.0	0.0
400	949.6666666666666	0.0
410	782.6666666666666	0.0
420	758.3333333333334	0.0
430	1248.0	0.0
440	1182.6666666666667	0.0
450	1856.0	0.0
460	1488.6666666666667	0.0
470	2025.5	0.0
480	2228.6666666666665	0.0
490	2223.5	0.0
500	1918.6666666666667	0.0
510	2160.6666666666665	0.0
520	1490.0	0.0
530	1789.3333333333333	0.0
540	2293.1666666666665	0.0
550	1520.0	0.0
560	2227.0	0.0
570	2293.6666666666665	0.0
580	2065.8333333333335	0.0
590	2165.0	0.0
600	2152.6666666666665	0.0
610	2268.3333333333335	0.0
620	2284.0	0.0
630	2112.3333333333335	0.0
640	2551.0	0.0
650	2471.6666666666665	0.0
660	2647.8333333333335	0.0
670	2452.0	0.0
680	2653.0	0.0
690	2784.1666666666665	0.0
700	2198.6666666666665	0.0
710	2430.0	0.0
720	2373.6666666666665	0.0
730	2426.3333333333335	0.0
740	2338.0	0.0
750	2556.6666666666665	0.0
760	2766.1666666666665	0.0
770	2824.1666666666665	0.0
780	2782.0	0.0
790	2627.1666666666665	0.0
800	2704.3333333333335	0.0
810	2714.1666666666665	0.0
820	2413.5	0.0
830	2487.0	0.0
840	2473.0	0.0
850	2730.1666666666665	0.0
860	2617.3333333333335	0.0
870	2748.3333333333335	0.0
880	2570.6666666666665	0.0
890	2696.0	0.0
900	2697.3333333333335	0.0
910	2438.0	0.0
920	2425.8333333333335	0.0
930	2552.0	0.0
940	2565.6666666666665	0.0
950	2540.0	0.0
960	2433.0	0.0
970	2608.0	0.0
980	2367.8333333333335	0.0
990	2662.3333333333335	0.0
1000	2371.0	0.0
