0	262.0	0.0
10	70.0	3.0
20	70.0	1.0
30	70.0	0.0
40	70.0	0.0
50	70.0	0.0
60	70.0	0.0
70	70.0	0.0
80	70.0	4.0
90	70.0	0.0
100	70.0	0.0
110	70.0	2.0
120	70.0	0.0
130	70.0	0.0
140	70.0	0.0
150	70.0	26.0
160	70.0	0.0
170	70.0	3.0
180	70.0	0.0
190	70.0	0.0
200	70.66666666666667	0.0
210	70.66666666666667	1.0
220	71.66666666666667	0.0
230	71.0	1.0
240	72.66666666666667	31.0
250	86.33333333333333	0.0
260	143.0	0.0
270	194.33333333333334	20.0
280	312.0	58.0
290	197.33333333333334	13.0
300	169.66666666666666	46.0
310	296.3333333333333	0.0
320	154.0	149.0
330	236.0	86.0
340	130.66666666666666	240.0
350	162.0	60.0
360	569.6666666666666	62.0
370	793.6666666666666	12.0
380	883.3333333333334	166.0
390	927.0	16.0
400	1664.0	0.0
410	1262.6666666666667	0.0
420	1190.0	0.0
430	1619.3333333333333	0.0
440	1524.0	0.0
450	1686.3333333333333	0.0
460	1843.3333333333333	0.0
470	1592.6666666666667	0.0
480	1802.6666666666667	0.0
490	2180.0	0.0
500	2269.6666666666665	0.0
510	2237.5	0.0
520	2161.1666666666665	0.0
530	2346.6666666666665	0.0
540	2399.5	0.0
550	2137.6666666666665	0.0
560	2176.3333333333335	0.0
570	2255.8333333333335	0.0
580	2152.6666666666665	0.0
590	2009.6666666666667	0.0
600	2474.0	0.0
610	2312.0	0.0
620	2477.3333333333335	0.0
630	2458.6666666666665	0.0
640	2411.0	0.0
650	2467.5	0.0
660	2589.0	0.0
670	2511.5	0.0
680	2476.0	0.0
690	2503.8333333333335	0.0
700	2516.5	0.0
710	2503.0	0.0
720	2756.3333333333335	0.0
730	2614.1666666666665	0.0
740	2669.6666666666665	0.0
750	2367.0	0.0
760	2614.3333333333335	0.0
770	2581.6666666666665	0.0
780	2436.6666666666665	0.0
790	2582.5	0.0
800	2533.6666666666665	0.0
810	2577.3333333333335	0.0
820	2542.8333333333335	0.0
830	2445.3333333333335	0.0
840	2677.5	0.0
850	2684.8333333333335	0.0
860	2509.0	0.0
870	2666.0	0.0
880	2417.0	0.0
890	2570.5	0.0
900	2522.3333333333335	0.0
910	2692.0	0.0
920	2408.0	0.0
930	2318.0	0.0
940	2579.6666666666665	0.0
950	2041.6666666666667	0.0
960	2239.1666666666665	0.0
970	1900.5	0.0
980	2085.6666666666665	0.0
990	2790.8333333333335	0.0
1000	2451.0	0.0
