0	248.0	0.0
10	96.66666666666667	1000.0
20	70.0	0.0
30	70.0	0.0
40	95.0	0.0
50	205.0	0.0
60	80.33333333333333	0.0
70	391.0	0.0
80	70.66666666666667	0.0
90	163.0	0.0
100	90.0	0.0
110	176.66666666666666	0.0
120	510.3333333333333	0.0
130	330.6666666666667	0.0
140	453.0	0.0
150	350.3333333333333	0.0
160	320.3333333333333	0.0
170	494.0	0.0
180	234.0	0.0
190	724.0	0.0
200	580.6666666666666	0.0
210	753.6666666666666	0.0
220	673.6666666666666	0.0
230	665.0	0.0
240	1373.6666666666667	0.0
250	1425.5	0.0
260	1543.6666666666667	0.0
270	1754.0	0.0
280	2101.8333333333335	0.0
290	2459.8333333333335	0.0
300	2671.5	0.0
310	2299.1666666666665	0.0
320	2246.6666666666665	0.0
330	2230.3333333333335	0.0
340	2289.3333333333335	0.0
350	1881.6666666666667	0.0
360	2079.6666666666665	0.0
370	1784.5	0.0
380	2443.6666666666665	0.0
390	2261.3333333333335	0.0
400	1582.0	0.0
410	2221.0	0.0
420	2639.3333333333335	0.0
430	1782.5	0.0
440	2159.3333333333335	0.0
450	2056.1666666666665	0.0
460	2410.6666666666665	0.0
470	2563.6666666666665	0.0
480	2610.3333333333335	0.0
490	1987.8333333333333	0.0
500	2337.6666666666665	0.0
510	2077.0	0.0
520	1787.6666666666667	0.0
530	1847.0	0.0
540	1947.8333333333333	0.0
550	1861.3333333333333	0.0
560	1934.3333333333333	0.0
570	2060.6666666666665	0.0
580	1803.3333333333333	0.0
590	1814.0	0.0
600	2032.3333333333333	0.0
610	1770.8333333333333	0.0
620	1946.0	0.0
630	1895.0	0.0
640	1973.3333333333333	0.0
650	1817.1666666666667	0.0
660	2362.6666666666665	0.0
670	2149.3333333333335	0.0
680	2526.1666666666665	0.0
690	2504.1666666666665	0.0
700	2344.0	0.0
710	2531.0	0.0
720	2359.5	0.0
730	2560.5	0.0
740	2458.0	0.0
750	2662.3333333333335	0.0
760	2292.3333333333335	0.0
770	2435.6666666666665	0.0
780	2448.3333333333335	0.0
790	2742.6666666666665	0.0
800	2357.3333333333335	0.0
810	1640.0	0.0
820	2109.1666666666665	0.0
830	1972.3333333333333	0.0
840	2430.8333333333335	0.0
850	2478.1666666666665	0.0
860	1786.6666666666667	0.0
870	1922.1666666666667	0.0
880	2026.1666666666667	0.0
890	2155.3333333333335	0.0
900	1759.6666666666667	0.0
910	1818.6666666666667	0.0
920	1998.3333333333333	0.0
930	2185.1666666666665	0.0
940	1776.3333333333333	0.0
950	2253.0	0.0
960	2505.3333333333335	0.0
970	2038.1666666666667	0.0
980	2613.3333333333335	0.0
990	2496.5	0.0
1000	2338.3333333333335	0.0
