0	278.6666666666667	0.0
10	70.0	1000.0
20	70.0	0.0
30	70.0	0.0
40	71.33333333333333	0.0
50	71.0	0.0
60	365.3333333333333	0.0
70	70.33333333333333	0.0
80	72.66666666666667	0.0
90	101.0	0.0
100	78.0	0.0
110	84.33333333333333	0.0
120	355.6666666666667	0.0
130	419.3333333333333	0.0
140	221.0	0.0
150	255.0	0.0
160	383.6666666666667	0.0
170	243.66666666666666	0.0
180	377.0	0.0
190	516.0	0.0
200	351.6666666666667	0.0
210	315.3333333333333	0.0
220	364.6666666666667	0.0
230	295.0	0.0
240	359.6666666666667	0.0
250	481.6666666666667	0.0
260	531.6666666666666	0.0
270	814.0	0.0
280	695.6666666666666	0.0
290	645.0	0.0
300	1093.6666666666667	0.0
310	1855.8333333333333	0.0
320	1278.3333333333333	0.0
330	2249.0	0.0
340	2559.0	0.0
350	2176.3333333333335	0.0
360	2337.0	0.0
370	2341.0	0.0
380	2224.6666666666665	0.0
390	2441.0	0.0
400	2355.0	0.0
410	2561.8333333333335	0.0
420	2642.1666666666665	0.0
430	1944.5	0.0
440	1950.6666666666667	0.0
450	1827.1666666666667	0.0
460	2050.0	0.0
470	1816.0	0.0
480	1543.6666666666667	0.0
490	2540.6666666666665	0.0
500	2689.5	0.0
510	2453.6666666666665	0.0
520	1649.0	0.0
530	1920.8333333333333	0.0
540	1848.0	0.0
550	2235.0	0.0
560	1824.6666666666667	0.0
570	1905.0	0.0
580	2381.6666666666665	0.0
590	2332.6666666666665	0.0
600	2310.1666666666665	0.0
610	2454.6666666666665	0.0
620	2206.0	0.0
630	1831.1666666666667	0.0
640	1894.0	0.0
650	1945.6666666666667	0.0
660	2163.6666666666665	0.0
670	1616.3333333333333	0.0
680	1824.3333333333333	0.0
690	1557.0	0.0
700	1628.0	0.0
710	2520.5	0.0
720	2187.6666666666665	0.0
730	2293.8333333333335	0.0
740	1852.1666666666667	0.0
750	1760.6666666666667	0.0
760	2083.3333333333335	0.0
770	2209.3333333333335	0.0
780	2088.1666666666665	0.0
790	2063.0	0.0
800	2405.6666666666665	0.0
810	2274.1666666666665	0.0
820	2293.6666666666665	0.0
830	2317.6666666666665	0.0
840	2418.0	0.0
850	2560.5	0.0
860	2457.0	0.0
870	2514.5	0.0
880	2623.0	0.0
890	2574.0	0.0
900	2561.8333333333335	0.0
910	2484.5	0.0
920	2358.3333333333335	0.0
930	2576.3333333333335	0.0
940	2405.8333333333335	0.0
950	2763.0	0.0
960	1936.0	0.0
970	1776.0	0.0
980	2094.3333333333335	0.0
990	1758.6666666666667	0.0
1000	1975.0	0.0
