0	249.33333333333334	0.0
10	123.33333333333333	1000.0
20	100.66666666666667	0.0
30	84.0	0.0
40	70.0	0.0
50	70.0	0.0
60	141.0	0.0
70	138.66666666666666	0.0
80	386.0	0.0
90	398.6666666666667	0.0
100	402.6666666666667	0.0
110	417.0	0.0
120	303.0	0.0
130	345.3333333333333	0.0
140	307.6666666666667	0.0
150	769.0	0.0
160	533.3333333333334	0.0
170	291.3333333333333	0.0
180	404.3333333333333	0.0
190	545.3333333333334	0.0
200	585.6666666666666	0.0
210	871.5	0.0
220	716.3333333333334	0.0
230	618.6666666666666	0.0
240	551.0	0.0
250	563.0	0.0
260	638.6666666666666	0.0
270	1374.3333333333333	0.0
280	1140.6666666666667	0.0
290	1055.3333333333333	0.0
300	2081.5	0.0
310	1748.3333333333333	0.0
320	2538.3333333333335	0.0
330	1763.3333333333333	0.0
340	1636.0	0.0
350	1689.1666666666667	0.0
360	1846.5	0.0
370	1872.5	0.0
380	1998.0	0.0
390	1677.0	0.0
400	1949.6666666666667	0.0
410	1500.0	0.0
420	2053.8333333333335	0.0
430	1859.5	0.0
440	1385.6666666666667	0.0
450	1972.3333333333333	0.0
460	2160.3333333333335	0.0
470	1905.6666666666667	0.0
480	1862.1666666666667	0.0
490	1756.3333333333333	0.0
500	1873.6666666666667	0.0
510	1668.6666666666667	0.0
520	1479.0	0.0
530	1929.8333333333333	0.0
540	2012.3333333333333	0.0
550	2027.3333333333333	0.0
560	2346.6666666666665	0.0
570	2324.3333333333335	0.0
580	2460.5	0.0
590	2279.3333333333335	0.0
600	2198.5	0.0
610	2277.0	0.0
620	2491.6666666666665	0.0
630	2473.0	0.0
640	2321.3333333333335	0.0
650	2180.0	0.0
660	1871.3333333333333	0.0
670	2194.6666666666665	0.0
680	1837.8333333333333	0.0
690	2186.1666666666665	0.0
700	2242.3333333333335	0.0
710	2480.5	0.0
720	2011.0	0.0
730	1821.5	0.0
740	2703.3333333333335	0.0
750	1716.6666666666667	0.0
760	1722.0	0.0
770	1999.3333333333333	0.0
780	2432.0	0.0
790	2110.0	0.0
800	2244.1666666666665	0.0
810	2173.6666666666665	0.0
820	2752.5	0.0
830	2339.6666666666665	0.0
840	2339.3333333333335	0.0
850	2473.3333333333335	0.0
860	2468.5	0.0
870	2412.0	0.0
880	2147.3333333333335	0.0
890	2457.8333333333335	0.0
900	2469.6666666666665	0.0
910	2257.0	0.0
920	1661.6666666666667	0.0
930	1733.3333333333333	0.0
940	1883.6666666666667	0.0
950	1615.6666666666667	0.0
960	1939.0	0.0
970	1789.1666666666667	0.0
980	1862.6666666666667	0.0
990	1695.3333333333333	0.0
1000	1326.0	0.0
