0	248.66666666666666	0.0
10	134.0	1000.0
20	196.66666666666666	0.0
30	1193.0	0.0
40	1625.0	0.0
50	2066.0	0.0
60	1894.0	0.0
70	2365.6666666666665	0.0
80	2157.6666666666665	0.0
90	2220.6666666666665	0.0
100	1998.6666666666667	0.0
110	2236.8333333333335	0.0
120	2326.0	0.0
130	2385.5	0.0
140	2396.3333333333335	0.0
150	2431.8333333333335	0.0
160	2267.0	0.0
170	2381.1666666666665	0.0
180	2561.1666666666665	0.0
190	2298.0	0.0
200	2302.5	0.0
210	2269.5	0.0
220	2398.3333333333335	0.0
230	2348.8333333333335	0.0
240	2462.3333333333335	0.0
250	2259.6666666666665	0.0
260	2527.0	0.0
270	2381.6666666666665	0.0
280	849.3333333333334	0.0
290	1951.6666666666667	0.0
300	1922.8333333333333	0.0
310	2280.6666666666665	0.0
320	2187.0	0.0
330	2226.1666666666665	0.0
340	2076.3333333333335	0.0
350	2188.0	0.0
360	2115.3333333333335	0.0
370	1854.5	0.0
380	1841.8333333333333	0.0
390	1662.6666666666667	0.0
400	2149.8333333333335	0.0
410	2044.8333333333333	0.0
420	2134.3333333333335	0.0
430	2447.5	0.0
440	1941.6666666666667	0.0
450	1587.0	0.0
460	1927.0	0.0
470	1489.0	0.0
480	1515.0	0.0
490	1739.3333333333333	0.0
500	1785.0	0.0
510	1449.6666666666667	0.0
520	1730.3333333333333	0.0
530	1697.5	0.0
540	1701.3333333333333	0.0
550	1904.1666666666667	0.0
560	2357.3333333333335	0.0
570	2689.0	0.0
580	2460.6666666666665	0.0
590	2180.3333333333335	0.0
600	2340.0	0.0
610	2292.5	0.0
620	2138.8333333333335	0.0
630	2390.3333333333335	0.0
640	2442.0	0.0
650	2018.3333333333333	0.0
660	2547.6666666666665	0.0
670	1849.6666666666667	0.0
680	2098.0	0.0
690	2419.3333333333335	0.0
700	2523.0	0.0
710	2407.3333333333335	0.0
720	2405.6666666666665	0.0
730	2426.3333333333335	0.0
740	2497.1666666666665	0.0
750	2436.0	0.0
760	2563.0	0.0
770	2360.1666666666665	0.0
780	2620.0	0.0
790	2312.0	0.0
800	2444.0	0.0
810	2336.0	0.0
820	2427.6666666666665	0.0
830	2520.8333333333335	0.0
840	2356.3333333333335	0.0
850	2220.0	0.0
860	2036.8333333333333	0.0
870	1995.6666666666667	0.0
880	2410.0	0.0
890	1675.0	0.0
900	1994.8333333333333	0.0
910	1553.6666666666667	0.0
920	1914.5	0.0
930	1889.0	0.0
940	1749.3333333333333	0.0
950	1869.5	0.0
960	2206.6666666666665	0.0
970	2490.6666666666665	0.0
980	2395.0	0.0
990	2469.0	0.0
1000	2223.8333333333335	0.0
