0	245.0	0.0
10	100.33333333333333	1000.0
20	70.0	0.0
30	70.0	0.0
40	70.0	0.0
50	73.66666666666667	0.0
60	75.33333333333333	0.0
70	417.6666666666667	0.0
80	110.66666666666667	0.0
90	186.33333333333334	0.0
100	502.0	0.0
110	344.0	0.0
120	272.0	0.0
130	495.3333333333333	0.0
140	438.6666666666667	0.0
150	288.0	0.0
160	290.0	0.0
170	401.6666666666667	0.0
180	593.0	0.0
190	493.3333333333333	0.0
200	828.0	0.0
210	574.6666666666666	0.0
220	936.6666666666666	0.0
230	1920.3333333333333	0.0
240	1889.8333333333333	0.0
250	2362.0	0.0
260	1767.6666666666667	0.0
270	2046.1666666666667	0.0
280	2575.6666666666665	0.0
290	2501.1666666666665	0.0
300	2605.8333333333335	0.0
310	2289.1666666666665	0.0
320	2443.1666666666665	0.0
330	2409.0	0.0
340	2307.6666666666665	0.0
350	2345.0	0.0
360	2622.8333333333335	0.0
370	2114.3333333333335	0.0
380	2431.5	0.0
390	2501.0	0.0
400	2380.6666666666665	0.0
410	2415.1666666666665	0.0
420	2450.6666666666665	0.0
430	1769.3333333333333	0.0
440	2251.3333333333335	0.0
450	2641.8333333333335	0.0
460	2522.0	0.0
470	1614.0	0.0
480	2446.3333333333335	0.0
490	2525.3333333333335	0.0
500	2187.0	0.0
510	1907.6666666666667	0.0
520	2085.5	0.0
530	2051.3333333333335	0.0
540	2478.3333333333335	0.0
550	2528.5	0.0
560	1881.6666666666667	0.0
570	1718.0	0.0
580	1761.8333333333333	0.0
590	2528.6666666666665	0.0
600	1591.3333333333333	0.0
610	2101.6666666666665	0.0
620	1929.3333333333333	0.0
630	1845.6666666666667	0.0
640	2029.3333333333333	0.0
650	2082.0	0.0
660	2030.0	0.0
670	2170.3333333333335	0.0
680	2169.3333333333335	0.0
690	1829.5	0.0
700	1457.6666666666667	0.0
710	2652.6666666666665	0.0
720	2253.6666666666665	0.0
730	2480.0	0.0
740	2262.3333333333335	0.0
750	2579.5	0.0
760	2567.8333333333335	0.0
770	1856.0	0.0
780	2057.6666666666665	0.0
790	2583.3333333333335	0.0
800	1916.0	0.0
810	2434.6666666666665	0.0
820	2344.3333333333335	0.0
830	2297.6666666666665	0.0
840	2375.6666666666665	0.0
850	2373.8333333333335	0.0
860	2443.3333333333335	0.0
870	2468.0	0.0
880	2300.8333333333335	0.0
890	1889.0	0.0
900	2645.0	0.0
910	2355.0	0.0
920	2430.3333333333335	0.0
930	1902.5	0.0
940	2291.6666666666665	0.0
950	2001.3333333333333	0.0
960	1907.0	0.0
970	2337.1666666666665	0.0
980	1989.1666666666667	0.0
990	1613.0	0.0
1000	2137.3333333333335	0.0
