0	298.3333333333333	0.0
10	1844.5	1000.0
20	1958.8333333333333	0.0
30	1791.3333333333333	0.0
40	2226.0	0.0
50	1986.3333333333333	0.0
60	1940.3333333333333	0.0
70	1995.0	0.0
80	2051.0	0.0
90	2099.8333333333335	0.0
100	2245.3333333333335	0.0
110	2240.6666666666665	0.0
120	2122.1666666666665	0.0
130	2081.3333333333335	0.0
140	2388.1666666666665	0.0
150	2039.5	0.0
160	2212.1666666666665	0.0
170	2161.5	0.0
180	2119.1666666666665	0.0
190	2434.1666666666665	0.0
200	2408.6666666666665	0.0
210	2357.1666666666665	0.0
220	2325.3333333333335	0.0
230	2301.5	0.0
240	2335.0	0.0
250	2324.0	0.0
260	2494.3333333333335	0.0
270	2250.6666666666665	0.0
280	2397.3333333333335	0.0
290	2496.5	0.0
300	2410.5	0.0
310	2282.0	0.0
320	2327.6666666666665	0.0
330	2402.6666666666665	0.0
340	2535.6666666666665	0.0
350	2344.5	0.0
360	2498.0	0.0
370	2519.5	0.0
380	2510.8333333333335	0.0
390	2686.0	0.0
400	2538.6666666666665	0.0
410	2461.1666666666665	0.0
420	2456.0	0.0
430	2626.5	0.0
440	2771.5	0.0
450	2721.6666666666665	0.0
460	2682.3333333333335	0.0
470	2316.6666666666665	0.0
480	2862.6666666666665	0.0
490	2548.0	0.0
500	2547.5	0.0
510	2935.8333333333335	0.0
520	2812.1666666666665	0.0
530	2658.1666666666665	0.0
540	2497.1666666666665	0.0
550	2673.3333333333335	0.0
560	2598.6666666666665	0.0
570	2790.1666666666665	0.0
580	2599.3333333333335	0.0
590	2709.6666666666665	0.0
600	2862.1666666666665	0.0
610	2758.1666666666665	0.0
620	2634.6666666666665	0.0
630	2870.6666666666665	0.0
640	3004.8333333333335	0.0
650	2694.5	0.0
660	2588.3333333333335	0.0
670	2752.5	0.0
680	2418.8333333333335	0.0
690	2942.3333333333335	0.0
700	3040.8333333333335	0.0
710	2671.8333333333335	0.0
720	2542.0	0.0
730	2663.3333333333335	0.0
740	2819.6666666666665	0.0
750	2693.8333333333335	0.0
760	2815.5	0.0
770	2911.5	0.0
780	2818.0	0.0
790	2683.1666666666665	0.0
800	2913.0	0.0
810	3066.5	0.0
820	2624.3333333333335	0.0
830	2861.0	0.0
840	3006.3333333333335	0.0
850	2529.8333333333335	0.0
860	2936.5	0.0
870	2634.8333333333335	0.0
880	2855.5	0.0
890	3364.5	0.0
900	2954.0	0.0
910	3002.1666666666665	0.0
920	3017.5	0.0
930	3086.8333333333335	0.0
940	3131.8333333333335	0.0
950	3245.6666666666665	0.0
960	2923.3333333333335	0.0
970	3282.1666666666665	0.0
980	3030.3333333333335	0.0
990	2865.0	0.0
1000	3218.8333333333335	0.0
