0	239.66666666666666	0.0
10	2012.1666666666667	1000.0
20	2213.1666666666665	0.0
30	2072.1666666666665	0.0
40	1965.5	0.0
50	2069.3333333333335	0.0
60	2069.8333333333335	0.0
70	2083.6666666666665	0.0
80	2085.0	0.0
90	2095.3333333333335	0.0
100	2091.3333333333335	0.0
110	2237.5	0.0
120	2267.5	0.0
130	2302.1666666666665	0.0
140	2215.3333333333335	0.0
150	2326.5	0.0
160	2342.3333333333335	0.0
170	2198.8333333333335	0.0
180	2355.1666666666665	0.0
190	2303.1666666666665	0.0
200	2267.1666666666665	0.0
210	2274.3333333333335	0.0
220	2486.1666666666665	0.0
230	2408.8333333333335	0.0
240	2169.3333333333335	0.0
250	2258.3333333333335	0.0
260	2462.5	0.0
270	2472.0	0.0
280	2438.5	0.0
290	2516.1666666666665	0.0
300	2153.1666666666665	0.0
310	2405.6666666666665	0.0
320	2458.0	0.0
330	2387.8333333333335	0.0
340	2599.1666666666665	0.0
350	2541.6666666666665	0.0
360	2430.0	0.0
370	2780.5	0.0
380	2320.6666666666665	0.0
390	2558.8333333333335	0.0
400	2430.5	0.0
410	2569.0	0.0
420	2444.6666666666665	0.0
430	2356.1666666666665	0.0
440	2442.1666666666665	0.0
450	2423.8333333333335	0.0
460	2565.6666666666665	0.0
470	2662.3333333333335	0.0
480	2405.3333333333335	0.0
490	2478.0	0.0
500	2743.3333333333335	0.0
510	2698.6666666666665	0.0
520	2545.3333333333335	0.0
530	2804.5	0.0
540	2532.6666666666665	0.0
550	2494.0	0.0
560	2752.3333333333335	0.0
570	2673.1666666666665	0.0
580	2860.0	0.0
590	2728.1666666666665	0.0
600	2725.1666666666665	0.0
610	2587.6666666666665	0.0
620	2768.0	0.0
630	2711.0	0.0
640	2541.6666666666665	0.0
650	2705.0	0.0
660	2687.1666666666665	0.0
670	2419.8333333333335	0.0
680	2877.1666666666665	0.0
690	2773.3333333333335	0.0
700	2727.8333333333335	0.0
710	2769.1666666666665	0.0
720	2942.3333333333335	0.0
730	2590.8333333333335	0.0
740	2720.1666666666665	0.0
750	2789.1666666666665	0.0
760	2461.8333333333335	0.0
770	2716.5	0.0
780	2750.8333333333335	0.0
790	2765.1666666666665	0.0
800	2535.0	0.0
810	2683.6666666666665	0.0
820	3027.0	0.0
830	2803.3333333333335	0.0
840	2489.6666666666665	0.0
850	2876.1666666666665	0.0
860	2840.8333333333335	0.0
870	2740.8333333333335	0.0
880	2658.3333333333335	0.0
890	3069.3333333333335	0.0
900	2897.1666666666665	0.0
910	2644.0	0.0
920	2930.8333333333335	0.0
930	2786.8333333333335	0.0
940	2617.8333333333335	0.0
950	2857.5	0.0
960	2628.3333333333335	0.0
970	2750.6666666666665	0.0
980	2880.5	0.0
990	2756.6666666666665	0.0
1000	2881.6666666666665	0.0
