0	262.0	0.0
10	1981.0	1000.0
20	2081.0	0.0
30	1966.3333333333333	0.0
40	2181.6666666666665	0.0
50	2149.0	0.0
60	2058.1666666666665	0.0
70	1996.6666666666667	0.0
80	1989.3333333333333	0.0
90	2111.3333333333335	0.0
100	2164.8333333333335	0.0
110	2093.3333333333335	0.0
120	2230.1666666666665	0.0
130	2154.3333333333335	0.0
140	2288.0	0.0
150	2133.3333333333335	0.0
160	2069.5	0.0
170	2200.1666666666665	0.0
180	1962.3333333333333	0.0
190	2141.6666666666665	0.0
200	2182.6666666666665	0.0
210	2427.0	0.0
220	2293.1666666666665	0.0
230	2097.8333333333335	0.0
240	2394.5	0.0
250	2225.1666666666665	0.0
260	2234.8333333333335	0.0
270	2521.8333333333335	0.0
280	2339.8333333333335	0.0
290	2087.1666666666665	0.0
300	2455.1666666666665	0.0
310	2503.1666666666665	0.0
320	2241.6666666666665	0.0
330	2341.6666666666665	0.0
340	2337.1666666666665	0.0
350	2624.8333333333335	0.0
360	2146.8333333333335	0.0
370	2466.5	0.0
380	2377.3333333333335	0.0
390	2512.5	0.0
400	2483.1666666666665	0.0
410	2392.8333333333335	0.0
420	2727.3333333333335	0.0
430	2310.1666666666665	0.0
440	2443.8333333333335	0.0
450	2201.1666666666665	0.0
460	2557.1666666666665	0.0
470	2684.1666666666665	0.0
480	2554.8333333333335	0.0
490	2550.0	0.0
500	2829.5	0.0
510	2726.0	0.0
520	2732.0	0.0
530	2798.0	0.0
540	2545.0	0.0
550	2477.5	0.0
560	2738.3333333333335	0.0
570	2710.3333333333335	0.0
580	2385.8333333333335	0.0
590	2455.3333333333335	0.0
600	2508.1666666666665	0.0
610	2664.0	0.0
620	2608.1666666666665	0.0
630	2670.6666666666665	0.0
640	2375.0	0.0
650	2671.6666666666665	0.0
660	2709.0	0.0
670	2617.6666666666665	0.0
680	2414.3333333333335	0.0
690	2939.5	0.0
700	2904.5	0.0
710	2459.1666666666665	0.0
720	2483.6666666666665	0.0
730	2794.8333333333335	0.0
740	2664.8333333333335	0.0
750	2732.6666666666665	0.0
760	2430.6666666666665	0.0
770	2772.6666666666665	0.0
780	2773.1666666666665	0.0
790	2617.3333333333335	0.0
800	2691.5	0.0
810	2743.0	0.0
820	2761.1666666666665	0.0
830	2785.0	0.0
840	2788.3333333333335	0.0
850	2710.0	0.0
860	2790.1666666666665	0.0
870	2914.0	0.0
880	2806.3333333333335	0.0
890	2718.5	0.0
900	3029.8333333333335	0.0
910	2744.0	0.0
920	2893.5	0.0
930	2741.1666666666665	0.0
940	3025.3333333333335	0.0
950	2914.8333333333335	0.0
960	2773.6666666666665	0.0
970	3120.1666666666665	0.0
980	2992.8333333333335	0.0
990	2954.8333333333335	0.0
1000	2914.8333333333335	0.0
