0	248.66666666666666	0.0	0.0	0.0	0.0	0.0	0.0
10	70.0	7.0	16.0	6.0	3.0	1.0	4.0
20	70.0	61.0	35.0	37.0	28.0	2.0	33.0
30	70.0	2.0	26.0	2.0	1.0	1.0	1.0
40	70.0	23.0	12.0	13.0	12.0	0.0	11.0
50	70.0	112.0	139.0	39.0	78.0	5.0	34.0
60	70.0	23.0	38.0	12.0	15.0	2.0	8.0
70	70.0	53.0	58.0	23.0	33.0	1.0	20.0
80	70.0	155.0	124.0	91.0	66.0	0.0	89.0
90	70.0	85.0	88.0	58.0	33.0	0.0	52.0
100	73.33333333333333	21.0	10.0	15.0	7.0	0.0	14.0
110	71.0	232.0	346.0	198.0	50.0	13.0	182.0
120	831.6666666666666	24.0	67.0	23.0	7.0	6.0	17.0
130	1030.0	104.0	408.0	107.0	17.0	18.0	87.0
140	2167.0	69.0	598.0	75.0	10.0	15.0	59.0
150	1908.3333333333333	29.0	128.0	28.0	6.0	4.0	23.0
160	1353.6666666666667	0.0	0.0	0.0	0.0	0.0	0.0
170	2151.6666666666665	0.0	0.0	0.0	0.0	0.0	0.0
180	2417.0	0.0	0.0	0.0	0.0	0.0	0.0
190	2319.0	0.0	0.0	0.0	0.0	0.0	0.0
200	2102.0	0.0	0.0	0.0	0.0	0.0	0.0
210	2151.3333333333335	0.0	0.0	0.0	0.0	0.0	0.0
220	2324.3333333333335	0.0	0.0	0.0	0.0	0.0	0.0
230	2208.8333333333335	0.0	0.0	0.0	0.0	0.0	0.0
240	2381.6666666666665	0.0	0.0	0.0	0.0	0.0	0.0
250	2352.8333333333335	0.0	0.0	0.0	0.0	0.0	0.0
260	2541.6666666666665	0.0	0.0	0.0	0.0	0.0	0.0
270	2279.5	0.0	0.0	0.0	0.0	0.0	0.0
280	2215.0	0.0	0.0	0.0	0.0	0.0	0.0
290	2536.6666666666665	0.0	0.0	0.0	0.0	0.0	0.0
300	2343.3333333333335	0.0	0.0	0.0	0.0	0.0	0.0
310	2092.0	0.0	0.0	0.0	0.0	0.0	0.0
320	2289.0	0.0	0.0	0.0	0.0	0.0	0.0
330	2348.8333333333335	0.0	0.0	0.0	0.0	0.0	0.0
340	2277.3333333333335	0.0	0.0	0.0	0.0	0.0	0.0
350	2777.0	0.0	0.0	0.0	0.0	0.0	0.0
360	2409.0	0.0	0.0	0.0	0.0	0.0	0.0
370	2156.5	0.0	0.0	0.0	0.0	0.0	0.0
380	2376.3333333333335	0.0	0.0	0.0	0.0	0.0	0.0
390	2523.5	0.0	0.0	0.0	0.0	0.0	0.0
400	2284.0	0.0	0.0	0.0	0.0	0.0	0.0
410	2000.6666666666667	0.0	0.0	0.0	0.0	0.0	0.0
420	2050.8333333333335	0.0	0.0	0.0	0.0	0.0	0.0
430	1088.0	0.0	0.0	0.0	0.0	0.0	0.0
440	1739.6666666666667	0.0	0.0	0.0	0.0	0.0	0.0
450	1908.5	0.0	0.0	0.0	0.0	0.0	0.0
460	1819.6666666666667	0.0	0.0	0.0	0.0	0.0	0.0
470	2261.5	0.0	0.0	0.0	0.0	0.0	0.0
480	1870.3333333333333	0.0	0.0	0.0	0.0	0.0	0.0
490	1947.5	0.0	0.0	0.0	0.0	0.0	0.0
500	1864.3333333333333	0.0	0.0	0.0	0.0	0.0	0.0
510	1901.3333333333333	0.0	0.0	0.0	0.0	0.0	0.0
520	1614.6666666666667	0.0	0.0	0.0	0.0	0.0	0.0
530	1430.0	0.0	0.0	0.0	0.0	0.0	0.0
540	1548.6666666666667	0.0	0.0	0.0	0.0	0.0	0.0
550	1543.1666666666667	0.0	0.0	0.0	0.0	0.0	0.0
560	1720.3333333333333	0.0	0.0	0.0	0.0	0.0	0.0
570	2221.0	0.0	0.0	0.0	0.0	0.0	0.0
580	2178.5	0.0	0.0	0.0	0.0	0.0	0.0
590	2333.5	0.0	0.0	0.0	0.0	0.0	0.0
600	2194.6666666666665	0.0	0.0	0.0	0.0	0.0	0.0
610	2344.5	0.0	0.0	0.0	0.0	0.0	0.0
620	2144.6666666666665	0.0	0.0	0.0	0.0	0.0	0.0
630	2390.8333333333335	0.0	0.0	0.0	0.0	0.0	0.0
640	2203.3333333333335	0.0	0.0	0.0	0.0	0.0	0.0
650	2126.0	0.0	0.0	0.0	0.0	0.0	0.0
660	2042.0	0.0	0.0	0.0	0.0	0.0	0.0
670	2261.3333333333335	0.0	0.0	0.0	0.0	0.0	0.0
680	2250.6666666666665	0.0	0.0	0.0	0.0	0.0	0.0
690	2623.5	0.0	0.0	0.0	0.0	0.0	0.0
700	1815.6666666666667	0.0	0.0	0.0	0.0	0.0	0.0
710	1901.6666666666667	0.0	0.0	0.0	0.0	0.0	0.0
720	1935.1666666666667	0.0	0.0	0.0	0.0	0.0	0.0
730	2222.3333333333335	0.0	0.0	0.0	0.0	0.0	0.0
740	2084.6666666666665	0.0	0.0	0.0	0.0	0.0	0.0
750	2848.8333333333335	0.0	0.0	0.0	0.0	0.0	0.0
760	2240.6666666666665	0.0	0.0	0.0	0.0	0.0	0.0
770	2126.5	0.0	0.0	0.0	0.0	0.0	0.0
780	2412.8333333333335	0.0	0.0	0.0	0.0	0.0	0.0
790	2382.6666666666665	0.0	0.0	0.0	0.0	0.0	0.0
800	2375.3333333333335	0.0	0.0	0.0	0.0	0.0	0.0
810	2346.0	0.0	0.0	0.0	0.0	0.0	0.0
820	2299.3333333333335	0.0	0.0	0.0	0.0	0.0	0.0
830	2276.0	0.0	0.0	0.0	0.0	0.0	0.0
840	2297.6666666666665	0.0	0.0	0.0	0.0	0.0	0.0
850	2226.0	0.0	0.0	0.0	0.0	0.0	0.0
860	2313.3333333333335	0.0	0.0	0.0	0.0	0.0	0.0
870	2438.1666666666665	0.0	0.0	0.0	0.0	0.0	0.0
880	2452.5	0.0	0.0	0.0	0.0	0.0	0.0
890	2539.5	0.0	0.0	0.0	0.0	0.0	0.0
900	2620.0	0.0	0.0	0.0	0.0	0.0	0.0
910	2346.3333333333335	0.0	0.0	0.0	0.0	0.0	0.0
920	1971.8333333333333	0.0	0.0	0.0	0.0	0.0	0.0
930	1810.3333333333333	0.0	0.0	0.0	0.0	0.0	0.0
940	2546.0	0.0	0.0	0.0	0.0	0.0	0.0
950	2354.3333333333335	0.0	0.0	0.0	0.0	0.0	0.0
960	2349.5	0.0	0.0	0.0	0.0	0.0	0.0
970	2519.0	0.0	0.0	0.0	0.0	0.0	0.0
980	2398.0	0.0	0.0	0.0	0.0	0.0	0.0
990	2484.3333333333335	0.0	0.0	0.0	0.0	0.0	0.0
1000	2486.3333333333335	0.0	0.0	0.0	0.0	0.0	0.0
