0	313.0	0.0	0.0	0.0	0.0	0.0	0.0
10	70.0	18.0	45.0	13.0	10.0	5.0	8.0
20	70.0	102.0	120.0	27.0	87.0	11.0	15.0
30	70.0	2.0	31.0	3.0	0.0	1.0	2.0
40	70.0	69.0	159.0	49.0	27.0	7.0	42.0
50	70.0	13.0	42.0	17.0	4.0	5.0	9.0
60	70.0	157.0	127.0	98.0	60.0	1.0	97.0
70	70.0	82.0	58.0	51.0	32.0	1.0	50.0
80	77.0	181.0	168.0	108.0	77.0	3.0	104.0
90	328.0	65.0	169.0	33.0	45.0	8.0	20.0
100	1406.6666666666667	60.0	310.0	61.0	16.0	16.0	44.0
110	1128.3333333333333	92.0	365.0	87.0	18.0	12.0	74.0
120	1926.6666666666667	40.0	371.0	45.0	15.0	20.0	25.0
130	1799.0	72.0	1106.0	102.0	16.0	42.0	56.0
140	2140.1666666666665	47.0	575.0	60.0	15.0	28.0	32.0
150	2104.6666666666665	0.0	0.0	0.0	0.0	0.0	0.0
160	1963.0	0.0	0.0	0.0	0.0	0.0	0.0
170	2206.3333333333335	0.0	0.0	0.0	0.0	0.0	0.0
180	1981.8333333333333	0.0	0.0	0.0	0.0	0.0	0.0
190	2306.8333333333335	0.0	0.0	0.0	0.0	0.0	0.0
200	2642.6666666666665	0.0	0.0	0.0	0.0	0.0	0.0
210	2482.3333333333335	0.0	0.0	0.0	0.0	0.0	0.0
220	2412.6666666666665	0.0	0.0	0.0	0.0	0.0	0.0
230	2240.0	0.0	0.0	0.0	0.0	0.0	0.0
240	2499.3333333333335	0.0	0.0	0.0	0.0	0.0	0.0
250	2342.6666666666665	0.0	0.0	0.0	0.0	0.0	0.0
260	2283.0	0.0	0.0	0.0	0.0	0.0	0.0
270	2286.0	0.0	0.0	0.0	0.0	0.0	0.0
280	2359.8333333333335	0.0	0.0	0.0	0.0	0.0	0.0
290	2392.6666666666665	0.0	0.0	0.0	0.0	0.0	0.0
300	2360.5	0.0	0.0	0.0	0.0	0.0	0.0
310	2393.1666666666665	0.0	0.0	0.0	0.0	0.0	0.0
320	2351.8333333333335	0.0	0.0	0.0	0.0	0.0	0.0
330	2490.1666666666665	0.0	0.0	0.0	0.0	0.0	0.0
340	2577.3333333333335	0.0	0.0	0.0	0.0	0.0	0.0
350	2517.0	0.0	0.0	0.0	0.0	0.0	0.0
360	2439.6666666666665	0.0	0.0	0.0	0.0	0.0	0.0
370	2473.3333333333335	0.0	0.0	0.0	0.0	0.0	0.0
380	2334.1666666666665	0.0	0.0	0.0	0.0	0.0	0.0
390	1903.6666666666667	0.0	0.0	0.0	0.0	0.0	0.0
400	1650.5	0.0	0.0	0.0	0.0	0.0	0.0
410	1955.1666666666667	0.0	0.0	0.0	0.0	0.0	0.0
420	2406.0	0.0	0.0	0.0	0.0	0.0	0.0
430	2386.3333333333335	0.0	0.0	0.0	0.0	0.0	0.0
440	2564.0	0.0	0.0	0.0	0.0	0.0	0.0
450	1793.5	0.0	0.0	0.0	0.0	0.0	0.0
460	2216.1666666666665	0.0	0.0	0.0	0.0	0.0	0.0
470	2202.8333333333335	0.0	0.0	0.0	0.0	0.0	0.0
480	2096.0	0.0	0.0	0.0	0.0	0.0	0.0
490	2087.6666666666665	0.0	0.0	0.0	0.0	0.0	0.0
500	1778.6666666666667	0.0	0.0	0.0	0.0	0.0	0.0
510	1620.3333333333333	0.0	0.0	0.0	0.0	0.0	0.0
520	1787.0	0.0	0.0	0.0	0.0	0.0	0.0
530	2241.6666666666665	0.0	0.0	0.0	0.0	0.0	0.0
540	2440.8333333333335	0.0	0.0	0.0	0.0	0.0	0.0
550	2715.3333333333335	0.0	0.0	0.0	0.0	0.0	0.0
560	2313.6666666666665	0.0	0.0	0.0	0.0	0.0	0.0
570	2432.0	0.0	0.0	0.0	0.0	0.0	0.0
580	1714.3333333333333	0.0	0.0	0.0	0.0	0.0	0.0
590	2060.3333333333335	0.0	0.0	0.0	0.0	0.0	0.0
600	2009.3333333333333	0.0	0.0	0.0	0.0	0.0	0.0
610	1791.6666666666667	0.0	0.0	0.0	0.0	0.0	0.0
620	1590.6666666666667	0.0	0.0	0.0	0.0	0.0	0.0
630	2406.5	0.0	0.0	0.0	0.0	0.0	0.0
640	2438.6666666666665	0.0	0.0	0.0	0.0	0.0	0.0
650	1853.0	0.0	0.0	0.0	0.0	0.0	0.0
660	1854.3333333333333	0.0	0.0	0.0	0.0	0.0	0.0
670	1999.6666666666667	0.0	0.0	0.0	0.0	0.0	0.0
680	1917.0	0.0	0.0	0.0	0.0	0.0	0.0
690	2440.6666666666665	0.0	0.0	0.0	0.0	0.0	0.0
700	2437.6666666666665	0.0	0.0	0.0	0.0	0.0	0.0
710	2392.0	0.0	0.0	0.0	0.0	0.0	0.0
720	2632.0	0.0	0.0	0.0	0.0	0.0	0.0
730	2159.3333333333335	0.0	0.0	0.0	0.0	0.0	0.0
740	2459.3333333333335	0.0	0.0	0.0	0.0	0.0	0.0
750	2244.8333333333335	0.0	0.0	0.0	0.0	0.0	0.0
760	1561.3333333333333	0.0	0.0	0.0	0.0	0.0	0.0
770	1828.1666666666667	0.0	0.0	0.0	0.0	0.0	0.0
780	2209.1666666666665	0.0	0.0	0.0	0.0	0.0	0.0
790	2363.8333333333335	0.0	0.0	0.0	0.0	0.0	0.0
800	2133.5	0.0	0.0	0.0	0.0	0.0	0.0
810	2124.0	0.0	0.0	0.0	0.0	0.0	0.0
820	1656.6666666666667	0.0	0.0	0.0	0.0	0.0	0.0
830	1951.3333333333333	0.0	0.0	0.0	0.0	0.0	0.0
840	1929.1666666666667	0.0	0.0	0.0	0.0	0.0	0.0
850	2574.6666666666665	0.0	0.0	0.0	0.0	0.0	0.0
860	2194.0	0.0	0.0	0.0	0.0	0.0	0.0
870	2424.6666666666665	0.0	0.0	0.0	0.0	0.0	0.0
880	2033.6666666666667	0.0	0.0	0.0	0.0	0.0	0.0
890	2481.0	0.0	0.0	0.0	0.0	0.0	0.0
900	2427.0	0.0	0.0	0.0	0.0	0.0	0.0
910	2454.8333333333335	0.0	0.0	0.0	0.0	0.0	0.0
920	2196.0	0.0	0.0	0.0	0.0	0.0	0.0
930	2319.8333333333335	0.0	0.0	0.0	0.0	0.0	0.0
940	2364.6666666666665	0.0	0.0	0.0	0.0	0.0	0.0
950	2610.5	0.0	0.0	0.0	0.0	0.0	0.0
960	1958.5	0.0	0.0	0.0	0.0	0.0	0.0
970	1583.0	0.0	0.0	0.0	0.0	0.0	0.0
980	2188.0	0.0	0.0	0.0	0.0	0.0	0.0
990	2317.6666666666665	0.0	0.0	0.0	0.0	0.0	0.0
1000	1941.6666666666667	0.0	0.0	0.0	0.0	0.0	0.0
