0	263.6666666666667	0.0	0.0	0.0	0.0	0.0	0.0
10	70.0	6.0	28.0	6.0	4.0	4.0	2.0
20	70.0	34.0	17.0	27.0	8.0	1.0	26.0
30	70.0	145.0	119.0	58.0	90.0	2.0	55.0
40	70.0	45.0	104.0	33.0	24.0	12.0	21.0
50	70.0	124.0	85.0	55.0	80.0	2.0	44.0
60	70.0	36.0	34.0	2.0	34.0	0.0	2.0
70	70.0	195.0	151.0	92.0	110.0	2.0	85.0
80	1480.3333333333333	42.0	87.0	14.0	30.0	1.0	12.0
90	1795.6666666666667	49.0	397.0	52.0	20.0	23.0	29.0
100	1642.3333333333333	168.0	894.0	179.0	30.0	33.0	138.0
110	1447.3333333333333	63.0	448.0	69.0	9.0	14.0	54.0
120	1849.0	93.0	745.0	104.0	26.0	34.0	67.0
130	2370.0	0.0	0.0	0.0	0.0	0.0	0.0
140	2179.8333333333335	0.0	0.0	0.0	0.0	0.0	0.0
150	2203.5	0.0	0.0	0.0	0.0	0.0	0.0
160	2375.3333333333335	0.0	0.0	0.0	0.0	0.0	0.0
170	2395.3333333333335	0.0	0.0	0.0	0.0	0.0	0.0
180	2395.1666666666665	0.0	0.0	0.0	0.0	0.0	0.0
190	2274.6666666666665	0.0	0.0	0.0	0.0	0.0	0.0
200	2370.8333333333335	0.0	0.0	0.0	0.0	0.0	0.0
210	2172.8333333333335	0.0	0.0	0.0	0.0	0.0	0.0
220	2524.6666666666665	0.0	0.0	0.0	0.0	0.0	0.0
230	2212.6666666666665	0.0	0.0	0.0	0.0	0.0	0.0
240	2380.0	0.0	0.0	0.0	0.0	0.0	0.0
250	2304.3333333333335	0.0	0.0	0.0	0.0	0.0	0.0
260	2287.6666666666665	0.0	0.0	0.0	0.0	0.0	0.0
270	2499.1666666666665	0.0	0.0	0.0	0.0	0.0	0.0
280	2373.6666666666665	0.0	0.0	0.0	0.0	0.0	0.0
290	2156.5	0.0	0.0	0.0	0.0	0.0	0.0
300	2321.0	0.0	0.0	0.0	0.0	0.0	0.0
310	2580.6666666666665	0.0	0.0	0.0	0.0	0.0	0.0
320	2531.3333333333335	0.0	0.0	0.0	0.0	0.0	0.0
330	1498.0	0.0	0.0	0.0	0.0	0.0	0.0
340	2375.3333333333335	0.0	0.0	0.0	0.0	0.0	0.0
350	2194.5	0.0	0.0	0.0	0.0	0.0	0.0
360	2072.0	0.0	0.0	0.0	0.0	0.0	0.0
370	1805.0	0.0	0.0	0.0	0.0	0.0	0.0
380	2357.0	0.0	0.0	0.0	0.0	0.0	0.0
390	1660.3333333333333	0.0	0.0	0.0	0.0	0.0	0.0
400	2048.0	0.0	0.0	0.0	0.0	0.0	0.0
410	1626.3333333333333	0.0	0.0	0.0	0.0	0.0	0.0
420	1931.1666666666667	0.0	0.0	0.0	0.0	0.0	0.0
430	1843.6666666666667	0.0	0.0	0.0	0.0	0.0	0.0
440	1641.1666666666667	0.0	0.0	0.0	0.0	0.0	0.0
450	1901.0	0.0	0.0	0.0	0.0	0.0	0.0
460	2555.3333333333335	0.0	0.0	0.0	0.0	0.0	0.0
470	2435.0	0.0	0.0	0.0	0.0	0.0	0.0
480	2516.3333333333335	0.0	0.0	0.0	0.0	0.0	0.0
490	2269.3333333333335	0.0	0.0	0.0	0.0	0.0	0.0
500	2464.0	0.0	0.0	0.0	0.0	0.0	0.0
510	1828.0	0.0	0.0	0.0	0.0	0.0	0.0
520	2137.0	0.0	0.0	0.0	0.0	0.0	0.0
530	2080.5	0.0	0.0	0.0	0.0	0.0	0.0
540	1924.0	0.0	0.0	0.0	0.0	0.0	0.0
550	2248.8333333333335	0.0	0.0	0.0	0.0	0.0	0.0
560	2228.5	0.0	0.0	0.0	0.0	0.0	0.0
570	1971.6666666666667	0.0	0.0	0.0	0.0	0.0	0.0
580	1983.1666666666667	0.0	0.0	0.0	0.0	0.0	0.0
590	2145.3333333333335	0.0	0.0	0.0	0.0	0.0	0.0
600	1959.6666666666667	0.0	0.0	0.0	0.0	0.0	0.0
610	2101.8333333333335	0.0	0.0	0.0	0.0	0.0	0.0
620	2328.6666666666665	0.0	0.0	0.0	0.0	0.0	0.0
630	2178.1666666666665	0.0	0.0	0.0	0.0	0.0	0.0
640	2071.8333333333335	0.0	0.0	0.0	0.0	0.0	0.0
650	2615.6666666666665	0.0	0.0	0.0	0.0	0.0	0.0
660	2304.0	0.0	0.0	0.0	0.0	0.0	0.0
670	1930.3333333333333	0.0	0.0	0.0	0.0	0.0	0.0
680	1976.3333333333333	0.0	0.0	0.0	0.0	0.0	0.0
690	1953.5	0.0	0.0	0.0	0.0	0.0	0.0
700	2432.1666666666665	0.0	0.0	0.0	0.0	0.0	0.0
710	2432.5	0.0	0.0	0.0	0.0	0.0	0.0
720	2353.0	0.0	0.0	0.0	0.0	0.0	0.0
730	2325.5	0.0	0.0	0.0	0.0	0.0	0.0
740	2382.0	0.0	0.0	0.0	0.0	0.0	0.0
750	2261.0	0.0	0.0	0.0	0.0	0.0	0.0
760	2575.0	0.0	0.0	0.0	0.0	0.0	0.0
770	2507.8333333333335	0.0	0.0	0.0	0.0	0.0	0.0
780	2299.0	0.0	0.0	0.0	0.0	0.0	0.0
790	2459.5	0.0	0.0	0.0	0.0	0.0	0.0
800	2367.0	0.0	0.0	0.0	0.0	0.0	0.0
810	2283.6666666666665	0.0	0.0	0.0	0.0	0.0	0.0
820	2511.8333333333335	0.0	0.0	0.0	0.0	0.0	0.0
830	2628.3333333333335	0.0	0.0	0.0	0.0	0.0	0.0
840	2448.6666666666665	0.0	0.0	0.0	0.0	0.0	0.0
850	2413.3333333333335	0.0	0.0	0.0	0.0	0.0	0.0
860	2627.3333333333335	0.0	0.0	0.0	0.0	0.0	0.0
870	2475.3333333333335	0.0	0.0	0.0	0.0	0.0	0.0
880	2298.1666666666665	0.0	0.0	0.0	0.0	0.0	0.0
890	2531.6666666666665	0.0	0.0	0.0	0.0	0.0	0.0
900	2577.1666666666665	0.0	0.0	0.0	0.0	0.0	0.0
910	2672.8333333333335	0.0	0.0	0.0	0.0	0.0	0.0
920	1761.1666666666667	0.0	0.0	0.0	0.0	0.0	0.0
930	2444.0	0.0	0.0	0.0	0.0	0.0	0.0
940	2373.1666666666665	0.0	0.0	0.0	0.0	0.0	0.0
950	2495.1666666666665	0.0	0.0	0.0	0.0	0.0	0.0
960	2541.1666666666665	0.0	0.0	0.0	0.0	0.0	0.0
970	2377.6666666666665	0.0	0.0	0.0	0.0	0.0	0.0
980	2549.3333333333335	0.0	0.0	0.0	0.0	0.0	0.0
990	2221.8333333333335	0.0	0.0	0.0	0.0	0.0	0.0
1000	2293.3333333333335	0.0	0.0	0.0	0.0	0.0	0.0
