0	280.6666666666667	0.0	0.0	0.0	0.0	0.0	0.0
10	70.0	46.0	68.0	13.0	43.0	8.0	3.0
20	70.0	63.0	46.0	26.0	45.0	1.0	18.0
30	70.0	89.0	92.0	41.0	60.0	12.0	29.0
40	70.0	0.0	34.0	2.0	0.0	2.0	0.0
50	70.0	151.0	160.0	92.0	75.0	1.0	76.0
60	70.0	61.0	54.0	8.0	60.0	1.0	1.0
70	71.0	45.0	34.0	11.0	36.0	0.0	9.0
80	72.33333333333333	137.0	176.0	104.0	36.0	3.0	101.0
90	2060.6666666666665	41.0	241.0	48.0	4.0	11.0	37.0
100	811.6666666666666	89.0	486.0	96.0	10.0	15.0	79.0
110	1352.6666666666667	44.0	271.0	38.0	14.0	7.0	30.0
120	1708.3333333333333	80.0	882.0	110.0	17.0	47.0	63.0
130	1782.3333333333333	64.0	1179.0	50.0	52.0	36.0	12.0
140	2327.3333333333335	90.0	839.0	103.0	18.0	27.0	72.0
150	2168.3333333333335	0.0	0.0	0.0	0.0	0.0	0.0
160	2391.1666666666665	0.0	0.0	0.0	0.0	0.0	0.0
170	2082.6666666666665	0.0	0.0	0.0	0.0	0.0	0.0
180	2261.6666666666665	0.0	0.0	0.0	0.0	0.0	0.0
190	2667.0	0.0	0.0	0.0	0.0	0.0	0.0
200	2578.0	0.0	0.0	0.0	0.0	0.0	0.0
210	2345.1666666666665	0.0	0.0	0.0	0.0	0.0	0.0
220	2343.1666666666665	0.0	0.0	0.0	0.0	0.0	0.0
230	2437.6666666666665	0.0	0.0	0.0	0.0	0.0	0.0
240	2379.8333333333335	0.0	0.0	0.0	0.0	0.0	0.0
250	2248.3333333333335	0.0	0.0	0.0	0.0	0.0	0.0
260	2283.0	0.0	0.0	0.0	0.0	0.0	0.0
270	2185.0	0.0	0.0	0.0	0.0	0.0	0.0
280	2435.0	0.0	0.0	0.0	0.0	0.0	0.0
290	1845.1666666666667	0.0	0.0	0.0	0.0	0.0	0.0
300	2144.3333333333335	0.0	0.0	0.0	0.0	0.0	0.0
310	897.6666666666666	0.0	0.0	0.0	0.0	0.0	0.0
320	1191.3333333333333	0.0	0.0	0.0	0.0	0.0	0.0
330	1850.5	0.0	0.0	0.0	0.0	0.0	0.0
340	2115.8333333333335	0.0	0.0	0.0	0.0	0.0	0.0
350	1754.5	0.0	0.0	0.0	0.0	0.0	0.0
360	2115.8333333333335	0.0	0.0	0.0	0.0	0.0	0.0
370	1861.1666666666667	0.0	0.0	0.0	0.0	0.0	0.0
380	1902.6666666666667	0.0	0.0	0.0	0.0	0.0	0.0
390	2231.6666666666665	0.0	0.0	0.0	0.0	0.0	0.0
400	1700.6666666666667	0.0	0.0	0.0	0.0	0.0	0.0
410	1876.6666666666667	0.0	0.0	0.0	0.0	0.0	0.0
420	2016.0	0.0	0.0	0.0	0.0	0.0	0.0
430	2132.1666666666665	0.0	0.0	0.0	0.0	0.0	0.0
440	1859.8333333333333	0.0	0.0	0.0	0.0	0.0	0.0
450	2246.3333333333335	0.0	0.0	0.0	0.0	0.0	0.0
460	2229.0	0.0	0.0	0.0	0.0	0.0	0.0
470	1966.8333333333333	0.0	0.0	0.0	0.0	0.0	0.0
480	2434.0	0.0	0.0	0.0	0.0	0.0	0.0
490	2294.3333333333335	0.0	0.0	0.0	0.0	0.0	0.0
500	2176.5	0.0	0.0	0.0	0.0	0.0	0.0
510	2150.3333333333335	0.0	0.0	0.0	0.0	0.0	0.0
520	2191.1666666666665	0.0	0.0	0.0	0.0	0.0	0.0
530	2275.6666666666665	0.0	0.0	0.0	0.0	0.0	0.0
540	2090.3333333333335	0.0	0.0	0.0	0.0	0.0	0.0
550	1585.8333333333333	0.0	0.0	0.0	0.0	0.0	0.0
560	1560.6666666666667	0.0	0.0	0.0	0.0	0.0	0.0
570	1785.0	0.0	0.0	0.0	0.0	0.0	0.0
580	2139.3333333333335	0.0	0.0	0.0	0.0	0.0	0.0
590	2526.6666666666665	0.0	0.0	0.0	0.0	0.0	0.0
600	2032.0	0.0	0.0	0.0	0.0	0.0	0.0
610	2360.1666666666665	0.0	0.0	0.0	0.0	0.0	0.0
620	2050.1666666666665	0.0	0.0	0.0	0.0	0.0	0.0
630	1669.3333333333333	0.0	0.0	0.0	0.0	0.0	0.0
640	1647.3333333333333	0.0	0.0	0.0	0.0	0.0	0.0
650	2342.1666666666665	0.0	0.0	0.0	0.0	0.0	0.0
660	2534.0	0.0	0.0	0.0	0.0	0.0	0.0
670	2092.0	0.0	0.0	0.0	0.0	0.0	0.0
680	2128.0	0.0	0.0	0.0	0.0	0.0	0.0
690	2356.0	0.0	0.0	0.0	0.0	0.0	0.0
700	2297.6666666666665	0.0	0.0	0.0	0.0	0.0	0.0
710	2249.0	0.0	0.0	0.0	0.0	0.0	0.0
720	2669.0	0.0	0.0	0.0	0.0	0.0	0.0
730	2247.3333333333335	0.0	0.0	0.0	0.0	0.0	0.0
740	2218.0	0.0	0.0	0.0	0.0	0.0	0.0
750	2388.6666666666665	0.0	0.0	0.0	0.0	0.0	0.0
760	2550.3333333333335	0.0	0.0	0.0	0.0	0.0	0.0
770	2747.0	0.0	0.0	0.0	0.0	0.0	0.0
780	2405.3333333333335	0.0	0.0	0.0	0.0	0.0	0.0
790	2737.3333333333335	0.0	0.0	0.0	0.0	0.0	0.0
800	1775.6666666666667	0.0	0.0	0.0	0.0	0.0	0.0
810	1896.6666666666667	0.0	0.0	0.0	0.0	0.0	0.0
820	2072.6666666666665	0.0	0.0	0.0	0.0	0.0	0.0
830	2337.8333333333335	0.0	0.0	0.0	0.0	0.0	0.0
840	2192.3333333333335	0.0	0.0	0.0	0.0	0.0	0.0
850	2263.8333333333335	0.0	0.0	0.0	0.0	0.0	0.0
860	2193.5	0.0	0.0	0.0	0.0	0.0	0.0
870	2004.6666666666667	0.0	0.0	0.0	0.0	0.0	0.0
880	2379.5	0.0	0.0	0.0	0.0	0.0	0.0
890	1946.3333333333333	0.0	0.0	0.0	0.0	0.0	0.0
900	2074.1666666666665	0.0	0.0	0.0	0.0	0.0	0.0
910	1782.5	0.0	0.0	0.0	0.0	0.0	0.0
920	2128.1666666666665	0.0	0.0	0.0	0.0	0.0	0.0
930	1916.8333333333333	0.0	0.0	0.0	0.0	0.0	0.0
940	2554.0	0.0	0.0	0.0	0.0	0.0	0.0
950	2334.3333333333335	0.0	0.0	0.0	0.0	0.0	0.0
960	2439.3333333333335	0.0	0.0	0.0	0.0	0.0	0.0
970	2457.0	0.0	0.0	0.0	0.0	0.0	0.0
980	2528.3333333333335	0.0	0.0	0.0	0.0	0.0	0.0
990	2447.5	0.0	0.0	0.0	0.0	0.0	0.0
1000	2462.6666666666665	0.0	0.0	0.0	0.0	0.0	0.0
