0	258.3333333333333	0.0	0.0	0.0	0.0	0.0	0.0
10	130.0	844.0	2500.0	652.0	461.0	259.0	383.0
20	984.0	156.0	399.0	136.0	47.0	25.0	109.0
30	1417.0	0.0	0.0	0.0	0.0	0.0	0.0
40	1931.1666666666667	0.0	0.0	0.0	0.0	0.0	0.0
50	1985.6666666666667	0.0	0.0	0.0	0.0	0.0	0.0
60	2178.6666666666665	0.0	0.0	0.0	0.0	0.0	0.0
70	2200.0	0.0	0.0	0.0	0.0	0.0	0.0
80	2268.0	0.0	0.0	0.0	0.0	0.0	0.0
90	2314.0	0.0	0.0	0.0	0.0	0.0	0.0
100	2620.5	0.0	0.0	0.0	0.0	0.0	0.0
110	2276.0	0.0	0.0	0.0	0.0	0.0	0.0
120	2459.3333333333335	0.0	0.0	0.0	0.0	0.0	0.0
130	2436.6666666666665	0.0	0.0	0.0	0.0	0.0	0.0
140	2506.6666666666665	0.0	0.0	0.0	0.0	0.0	0.0
150	2256.6666666666665	0.0	0.0	0.0	0.0	0.0	0.0
160	2532.8333333333335	0.0	0.0	0.0	0.0	0.0	0.0
170	2220.6666666666665	0.0	0.0	0.0	0.0	0.0	0.0
180	2399.0	0.0	0.0	0.0	0.0	0.0	0.0
190	1800.3333333333333	0.0	0.0	0.0	0.0	0.0	0.0
200	1778.0	0.0	0.0	0.0	0.0	0.0	0.0
210	1768.6666666666667	0.0	0.0	0.0	0.0	0.0	0.0
220	2414.1666666666665	0.0	0.0	0.0	0.0	0.0	0.0
230	2305.8333333333335	0.0	0.0	0.0	0.0	0.0	0.0
240	2218.5	0.0	0.0	0.0	0.0	0.0	0.0
250	2532.1666666666665	0.0	0.0	0.0	0.0	0.0	0.0
260	2260.6666666666665	0.0	0.0	0.0	0.0	0.0	0.0
270	2308.0	0.0	0.0	0.0	0.0	0.0	0.0
280	2365.3333333333335	0.0	0.0	0.0	0.0	0.0	0.0
290	2127.3333333333335	0.0	0.0	0.0	0.0	0.0	0.0
300	1747.8333333333333	0.0	0.0	0.0	0.0	0.0	0.0
310	2043.1666666666667	0.0	0.0	0.0	0.0	0.0	0.0
320	1697.5	0.0	0.0	0.0	0.0	0.0	0.0
330	1995.3333333333333	0.0	0.0	0.0	0.0	0.0	0.0
340	1857.0	0.0	0.0	0.0	0.0	0.0	0.0
350	2109.8333333333335	0.0	0.0	0.0	0.0	0.0	0.0
360	1921.6666666666667	0.0	0.0	0.0	0.0	0.0	0.0
370	1909.0	0.0	0.0	0.0	0.0	0.0	0.0
380	2233.6666666666665	0.0	0.0	0.0	0.0	0.0	0.0
390	2403.6666666666665	0.0	0.0	0.0	0.0	0.0	0.0
400	2383.3333333333335	0.0	0.0	0.0	0.0	0.0	0.0
410	2483.6666666666665	0.0	0.0	0.0	0.0	0.0	0.0
420	1610.8333333333333	0.0	0.0	0.0	0.0	0.0	0.0
430	2362.3333333333335	0.0	0.0	0.0	0.0	0.0	0.0
440	1772.3333333333333	0.0	0.0	0.0	0.0	0.0	0.0
450	1639.6666666666667	0.0	0.0	0.0	0.0	0.0	0.0
460	1717.0	0.0	0.0	0.0	0.0	0.0	0.0
470	1813.0	0.0	0.0	0.0	0.0	0.0	0.0
480	1754.6666666666667	0.0	0.0	0.0	0.0	0.0	0.0
490	1932.8333333333333	0.0	0.0	0.0	0.0	0.0	0.0
500	2135.6666666666665	0.0	0.0	0.0	0.0	0.0	0.0
510	1996.6666666666667	0.0	0.0	0.0	0.0	0.0	0.0
520	1688.3333333333333	0.0	0.0	0.0	0.0	0.0	0.0
530	1766.0	0.0	0.0	0.0	0.0	0.0	0.0
540	2445.3333333333335	0.0	0.0	0.0	0.0	0.0	0.0
550	1794.8333333333333	0.0	0.0	0.0	0.0	0.0	0.0
560	1452.3333333333333	0.0	0.0	0.0	0.0	0.0	0.0
570	2236.0	0.0	0.0	0.0	0.0	0.0	0.0
580	2559.0	0.0	0.0	0.0	0.0	0.0	0.0
590	2394.5	0.0	0.0	0.0	0.0	0.0	0.0
600	2202.6666666666665	0.0	0.0	0.0	0.0	0.0	0.0
610	2545.6666666666665	0.0	0.0	0.0	0.0	0.0	0.0
620	2606.8333333333335	0.0	0.0	0.0	0.0	0.0	0.0
630	2295.0	0.0	0.0	0.0	0.0	0.0	0.0
640	2324.0	0.0	0.0	0.0	0.0	0.0	0.0
650	2312.0	0.0	0.0	0.0	0.0	0.0	0.0
660	1504.0	0.0	0.0	0.0	0.0	0.0	0.0
670	1835.3333333333333	0.0	0.0	0.0	0.0	0.0	0.0
680	1883.3333333333333	0.0	0.0	0.0	0.0	0.0	0.0
690	2402.8333333333335	0.0	0.0	0.0	0.0	0.0	0.0
700	2459.6666666666665	0.0	0.0	0.0	0.0	0.0	0.0
710	2442.0	0.0	0.0	0.0	0.0	0.0	0.0
720	2102.3333333333335	0.0	0.0	0.0	0.0	0.0	0.0
730	2504.6666666666665	0.0	0.0	0.0	0.0	0.0	0.0
740	1731.6666666666667	0.0	0.0	0.0	0.0	0.0	0.0
750	2350.5	0.0	0.0	0.0	0.0	0.0	0.0
760	2197.6666666666665	0.0	0.0	0.0	0.0	0.0	0.0
770	1938.0	0.0	0.0	0.0	0.0	0.0	0.0
780	1723.8333333333333	0.0	0.0	0.0	0.0	0.0	0.0
790	2333.3333333333335	0.0	0.0	0.0	0.0	0.0	0.0
800	1817.0	0.0	0.0	0.0	0.0	0.0	0.0
810	1803.8333333333333	0.0	0.0	0.0	0.0	0.0	0.0
820	2129.6666666666665	0.0	0.0	0.0	0.0	0.0	0.0
830	2633.6666666666665	0.0	0.0	0.0	0.0	0.0	0.0
840	2433.6666666666665	0.0	0.0	0.0	0.0	0.0	0.0
850	2396.0	0.0	0.0	0.0	0.0	0.0	0.0
860	2375.0	0.0	0.0	0.0	0.0	0.0	0.0
870	2336.3333333333335	0.0	0.0	0.0	0.0	0.0	0.0
880	2507.0	0.0	0.0	0.0	0.0	0.0	0.0
890	2576.3333333333335	0.0	0.0	0.0	0.0	0.0	0.0
900	2012.8333333333333	0.0	0.0	0.0	0.0	0.0	0.0
910	1881.6666666666667	0.0	0.0	0.0	0.0	0.0	0.0
920	1755.8333333333333	0.0	0.0	0.0	0.0	0.0	0.0
930	1789.6666666666667	0.0	0.0	0.0	0.0	0.0	0.0
940	1978.6666666666667	0.0	0.0	0.0	0.0	0.0	0.0
950	2379.6666666666665	0.0	0.0	0.0	0.0	0.0	0.0
960	1761.3333333333333	0.0	0.0	0.0	0.0	0.0	0.0
970	2394.0	0.0	0.0	0.0	0.0	0.0	0.0
980	2361.5	0.0	0.0	0.0	0.0	0.0	0.0
990	2344.1666666666665	0.0	0.0	0.0	0.0	0.0	0.0
1000	2340.6666666666665	0.0	0.0	0.0	0.0	0.0	0.0
