0	242.66666666666666	0.0	0.0	0.0	0.0	0.0	0.0
10	84.33333333333333	1000.0	1920.0	799.0	402.0	170.0	598.0
20	70.66666666666667	0.0	0.0	0.0	0.0	0.0	0.0
30	283.6666666666667	0.0	0.0	0.0	0.0	0.0	0.0
40	205.0	0.0	0.0	0.0	0.0	0.0	0.0
50	255.33333333333334	0.0	0.0	0.0	0.0	0.0	0.0
60	1831.6666666666667	0.0	0.0	0.0	0.0	0.0	0.0
70	1207.5	0.0	0.0	0.0	0.0	0.0	0.0
80	1162.0	0.0	0.0	0.0	0.0	0.0	0.0
90	2130.6666666666665	0.0	0.0	0.0	0.0	0.0	0.0
100	2184.6666666666665	0.0	0.0	0.0	0.0	0.0	0.0
110	1994.0	0.0	0.0	0.0	0.0	0.0	0.0
120	2374.6666666666665	0.0	0.0	0.0	0.0	0.0	0.0
130	2277.0	0.0	0.0	0.0	0.0	0.0	0.0
140	2273.0	0.0	0.0	0.0	0.0	0.0	0.0
150	2364.0	0.0	0.0	0.0	0.0	0.0	0.0
160	2190.3333333333335	0.0	0.0	0.0	0.0	0.0	0.0
170	2165.6666666666665	0.0	0.0	0.0	0.0	0.0	0.0
180	2341.3333333333335	0.0	0.0	0.0	0.0	0.0	0.0
190	2313.6666666666665	0.0	0.0	0.0	0.0	0.0	0.0
200	2080.1666666666665	0.0	0.0	0.0	0.0	0.0	0.0
210	2272.6666666666665	0.0	0.0	0.0	0.0	0.0	0.0
220	2325.6666666666665	0.0	0.0	0.0	0.0	0.0	0.0
230	2070.6666666666665	0.0	0.0	0.0	0.0	0.0	0.0
240	2338.6666666666665	0.0	0.0	0.0	0.0	0.0	0.0
250	2284.6666666666665	0.0	0.0	0.0	0.0	0.0	0.0
260	2708.3333333333335	0.0	0.0	0.0	0.0	0.0	0.0
270	2405.0	0.0	0.0	0.0	0.0	0.0	0.0
280	1898.6666666666667	0.0	0.0	0.0	0.0	0.0	0.0
290	1623.3333333333333	0.0	0.0	0.0	0.0	0.0	0.0
300	2328.3333333333335	0.0	0.0	0.0	0.0	0.0	0.0
310	1960.8333333333333	0.0	0.0	0.0	0.0	0.0	0.0
320	2070.0	0.0	0.0	0.0	0.0	0.0	0.0
330	1838.3333333333333	0.0	0.0	0.0	0.0	0.0	0.0
340	2193.0	0.0	0.0	0.0	0.0	0.0	0.0
350	1796.6666666666667	0.0	0.0	0.0	0.0	0.0	0.0
360	2187.0	0.0	0.0	0.0	0.0	0.0	0.0
370	1442.6666666666667	0.0	0.0	0.0	0.0	0.0	0.0
380	2233.0	0.0	0.0	0.0	0.0	0.0	0.0
390	1992.0	0.0	0.0	0.0	0.0	0.0	0.0
400	1268.3333333333333	0.0	0.0	0.0	0.0	0.0	0.0
410	2058.6666666666665	0.0	0.0	0.0	0.0	0.0	0.0
420	2179.3333333333335	0.0	0.0	0.0	0.0	0.0	0.0
430	2199.1666666666665	0.0	0.0	0.0	0.0	0.0	0.0
440	2214.0	0.0	0.0	0.0	0.0	0.0	0.0
450	2254.5	0.0	0.0	0.0	0.0	0.0	0.0
460	2173.1666666666665	0.0	0.0	0.0	0.0	0.0	0.0
470	2021.3333333333333	0.0	0.0	0.0	0.0	0.0	0.0
480	2018.8333333333333	0.0	0.0	0.0	0.0	0.0	0.0
490	2215.0	0.0	0.0	0.0	0.0	0.0	0.0
500	1775.6666666666667	0.0	0.0	0.0	0.0	0.0	0.0
510	1829.0	0.0	0.0	0.0	0.0	0.0	0.0
520	2065.3333333333335	0.0	0.0	0.0	0.0	0.0	0.0
530	2395.1666666666665	0.0	0.0	0.0	0.0	0.0	0.0
540	1566.0	0.0	0.0	0.0	0.0	0.0	0.0
550	2057.3333333333335	0.0	0.0	0.0	0.0	0.0	0.0
560	2212.8333333333335	0.0	0.0	0.0	0.0	0.0	0.0
570	2162.5	0.0	0.0	0.0	0.0	0.0	0.0
580	2422.8333333333335	0.0	0.0	0.0	0.0	0.0	0.0
590	2092.5	0.0	0.0	0.0	0.0	0.0	0.0
600	2335.3333333333335	0.0	0.0	0.0	0.0	0.0	0.0
610	1677.0	0.0	0.0	0.0	0.0	0.0	0.0
620	1851.6666666666667	0.0	0.0	0.0	0.0	0.0	0.0
630	2694.1666666666665	0.0	0.0	0.0	0.0	0.0	0.0
640	2507.3333333333335	0.0	0.0	0.0	0.0	0.0	0.0
650	2351.0	0.0	0.0	0.0	0.0	0.0	0.0
660	2636.3333333333335	0.0	0.0	0.0	0.0	0.0	0.0
670	2285.6666666666665	0.0	0.0	0.0	0.0	0.0	0.0
680	2369.3333333333335	0.0	0.0	0.0	0.0	0.0	0.0
690	2222.8333333333335	0.0	0.0	0.0	0.0	0.0	0.0
700	2456.1666666666665	0.0	0.0	0.0	0.0	0.0	0.0
710	2215.3333333333335	0.0	0.0	0.0	0.0	0.0	0.0
720	2296.3333333333335	0.0	0.0	0.0	0.0	0.0	0.0
730	2345.6666666666665	0.0	0.0	0.0	0.0	0.0	0.0
740	2456.6666666666665	0.0	0.0	0.0	0.0	0.0	0.0
750	2763.0	0.0	0.0	0.0	0.0	0.0	0.0
760	2318.0	0.0	0.0	0.0	0.0	0.0	0.0
770	2660.0	0.0	0.0	0.0	0.0	0.0	0.0
780	2350.0	0.0	0.0	0.0	0.0	0.0	0.0
790	2493.6666666666665	0.0	0.0	0.0	0.0	0.0	0.0
800	2278.0	0.0	0.0	0.0	0.0	0.0	0.0
810	2415.6666666666665	0.0	0.0	0.0	0.0	0.0	0.0
820	2424.8333333333335	0.0	0.0	0.0	0.0	0.0	0.0
830	2241.6666666666665	0.0	0.0	0.0	0.0	0.0	0.0
840	2538.3333333333335	0.0	0.0	0.0	0.0	0.0	0.0
850	2379.3333333333335	0.0	0.0	0.0	0.0	0.0	0.0
860	2448.6666666666665	0.0	0.0	0.0	0.0	0.0	0.0
870	2390.0	0.0	0.0	0.0	0.0	0.0	0.0
880	2330.6666666666665	0.0	0.0	0.0	0.0	0.0	0.0
890	2361.0	0.0	0.0	0.0	0.0	0.0	0.0
900	2175.0	0.0	0.0	0.0	0.0	0.0	0.0
910	2241.0	0.0	0.0	0.0	0.0	0.0	0.0
920	2508.3333333333335	0.0	0.0	0.0	0.0	0.0	0.0
930	2392.0	0.0	0.0	0.0	0.0	0.0	0.0
940	1992.1666666666667	0.0	0.0	0.0	0.0	0.0	0.0
950	1643.3333333333333	0.0	0.0	0.0	0.0	0.0	0.0
960	2580.3333333333335	0.0	0.0	0.0	0.0	0.0	0.0
970	1971.8333333333333	0.0	0.0	0.0	0.0	0.0	0.0
980	1595.1666666666667	0.0	0.0	0.0	0.0	0.0	0.0
990	2494.3333333333335	0.0	0.0	0.0	0.0	0.0	0.0
1000	1927.0	0.0	0.0	0.0	0.0	0.0	0.0
