0	261.3333333333333	0.0	0.0	0.0	0.0	0.0	0.0
10	136.66666666666666	647.0	1986.0	482.0	383.0	195.0	264.0
20	862.0	353.0	905.0	366.0	127.0	124.0	226.0
30	1054.6666666666667	0.0	0.0	0.0	0.0	0.0	0.0
40	1038.3333333333333	0.0	0.0	0.0	0.0	0.0	0.0
50	1779.3333333333333	0.0	0.0	0.0	0.0	0.0	0.0
60	1956.3333333333333	0.0	0.0	0.0	0.0	0.0	0.0
70	2347.5	0.0	0.0	0.0	0.0	0.0	0.0
80	2046.6666666666667	0.0	0.0	0.0	0.0	0.0	0.0
90	2398.6666666666665	0.0	0.0	0.0	0.0	0.0	0.0
100	2294.3333333333335	0.0	0.0	0.0	0.0	0.0	0.0
110	2301.1666666666665	0.0	0.0	0.0	0.0	0.0	0.0
120	2204.6666666666665	0.0	0.0	0.0	0.0	0.0	0.0
130	2228.6666666666665	0.0	0.0	0.0	0.0	0.0	0.0
140	2452.1666666666665	0.0	0.0	0.0	0.0	0.0	0.0
150	2387.0	0.0	0.0	0.0	0.0	0.0	0.0
160	2381.3333333333335	0.0	0.0	0.0	0.0	0.0	0.0
170	2420.3333333333335	0.0	0.0	0.0	0.0	0.0	0.0
180	2061.0	0.0	0.0	0.0	0.0	0.0	0.0
190	1787.6666666666667	0.0	0.0	0.0	0.0	0.0	0.0
200	2480.0	0.0	0.0	0.0	0.0	0.0	0.0
210	2510.0	0.0	0.0	0.0	0.0	0.0	0.0
220	2422.0	0.0	0.0	0.0	0.0	0.0	0.0
230	2304.6666666666665	0.0	0.0	0.0	0.0	0.0	0.0
240	2437.0	0.0	0.0	0.0	0.0	0.0	0.0
250	1734.3333333333333	0.0	0.0	0.0	0.0	0.0	0.0
260	1747.5	0.0	0.0	0.0	0.0	0.0	0.0
270	1733.5	0.0	0.0	0.0	0.0	0.0	0.0
280	2292.3333333333335	0.0	0.0	0.0	0.0	0.0	0.0
290	2550.0	0.0	0.0	0.0	0.0	0.0	0.0
300	2479.5	0.0	0.0	0.0	0.0	0.0	0.0
310	1483.3333333333333	0.0	0.0	0.0	0.0	0.0	0.0
320	1736.8333333333333	0.0	0.0	0.0	0.0	0.0	0.0
330	1876.3333333333333	0.0	0.0	0.0	0.0	0.0	0.0
340	2330.5	0.0	0.0	0.0	0.0	0.0	0.0
350	2442.1666666666665	0.0	0.0	0.0	0.0	0.0	0.0
360	1875.6666666666667	0.0	0.0	0.0	0.0	0.0	0.0
370	1758.8333333333333	0.0	0.0	0.0	0.0	0.0	0.0
380	1880.1666666666667	0.0	0.0	0.0	0.0	0.0	0.0
390	2473.0	0.0	0.0	0.0	0.0	0.0	0.0
400	2383.0	0.0	0.0	0.0	0.0	0.0	0.0
410	2264.3333333333335	0.0	0.0	0.0	0.0	0.0	0.0
420	2006.0	0.0	0.0	0.0	0.0	0.0	0.0
430	1774.3333333333333	0.0	0.0	0.0	0.0	0.0	0.0
440	1984.3333333333333	0.0	0.0	0.0	0.0	0.0	0.0
450	2116.1666666666665	0.0	0.0	0.0	0.0	0.0	0.0
460	2044.3333333333333	0.0	0.0	0.0	0.0	0.0	0.0
470	2342.6666666666665	0.0	0.0	0.0	0.0	0.0	0.0
480	1979.3333333333333	0.0	0.0	0.0	0.0	0.0	0.0
490	1951.0	0.0	0.0	0.0	0.0	0.0	0.0
500	2100.8333333333335	0.0	0.0	0.0	0.0	0.0	0.0
510	2612.6666666666665	0.0	0.0	0.0	0.0	0.0	0.0
520	2523.0	0.0	0.0	0.0	0.0	0.0	0.0
530	2420.3333333333335	0.0	0.0	0.0	0.0	0.0	0.0
540	2184.3333333333335	0.0	0.0	0.0	0.0	0.0	0.0
550	2373.0	0.0	0.0	0.0	0.0	0.0	0.0
560	2194.0	0.0	0.0	0.0	0.0	0.0	0.0
570	1657.0	0.0	0.0	0.0	0.0	0.0	0.0
580	2155.6666666666665	0.0	0.0	0.0	0.0	0.0	0.0
590	1849.6666666666667	0.0	0.0	0.0	0.0	0.0	0.0
600	1862.3333333333333	0.0	0.0	0.0	0.0	0.0	0.0
610	2348.6666666666665	0.0	0.0	0.0	0.0	0.0	0.0
620	2022.6666666666667	0.0	0.0	0.0	0.0	0.0	0.0
630	2122.5	0.0	0.0	0.0	0.0	0.0	0.0
640	2077.5	0.0	0.0	0.0	0.0	0.0	0.0
650	2542.8333333333335	0.0	0.0	0.0	0.0	0.0	0.0
660	2431.1666666666665	0.0	0.0	0.0	0.0	0.0	0.0
670	2413.6666666666665	0.0	0.0	0.0	0.0	0.0	0.0
680	1963.6666666666667	0.0	0.0	0.0	0.0	0.0	0.0
690	2195.6666666666665	0.0	0.0	0.0	0.0	0.0	0.0
700	1594.3333333333333	0.0	0.0	0.0	0.0	0.0	0.0
710	1804.8333333333333	0.0	0.0	0.0	0.0	0.0	0.0
720	1901.6666666666667	0.0	0.0	0.0	0.0	0.0	0.0
730	2305.0	0.0	0.0	0.0	0.0	0.0	0.0
740	2496.5	0.0	0.0	0.0	0.0	0.0	0.0
750	2587.0	0.0	0.0	0.0	0.0	0.0	0.0
760	2471.3333333333335	0.0	0.0	0.0	0.0	0.0	0.0
770	2361.3333333333335	0.0	0.0	0.0	0.0	0.0	0.0
780	1926.6666666666667	0.0	0.0	0.0	0.0	0.0	0.0
790	2315.1666666666665	0.0	0.0	0.0	0.0	0.0	0.0
800	2220.0	0.0	0.0	0.0	0.0	0.0	0.0
810	2523.8333333333335	0.0	0.0	0.0	0.0	0.0	0.0
820	1972.0	0.0	0.0	0.0	0.0	0.0	0.0
830	2125.5	0.0	0.0	0.0	0.0	0.0	0.0
840	2268.8333333333335	0.0	0.0	0.0	0.0	0.0	0.0
850	2213.6666666666665	0.0	0.0	0.0	0.0	0.0	0.0
860	2450.3333333333335	0.0	0.0	0.0	0.0	0.0	0.0
870	2427.0	0.0	0.0	0.0	0.0	0.0	0.0
880	2467.6666666666665	0.0	0.0	0.0	0.0	0.0	0.0
890	2443.3333333333335	0.0	0.0	0.0	0.0	0.0	0.0
900	2465.0	0.0	0.0	0.0	0.0	0.0	0.0
910	2303.0	0.0	0.0	0.0	0.0	0.0	0.0
920	2564.6666666666665	0.0	0.0	0.0	0.0	0.0	0.0
930	2574.8333333333335	0.0	0.0	0.0	0.0	0.0	0.0
940	2311.0	0.0	0.0	0.0	0.0	0.0	0.0
950	2541.1666666666665	0.0	0.0	0.0	0.0	0.0	0.0
960	2616.0	0.0	0.0	0.0	0.0	0.0	0.0
970	2387.3333333333335	0.0	0.0	0.0	0.0	0.0	0.0
980	2398.0	0.0	0.0	0.0	0.0	0.0	0.0
990	2316.3333333333335	0.0	0.0	0.0	0.0	0.0	0.0
1000	2432.8333333333335	0.0	0.0	0.0	0.0	0.0	0.0
