0	263.0	0.0
10	70.0	0.0
20	70.0	0.0
30	70.0	1.0
40	70.0	0.0
50	70.0	1.0
60	70.0	0.0
70	70.66666666666667	0.0
80	71.33333333333333	0.0
90	75.33333333333333	0.0
100	103.0	0.0
110	80.0	0.0
120	135.0	1.0
130	126.66666666666667	0.0
140	368.0	0.0
150	355.3333333333333	13.0
160	425.3333333333333	31.0
170	333.0	7.0
180	447.3333333333333	12.0
190	439.0	40.0
200	182.33333333333334	98.0
210	285.6666666666667	59.0
220	451.0	75.0
230	737.0	12.0
240	915.3333333333334	65.0
250	487.0	80.0
260	786.6666666666666	30.0
270	1217.6666666666667	72.0
280	1258.3333333333333	64.0
290	1789.0	63.0
300	2577.1666666666665	192.0
310	2552.3333333333335	84.0
320	2291.3333333333335	0.0
330	2198.0	0.0
340	2220.3333333333335	0.0
350	2306.6666666666665	0.0
360	2412.0	0.0
370	2490.3333333333335	0.0
380	2481.0	0.0
390	2332.8333333333335	0.0
400	2657.3333333333335	0.0
410	2347.3333333333335	0.0
420	2573.5	0.0
430	2497.1666666666665	0.0
440	2436.3333333333335	0.0
450	2375.1666666666665	0.0
460	2382.6666666666665	0.0
470	2594.1666666666665	0.0
480	2529.0	0.0
490	2320.8333333333335	0.0
500	2203.1666666666665	0.0
510	2492.5	0.0
520	2641.3333333333335	0.0
530	1806.3333333333333	0.0
540	2076.6666666666665	0.0
550	1701.0	0.0
560	1991.3333333333333	0.0
570	1900.5	0.0
580	2030.8333333333333	0.0
590	2267.5	0.0
600	1977.3333333333333	0.0
610	2188.8333333333335	0.0
620	2077.3333333333335	0.0
630	1786.8333333333333	0.0
640	1836.3333333333333	0.0
650	2264.3333333333335	0.0
660	2202.5	0.0
670	1952.8333333333333	0.0
680	2168.0	0.0
690	2281.8333333333335	0.0
700	1868.3333333333333	0.0
710	2152.5	0.0
720	2365.1666666666665	0.0
730	1923.0	0.0
740	1911.0	0.0
750	1999.6666666666667	0.0
760	1710.3333333333333	0.0
770	2515.3333333333335	0.0
780	1733.3333333333333	0.0
790	1849.6666666666667	0.0
800	2077.0	0.0
810	2213.5	0.0
820	2264.5	0.0
830	2423.5	0.0
840	2079.0	0.0
850	2282.3333333333335	0.0
860	1983.0	0.0
870	2459.3333333333335	0.0
880	2589.0	0.0
890	2276.8333333333335	0.0
900	2306.1666666666665	0.0
910	2414.1666666666665	0.0
920	2331.0	0.0
930	2363.0	0.0
940	2418.3333333333335	0.0
950	2225.1666666666665	0.0
960	2462.3333333333335	0.0
970	2349.0	0.0
980	2381.6666666666665	0.0
990	2382.1666666666665	0.0
1000	2534.3333333333335	0.0
