0	237.33333333333334	0.0
10	70.0	1.0
20	70.0	0.0
30	70.0	0.0
40	70.0	0.0
50	70.0	0.0
60	70.0	0.0
70	70.0	0.0
80	71.0	0.0
90	80.0	0.0
100	97.33333333333333	0.0
110	71.33333333333333	51.0
120	71.33333333333333	68.0
130	76.66666666666667	0.0
140	236.33333333333334	0.0
150	284.0	0.0
160	352.3333333333333	0.0
170	94.66666666666667	61.0
180	115.33333333333333	20.0
190	162.0	38.0
200	708.6666666666666	0.0
210	523.3333333333334	23.0
220	1399.5	69.0
230	1530.6666666666667	23.0
240	1738.0	75.0
250	1977.0	28.0
260	2128.5	68.0
270	2528.5	38.0
280	2266.6666666666665	243.0
290	2244.6666666666665	70.0
300	2346.5	95.0
310	2264.3333333333335	29.0
320	2330.0	0.0
330	2265.1666666666665	0.0
340	2266.3333333333335	0.0
350	2207.8333333333335	0.0
360	2458.3333333333335	0.0
370	2265.6666666666665	0.0
380	2263.6666666666665	0.0
390	2217.0	0.0
400	2480.3333333333335	0.0
410	2444.6666666666665	0.0
420	2670.5	0.0
430	2596.5	0.0
440	2389.6666666666665	0.0
450	1440.6666666666667	0.0
460	1195.0	0.0
470	1890.5	0.0
480	2270.3333333333335	0.0
490	1805.3333333333333	0.0
500	1842.6666666666667	0.0
510	1836.5	0.0
520	1793.3333333333333	0.0
530	1961.3333333333333	0.0
540	1267.6666666666667	0.0
550	2025.6666666666667	0.0
560	2290.0	0.0
570	2117.5	0.0
580	2166.6666666666665	0.0
590	2088.0	0.0
600	1892.3333333333333	0.0
610	2302.0	0.0
620	1991.6666666666667	0.0
630	2138.6666666666665	0.0
640	1984.0	0.0
650	2174.5	0.0
660	1670.0	0.0
670	1835.6666666666667	0.0
680	2241.0	0.0
690	2217.0	0.0
700	2440.0	0.0
710	2391.0	0.0
720	2553.1666666666665	0.0
730	2774.0	0.0
740	2325.5	0.0
750	2333.3333333333335	0.0
760	2314.0	0.0
770	2479.8333333333335	0.0
780	2362.0	0.0
790	2506.0	0.0
800	1747.3333333333333	0.0
810	1987.6666666666667	0.0
820	2066.5	0.0
830	2296.1666666666665	0.0
840	1780.1666666666667	0.0
850	1922.5	0.0
860	2388.5	0.0
870	1837.1666666666667	0.0
880	2098.6666666666665	0.0
890	2384.3333333333335	0.0
900	2580.5	0.0
910	2175.6666666666665	0.0
920	1852.6666666666667	0.0
930	2140.6666666666665	0.0
940	2118.3333333333335	0.0
950	2173.6666666666665	0.0
960	1989.6666666666667	0.0
970	2489.8333333333335	0.0
980	2193.1666666666665	0.0
990	2256.6666666666665	0.0
1000	2788.6666666666665	0.0
