0	257.0	0.0
10	70.0	0.0
20	70.0	3.0
30	70.0	0.0
40	70.0	0.0
50	70.0	1.0
60	70.0	0.0
70	70.0	0.0
80	71.33333333333333	0.0
90	73.66666666666667	0.0
100	71.66666666666667	0.0
110	159.0	0.0
120	105.66666666666667	36.0
130	204.0	0.0
140	81.0	15.0
150	350.0	0.0
160	299.6666666666667	13.0
170	778.0	28.0
180	359.6666666666667	46.0
190	302.6666666666667	53.0
200	300.6666666666667	18.0
210	310.0	50.0
220	245.33333333333334	41.0
230	377.0	40.0
240	304.3333333333333	51.0
250	414.3333333333333	81.0
260	875.3333333333334	42.0
270	639.0	51.0
280	618.3333333333334	81.0
290	1215.0	143.0
300	1237.0	66.0
310	1381.6666666666667	141.0
320	2176.6666666666665	0.0
330	2438.0	0.0
340	2278.1666666666665	0.0
350	2529.6666666666665	0.0
360	2484.1666666666665	0.0
370	2431.0	0.0
380	2357.6666666666665	0.0
390	2534.3333333333335	0.0
400	2369.0	0.0
410	2238.3333333333335	0.0
420	2377.6666666666665	0.0
430	2527.5	0.0
440	2328.0	0.0
450	2288.0	0.0
460	2239.6666666666665	0.0
470	2323.3333333333335	0.0
480	2410.0	0.0
490	2584.6666666666665	0.0
500	2507.3333333333335	0.0
510	2446.8333333333335	0.0
520	2451.5	0.0
530	1916.3333333333333	0.0
540	1662.1666666666667	0.0
550	1629.6666666666667	0.0
560	1960.8333333333333	0.0
570	2193.1666666666665	0.0
580	2173.6666666666665	0.0
590	1939.1666666666667	0.0
600	2192.0	0.0
610	2151.0	0.0
620	2465.6666666666665	0.0
630	1946.1666666666667	0.0
640	2121.6666666666665	0.0
650	2248.6666666666665	0.0
660	2234.0	0.0
670	1858.3333333333333	0.0
680	1845.0	0.0
690	1886.6666666666667	0.0
700	1815.6666666666667	0.0
710	1781.6666666666667	0.0
720	1847.5	0.0
730	1627.5	0.0
740	2111.3333333333335	0.0
750	2436.3333333333335	0.0
760	1866.0	0.0
770	1806.6666666666667	0.0
780	2512.6666666666665	0.0
790	2480.0	0.0
800	2304.3333333333335	0.0
810	2303.3333333333335	0.0
820	2447.6666666666665	0.0
830	2401.1666666666665	0.0
840	2506.3333333333335	0.0
850	2517.6666666666665	0.0
860	2212.3333333333335	0.0
870	2511.6666666666665	0.0
880	2243.6666666666665	0.0
890	2510.1666666666665	0.0
900	2393.3333333333335	0.0
910	2055.5	0.0
920	2195.3333333333335	0.0
930	2341.3333333333335	0.0
940	2576.1666666666665	0.0
950	2505.6666666666665	0.0
960	2417.0	0.0
970	1904.6666666666667	0.0
980	1836.0	0.0
990	2387.3333333333335	0.0
1000	2112.3333333333335	0.0
