0	233.0	0.0
10	100.0	1000.0
20	140.33333333333334	0.0
30	1642.6666666666667	0.0
40	1401.6666666666667	0.0
50	2006.6666666666667	0.0
60	2025.6666666666667	0.0
70	2294.5	0.0
80	2060.6666666666665	0.0
90	2168.0	0.0
100	2557.6666666666665	0.0
110	2391.5	0.0
120	2374.3333333333335	0.0
130	2181.3333333333335	0.0
140	1967.3333333333333	0.0
150	2297.8333333333335	0.0
160	2359.5	0.0
170	2499.5	0.0
180	2953.1666666666665	0.0
190	1697.0	0.0
200	1765.3333333333333	0.0
210	2372.6666666666665	0.0
220	2264.0	0.0
230	2380.6666666666665	0.0
240	2426.0	0.0
250	2445.0	0.0
260	2505.0	0.0
270	1544.3333333333333	0.0
280	2449.0	0.0
290	2102.1666666666665	0.0
300	2078.6666666666665	0.0
310	2425.8333333333335	0.0
320	2511.0	0.0
330	2339.3333333333335	0.0
340	2734.5	0.0
350	2282.8333333333335	0.0
360	1986.3333333333333	0.0
370	1757.0	0.0
380	1750.0	0.0
390	2663.3333333333335	0.0
400	2044.0	0.0
410	2229.0	0.0
420	2448.0	0.0
430	1692.0	0.0
440	2179.0	0.0
450	2282.0	0.0
460	1855.3333333333333	0.0
470	2463.0	0.0
480	2170.0	0.0
490	2418.5	0.0
500	2599.5	0.0
510	1660.8333333333333	0.0
520	2420.5	0.0
530	2226.3333333333335	0.0
540	1618.3333333333333	0.0
550	1811.6666666666667	0.0
560	1905.3333333333333	0.0
570	2331.6666666666665	0.0
580	2463.1666666666665	0.0
590	2585.1666666666665	0.0
600	1979.1666666666667	0.0
610	2100.0	0.0
620	2331.3333333333335	0.0
630	2333.0	0.0
640	1783.0	0.0
650	2382.0	0.0
660	2486.0	0.0
670	2588.6666666666665	0.0
680	2541.5	0.0
690	2315.1666666666665	0.0
700	1948.3333333333333	0.0
710	2037.6666666666667	0.0
720	1953.5	0.0
730	2500.1666666666665	0.0
740	2187.1666666666665	0.0
750	2314.5	0.0
760	2099.6666666666665	0.0
770	2400.1666666666665	0.0
780	1827.8333333333333	0.0
790	2089.8333333333335	0.0
800	2014.1666666666667	0.0
810	2629.3333333333335	0.0
820	2405.0	0.0
830	2322.5	0.0
840	1943.8333333333333	0.0
850	2241.6666666666665	0.0
860	2196.8333333333335	0.0
870	2468.0	0.0
880	2467.6666666666665	0.0
890	2341.0	0.0
900	2426.0	0.0
910	2480.8333333333335	0.0
920	2664.3333333333335	0.0
930	2448.0	0.0
940	2334.0	0.0
950	2694.5	0.0
960	2534.3333333333335	0.0
970	2388.6666666666665	0.0
980	2429.6666666666665	0.0
990	2531.0	0.0
1000	2277.0	0.0
