0	250.0	0.0
10	2058.8333333333335	147.0
20	2135.0	51.0
30	2160.0	100.0
40	2124.8333333333335	75.0
50	2054.1666666666665	111.0
60	1977.8333333333333	57.0
70	2221.1666666666665	30.0
80	1964.0	47.0
90	2234.3333333333335	47.0
100	2158.5	43.0
110	2175.3333333333335	93.0
120	2290.3333333333335	4.0
130	2295.3333333333335	13.0
140	2408.5	67.0
150	2338.1666666666665	115.0
160	2326.1666666666665	0.0
170	2471.3333333333335	0.0
180	2258.3333333333335	0.0
190	2451.5	0.0
200	2308.1666666666665	0.0
210	2617.1666666666665	0.0
220	2500.1666666666665	0.0
230	2361.6666666666665	0.0
240	2411.5	0.0
250	2489.5	0.0
260	2262.0	0.0
270	2541.5	0.0
280	2495.8333333333335	0.0
290	2535.3333333333335	0.0
300	2576.1666666666665	0.0
310	2560.0	0.0
320	2763.1666666666665	0.0
330	2526.5	0.0
340	2520.0	0.0
350	2589.5	0.0
360	2571.0	0.0
370	2707.0	0.0
380	2565.5	0.0
390	2806.5	0.0
400	2624.8333333333335	0.0
410	2691.6666666666665	0.0
420	2689.6666666666665	0.0
430	2502.3333333333335	0.0
440	2702.6666666666665	0.0
450	2856.6666666666665	0.0
460	2519.0	0.0
470	2801.6666666666665	0.0
480	2890.5	0.0
490	2507.6666666666665	0.0
500	2904.8333333333335	0.0
510	2814.3333333333335	0.0
520	2784.5	0.0
530	2588.0	0.0
540	2911.3333333333335	0.0
550	2770.6666666666665	0.0
560	2802.3333333333335	0.0
570	2772.6666666666665	0.0
580	3096.6666666666665	0.0
590	2780.3333333333335	0.0
600	2755.3333333333335	0.0
610	2929.6666666666665	0.0
620	2865.5	0.0
630	2994.6666666666665	0.0
640	2605.0	0.0
650	3034.8333333333335	0.0
660	2879.3333333333335	0.0
670	3024.8333333333335	0.0
680	3034.5	0.0
690	2818.3333333333335	0.0
700	3058.6666666666665	0.0
710	2804.0	0.0
720	2962.1666666666665	0.0
730	2863.8333333333335	0.0
740	2919.6666666666665	0.0
750	3065.5	0.0
760	3043.6666666666665	0.0
770	2956.5	0.0
780	2884.5	0.0
790	3390.5	0.0
800	2902.1666666666665	0.0
810	3031.1666666666665	0.0
820	2842.0	0.0
830	2987.0	0.0
840	3018.1666666666665	0.0
850	2884.0	0.0
860	3011.3333333333335	0.0
870	2930.1666666666665	0.0
880	3186.8333333333335	0.0
890	3228.6666666666665	0.0
900	3073.5	0.0
910	3084.3333333333335	0.0
920	3095.1666666666665	0.0
930	2711.3333333333335	0.0
940	3306.0	0.0
950	3331.3333333333335	0.0
960	2936.5	0.0
970	3258.1666666666665	0.0
980	3100.3333333333335	0.0
990	3482.1666666666665	0.0
1000	3453.0	0.0
