0	268.0	0.0
10	2143.1666666666665	84.0
20	2152.5	12.0
30	1879.0	101.0
40	1984.8333333333333	74.0
50	2073.6666666666665	50.0
60	2171.1666666666665	165.0
70	2116.8333333333335	18.0
80	2157.0	2.0
90	2113.1666666666665	53.0
100	2204.8333333333335	145.0
110	2034.6666666666667	67.0
120	2179.8333333333335	160.0
130	2282.3333333333335	28.0
140	2268.0	16.0
150	2414.6666666666665	25.0
160	2305.6666666666665	0.0
170	2294.6666666666665	0.0
180	2432.6666666666665	0.0
190	2423.6666666666665	0.0
200	2273.1666666666665	0.0
210	2257.5	0.0
220	2270.3333333333335	0.0
230	2494.6666666666665	0.0
240	2282.0	0.0
250	2381.1666666666665	0.0
260	2415.8333333333335	0.0
270	2136.5	0.0
280	2412.8333333333335	0.0
290	2572.5	0.0
300	2284.8333333333335	0.0
310	2642.3333333333335	0.0
320	2660.6666666666665	0.0
330	2471.0	0.0
340	2604.6666666666665	0.0
350	2505.3333333333335	0.0
360	2516.6666666666665	0.0
370	2607.1666666666665	0.0
380	2887.8333333333335	0.0
390	2673.0	0.0
400	2850.0	0.0
410	2593.0	0.0
420	2635.1666666666665	0.0
430	2702.3333333333335	0.0
440	2498.0	0.0
450	2334.0	0.0
460	2792.8333333333335	0.0
470	2657.5	0.0
480	2764.0	0.0
490	2600.0	0.0
500	2576.6666666666665	0.0
510	2675.0	0.0
520	2831.1666666666665	0.0
530	2519.8333333333335	0.0
540	2389.3333333333335	0.0
550	2668.6666666666665	0.0
560	2629.1666666666665	0.0
570	2783.1666666666665	0.0
580	2762.0	0.0
590	2682.6666666666665	0.0
600	2832.0	0.0
610	2385.3333333333335	0.0
620	2688.0	0.0
630	2880.1666666666665	0.0
640	2879.3333333333335	0.0
650	2813.0	0.0
660	2527.5	0.0
670	2906.3333333333335	0.0
680	2703.6666666666665	0.0
690	2755.6666666666665	0.0
700	2678.0	0.0
710	2606.5	0.0
720	2964.0	0.0
730	2892.0	0.0
740	2811.6666666666665	0.0
750	2750.3333333333335	0.0
760	2765.3333333333335	0.0
770	2880.0	0.0
780	2920.6666666666665	0.0
790	3059.0	0.0
800	2499.8333333333335	0.0
810	3081.1666666666665	0.0
820	2891.1666666666665	0.0
830	2867.8333333333335	0.0
840	2834.3333333333335	0.0
850	2991.0	0.0
860	2732.8333333333335	0.0
870	2875.3333333333335	0.0
880	2716.1666666666665	0.0
890	3093.8333333333335	0.0
900	3004.0	0.0
910	3213.1666666666665	0.0
920	2862.3333333333335	0.0
930	2953.5	0.0
940	3041.8333333333335	0.0
950	3076.3333333333335	0.0
960	2834.3333333333335	0.0
970	2961.0	0.0
980	2969.3333333333335	0.0
990	3278.3333333333335	0.0
1000	3044.8333333333335	0.0
