0	252.33333333333334	0.0
10	70.0	22.0
20	70.0	1.0
30	70.0	44.0
40	70.0	24.0
50	70.0	3.0
60	70.0	32.0
70	929.0	0.0
80	1170.3333333333333	10.0
90	1465.6666666666667	5.0
100	1862.0	4.0
110	1740.0	9.0
120	2043.0	9.0
130	1988.3333333333333	15.0
140	2032.3333333333333	6.0
150	2239.1666666666665	21.0
160	2322.3333333333335	11.0
170	2112.3333333333335	25.0
180	2000.0	16.0
190	2264.1666666666665	15.0
200	2132.6666666666665	21.0
210	2394.8333333333335	25.0
220	2274.6666666666665	20.0
230	2330.1666666666665	16.0
240	2506.8333333333335	25.0
250	2328.0	21.0
260	2178.3333333333335	13.0
270	2412.6666666666665	25.0
280	1893.3333333333333	9.0
290	1570.3333333333333	10.0
300	2233.1666666666665	28.0
310	1940.1666666666667	26.0
320	1678.6666666666667	6.0
330	2080.1666666666665	8.0
340	1689.3333333333333	11.0
350	2148.6666666666665	5.0
360	1371.6666666666667	18.0
370	1789.3333333333333	8.0
380	1969.0	12.0
390	2176.3333333333335	9.0
400	1615.6666666666667	13.0
410	1732.8333333333333	14.0
420	2039.5	12.0
430	1686.0	14.0
440	1962.6666666666667	15.0
450	1660.0	15.0
460	2286.1666666666665	9.0
470	2069.1666666666665	19.0
480	2066.1666666666665	12.0
490	2104.6666666666665	24.0
500	2140.0	23.0
510	1880.3333333333333	33.0
520	2087.0	20.0
530	2402.6666666666665	10.0
540	2415.8333333333335	19.0
550	2399.0	16.0
560	1942.8333333333333	36.0
570	1864.1666666666667	14.0
580	2478.0	13.0
590	2366.3333333333335	15.0
600	2314.3333333333335	11.0
610	2452.0	7.0
620	2428.0	27.0
630	1507.0	16.0
640	1542.5	5.0
650	2118.8333333333335	0.0
660	2562.6666666666665	0.0
670	2307.1666666666665	0.0
680	2297.0	0.0
690	2550.3333333333335	0.0
700	2502.1666666666665	0.0
710	2463.3333333333335	0.0
720	2451.3333333333335	0.0
730	2547.0	0.0
740	2330.6666666666665	0.0
750	2307.1666666666665	0.0
760	2714.1666666666665	0.0
770	2454.5	0.0
780	2674.6666666666665	0.0
790	2386.6666666666665	0.0
800	2424.1666666666665	0.0
810	2335.6666666666665	0.0
820	2534.6666666666665	0.0
830	2452.3333333333335	0.0
840	2206.3333333333335	0.0
850	2697.0	0.0
860	2218.6666666666665	0.0
870	2408.3333333333335	0.0
880	2455.8333333333335	0.0
890	2692.6666666666665	0.0
900	2355.5	0.0
910	2585.0	0.0
920	2562.0	0.0
930	2286.3333333333335	0.0
940	2287.3333333333335	0.0
950	2382.3333333333335	0.0
960	1807.0	0.0
970	2002.6666666666667	0.0
980	1889.0	0.0
990	1901.8333333333333	0.0
1000	2065.3333333333335	0.0
