0	241.33333333333334	0.0
10	1820.6666666666667	515.0
20	1914.8333333333333	260.0
30	2475.0	225.0
40	2618.1666666666665	0.0
50	2658.5	0.0
60	2341.6666666666665	0.0
70	2570.1666666666665	0.0
80	2379.1666666666665	0.0
90	2563.6666666666665	0.0
100	2772.3333333333335	0.0
110	2932.6666666666665	0.0
120	2844.5	0.0
130	2767.1666666666665	0.0
140	2790.6666666666665	0.0
150	2527.8333333333335	0.0
160	2137.0	0.0
170	2430.5	0.0
180	2745.0	0.0
190	2532.3333333333335	0.0
200	2115.5	0.0
210	2609.5	0.0
220	2356.6666666666665	0.0
230	3033.0	0.0
240	2709.3333333333335	0.0
250	2668.3333333333335	0.0
260	2727.6666666666665	0.0
270	2546.5	0.0
280	2799.0	0.0
290	2179.6666666666665	0.0
300	3082.8333333333335	0.0
310	3147.3333333333335	0.0
320	3189.1666666666665	0.0
330	3222.6666666666665	0.0
340	3104.1666666666665	0.0
350	3079.1666666666665	0.0
360	3087.0	0.0
370	3448.8333333333335	0.0
380	3256.5	0.0
390	3143.5	0.0
400	3346.1666666666665	0.0
410	3550.3333333333335	0.0
420	3658.5	0.0
430	3664.8333333333335	0.0
440	3092.5	0.0
450	2970.1666666666665	0.0
460	3259.5	0.0
470	3137.3333333333335	0.0
480	3463.0	0.0
490	3661.6666666666665	0.0
500	2984.5	0.0
510	3453.1666666666665	0.0
520	3455.8333333333335	0.0
530	3229.8333333333335	0.0
540	3886.8333333333335	0.0
550	3409.3333333333335	0.0
560	3454.6666666666665	0.0
570	3984.5	0.0
580	3206.3333333333335	0.0
590	3318.0	0.0
600	3692.6666666666665	0.0
610	3819.3333333333335	0.0
620	3680.5	0.0
630	3805.8333333333335	0.0
640	3699.3333333333335	0.0
650	4158.833333333333	0.0
660	3685.0	0.0
670	3578.0	0.0
680	3914.3333333333335	0.0
690	3247.0	0.0
700	3368.6666666666665	0.0
710	3676.6666666666665	0.0
720	4166.666666666667	0.0
730	3982.6666666666665	0.0
740	3755.8333333333335	0.0
750	3721.5	0.0
760	3576.0	0.0
770	3859.3333333333335	0.0
780	3564.3333333333335	0.0
790	3451.5	0.0
800	3738.8333333333335	0.0
810	3631.1666666666665	0.0
820	3612.5	0.0
830	3717.8333333333335	0.0
840	3771.8333333333335	0.0
850	4080.8333333333335	0.0
860	3662.3333333333335	0.0
870	3596.1666666666665	0.0
880	3794.0	0.0
890	3847.5	0.0
900	3946.1666666666665	0.0
910	3237.0	0.0
920	3554.8333333333335	0.0
930	3936.0	0.0
940	3814.6666666666665	0.0
950	3768.0	0.0
960	3952.5	0.0
970	3841.0	0.0
980	4020.5	0.0
990	3834.1666666666665	0.0
1000	3663.1666666666665	0.0
