0	244.0	0.0
10	1828.5	1000.0
20	2152.6666666666665	0.0
30	1914.8333333333333	0.0
40	2024.1666666666667	0.0
50	2065.3333333333335	0.0
60	2194.6666666666665	0.0
70	2241.6666666666665	0.0
80	2409.5	0.0
90	2392.8333333333335	0.0
100	2248.8333333333335	0.0
110	1880.5	0.0
120	2059.0	0.0
130	2463.1666666666665	0.0
140	2222.0	0.0
150	2404.0	0.0
160	2105.3333333333335	0.0
170	2842.6666666666665	0.0
180	2637.5	0.0
190	2804.5	0.0
200	2560.0	0.0
210	2534.1666666666665	0.0
220	2029.8333333333333	0.0
230	2598.3333333333335	0.0
240	2553.6666666666665	0.0
250	2682.3333333333335	0.0
260	3034.6666666666665	0.0
270	2666.5	0.0
280	2429.0	0.0
290	2745.0	0.0
300	2800.3333333333335	0.0
310	3011.6666666666665	0.0
320	2941.0	0.0
330	3134.1666666666665	0.0
340	2953.3333333333335	0.0
350	3298.5	0.0
360	3052.6666666666665	0.0
370	3281.5	0.0
380	3292.1666666666665	0.0
390	3261.6666666666665	0.0
400	2831.1666666666665	0.0
410	3457.6666666666665	0.0
420	3052.1666666666665	0.0
430	3359.1666666666665	0.0
440	3399.0	0.0
450	3388.0	0.0
460	3581.6666666666665	0.0
470	3422.0	0.0
480	3168.3333333333335	0.0
490	3104.1666666666665	0.0
500	3142.5	0.0
510	3560.5	0.0
520	3886.6666666666665	0.0
530	2468.6666666666665	0.0
540	3259.5	0.0
550	3447.5	0.0
560	3237.0	0.0
570	2792.5	0.0
580	3554.1666666666665	0.0
590	3206.1666666666665	0.0
600	3272.3333333333335	0.0
610	3423.5	0.0
620	3873.8333333333335	0.0
630	3580.3333333333335	0.0
640	3525.5	0.0
650	3747.0	0.0
660	3368.6666666666665	0.0
670	3514.3333333333335	0.0
680	3056.6666666666665	0.0
690	4005.6666666666665	0.0
700	3808.8333333333335	0.0
710	3195.1666666666665	0.0
720	3654.3333333333335	0.0
730	3831.5	0.0
740	3766.3333333333335	0.0
750	3162.0	0.0
760	3139.1666666666665	0.0
770	3723.3333333333335	0.0
780	4213.333333333333	0.0
790	3275.6666666666665	0.0
800	3534.5	0.0
810	4025.8333333333335	0.0
820	3714.0	0.0
830	3529.5	0.0
840	3511.1666666666665	0.0
850	3676.5	0.0
860	3699.5	0.0
870	3774.8333333333335	0.0
880	3473.3333333333335	0.0
890	4015.6666666666665	0.0
900	3406.0	0.0
910	3656.3333333333335	0.0
920	3791.0	0.0
930	4080.1666666666665	0.0
940	3747.8333333333335	0.0
950	3621.6666666666665	0.0
960	3892.5	0.0
970	3636.0	0.0
980	3490.3333333333335	0.0
990	3667.8333333333335	0.0
1000	3495.3333333333335	0.0
