0	251.0	0.0
10	1958.6666666666667	1000.0
20	1645.0	0.0
30	2115.5	0.0
40	2161.5	0.0
50	2253.3333333333335	0.0
60	1892.0	0.0
70	2117.1666666666665	0.0
80	2199.8333333333335	0.0
90	2122.5	0.0
100	2337.1666666666665	0.0
110	2119.6666666666665	0.0
120	2007.8333333333333	0.0
130	2485.8333333333335	0.0
140	2390.5	0.0
150	2390.1666666666665	0.0
160	2530.0	0.0
170	2755.0	0.0
180	2493.6666666666665	0.0
190	2562.5	0.0
200	2556.1666666666665	0.0
210	2752.3333333333335	0.0
220	2665.0	0.0
230	2570.6666666666665	0.0
240	2619.6666666666665	0.0
250	2912.3333333333335	0.0
260	2642.8333333333335	0.0
270	2461.1666666666665	0.0
280	2452.8333333333335	0.0
290	2275.0	0.0
300	2459.3333333333335	0.0
310	2656.8333333333335	0.0
320	2438.8333333333335	0.0
330	2280.1666666666665	0.0
340	2485.1666666666665	0.0
350	2822.3333333333335	0.0
360	2593.8333333333335	0.0
370	3013.0	0.0
380	3127.1666666666665	0.0
390	2695.6666666666665	0.0
400	2692.0	0.0
410	3073.0	0.0
420	2911.3333333333335	0.0
430	3331.0	0.0
440	2768.8333333333335	0.0
450	3305.6666666666665	0.0
460	2880.1666666666665	0.0
470	3287.8333333333335	0.0
480	3291.0	0.0
490	3220.8333333333335	0.0
500	3771.0	0.0
510	3551.0	0.0
520	3047.1666666666665	0.0
530	3458.1666666666665	0.0
540	3607.0	0.0
550	3596.5	0.0
560	3218.1666666666665	0.0
570	3347.6666666666665	0.0
580	2718.8333333333335	0.0
590	3750.8333333333335	0.0
600	3419.3333333333335	0.0
610	3977.5	0.0
620	3580.1666666666665	0.0
630	3327.3333333333335	0.0
640	3873.1666666666665	0.0
650	3253.5	0.0
660	3575.6666666666665	0.0
670	3459.5	0.0
680	3619.5	0.0
690	3612.1666666666665	0.0
700	3736.3333333333335	0.0
710	3842.6666666666665	0.0
720	3385.5	0.0
730	3519.5	0.0
740	3376.5	0.0
750	3589.0	0.0
760	3813.6666666666665	0.0
770	3391.6666666666665	0.0
780	3923.8333333333335	0.0
790	3999.3333333333335	0.0
800	3261.0	0.0
810	3566.0	0.0
820	3464.0	0.0
830	3614.0	0.0
840	3751.1666666666665	0.0
850	3500.6666666666665	0.0
860	3763.5	0.0
870	3296.0	0.0
880	3623.1666666666665	0.0
890	3719.8333333333335	0.0
900	4136.166666666667	0.0
910	4035.0	0.0
920	3904.0	0.0
930	3961.6666666666665	0.0
940	3660.6666666666665	0.0
950	3530.6666666666665	0.0
960	4195.666666666667	0.0
970	3677.0	0.0
980	3677.5	0.0
990	3555.3333333333335	0.0
1000	4038.6666666666665	0.0
