0	282.3333333333333	0.0
10	1797.5	1000.0
20	2127.8333333333335	0.0
30	1951.3333333333333	0.0
40	2210.6666666666665	0.0
50	2058.3333333333335	0.0
60	2169.0	0.0
70	2346.8333333333335	0.0
80	1982.5	0.0
90	2487.8333333333335	0.0
100	2326.8333333333335	0.0
110	2556.6666666666665	0.0
120	1937.8333333333333	0.0
130	2357.8333333333335	0.0
140	2688.0	0.0
150	2447.6666666666665	0.0
160	2385.8333333333335	0.0
170	2606.1666666666665	0.0
180	2801.0	0.0
190	2787.8333333333335	0.0
200	2651.6666666666665	0.0
210	2443.3333333333335	0.0
220	2487.5	0.0
230	2666.5	0.0
240	2935.0	0.0
250	2876.0	0.0
260	2375.8333333333335	0.0
270	2816.3333333333335	0.0
280	2559.0	0.0
290	2515.1666666666665	0.0
300	2465.5	0.0
310	2829.1666666666665	0.0
320	2777.8333333333335	0.0
330	2651.8333333333335	0.0
340	2643.1666666666665	0.0
350	2971.6666666666665	0.0
360	2819.0	0.0
370	3144.1666666666665	0.0
380	3234.0	0.0
390	3397.3333333333335	0.0
400	3679.6666666666665	0.0
410	3389.3333333333335	0.0
420	3094.6666666666665	0.0
430	3594.0	0.0
440	3271.6666666666665	0.0
450	3523.6666666666665	0.0
460	3221.6666666666665	0.0
470	3198.6666666666665	0.0
480	3252.5	0.0
490	3556.8333333333335	0.0
500	3101.0	0.0
510	3776.8333333333335	0.0
520	3376.8333333333335	0.0
530	3530.3333333333335	0.0
540	3445.3333333333335	0.0
550	3285.5	0.0
560	3504.3333333333335	0.0
570	3706.0	0.0
580	3369.6666666666665	0.0
590	3216.8333333333335	0.0
600	3837.0	0.0
610	3359.3333333333335	0.0
620	3642.8333333333335	0.0
630	3650.8333333333335	0.0
640	3087.1666666666665	0.0
650	3387.0	0.0
660	3954.5	0.0
670	3738.6666666666665	0.0
680	3576.1666666666665	0.0
690	3789.0	0.0
700	3542.0	0.0
710	3980.0	0.0
720	3646.1666666666665	0.0
730	4103.166666666667	0.0
740	3780.3333333333335	0.0
750	4038.8333333333335	0.0
760	3556.1666666666665	0.0
770	3614.3333333333335	0.0
780	4167.0	0.0
790	3686.1666666666665	0.0
800	3688.3333333333335	0.0
810	3548.3333333333335	0.0
820	3712.5	0.0
830	4085.8333333333335	0.0
840	3795.3333333333335	0.0
850	3678.6666666666665	0.0
860	3725.0	0.0
870	3464.1666666666665	0.0
880	3833.0	0.0
890	3625.8333333333335	0.0
900	3701.0	0.0
910	3657.3333333333335	0.0
920	3655.1666666666665	0.0
930	3887.8333333333335	0.0
940	3535.1666666666665	0.0
950	3752.1666666666665	0.0
960	3817.6666666666665	0.0
970	3552.3333333333335	0.0
980	3837.0	0.0
990	4262.333333333333	0.0
1000	4023.3333333333335	0.0
