0	249.33333333333334	0.0
10	1757.0	1000.0
20	2052.6666666666665	0.0
30	2050.3333333333335	0.0
40	2267.8333333333335	0.0
50	2109.5	0.0
60	2379.5	0.0
70	2321.5	0.0
80	2290.3333333333335	0.0
90	2540.8333333333335	0.0
100	2309.6666666666665	0.0
110	2429.3333333333335	0.0
120	2474.6666666666665	0.0
130	2627.3333333333335	0.0
140	2208.8333333333335	0.0
150	2691.1666666666665	0.0
160	2637.0	0.0
170	2748.5	0.0
180	2566.8333333333335	0.0
190	2542.5	0.0
200	2437.5	0.0
210	2708.0	0.0
220	2377.3333333333335	0.0
230	2345.3333333333335	0.0
240	2568.1666666666665	0.0
250	2391.8333333333335	0.0
260	2475.1666666666665	0.0
270	2869.1666666666665	0.0
280	2457.5	0.0
290	2176.5	0.0
300	2915.3333333333335	0.0
310	2411.0	0.0
320	2614.6666666666665	0.0
330	2642.5	0.0
340	2689.0	0.0
350	2613.1666666666665	0.0
360	3209.3333333333335	0.0
370	2856.3333333333335	0.0
380	2616.0	0.0
390	2261.1666666666665	0.0
400	2352.0	0.0
410	2647.3333333333335	0.0
420	2949.3333333333335	0.0
430	3279.1666666666665	0.0
440	3184.8333333333335	0.0
450	3158.0	0.0
460	2854.0	0.0
470	2618.3333333333335	0.0
480	3162.8333333333335	0.0
490	3146.3333333333335	0.0
500	2887.3333333333335	0.0
510	3331.3333333333335	0.0
520	3681.5	0.0
530	3154.1666666666665	0.0
540	3074.6666666666665	0.0
550	3349.3333333333335	0.0
560	3392.1666666666665	0.0
570	3479.0	0.0
580	3507.1666666666665	0.0
590	3794.6666666666665	0.0
600	3359.1666666666665	0.0
610	3612.5	0.0
620	3462.3333333333335	0.0
630	3502.0	0.0
640	3177.6666666666665	0.0
650	3897.8333333333335	0.0
660	3862.8333333333335	0.0
670	3328.0	0.0
680	3434.6666666666665	0.0
690	3827.6666666666665	0.0
700	3450.1666666666665	0.0
710	3441.0	0.0
720	3464.3333333333335	0.0
730	3693.0	0.0
740	3667.5	0.0
750	3754.0	0.0
760	3524.6666666666665	0.0
770	3824.1666666666665	0.0
780	3651.6666666666665	0.0
790	3851.3333333333335	0.0
800	3840.5	0.0
810	3839.6666666666665	0.0
820	3828.0	0.0
830	3911.0	0.0
840	3339.8333333333335	0.0
850	3975.1666666666665	0.0
860	3660.8333333333335	0.0
870	3540.3333333333335	0.0
880	3816.3333333333335	0.0
890	3890.8333333333335	0.0
900	3528.1666666666665	0.0
910	3769.3333333333335	0.0
920	3678.3333333333335	0.0
930	3919.0	0.0
940	3731.8333333333335	0.0
950	3982.1666666666665	0.0
960	3910.8333333333335	0.0
970	3738.1666666666665	0.0
980	3909.0	0.0
990	3580.0	0.0
1000	3600.8333333333335	0.0
