0	272.0	0.0
10	1855.1666666666667	1000.0
20	2159.5	0.0
30	2225.0	0.0
40	2172.0	0.0
50	2285.1666666666665	0.0
60	2348.6666666666665	0.0
70	2408.0	0.0
80	2208.0	0.0
90	2255.8333333333335	0.0
100	2265.3333333333335	0.0
110	2412.0	0.0
120	2357.8333333333335	0.0
130	2491.1666666666665	0.0
140	2388.1666666666665	0.0
150	2457.6666666666665	0.0
160	2775.8333333333335	0.0
170	2619.3333333333335	0.0
180	2436.5	0.0
190	2278.1666666666665	0.0
200	2557.0	0.0
210	2819.8333333333335	0.0
220	2773.6666666666665	0.0
230	2831.5	0.0
240	2894.3333333333335	0.0
250	2438.5	0.0
260	2500.0	0.0
270	2635.1666666666665	0.0
280	2529.5	0.0
290	2485.5	0.0
300	2850.8333333333335	0.0
310	2617.1666666666665	0.0
320	2625.6666666666665	0.0
330	2707.3333333333335	0.0
340	2582.6666666666665	0.0
350	2799.6666666666665	0.0
360	2847.8333333333335	0.0
370	3047.6666666666665	0.0
380	2852.6666666666665	0.0
390	3318.3333333333335	0.0
400	3160.5	0.0
410	2848.5	0.0
420	3250.8333333333335	0.0
430	2875.5	0.0
440	3245.8333333333335	0.0
450	2555.6666666666665	0.0
460	2972.8333333333335	0.0
470	2926.5	0.0
480	3361.8333333333335	0.0
490	3009.0	0.0
500	3183.8333333333335	0.0
510	3282.1666666666665	0.0
520	3120.3333333333335	0.0
530	2833.8333333333335	0.0
540	3521.1666666666665	0.0
550	3956.5	0.0
560	3262.5	0.0
570	3441.1666666666665	0.0
580	3293.8333333333335	0.0
590	3268.5	0.0
600	3782.6666666666665	0.0
610	3691.5	0.0
620	3249.3333333333335	0.0
630	3821.0	0.0
640	4040.6666666666665	0.0
650	2964.0	0.0
660	3468.5	0.0
670	4041.5	0.0
680	3759.6666666666665	0.0
690	3594.5	0.0
700	3629.5	0.0
710	3625.0	0.0
720	3602.8333333333335	0.0
730	3259.6666666666665	0.0
740	3485.0	0.0
750	3640.0	0.0
760	3025.0	0.0
770	3958.1666666666665	0.0
780	3305.3333333333335	0.0
790	3401.3333333333335	0.0
800	3754.8333333333335	0.0
810	3760.8333333333335	0.0
820	3444.1666666666665	0.0
830	3800.6666666666665	0.0
840	3585.5	0.0
850	3740.6666666666665	0.0
860	3805.6666666666665	0.0
870	3567.6666666666665	0.0
880	4079.5	0.0
890	3830.8333333333335	0.0
900	4151.166666666667	0.0
910	3788.5	0.0
920	3883.5	0.0
930	3782.5	0.0
940	3647.6666666666665	0.0
950	3773.5	0.0
960	3738.6666666666665	0.0
970	3812.3333333333335	0.0
980	3654.5	0.0
990	3689.6666666666665	0.0
1000	3877.8333333333335	0.0
