0	252.64444444444445	0.0
10	1894.5277777777778	1000.0
20	1940.8500000000001	0.0
30	2011.8944444444446	0.0
40	2068.833333333333	0.0
50	2087.111111111111	0.0
60	2099.3611111111113	0.0
70	2102.2111111111108	0.0
80	2085.561111111111	0.0
90	2123.194444444444	0.0
100	2126.044444444444	0.0
110	2160.9611111111108	0.0
120	2170.9111111111106	0.0
130	2172.038888888889	0.0
140	2212.311111111111	0.0
150	2229.9388888888884	0.0
160	2257.6277777777777	0.0
170	2255.861111111111	0.0
180	2249.405555555555	0.0
190	2299.422222222222	0.0
200	2303.088888888889	0.0
210	2371.8111111111107	0.0
220	2377.5777777777776	0.0
230	2385.6555555555556	0.0
240	2377.261111111112	0.0
250	2394.0611111111116	0.0
260	2427.183333333333	0.0
270	2424.3	0.0
280	2443.1444444444446	0.0
290	2507.3444444444453	0.0
300	2484.1777777777775	0.0
310	2483.116666666667	0.0
320	2525.0000000000005	0.0
330	2485.15	0.0
340	2561.572222222222	0.0
350	2533.483333333334	0.0
360	2585.2111111111108	0.0
370	2565.2388888888895	0.0
380	2593.633333333333	0.0
390	2597.2111111111108	0.0
400	2595.972222222222	0.0
410	2631.0722222222225	0.0
420	2604.511111111111	0.0
430	2650.266666666667	0.0
440	2630.7388888888886	0.0
450	2619.6777777777775	0.0
460	2661.7888888888897	0.0
470	2662.922222222223	0.0
480	2684.6055555555563	0.0
490	2626.5833333333344	0.0
500	2676.5166666666673	0.0
510	2695.2833333333333	0.0
520	2683.5333333333338	0.0
530	2640.338888888888	0.0
540	2717.305555555555	0.0
550	2712.527777777778	0.0
560	2748.038888888889	0.0
570	2693.8888888888882	0.0
580	2735.811111111111	0.0
590	2714.7111111111108	0.0
600	2713.6111111111104	0.0
610	2735.8833333333337	0.0
620	2765.616666666667	0.0
630	2772.7499999999995	0.0
640	2793.0111111111114	0.0
650	2766.9777777777776	0.0
660	2749.3111111111107	0.0
670	2808.4388888888893	0.0
680	2794.3500000000004	0.0
690	2808.788888888888	0.0
700	2849.011111111111	0.0
710	2821.1333333333337	0.0
720	2855.1944444444443	0.0
730	2862.738888888889	0.0
740	2866.6000000000004	0.0
750	2884.6833333333334	0.0
760	2844.1	0.0
770	2867.527777777778	0.0
780	2959.711111111111	0.0
790	2910.072222222222	0.0
800	2915.0444444444447	0.0
810	2915.638888888889	0.0
820	2927.677777777778	0.0
830	2964.2055555555553	0.0
840	2852.177777777777	0.0
850	3001.6444444444437	0.0
860	2929.766666666666	0.0
870	2942.8111111111107	0.0
880	2946.961111111111	0.0
890	2983.522222222222	0.0
900	2989.177777777777	0.0
910	2945.5555555555557	0.0
920	2948.6000000000004	0.0
930	2978.216666666667	0.0
940	3039.5666666666657	0.0
950	2971.3166666666666	0.0
960	2942.372222222222	0.0
970	2968.6666666666674	0.0
980	3032.055555555555	0.0
990	3018.899999999999	0.0
1000	3078.105555555555	0.0
