0	262.0	0.0
10	2114.6666666666665	1000.0
20	2072.0	0.0
30	1674.3333333333333	0.0
40	2137.0	0.0
50	2091.1666666666665	0.0
60	2145.0	0.0
70	1995.6666666666667	0.0
80	2111.3333333333335	0.0
90	1988.6666666666667	0.0
100	2095.5	0.0
110	2142.5	0.0
120	2379.6666666666665	0.0
130	2420.1666666666665	0.0
140	2096.1666666666665	0.0
150	2170.6666666666665	0.0
160	2269.3333333333335	0.0
170	2194.6666666666665	0.0
180	2292.8333333333335	0.0
190	2297.5	0.0
200	2264.1666666666665	0.0
210	2510.3333333333335	0.0
220	2341.8333333333335	0.0
230	2491.5	0.0
240	2401.1666666666665	0.0
250	2212.1666666666665	0.0
260	2505.6666666666665	0.0
270	2246.3333333333335	0.0
280	2388.6666666666665	0.0
290	2323.3333333333335	0.0
300	2357.0	0.0
310	2492.0	0.0
320	2521.3333333333335	0.0
330	2546.3333333333335	0.0
340	2507.3333333333335	0.0
350	2409.1666666666665	0.0
360	2565.0	0.0
370	2551.0	0.0
380	2687.5	0.0
390	2473.1666666666665	0.0
400	2457.0	0.0
410	2538.8333333333335	0.0
420	2523.1666666666665	0.0
430	2667.3333333333335	0.0
440	2684.3333333333335	0.0
450	2456.0	0.0
460	2520.1666666666665	0.0
470	2292.0	0.0
480	2637.5	0.0
490	2634.1666666666665	0.0
500	2758.8333333333335	0.0
510	2713.3333333333335	0.0
520	2722.5	0.0
530	2882.8333333333335	0.0
540	2459.8333333333335	0.0
550	2674.3333333333335	0.0
560	2557.0	0.0
570	2706.0	0.0
580	2818.6666666666665	0.0
590	2539.1666666666665	0.0
600	2474.6666666666665	0.0
610	2677.3333333333335	0.0
620	2571.1666666666665	0.0
630	2774.1666666666665	0.0
640	2953.6666666666665	0.0
650	2741.3333333333335	0.0
660	2770.6666666666665	0.0
670	2885.1666666666665	0.0
680	2866.0	0.0
690	2900.1666666666665	0.0
700	2861.1666666666665	0.0
710	2912.1666666666665	0.0
720	2894.3333333333335	0.0
730	3010.1666666666665	0.0
740	2886.8333333333335	0.0
750	2910.5	0.0
760	3132.0	0.0
770	2848.1666666666665	0.0
780	3074.3333333333335	0.0
790	2738.5	0.0
800	2847.3333333333335	0.0
810	3044.8333333333335	0.0
820	2806.3333333333335	0.0
830	3086.1666666666665	0.0
840	2887.1666666666665	0.0
850	2939.8333333333335	0.0
860	2662.8333333333335	0.0
870	3165.0	0.0
880	3270.8333333333335	0.0
890	3125.0	0.0
900	2816.0	0.0
910	2793.6666666666665	0.0
920	2859.6666666666665	0.0
930	3031.0	0.0
940	2822.5	0.0
950	2789.6666666666665	0.0
960	2648.6666666666665	0.0
970	2880.3333333333335	0.0
980	3390.3333333333335	0.0
990	2767.5	0.0
1000	3005.5	0.0
