0	266.6666666666667	0.0
10	70.0	1000.0
20	70.0	0.0
30	70.0	0.0
40	70.0	0.0
50	70.0	0.0
60	70.66666666666667	0.0
70	257.6666666666667	0.0
80	74.0	0.0
90	356.3333333333333	0.0
100	471.6666666666667	0.0
110	264.3333333333333	0.0
120	298.0	0.0
130	265.3333333333333	0.0
140	157.0	0.0
150	107.0	0.0
160	211.0	0.0
170	716.0	0.0
180	600.0	0.0
190	406.6666666666667	0.0
200	504.0	0.0
210	1051.0	0.0
220	1033.6666666666667	0.0
230	1140.6666666666667	0.0
240	1305.0	0.0
250	1405.1666666666667	0.0
260	2626.8333333333335	0.0
270	2605.1666666666665	0.0
280	2606.1666666666665	0.0
290	2532.6666666666665	0.0
300	2218.8333333333335	0.0
310	2152.6666666666665	0.0
320	2709.3333333333335	0.0
330	2052.3333333333335	0.0
340	2138.1666666666665	0.0
350	2598.3333333333335	0.0
360	2489.0	0.0
370	2219.1666666666665	0.0
380	2469.0	0.0
390	2438.8333333333335	0.0
400	2729.6666666666665	0.0
410	2586.0	0.0
420	2166.6666666666665	0.0
430	2464.0	0.0
440	2166.6666666666665	0.0
450	2263.6666666666665	0.0
460	1752.3333333333333	0.0
470	2541.8333333333335	0.0
480	1951.5	0.0
490	2055.3333333333335	0.0
500	1950.0	0.0
510	1645.0	0.0
520	1579.6666666666667	0.0
530	2095.3333333333335	0.0
540	1645.1666666666667	0.0
550	2561.6666666666665	0.0
560	2419.3333333333335	0.0
570	2260.6666666666665	0.0
580	2365.6666666666665	0.0
590	1536.3333333333333	0.0
600	1877.6666666666667	0.0
610	2534.8333333333335	0.0
620	2306.0	0.0
630	1718.6666666666667	0.0
640	2113.1666666666665	0.0
650	1993.8333333333333	0.0
660	2248.8333333333335	0.0
670	1925.6666666666667	0.0
680	1898.5	0.0
690	1973.6666666666667	0.0
700	2221.5	0.0
710	1976.0	0.0
720	1971.6666666666667	0.0
730	2069.6666666666665	0.0
740	2353.3333333333335	0.0
750	1811.1666666666667	0.0
760	2651.1666666666665	0.0
770	2626.5	0.0
780	2394.3333333333335	0.0
790	2451.3333333333335	0.0
800	2480.3333333333335	0.0
810	1877.6666666666667	0.0
820	1764.1666666666667	0.0
830	1801.3333333333333	0.0
840	1959.3333333333333	0.0
850	2054.6666666666665	0.0
860	2057.6666666666665	0.0
870	2091.8333333333335	0.0
880	1971.8333333333333	0.0
890	2063.8333333333335	0.0
900	2278.6666666666665	0.0
910	2553.6666666666665	0.0
920	2291.0	0.0
930	2691.6666666666665	0.0
940	2213.0	0.0
950	2149.0	0.0
960	2355.6666666666665	0.0
970	2449.6666666666665	0.0
980	2510.5	0.0
990	2409.1666666666665	0.0
1000	2383.0	0.0
