0	220.33333333333334	0.0
10	70.0	1000.0
20	70.0	0.0
30	70.0	0.0
40	70.0	0.0
50	71.33333333333333	0.0
60	165.66666666666666	0.0
70	1302.3333333333333	0.0
80	316.3333333333333	0.0
90	249.0	0.0
100	376.6666666666667	0.0
110	1951.0	0.0
120	2174.3333333333335	0.0
130	1947.0	0.0
140	2044.6666666666667	0.0
150	2139.6666666666665	0.0
160	2051.3333333333335	0.0
170	2391.3333333333335	0.0
180	2246.8333333333335	0.0
190	2318.5	0.0
200	2532.0	0.0
210	2241.0	0.0
220	2527.6666666666665	0.0
230	2428.0	0.0
240	2151.0	0.0
250	2633.6666666666665	0.0
260	2613.3333333333335	0.0
270	2364.6666666666665	0.0
280	2266.1666666666665	0.0
290	2280.6666666666665	0.0
300	2567.6666666666665	0.0
310	2569.1666666666665	0.0
320	2210.6666666666665	0.0
330	2578.6666666666665	0.0
340	2470.5	0.0
350	1912.6666666666667	0.0
360	2406.6666666666665	0.0
370	2023.3333333333333	0.0
380	1696.3333333333333	0.0
390	2455.3333333333335	0.0
400	2386.3333333333335	0.0
410	2321.6666666666665	0.0
420	1946.0	0.0
430	1657.3333333333333	0.0
440	1834.3333333333333	0.0
450	2060.5	0.0
460	2276.5	0.0
470	1807.6666666666667	0.0
480	2006.3333333333333	0.0
490	2291.8333333333335	0.0
500	1704.3333333333333	0.0
510	1931.8333333333333	0.0
520	1736.0	0.0
530	1755.0	0.0
540	1912.8333333333333	0.0
550	2606.8333333333335	0.0
560	2329.6666666666665	0.0
570	2225.0	0.0
580	1687.3333333333333	0.0
590	1912.6666666666667	0.0
600	2184.5	0.0
610	2426.6666666666665	0.0
620	2490.1666666666665	0.0
630	2588.1666666666665	0.0
640	2405.0	0.0
650	2039.1666666666667	0.0
660	2035.6666666666667	0.0
670	1896.6666666666667	0.0
680	1789.6666666666667	0.0
690	2269.8333333333335	0.0
700	2255.5	0.0
710	2150.6666666666665	0.0
720	1910.5	0.0
730	2163.1666666666665	0.0
740	1839.6666666666667	0.0
750	1968.3333333333333	0.0
760	2234.5	0.0
770	2413.0	0.0
780	1770.1666666666667	0.0
790	2049.6666666666665	0.0
800	1704.1666666666667	0.0
810	1881.3333333333333	0.0
820	1826.0	0.0
830	1509.3333333333333	0.0
840	1967.0	0.0
850	1803.1666666666667	0.0
860	2517.6666666666665	0.0
870	2287.5	0.0
880	1921.5	0.0
890	2544.1666666666665	0.0
900	2672.3333333333335	0.0
910	2573.5	0.0
920	2439.0	0.0
930	2429.6666666666665	0.0
940	2747.6666666666665	0.0
950	2684.5	0.0
960	2591.3333333333335	0.0
970	2413.5	0.0
980	2325.0	0.0
990	1830.8333333333333	0.0
1000	2445.8333333333335	0.0
