0	261.3333333333333	0.0
10	70.0	1000.0
20	70.0	0.0
30	70.0	0.0
40	70.0	0.0
50	80.0	0.0
60	127.0	0.0
70	316.3333333333333	0.0
80	281.6666666666667	0.0
90	243.66666666666666	0.0
100	318.6666666666667	0.0
110	1376.0	0.0
120	1693.6666666666667	0.0
130	1785.6666666666667	0.0
140	2147.0	0.0
150	2088.0	0.0
160	2654.5	0.0
170	2459.3333333333335	0.0
180	1929.1666666666667	0.0
190	2442.3333333333335	0.0
200	2449.6666666666665	0.0
210	2365.0	0.0
220	2331.3333333333335	0.0
230	2187.0	0.0
240	1909.3333333333333	0.0
250	2231.6666666666665	0.0
260	2321.0	0.0
270	2137.8333333333335	0.0
280	2209.6666666666665	0.0
290	2166.3333333333335	0.0
300	2271.6666666666665	0.0
310	2341.6666666666665	0.0
320	2428.3333333333335	0.0
330	2334.3333333333335	0.0
340	2502.0	0.0
350	1641.6666666666667	0.0
360	2065.6666666666665	0.0
370	1958.1666666666667	0.0
380	1805.0	0.0
390	1757.6666666666667	0.0
400	1811.5	0.0
410	2152.3333333333335	0.0
420	1777.8333333333333	0.0
430	2445.3333333333335	0.0
440	2380.3333333333335	0.0
450	2471.8333333333335	0.0
460	2092.0	0.0
470	1740.5	0.0
480	2103.1666666666665	0.0
490	1831.0	0.0
500	1496.3333333333333	0.0
510	1603.5	0.0
520	1559.5	0.0
530	1872.0	0.0
540	2468.8333333333335	0.0
550	2133.0	0.0
560	2272.0	0.0
570	2448.0	0.0
580	1950.1666666666667	0.0
590	2116.8333333333335	0.0
600	2078.3333333333335	0.0
610	2546.0	0.0
620	2302.3333333333335	0.0
630	2499.5	0.0
640	1732.8333333333333	0.0
650	2434.8333333333335	0.0
660	2643.3333333333335	0.0
670	2455.0	0.0
680	2380.6666666666665	0.0
690	1980.6666666666667	0.0
700	2188.5	0.0
710	2209.3333333333335	0.0
720	1990.3333333333333	0.0
730	2164.1666666666665	0.0
740	1929.3333333333333	0.0
750	1900.6666666666667	0.0
760	2064.0	0.0
770	1940.6666666666667	0.0
780	1762.0	0.0
790	2306.0	0.0
800	2060.3333333333335	0.0
810	1911.3333333333333	0.0
820	2027.0	0.0
830	2001.6666666666667	0.0
840	1712.0	0.0
850	2467.1666666666665	0.0
860	2561.1666666666665	0.0
870	2333.0	0.0
880	2589.0	0.0
890	1970.3333333333333	0.0
900	2227.6666666666665	0.0
910	2524.0	0.0
920	2388.3333333333335	0.0
930	2709.5	0.0
940	2287.0	0.0
950	2494.1666666666665	0.0
960	2403.1666666666665	0.0
970	2300.0	0.0
980	2422.0	0.0
990	2213.6666666666665	0.0
1000	2711.1666666666665	0.0
