0	279.3333333333333	0.0
10	2243.3333333333335	1.0
20	2064.0	24.0
30	2101.8333333333335	11.0
40	2067.8333333333335	3.0
50	2226.3333333333335	2.0
60	2031.0	15.0
70	2459.3333333333335	9.0
80	2500.6666666666665	3.0
90	2592.0	2.0
100	2349.0	0.0
110	2478.3333333333335	12.0
120	2721.1666666666665	13.0
130	2851.3333333333335	1.0
140	2848.5	5.0
150	2765.0	2.0
160	2786.5	0.0
170	2969.5	5.0
180	2792.6666666666665	3.0
190	2773.3333333333335	6.0
200	2955.3333333333335	6.0
210	2260.0	3.0
220	3216.0	1.0
230	2778.1666666666665	3.0
240	3062.3333333333335	6.0
250	2695.8333333333335	4.0
260	2194.6666666666665	6.0
270	2687.8333333333335	5.0
280	2543.5	3.0
290	2746.8333333333335	4.0
300	3151.6666666666665	2.0
310	2776.8333333333335	13.0
320	3499.6666666666665	2.0
330	3071.1666666666665	4.0
340	3540.1666666666665	2.0
350	3479.3333333333335	15.0
360	3525.3333333333335	9.0
370	3408.6666666666665	7.0
380	2971.5	4.0
390	3203.5	12.0
400	2841.6666666666665	8.0
410	2927.0	7.0
420	3219.8333333333335	6.0
430	3159.6666666666665	11.0
440	3386.8333333333335	6.0
450	3875.1666666666665	8.0
460	3227.8333333333335	4.0
470	3804.0	5.0
480	3394.5	8.0
490	3837.8333333333335	10.0
500	3872.3333333333335	13.0
510	3434.0	20.0
520	3295.8333333333335	10.0
530	3495.0	13.0
540	3401.6666666666665	13.0
550	3486.3333333333335	9.0
560	3956.3333333333335	4.0
570	3642.6666666666665	8.0
580	3950.1666666666665	16.0
590	3692.1666666666665	6.0
600	3458.6666666666665	11.0
610	3954.8333333333335	12.0
620	3799.1666666666665	10.0
630	3721.5	13.0
640	3565.1666666666665	9.0
650	3487.0	3.0
660	3826.5	3.0
670	3692.6666666666665	12.0
680	3650.1666666666665	9.0
690	3678.1666666666665	18.0
700	3858.5	6.0
710	3440.5	10.0
720	3868.8333333333335	16.0
730	3619.0	10.0
740	3792.6666666666665	8.0
750	3736.3333333333335	13.0
760	3859.1666666666665	11.0
770	3796.6666666666665	12.0
780	3474.1666666666665	13.0
790	3734.6666666666665	8.0
800	3763.6666666666665	13.0
810	3530.6666666666665	0.0
820	3532.3333333333335	9.0
830	3683.0	10.0
840	3703.0	4.0
850	3606.8333333333335	7.0
860	4015.6666666666665	8.0
870	4047.8333333333335	15.0
880	3840.5	5.0
890	3573.8333333333335	14.0
900	3809.8333333333335	10.0
910	3761.8333333333335	9.0
920	3768.3333333333335	14.0
930	4182.833333333333	9.0
940	3828.1666666666665	8.0
950	3613.5	3.0
960	3334.6666666666665	12.0
970	3719.3333333333335	7.0
980	3965.6666666666665	6.0
990	4094.8333333333335	13.0
1000	3454.0	10.0
