0	261.3333333333333	0.0
10	2038.5	7.0
20	1895.5	0.0
30	2240.1666666666665	3.0
40	2343.8333333333335	6.0
50	2265.8333333333335	21.0
60	2238.3333333333335	3.0
70	2185.3333333333335	4.0
80	2360.3333333333335	0.0
90	2452.0	3.0
100	2510.0	3.0
110	2460.6666666666665	3.0
120	2601.6666666666665	6.0
130	2391.3333333333335	4.0
140	2596.1666666666665	0.0
150	2639.1666666666665	2.0
160	2767.8333333333335	1.0
170	2621.8333333333335	11.0
180	2633.5	11.0
190	2752.8333333333335	0.0
200	2662.6666666666665	7.0
210	2698.3333333333335	4.0
220	2139.5	8.0
230	2545.1666666666665	5.0
240	2717.1666666666665	3.0
250	2856.6666666666665	2.0
260	2472.8333333333335	5.0
270	2314.6666666666665	2.0
280	2639.8333333333335	7.0
290	2871.5	6.0
300	3023.0	5.0
310	2959.8333333333335	2.0
320	2936.3333333333335	4.0
330	2838.5	10.0
340	2761.0	12.0
350	2859.8333333333335	7.0
360	2733.0	7.0
370	2963.0	16.0
380	3364.3333333333335	9.0
390	2497.0	6.0
400	2902.1666666666665	17.0
410	3052.8333333333335	9.0
420	3431.3333333333335	9.0
430	2824.8333333333335	7.0
440	3477.6666666666665	12.0
450	3433.1666666666665	12.0
460	3686.3333333333335	9.0
470	3516.0	6.0
480	3229.3333333333335	0.0
490	3456.1666666666665	5.0
500	3193.6666666666665	9.0
510	3526.3333333333335	9.0
520	3688.5	11.0
530	3577.5	16.0
540	3894.8333333333335	10.0
550	3689.3333333333335	12.0
560	3755.6666666666665	6.0
570	4072.5	11.0
580	3898.0	14.0
590	3709.1666666666665	10.0
600	3844.5	5.0
610	3663.1666666666665	5.0
620	3598.1666666666665	4.0
630	3806.5	4.0
640	3969.5	10.0
650	3812.1666666666665	20.0
660	3253.8333333333335	14.0
670	3453.6666666666665	6.0
680	3431.8333333333335	14.0
690	3658.6666666666665	7.0
700	3543.6666666666665	14.0
710	3670.1666666666665	15.0
720	3670.6666666666665	5.0
730	3987.1666666666665	9.0
740	3844.6666666666665	14.0
750	3911.6666666666665	9.0
760	3824.3333333333335	12.0
770	3865.5	5.0
780	3777.8333333333335	9.0
790	3628.8333333333335	0.0
800	3967.6666666666665	6.0
810	3772.3333333333335	12.0
820	3395.1666666666665	9.0
830	4056.5	11.0
840	3862.0	9.0
850	3881.1666666666665	9.0
860	3900.5	8.0
870	3826.5	12.0
880	3438.3333333333335	6.0
890	3934.6666666666665	9.0
900	3355.3333333333335	7.0
910	3260.8333333333335	15.0
920	3773.0	11.0
930	3656.1666666666665	5.0
940	4085.8333333333335	2.0
950	3770.0	14.0
960	3691.0	10.0
970	3700.0	14.0
980	3962.8333333333335	3.0
990	3709.8333333333335	8.0
1000	4124.833333333333	17.0
