0	268.0	0.0
10	2083.0	1000.0
20	2022.8333333333333	0.0
30	1935.0	0.0
40	1934.6666666666667	0.0
50	2324.1666666666665	0.0
60	2418.0	0.0
70	2021.0	0.0
80	2676.8333333333335	0.0
90	2441.3333333333335	0.0
100	2381.5	0.0
110	2185.8333333333335	0.0
120	2346.3333333333335	0.0
130	2848.1666666666665	0.0
140	2664.8333333333335	0.0
150	2855.6666666666665	0.0
160	2602.3333333333335	0.0
170	2290.5	0.0
180	2667.1666666666665	0.0
190	2319.8333333333335	0.0
200	2309.8333333333335	0.0
210	2596.8333333333335	0.0
220	2651.6666666666665	0.0
230	2242.0	0.0
240	2531.3333333333335	0.0
250	2657.0	0.0
260	2808.6666666666665	0.0
270	2837.5	0.0
280	2634.1666666666665	0.0
290	2905.5	0.0
300	3169.8333333333335	0.0
310	3014.0	0.0
320	3130.6666666666665	0.0
330	2986.5	0.0
340	2690.8333333333335	0.0
350	3002.5	0.0
360	3220.0	0.0
370	3231.0	0.0
380	3414.6666666666665	0.0
390	3139.6666666666665	0.0
400	3781.6666666666665	0.0
410	3252.1666666666665	0.0
420	3760.6666666666665	0.0
430	3580.0	0.0
440	3333.1666666666665	0.0
450	3480.0	0.0
460	3581.0	0.0
470	3152.8333333333335	0.0
480	3098.6666666666665	0.0
490	3635.8333333333335	0.0
500	3718.1666666666665	0.0
510	3648.0	0.0
520	3518.8333333333335	0.0
530	3305.8333333333335	0.0
540	2984.5	0.0
550	3057.6666666666665	0.0
560	4021.0	0.0
570	3419.8333333333335	0.0
580	3409.0	0.0
590	3523.3333333333335	0.0
600	3831.5	0.0
610	3721.5	0.0
620	3492.0	0.0
630	3999.6666666666665	0.0
640	3790.8333333333335	0.0
650	3852.3333333333335	0.0
660	3603.0	0.0
670	3633.6666666666665	0.0
680	3550.3333333333335	0.0
690	3702.0	0.0
700	3578.8333333333335	0.0
710	3615.5	0.0
720	3691.3333333333335	0.0
730	3744.1666666666665	0.0
740	3456.0	0.0
750	3852.3333333333335	0.0
760	3614.6666666666665	0.0
770	3794.0	0.0
780	3318.6666666666665	0.0
790	3751.3333333333335	0.0
800	3896.1666666666665	0.0
810	3727.0	0.0
820	3276.6666666666665	0.0
830	3599.8333333333335	0.0
840	4122.666666666667	0.0
850	3894.5	0.0
860	3794.0	0.0
870	3651.8333333333335	0.0
880	3490.8333333333335	0.0
890	3824.3333333333335	0.0
900	4006.6666666666665	0.0
910	3875.8333333333335	0.0
920	3777.1666666666665	0.0
930	3853.0	0.0
940	4135.333333333333	0.0
950	3645.1666666666665	0.0
960	3886.0	0.0
970	3944.3333333333335	0.0
980	3950.6666666666665	0.0
990	3840.1666666666665	0.0
1000	3777.6666666666665	0.0
