0	287.3333333333333	0.0
10	2068.1666666666665	7.0
20	2067.5	17.0
30	2206.1666666666665	10.0
40	1958.5	7.0
50	1806.8333333333333	6.0
60	2051.1666666666665	8.0
70	1937.3333333333333	7.0
80	2186.1666666666665	8.0
90	1905.8333333333333	6.0
100	1984.6666666666667	23.0
110	2227.8333333333335	0.0
120	2185.1666666666665	24.0
130	2030.5	13.0
140	2399.1666666666665	11.0
150	2127.0	8.0
160	2307.8333333333335	19.0
170	2310.6666666666665	4.0
180	2372.5	38.0
190	2520.6666666666665	8.0
200	2502.1666666666665	7.0
210	2528.6666666666665	10.0
220	2412.0	11.0
230	2372.0	17.0
240	2634.1666666666665	9.0
250	2471.8333333333335	6.0
260	2345.0	31.0
270	2218.6666666666665	11.0
280	2281.6666666666665	8.0
290	2302.0	5.0
300	2545.3333333333335	7.0
310	2408.0	20.0
320	2459.0	9.0
330	2347.6666666666665	26.0
340	2471.6666666666665	13.0
350	2696.8333333333335	20.0
360	2488.0	17.0
370	2570.6666666666665	24.0
380	2577.8333333333335	20.0
390	2633.8333333333335	13.0
400	2760.3333333333335	17.0
410	2650.3333333333335	12.0
420	2754.8333333333335	13.0
430	2586.6666666666665	10.0
440	2544.6666666666665	37.0
450	2832.5	27.0
460	2793.0	17.0
470	2731.8333333333335	16.0
480	2754.6666666666665	4.0
490	2525.0	16.0
500	2893.8333333333335	9.0
510	2719.5	17.0
520	2659.8333333333335	5.0
530	2554.6666666666665	8.0
540	2641.5	16.0
550	2933.3333333333335	5.0
560	2872.3333333333335	13.0
570	2765.0	22.0
580	2795.6666666666665	25.0
590	2630.1666666666665	7.0
600	3106.0	9.0
610	3156.1666666666665	8.0
620	2947.5	9.0
630	2638.3333333333335	7.0
640	2754.8333333333335	8.0
650	2855.3333333333335	48.0
660	3074.6666666666665	16.0
670	2944.0	6.0
680	2612.8333333333335	10.0
690	2843.0	28.0
700	2929.5	21.0
710	2989.5	23.0
720	2618.0	3.0
730	2596.3333333333335	0.0
740	2838.6666666666665	0.0
750	2492.0	0.0
760	2638.8333333333335	0.0
770	3111.8333333333335	0.0
780	2658.1666666666665	0.0
790	2905.0	0.0
800	3189.6666666666665	0.0
810	2582.8333333333335	0.0
820	2979.6666666666665	0.0
830	3149.5	0.0
840	2713.1666666666665	0.0
850	2718.0	0.0
860	3165.8333333333335	0.0
870	2932.8333333333335	0.0
880	3153.6666666666665	0.0
890	2813.0	0.0
900	2979.5	0.0
910	3243.6666666666665	0.0
920	2844.6666666666665	0.0
930	3065.3333333333335	0.0
940	3118.1666666666665	0.0
950	2886.6666666666665	0.0
960	2927.3333333333335	0.0
970	3315.1666666666665	0.0
980	3104.0	0.0
990	3097.5	0.0
1000	3052.1666666666665	0.0
