0	246.66666666666666	0.0
10	1626.3333333333333	7.0
20	1997.1666666666667	14.0
30	2041.0	27.0
40	2160.0	4.0
50	2079.6666666666665	21.0
60	1977.8333333333333	12.0
70	2053.5	19.0
80	2117.1666666666665	6.0
90	1935.3333333333333	14.0
100	1996.1666666666667	8.0
110	2046.3333333333333	20.0
120	2082.1666666666665	2.0
130	2330.8333333333335	29.0
140	2345.6666666666665	37.0
150	2114.8333333333335	11.0
160	2117.6666666666665	8.0
170	2341.8333333333335	6.0
180	2277.6666666666665	15.0
190	2350.3333333333335	9.0
200	2091.3333333333335	8.0
210	2196.6666666666665	11.0
220	2143.1666666666665	18.0
230	2442.8333333333335	5.0
240	2469.5	32.0
250	2209.1666666666665	13.0
260	2495.0	7.0
270	2469.8333333333335	7.0
280	2544.3333333333335	4.0
290	2649.6666666666665	51.0
300	2265.5	24.0
310	2527.6666666666665	28.0
320	2555.0	9.0
330	2250.8333333333335	18.0
340	2489.0	18.0
350	2691.0	5.0
360	2668.8333333333335	8.0
370	2361.5	7.0
380	2848.6666666666665	4.0
390	2666.5	17.0
400	2562.1666666666665	60.0
410	2650.8333333333335	4.0
420	2391.3333333333335	15.0
430	2574.0	17.0
440	2587.5	8.0
450	2809.0	18.0
460	2654.0	29.0
470	2807.5	23.0
480	2505.6666666666665	1.0
490	2885.1666666666665	15.0
500	2912.0	35.0
510	2592.5	3.0
520	2682.0	1.0
530	2740.5	11.0
540	2950.6666666666665	20.0
550	2756.0	19.0
560	2808.1666666666665	10.0
570	2918.6666666666665	5.0
580	2626.6666666666665	23.0
590	2611.3333333333335	5.0
600	2573.0	6.0
610	3038.5	5.0
620	3154.6666666666665	19.0
630	2872.5	14.0
640	2838.6666666666665	16.0
650	2825.0	6.0
660	2732.3333333333335	17.0
670	2565.5	14.0
680	3103.1666666666665	18.0
690	2851.6666666666665	0.0
700	2786.6666666666665	0.0
710	3135.0	0.0
720	2867.8333333333335	0.0
730	2968.8333333333335	0.0
740	2912.0	0.0
750	2978.5	0.0
760	2719.6666666666665	0.0
770	2828.6666666666665	0.0
780	2922.5	0.0
790	2960.1666666666665	0.0
800	3046.6666666666665	0.0
810	3127.6666666666665	0.0
820	3186.5	0.0
830	3157.8333333333335	0.0
840	3053.6666666666665	0.0
850	3346.3333333333335	0.0
860	3073.8333333333335	0.0
870	3303.0	0.0
880	2793.8333333333335	0.0
890	3053.3333333333335	0.0
900	2971.8333333333335	0.0
910	2950.8333333333335	0.0
920	3255.0	0.0
930	3110.3333333333335	0.0
940	3015.3333333333335	0.0
950	2982.5	0.0
960	3330.3333333333335	0.0
970	3389.6666666666665	0.0
980	3437.0	0.0
990	3503.6666666666665	0.0
1000	3030.3333333333335	0.0
