0	227.0	0.0
10	2139.3333333333335	7.0
20	1932.0	10.0
30	2021.6666666666667	37.0
40	2086.1666666666665	17.0
50	2267.5	30.0
60	2112.1666666666665	15.0
70	2061.0	12.0
80	2169.5	9.0
90	2230.0	10.0
100	2227.1666666666665	7.0
110	2189.6666666666665	18.0
120	2340.1666666666665	57.0
130	2253.6666666666665	23.0
140	2304.1666666666665	5.0
150	2084.5	17.0
160	2232.3333333333335	7.0
170	2105.6666666666665	9.0
180	2206.8333333333335	3.0
190	2368.5	35.0
200	2339.5	41.0
210	2201.5	12.0
220	2381.6666666666665	12.0
230	2412.1666666666665	7.0
240	2456.3333333333335	24.0
250	2275.8333333333335	14.0
260	2661.1666666666665	9.0
270	2423.8333333333335	22.0
280	2435.5	4.0
290	2426.3333333333335	18.0
300	2344.1666666666665	22.0
310	2512.6666666666665	7.0
320	2612.1666666666665	8.0
330	2403.6666666666665	9.0
340	2600.5	3.0
350	2577.6666666666665	14.0
360	2667.1666666666665	14.0
370	2631.0	7.0
380	2671.5	3.0
390	2557.8333333333335	14.0
400	2524.3333333333335	9.0
410	2689.6666666666665	11.0
420	2395.6666666666665	12.0
430	2679.0	5.0
440	2977.0	30.0
450	2855.6666666666665	9.0
460	2676.6666666666665	7.0
470	2796.1666666666665	19.0
480	2674.3333333333335	25.0
490	2780.3333333333335	13.0
500	2984.6666666666665	20.0
510	2526.3333333333335	5.0
520	2694.8333333333335	12.0
530	2938.0	15.0
540	2729.6666666666665	3.0
550	2804.8333333333335	13.0
560	2698.3333333333335	6.0
570	2997.1666666666665	25.0
580	3040.0	20.0
590	3037.8333333333335	34.0
600	2878.1666666666665	31.0
610	3058.1666666666665	47.0
620	2942.5	33.0
630	2801.8333333333335	4.0
640	3063.3333333333335	0.0
650	2945.0	0.0
660	3049.5	0.0
670	2793.3333333333335	0.0
680	2671.6666666666665	0.0
690	3069.8333333333335	0.0
700	2853.0	0.0
710	2906.6666666666665	0.0
720	3173.8333333333335	0.0
730	3169.3333333333335	0.0
740	3053.5	0.0
750	3293.8333333333335	0.0
760	3014.0	0.0
770	3125.8333333333335	0.0
780	3262.5	0.0
790	3006.0	0.0
800	2937.6666666666665	0.0
810	2919.0	0.0
820	2950.0	0.0
830	2757.6666666666665	0.0
840	2956.3333333333335	0.0
850	3080.1666666666665	0.0
860	3175.5	0.0
870	3177.1666666666665	0.0
880	3157.5	0.0
890	3090.5	0.0
900	3116.5	0.0
910	3295.0	0.0
920	3221.0	0.0
930	2916.5	0.0
940	3199.1666666666665	0.0
950	2859.1666666666665	0.0
960	3251.3333333333335	0.0
970	3343.3333333333335	0.0
980	3356.1666666666665	0.0
990	3228.8333333333335	0.0
1000	2959.6666666666665	0.0
