0	231.66666666666666	0.0
10	1830.0	8.0
20	2232.3333333333335	17.0
30	2180.0	24.0
40	2088.3333333333335	13.0
50	2084.0	7.0
60	2229.3333333333335	42.0
70	2231.3333333333335	5.0
80	2145.8333333333335	16.0
90	2238.3333333333335	12.0
100	2194.5	7.0
110	2264.8333333333335	11.0
120	2132.5	16.0
130	2402.3333333333335	13.0
140	2272.5	7.0
150	2331.6666666666665	21.0
160	2407.6666666666665	6.0
170	2139.5	14.0
180	2428.8333333333335	12.0
190	2584.5	16.0
200	2426.6666666666665	3.0
210	2240.6666666666665	9.0
220	2355.5	10.0
230	2607.0	20.0
240	2283.6666666666665	5.0
250	2445.0	25.0
260	2295.3333333333335	12.0
270	2482.0	7.0
280	2497.0	3.0
290	2449.6666666666665	19.0
300	2465.3333333333335	9.0
310	2511.8333333333335	26.0
320	2435.3333333333335	9.0
330	2455.5	15.0
340	2547.5	10.0
350	2512.5	13.0
360	2639.8333333333335	8.0
370	2466.3333333333335	11.0
380	2580.5	12.0
390	2608.3333333333335	15.0
400	2568.3333333333335	11.0
410	2931.5	3.0
420	2655.1666666666665	1.0
430	2645.6666666666665	4.0
440	2693.3333333333335	19.0
450	2842.6666666666665	7.0
460	2497.8333333333335	23.0
470	2821.8333333333335	3.0
480	2966.3333333333335	16.0
490	2661.6666666666665	9.0
500	2563.8333333333335	21.0
510	2802.6666666666665	13.0
520	2894.1666666666665	11.0
530	2829.0	8.0
540	2792.6666666666665	16.0
550	2922.6666666666665	19.0
560	2567.6666666666665	8.0
570	2891.8333333333335	6.0
580	2828.6666666666665	14.0
590	2872.0	4.0
600	2687.6666666666665	21.0
610	2619.6666666666665	5.0
620	2671.5	11.0
630	3031.3333333333335	40.0
640	2912.1666666666665	3.0
650	2936.0	10.0
660	2848.6666666666665	22.0
670	3165.6666666666665	8.0
680	2750.3333333333335	8.0
690	2671.5	5.0
700	2974.5	11.0
710	3101.5	17.0
720	2898.3333333333335	12.0
730	2887.1666666666665	19.0
740	3043.0	22.0
750	3185.6666666666665	21.0
760	2783.0	3.0
770	2965.3333333333335	12.0
780	2885.1666666666665	12.0
790	2880.5	7.0
800	2326.0	7.0
810	2753.1666666666665	0.0
820	2969.3333333333335	0.0
830	2819.1666666666665	0.0
840	3023.5	0.0
850	3083.6666666666665	0.0
860	2869.6666666666665	0.0
870	3146.1666666666665	0.0
880	3137.6666666666665	0.0
890	3135.5	0.0
900	3163.5	0.0
910	2996.1666666666665	0.0
920	3254.3333333333335	0.0
930	2923.0	0.0
940	2840.1666666666665	0.0
950	3134.3333333333335	0.0
960	3168.5	0.0
970	3464.8333333333335	0.0
980	2950.6666666666665	0.0
990	3127.0	0.0
1000	3053.6666666666665	0.0
