0	266.0	0.0
10	70.0	0.0
20	70.0	0.0
30	70.0	0.0
40	70.0	0.0
50	70.0	0.0
60	70.0	0.0
70	70.0	0.0
80	71.0	0.0
90	72.0	0.0
100	78.66666666666667	0.0
110	110.0	0.0
120	186.0	0.0
130	81.0	0.0
140	242.0	0.0
150	423.3333333333333	18.0
160	392.6666666666667	0.0
170	214.33333333333334	0.0
180	643.6666666666666	1.0
190	344.3333333333333	0.0
200	389.0	0.0
210	318.0	0.0
220	328.6666666666667	0.0
230	476.0	0.0
240	473.6666666666667	0.0
250	553.6666666666666	1.0
260	926.0	0.0
270	804.0	0.0
280	1560.6666666666667	0.0
290	2298.6666666666665	1.0
300	2442.6666666666665	0.0
310	2137.1666666666665	0.0
320	2645.3333333333335	0.0
330	2513.8333333333335	0.0
340	2601.0	1.0
350	2495.5	1.0
360	2743.6666666666665	2.0
370	2738.1666666666665	0.0
380	2472.0	1.0
390	1819.6666666666667	2.0
400	1732.8333333333333	0.0
410	1991.0	0.0
420	2010.5	0.0
430	2450.8333333333335	0.0
440	2378.6666666666665	2.0
450	2080.1666666666665	2.0
460	1816.3333333333333	3.0
470	1666.3333333333333	1.0
480	2555.5	0.0
490	2474.0	0.0
500	2491.6666666666665	1.0
510	2548.0	0.0
520	2476.6666666666665	0.0
530	2450.5	0.0
540	2128.0	1.0
550	1442.0	1.0
560	1340.0	0.0
570	1931.8333333333333	1.0
580	2101.1666666666665	1.0
590	1563.5	0.0
600	1801.8333333333333	2.0
610	1841.0	0.0
620	1581.0	2.0
630	2071.8333333333335	0.0
640	1620.8333333333333	0.0
650	1759.1666666666667	1.0
660	2285.3333333333335	0.0
670	2432.5	0.0
680	1416.0	3.0
690	2190.8333333333335	0.0
700	2157.6666666666665	0.0
710	2545.3333333333335	1.0
720	2249.3333333333335	0.0
730	2420.0	0.0
740	2415.1666666666665	0.0
750	2411.6666666666665	0.0
760	2334.0	3.0
770	1860.5	0.0
780	1792.0	1.0
790	2261.3333333333335	0.0
800	1769.3333333333333	2.0
810	2220.3333333333335	3.0
820	2448.6666666666665	1.0
830	2404.5	0.0
840	1437.3333333333333	0.0
850	2177.0	2.0
860	1850.0	0.0
870	2385.6666666666665	0.0
880	2428.0	2.0
890	2382.8333333333335	2.0
900	2243.6666666666665	1.0
910	2021.8333333333333	0.0
920	2392.8333333333335	0.0
930	2196.5	1.0
940	2570.6666666666665	2.0
950	2276.3333333333335	2.0
960	2604.6666666666665	1.0
970	2430.0	1.0
980	2474.6666666666665	0.0
990	2060.3333333333335	0.0
1000	1493.1666666666667	0.0
