0	295.0	0.0
10	70.0	0.0
20	70.0	0.0
30	70.0	0.0
40	70.0	0.0
50	70.0	0.0
60	70.0	0.0
70	70.0	0.0
80	70.0	0.0
90	73.0	0.0
100	96.0	0.0
110	175.66666666666666	0.0
120	208.0	0.0
130	77.66666666666667	0.0
140	426.0	0.0
150	297.0	0.0
160	176.33333333333334	0.0
170	199.0	0.0
180	138.66666666666666	0.0
190	233.66666666666666	0.0
200	304.0	0.0
210	224.0	0.0
220	231.66666666666666	0.0
230	367.3333333333333	0.0
240	387.0	0.0
250	379.0	0.0
260	481.3333333333333	0.0
270	300.3333333333333	1.0
280	283.6666666666667	1.0
290	473.0	0.0
300	455.3333333333333	0.0
310	755.0	1.0
320	1575.3333333333333	0.0
330	1158.3333333333333	0.0
340	2008.8333333333333	5.0
350	2125.5	0.0
360	2454.1666666666665	3.0
370	2081.8333333333335	7.0
380	2232.0	0.0
390	2008.0	0.0
400	2234.1666666666665	0.0
410	2226.5	1.0
420	2685.6666666666665	0.0
430	2451.6666666666665	3.0
440	2343.0	0.0
450	2229.0	0.0
460	2510.0	0.0
470	2061.8333333333335	1.0
480	2215.6666666666665	2.0
490	2510.1666666666665	0.0
500	2291.5	0.0
510	2237.6666666666665	0.0
520	2335.6666666666665	0.0
530	2581.3333333333335	2.0
540	2450.0	2.0
550	2404.6666666666665	0.0
560	2586.6666666666665	0.0
570	2474.0	1.0
580	2357.1666666666665	2.0
590	2307.1666666666665	0.0
600	2661.1666666666665	6.0
610	2364.6666666666665	0.0
620	2428.8333333333335	0.0
630	2261.0	2.0
640	2562.6666666666665	1.0
650	1766.6666666666667	1.0
660	1591.3333333333333	0.0
670	2098.6666666666665	1.0
680	1729.1666666666667	1.0
690	2550.0	2.0
700	2430.5	2.0
710	2400.6666666666665	0.0
720	2290.0	0.0
730	1767.1666666666667	0.0
740	2238.0	0.0
750	2137.8333333333335	0.0
760	2363.0	1.0
770	1775.5	0.0
780	2126.0	0.0
790	2049.6666666666665	0.0
800	2011.3333333333333	3.0
810	2331.5	1.0
820	2159.5	0.0
830	2000.5	0.0
840	1679.3333333333333	0.0
850	1946.3333333333333	0.0
860	1927.3333333333333	0.0
870	1992.6666666666667	1.0
880	1578.6666666666667	0.0
890	1946.8333333333333	0.0
900	2158.0	0.0
910	2260.0	4.0
920	1984.8333333333333	0.0
930	1813.1666666666667	1.0
940	1797.6666666666667	1.0
950	1896.8333333333333	1.0
960	1977.1666666666667	0.0
970	1912.8333333333333	0.0
980	1968.0	1.0
990	1684.3333333333333	0.0
1000	1813.8333333333333	0.0
