0	268.6666666666667	0.0	0.0	0.0	0.0	0.0	0.0
10	85.33333333333333	1000.0	1998.0	606.0	660.0	233.0	340.0
20	83.66666666666667	0.0	0.0	0.0	0.0	0.0	0.0
30	75.33333333333333	0.0	0.0	0.0	0.0	0.0	0.0
40	70.0	0.0	0.0	0.0	0.0	0.0	0.0
50	70.0	0.0	0.0	0.0	0.0	0.0	0.0
60	70.0	0.0	0.0	0.0	0.0	0.0	0.0
70	70.0	0.0	0.0	0.0	0.0	0.0	0.0
80	70.0	0.0	0.0	0.0	0.0	0.0	0.0
90	70.0	0.0	0.0	0.0	0.0	0.0	0.0
100	70.0	0.0	0.0	0.0	0.0	0.0	0.0
110	70.0	0.0	0.0	0.0	0.0	0.0	0.0
120	70.0	0.0	0.0	0.0	0.0	0.0	0.0
130	70.0	0.0	0.0	0.0	0.0	0.0	0.0
140	70.0	0.0	0.0	0.0	0.0	0.0	0.0
150	70.66666666666667	0.0	0.0	0.0	0.0	0.0	0.0
160	71.0	0.0	0.0	0.0	0.0	0.0	0.0
170	181.33333333333334	0.0	0.0	0.0	0.0	0.0	0.0
180	127.33333333333333	0.0	0.0	0.0	0.0	0.0	0.0
190	323.6666666666667	0.0	0.0	0.0	0.0	0.0	0.0
200	359.0	0.0	0.0	0.0	0.0	0.0	0.0
210	186.33333333333334	0.0	0.0	0.0	0.0	0.0	0.0
220	154.0	0.0	0.0	0.0	0.0	0.0	0.0
230	197.33333333333334	0.0	0.0	0.0	0.0	0.0	0.0
240	301.3333333333333	0.0	0.0	0.0	0.0	0.0	0.0
250	429.0	0.0	0.0	0.0	0.0	0.0	0.0
260	248.66666666666666	0.0	0.0	0.0	0.0	0.0	0.0
270	651.0	0.0	0.0	0.0	0.0	0.0	0.0
280	226.0	0.0	0.0	0.0	0.0	0.0	0.0
290	1247.6666666666667	0.0	0.0	0.0	0.0	0.0	0.0
300	272.0	0.0	0.0	0.0	0.0	0.0	0.0
310	373.0	0.0	0.0	0.0	0.0	0.0	0.0
320	1046.0	0.0	0.0	0.0	0.0	0.0	0.0
330	1046.3333333333333	0.0	0.0	0.0	0.0	0.0	0.0
340	997.0	0.0	0.0	0.0	0.0	0.0	0.0
350	1425.0	0.0	0.0	0.0	0.0	0.0	0.0
360	1180.3333333333333	0.0	0.0	0.0	0.0	0.0	0.0
370	1089.3333333333333	0.0	0.0	0.0	0.0	0.0	0.0
380	1340.3333333333333	0.0	0.0	0.0	0.0	0.0	0.0
390	1243.0	0.0	0.0	0.0	0.0	0.0	0.0
400	1934.3333333333333	0.0	0.0	0.0	0.0	0.0	0.0
410	1955.0	0.0	0.0	0.0	0.0	0.0	0.0
420	1958.0	0.0	0.0	0.0	0.0	0.0	0.0
430	2195.6666666666665	0.0	0.0	0.0	0.0	0.0	0.0
440	2343.1666666666665	0.0	0.0	0.0	0.0	0.0	0.0
450	2212.3333333333335	0.0	0.0	0.0	0.0	0.0	0.0
460	2417.3333333333335	0.0	0.0	0.0	0.0	0.0	0.0
470	2230.6666666666665	0.0	0.0	0.0	0.0	0.0	0.0
480	2048.0	0.0	0.0	0.0	0.0	0.0	0.0
490	2114.3333333333335	0.0	0.0	0.0	0.0	0.0	0.0
500	2181.5	0.0	0.0	0.0	0.0	0.0	0.0
510	2247.3333333333335	0.0	0.0	0.0	0.0	0.0	0.0
520	2510.3333333333335	0.0	0.0	0.0	0.0	0.0	0.0
530	2286.0	0.0	0.0	0.0	0.0	0.0	0.0
540	2230.3333333333335	0.0	0.0	0.0	0.0	0.0	0.0
550	2198.8333333333335	0.0	0.0	0.0	0.0	0.0	0.0
560	2440.0	0.0	0.0	0.0	0.0	0.0	0.0
570	2115.0	0.0	0.0	0.0	0.0	0.0	0.0
580	2314.1666666666665	0.0	0.0	0.0	0.0	0.0	0.0
590	2198.1666666666665	0.0	0.0	0.0	0.0	0.0	0.0
600	2289.6666666666665	0.0	0.0	0.0	0.0	0.0	0.0
610	2071.0	0.0	0.0	0.0	0.0	0.0	0.0
620	2423.0	0.0	0.0	0.0	0.0	0.0	0.0
630	2431.3333333333335	0.0	0.0	0.0	0.0	0.0	0.0
640	2392.1666666666665	0.0	0.0	0.0	0.0	0.0	0.0
650	2435.8333333333335	0.0	0.0	0.0	0.0	0.0	0.0
660	2397.3333333333335	0.0	0.0	0.0	0.0	0.0	0.0
670	2565.0	0.0	0.0	0.0	0.0	0.0	0.0
680	2597.0	0.0	0.0	0.0	0.0	0.0	0.0
690	2411.3333333333335	0.0	0.0	0.0	0.0	0.0	0.0
700	2656.6666666666665	0.0	0.0	0.0	0.0	0.0	0.0
710	2764.8333333333335	0.0	0.0	0.0	0.0	0.0	0.0
720	2540.5	0.0	0.0	0.0	0.0	0.0	0.0
730	2901.8333333333335	0.0	0.0	0.0	0.0	0.0	0.0
740	2811.1666666666665	0.0	0.0	0.0	0.0	0.0	0.0
750	2646.6666666666665	0.0	0.0	0.0	0.0	0.0	0.0
760	2735.6666666666665	0.0	0.0	0.0	0.0	0.0	0.0
770	2225.0	0.0	0.0	0.0	0.0	0.0	0.0
780	2547.6666666666665	0.0	0.0	0.0	0.0	0.0	0.0
790	2614.0	0.0	0.0	0.0	0.0	0.0	0.0
800	2502.0	0.0	0.0	0.0	0.0	0.0	0.0
810	2431.0	0.0	0.0	0.0	0.0	0.0	0.0
820	2394.3333333333335	0.0	0.0	0.0	0.0	0.0	0.0
830	2559.1666666666665	0.0	0.0	0.0	0.0	0.0	0.0
840	2468.1666666666665	0.0	0.0	0.0	0.0	0.0	0.0
850	2424.0	0.0	0.0	0.0	0.0	0.0	0.0
860	2586.3333333333335	0.0	0.0	0.0	0.0	0.0	0.0
870	2666.3333333333335	0.0	0.0	0.0	0.0	0.0	0.0
880	2470.1666666666665	0.0	0.0	0.0	0.0	0.0	0.0
890	2748.5	0.0	0.0	0.0	0.0	0.0	0.0
900	2369.3333333333335	0.0	0.0	0.0	0.0	0.0	0.0
910	2733.1666666666665	0.0	0.0	0.0	0.0	0.0	0.0
920	2371.8333333333335	0.0	0.0	0.0	0.0	0.0	0.0
930	2632.3333333333335	0.0	0.0	0.0	0.0	0.0	0.0
940	2350.0	0.0	0.0	0.0	0.0	0.0	0.0
950	2589.0	0.0	0.0	0.0	0.0	0.0	0.0
960	2633.8333333333335	0.0	0.0	0.0	0.0	0.0	0.0
970	2624.6666666666665	0.0	0.0	0.0	0.0	0.0	0.0
980	2750.6666666666665	0.0	0.0	0.0	0.0	0.0	0.0
990	2396.0	0.0	0.0	0.0	0.0	0.0	0.0
1000	2582.0	0.0	0.0	0.0	0.0	0.0	0.0
