0	280.0	0.0
10	2161.8333333333335	75.0
20	1888.8333333333333	180.0
30	1982.1666666666667	70.0
40	1845.3333333333333	112.0
50	2604.8333333333335	96.0
60	2808.0	93.0
70	2936.6666666666665	151.0
80	2736.3333333333335	58.0
90	2802.3333333333335	56.0
100	2620.3333333333335	92.0
110	2880.3333333333335	17.0
120	2491.6666666666665	0.0
130	2445.8333333333335	0.0
140	2310.6666666666665	0.0
150	2735.6666666666665	0.0
160	2654.3333333333335	0.0
170	2954.1666666666665	0.0
180	3067.0	0.0
190	3161.8333333333335	0.0
200	3487.6666666666665	0.0
210	2864.5	0.0
220	3457.6666666666665	0.0
230	3018.1666666666665	0.0
240	3333.0	0.0
250	3448.0	0.0
260	3738.0	0.0
270	3361.5	0.0
280	3855.8333333333335	0.0
290	2935.0	0.0
300	3258.1666666666665	0.0
310	3115.8333333333335	0.0
320	3577.1666666666665	0.0
330	3257.5	0.0
340	3349.1666666666665	0.0
350	3045.0	0.0
360	3978.1666666666665	0.0
370	3415.0	0.0
380	3198.0	0.0
390	3086.3333333333335	0.0
400	3579.8333333333335	0.0
410	3254.5	0.0
420	3297.3333333333335	0.0
430	3562.0	0.0
440	3937.5	0.0
450	3326.0	0.0
460	3565.8333333333335	0.0
470	3426.5	0.0
480	3327.0	0.0
490	3630.3333333333335	0.0
500	3776.0	0.0
510	3415.5	0.0
520	3675.1666666666665	0.0
530	3894.6666666666665	0.0
540	4205.333333333333	0.0
550	3396.1666666666665	0.0
560	3785.1666666666665	0.0
570	3515.0	0.0
580	3565.1666666666665	0.0
590	3406.6666666666665	0.0
600	3334.1666666666665	0.0
610	3343.1666666666665	0.0
620	3237.3333333333335	0.0
630	3900.6666666666665	0.0
640	3898.0	0.0
650	3508.3333333333335	0.0
660	4024.1666666666665	0.0
670	3627.8333333333335	0.0
680	3938.6666666666665	0.0
690	3259.3333333333335	0.0
700	3994.0	0.0
710	4083.6666666666665	0.0
720	3710.0	0.0
730	3854.5	0.0
740	3930.3333333333335	0.0
750	3816.3333333333335	0.0
760	3926.0	0.0
770	3696.8333333333335	0.0
780	3627.3333333333335	0.0
790	3776.1666666666665	0.0
800	3817.6666666666665	0.0
810	4200.0	0.0
820	3924.1666666666665	0.0
830	3968.5	0.0
840	3826.8333333333335	0.0
850	3676.1666666666665	0.0
860	3771.3333333333335	0.0
870	3373.3333333333335	0.0
880	3500.3333333333335	0.0
890	3805.1666666666665	0.0
900	3684.6666666666665	0.0
910	4094.5	0.0
920	3873.0	0.0
930	3762.3333333333335	0.0
940	3518.8333333333335	0.0
950	3882.5	0.0
960	3907.3333333333335	0.0
970	3633.0	0.0
980	3913.0	0.0
990	3744.5	0.0
1000	3752.5	0.0
