0	258.3333333333333
10	70.0
20	70.0
30	70.0
40	70.0
50	70.0
60	70.0
70	70.0
80	71.66666666666667
90	76.66666666666667
100	76.66666666666667
110	84.66666666666667
120	83.66666666666667
130	347.3333333333333
140	124.0
150	319.6666666666667
160	298.3333333333333
170	158.66666666666666
180	147.66666666666666
190	387.3333333333333
200	70.33333333333333
210	310.0
220	363.6666666666667
230	347.3333333333333
240	277.3333333333333
250	401.6666666666667
260	404.6666666666667
270	518.6666666666666
280	821.0
290	650.0
300	1142.5
310	1392.6666666666667
320	1884.5
330	1495.0
340	2259.8333333333335
350	1108.3333333333333
360	1562.0
370	1894.0
380	1522.0
390	2435.0
400	1259.0
410	2219.6666666666665
420	1932.8333333333333
430	1879.1666666666667
440	1655.1666666666667
450	1661.5
460	1698.3333333333333
470	1745.3333333333333
480	2105.8333333333335
490	1789.1666666666667
500	1556.3333333333333
510	2440.8333333333335
520	1809.6666666666667
530	1983.0
540	1976.3333333333333
550	1745.1666666666667
560	2140.5
570	2202.3333333333335
580	2151.5
590	1825.3333333333333
600	2330.6666666666665
610	1692.8333333333333
620	2308.3333333333335
630	1926.5
640	1812.1666666666667
650	2251.0
660	2112.6666666666665
670	2424.0
680	2288.0
690	2564.3333333333335
700	2324.0
710	2255.6666666666665
720	2434.6666666666665
730	2114.3333333333335
740	2592.0
750	2422.6666666666665
760	2412.5
770	2456.8333333333335
780	2265.6666666666665
790	2422.0
800	2173.3333333333335
810	2503.3333333333335
820	1921.0
830	1953.0
840	1926.5
850	1778.0
860	1717.0
870	2055.6666666666665
880	1423.6666666666667
890	1869.6666666666667
900	1980.6666666666667
910	1746.1666666666667
920	1640.6666666666667
930	1921.6666666666667
940	2199.3333333333335
950	1646.3333333333333
960	1643.6666666666667
970	1670.3333333333333
980	1740.5
990	2425.6666666666665
1000	2172.8333333333335
