0	230.66666666666666	0.0
10	1825.8333333333333	1000.0
20	1861.6666666666667	0.0
30	2015.0	0.0
40	1971.8333333333333	0.0
50	2154.3333333333335	0.0
60	2072.5	0.0
70	2165.0	0.0
80	1895.3333333333333	0.0
90	2055.5	0.0
100	2216.0	0.0
110	2059.1666666666665	0.0
120	1989.6666666666667	0.0
130	1999.3333333333333	0.0
140	2220.6666666666665	0.0
150	2230.8333333333335	0.0
160	2246.1666666666665	0.0
170	2249.1666666666665	0.0
180	2286.3333333333335	0.0
190	2192.6666666666665	0.0
200	2188.6666666666665	0.0
210	2294.8333333333335	0.0
220	2339.6666666666665	0.0
230	2184.0	0.0
240	2536.6666666666665	0.0
250	2366.8333333333335	0.0
260	2546.3333333333335	0.0
270	2286.3333333333335	0.0
280	2413.8333333333335	0.0
290	2413.0	0.0
300	2339.6666666666665	0.0
310	2410.6666666666665	0.0
320	2476.8333333333335	0.0
330	2276.0	0.0
340	2434.6666666666665	0.0
350	2683.5	0.0
360	2547.1666666666665	0.0
370	2609.8333333333335	0.0
380	2495.8333333333335	0.0
390	2488.6666666666665	0.0
400	2490.0	0.0
410	2602.5	0.0
420	2553.0	0.0
430	2521.3333333333335	0.0
440	2651.5	0.0
450	2724.1666666666665	0.0
460	2654.8333333333335	0.0
470	2609.3333333333335	0.0
480	2713.3333333333335	0.0
490	2550.1666666666665	0.0
500	2541.6666666666665	0.0
510	2502.6666666666665	0.0
520	2607.3333333333335	0.0
530	2525.0	0.0
540	2652.8333333333335	0.0
550	2464.6666666666665	0.0
560	2655.1666666666665	0.0
570	2659.0	0.0
580	2673.0	0.0
590	2725.0	0.0
600	2618.8333333333335	0.0
610	2718.5	0.0
620	2728.3333333333335	0.0
630	2602.0	0.0
640	2609.1666666666665	0.0
650	2548.8333333333335	0.0
660	2815.8333333333335	0.0
670	2826.8333333333335	0.0
680	2548.0	0.0
690	2739.6666666666665	0.0
700	2739.3333333333335	0.0
710	2668.0	0.0
720	2677.5	0.0
730	2911.3333333333335	0.0
740	2858.0	0.0
750	2708.0	0.0
760	2996.6666666666665	0.0
770	2783.8333333333335	0.0
780	2830.5	0.0
790	2870.8333333333335	0.0
800	2988.6666666666665	0.0
810	2894.6666666666665	0.0
820	3207.5	0.0
830	2607.6666666666665	0.0
840	3077.5	0.0
850	3135.0	0.0
860	3248.5	0.0
870	2957.8333333333335	0.0
880	3073.3333333333335	0.0
890	3067.5	0.0
900	2900.6666666666665	0.0
910	2870.0	0.0
920	2961.6666666666665	0.0
930	3237.3333333333335	0.0
940	3019.5	0.0
950	3056.0	0.0
960	2995.8333333333335	0.0
970	2910.8333333333335	0.0
980	3286.5	0.0
990	3262.8333333333335	0.0
1000	3176.3333333333335	0.0
