0	272.6666666666667	0.0
10	1688.0	1000.0
20	1952.3333333333333	0.0
30	2003.0	0.0
40	2077.3333333333335	0.0
50	2005.1666666666667	0.0
60	1930.3333333333333	0.0
70	2140.0	0.0
80	2087.1666666666665	0.0
90	2088.1666666666665	0.0
100	2123.8333333333335	0.0
110	2104.6666666666665	0.0
120	1931.6666666666667	0.0
130	2166.0	0.0
140	2361.3333333333335	0.0
150	2274.3333333333335	0.0
160	2201.6666666666665	0.0
170	2211.3333333333335	0.0
180	2181.0	0.0
190	2294.1666666666665	0.0
200	2498.5	0.0
210	2282.5	0.0
220	2257.5	0.0
230	2329.1666666666665	0.0
240	2459.1666666666665	0.0
250	2369.5	0.0
260	2454.6666666666665	0.0
270	2507.0	0.0
280	2671.0	0.0
290	2514.3333333333335	0.0
300	2430.3333333333335	0.0
310	2600.1666666666665	0.0
320	2653.3333333333335	0.0
330	2586.6666666666665	0.0
340	2356.0	0.0
350	2487.3333333333335	0.0
360	2671.0	0.0
370	2470.8333333333335	0.0
380	2715.1666666666665	0.0
390	2501.3333333333335	0.0
400	2569.0	0.0
410	2413.6666666666665	0.0
420	2732.1666666666665	0.0
430	2587.1666666666665	0.0
440	2600.6666666666665	0.0
450	2590.5	0.0
460	2538.1666666666665	0.0
470	2724.8333333333335	0.0
480	2763.1666666666665	0.0
490	2441.3333333333335	0.0
500	2632.0	0.0
510	2655.8333333333335	0.0
520	2782.0	0.0
530	2557.6666666666665	0.0
540	2796.0	0.0
550	2644.8333333333335	0.0
560	2562.8333333333335	0.0
570	2993.0	0.0
580	2691.5	0.0
590	2906.6666666666665	0.0
600	2758.6666666666665	0.0
610	2690.3333333333335	0.0
620	2662.8333333333335	0.0
630	2865.6666666666665	0.0
640	2758.1666666666665	0.0
650	2426.1666666666665	0.0
660	2888.3333333333335	0.0
670	2957.0	0.0
680	2786.3333333333335	0.0
690	2685.6666666666665	0.0
700	2883.3333333333335	0.0
710	2935.6666666666665	0.0
720	2748.5	0.0
730	2909.8333333333335	0.0
740	2720.6666666666665	0.0
750	2603.6666666666665	0.0
760	2930.6666666666665	0.0
770	2769.1666666666665	0.0
780	3013.0	0.0
790	2439.6666666666665	0.0
800	2987.3333333333335	0.0
810	2734.1666666666665	0.0
820	2785.8333333333335	0.0
830	2717.0	0.0
840	2998.1666666666665	0.0
850	2830.3333333333335	0.0
860	2757.1666666666665	0.0
870	2782.1666666666665	0.0
880	2782.3333333333335	0.0
890	2886.5	0.0
900	2590.3333333333335	0.0
910	3184.3333333333335	0.0
920	3108.8333333333335	0.0
930	3083.0	0.0
940	3083.1666666666665	0.0
950	3008.0	0.0
960	3017.8333333333335	0.0
970	2639.3333333333335	0.0
980	2944.5	0.0
990	2622.6666666666665	0.0
1000	2847.0	0.0
