0	264.3333333333333	0.0
10	70.0	1.0
20	70.0	107.0
30	70.0	8.0
40	70.0	3.0
50	70.0	87.0
60	70.0	5.0
70	70.0	0.0
80	70.0	26.0
90	70.0	27.0
100	70.0	72.0
110	70.0	1.0
120	70.0	0.0
130	70.0	25.0
140	70.0	0.0
150	70.0	2.0
160	70.33333333333333	27.0
170	71.33333333333333	17.0
180	105.66666666666667	6.0
190	71.33333333333333	15.0
200	78.66666666666667	16.0
210	128.0	20.0
220	172.0	54.0
230	219.66666666666666	14.0
240	108.33333333333333	22.0
250	121.0	15.0
260	183.33333333333334	20.0
270	582.6666666666666	22.0
280	445.3333333333333	21.0
290	790.3333333333334	21.0
300	1261.6666666666667	24.0
310	1075.6666666666667	15.0
320	1071.3333333333333	9.0
330	1141.6666666666667	30.0
340	1770.3333333333333	17.0
350	1651.3333333333333	23.0
360	1423.6666666666667	26.0
370	1359.0	40.0
380	1898.6666666666667	17.0
390	2006.3333333333333	30.0
400	1985.3333333333333	13.0
410	2187.3333333333335	50.0
420	2097.6666666666665	29.0
430	2061.6666666666665	23.0
440	2054.3333333333335	0.0
450	2200.0	0.0
460	2171.0	0.0
470	2374.3333333333335	0.0
480	2329.6666666666665	0.0
490	2541.0	0.0
500	2514.8333333333335	0.0
510	2549.6666666666665	0.0
520	2363.0	0.0
530	2553.5	0.0
540	2442.1666666666665	0.0
550	2533.0	0.0
560	2446.6666666666665	0.0
570	2494.3333333333335	0.0
580	2487.8333333333335	0.0
590	2298.8333333333335	0.0
600	2178.0	0.0
610	2420.0	0.0
620	2330.6666666666665	0.0
630	2457.3333333333335	0.0
640	2676.0	0.0
650	2403.3333333333335	0.0
660	2621.5	0.0
670	2599.3333333333335	0.0
680	2775.5	0.0
690	2781.1666666666665	0.0
700	2658.3333333333335	0.0
710	2532.1666666666665	0.0
720	2014.0	0.0
730	2726.0	0.0
740	1938.6666666666667	0.0
750	2714.0	0.0
760	2854.3333333333335	0.0
770	2718.0	0.0
780	2359.3333333333335	0.0
790	2676.3333333333335	0.0
800	2047.1666666666667	0.0
810	2364.8333333333335	0.0
820	2087.1666666666665	0.0
830	2586.1666666666665	0.0
840	2421.0	0.0
850	2030.1666666666667	0.0
860	2417.5	0.0
870	1925.1666666666667	0.0
880	1481.0	0.0
890	1812.0	0.0
900	2503.6666666666665	0.0
910	2502.5	0.0
920	1984.8333333333333	0.0
930	1992.5	0.0
940	2602.1666666666665	0.0
950	1848.5	0.0
960	1958.1666666666667	0.0
970	2027.6666666666667	0.0
980	2542.8333333333335	0.0
990	1944.6666666666667	0.0
1000	2002.3333333333333	0.0
