0	257.6666666666667	0.0
10	81.0	88.0
20	70.0	47.0
30	70.0	8.0
40	70.0	9.0
50	70.0	49.0
60	70.0	64.0
70	70.0	6.0
80	70.0	29.0
90	70.0	2.0
100	70.0	2.0
110	70.0	24.0
120	70.0	1.0
130	70.0	1.0
140	70.0	0.0
150	70.0	24.0
160	70.33333333333333	1.0
170	70.33333333333333	1.0
180	70.66666666666667	20.0
190	71.33333333333333	27.0
200	83.0	0.0
210	81.0	25.0
220	106.66666666666667	42.0
230	100.33333333333333	36.0
240	233.33333333333334	5.0
250	334.6666666666667	5.0
260	448.0	13.0
270	748.0	19.0
280	667.0	29.0
290	645.3333333333334	49.0
300	719.3333333333334	14.0
310	980.3333333333334	23.0
320	1076.3333333333333	16.0
330	1366.3333333333333	21.0
340	1156.6666666666667	12.0
350	1128.0	15.0
360	2127.0	20.0
370	1989.3333333333333	27.0
380	1748.3333333333333	30.0
390	1861.6666666666667	13.0
400	1908.6666666666667	58.0
410	1952.3333333333333	19.0
420	1898.6666666666667	36.0
430	1611.3333333333333	40.0
440	2251.0	18.0
450	2207.0	12.0
460	2179.0	0.0
470	2180.3333333333335	0.0
480	2165.3333333333335	0.0
490	2058.3333333333335	0.0
500	2176.6666666666665	0.0
510	2421.0	0.0
520	2339.0	0.0
530	2457.8333333333335	0.0
540	2310.0	0.0
550	2265.0	0.0
560	2420.0	0.0
570	2253.5	0.0
580	2281.5	0.0
590	2303.3333333333335	0.0
600	2376.8333333333335	0.0
610	2794.1666666666665	0.0
620	2329.3333333333335	0.0
630	2298.5	0.0
640	2542.0	0.0
650	2499.8333333333335	0.0
660	2415.8333333333335	0.0
670	2543.6666666666665	0.0
680	2642.3333333333335	0.0
690	2469.1666666666665	0.0
700	2559.8333333333335	0.0
710	2597.0	0.0
720	2450.6666666666665	0.0
730	2517.3333333333335	0.0
740	2507.3333333333335	0.0
750	2423.0	0.0
760	2802.1666666666665	0.0
770	2541.1666666666665	0.0
780	2680.1666666666665	0.0
790	2709.3333333333335	0.0
800	2776.5	0.0
810	2420.6666666666665	0.0
820	2778.5	0.0
830	2622.5	0.0
840	2489.3333333333335	0.0
850	2533.6666666666665	0.0
860	2518.6666666666665	0.0
870	2546.6666666666665	0.0
880	2477.6666666666665	0.0
890	2578.6666666666665	0.0
900	2645.0	0.0
910	2657.3333333333335	0.0
920	2239.0	0.0
930	2600.3333333333335	0.0
940	2892.0	0.0
950	2618.6666666666665	0.0
960	2364.6666666666665	0.0
970	2684.5	0.0
980	2334.6666666666665	0.0
990	2652.5	0.0
1000	2471.5	0.0
