0	257.6666666666667	0.0
10	1837.1666666666667	379.0
20	1822.5	430.0
30	2124.5	191.0
40	2295.8333333333335	0.0
50	2571.5	0.0
60	2722.1666666666665	0.0
70	2496.5	0.0
80	2391.5	0.0
90	2362.0	0.0
100	2213.6666666666665	0.0
110	2169.1666666666665	0.0
120	2659.8333333333335	0.0
130	2554.8333333333335	0.0
140	2545.5	0.0
150	2641.1666666666665	0.0
160	2264.6666666666665	0.0
170	2819.8333333333335	0.0
180	2693.6666666666665	0.0
190	2250.1666666666665	0.0
200	2924.1666666666665	0.0
210	3015.3333333333335	0.0
220	3063.8333333333335	0.0
230	3148.6666666666665	0.0
240	3485.6666666666665	0.0
250	3250.5	0.0
260	3191.5	0.0
270	3588.5	0.0
280	3064.1666666666665	0.0
290	3783.8333333333335	0.0
300	3216.0	0.0
310	3337.1666666666665	0.0
320	2958.8333333333335	0.0
330	2940.3333333333335	0.0
340	3147.8333333333335	0.0
350	3924.8333333333335	0.0
360	3117.1666666666665	0.0
370	3044.0	0.0
380	3345.6666666666665	0.0
390	2653.6666666666665	0.0
400	3554.3333333333335	0.0
410	3849.6666666666665	0.0
420	3150.0	0.0
430	3188.1666666666665	0.0
440	3938.6666666666665	0.0
450	3366.8333333333335	0.0
460	3351.1666666666665	0.0
470	3278.6666666666665	0.0
480	2894.8333333333335	0.0
490	3654.6666666666665	0.0
500	3686.5	0.0
510	3663.1666666666665	0.0
520	3596.6666666666665	0.0
530	3604.3333333333335	0.0
540	3684.8333333333335	0.0
550	3422.6666666666665	0.0
560	3831.3333333333335	0.0
570	3781.1666666666665	0.0
580	3500.1666666666665	0.0
590	3789.0	0.0
600	3113.6666666666665	0.0
610	3710.5	0.0
620	3854.3333333333335	0.0
630	3261.1666666666665	0.0
640	3532.3333333333335	0.0
650	3730.1666666666665	0.0
660	3263.1666666666665	0.0
670	3757.8333333333335	0.0
680	3807.5	0.0
690	3437.0	0.0
700	3584.0	0.0
710	3817.3333333333335	0.0
720	3822.8333333333335	0.0
730	3910.5	0.0
740	3887.0	0.0
750	3656.0	0.0
760	3664.1666666666665	0.0
770	4166.0	0.0
780	3465.8333333333335	0.0
790	3680.0	0.0
800	3712.3333333333335	0.0
810	3712.3333333333335	0.0
820	3834.3333333333335	0.0
830	3693.1666666666665	0.0
840	3774.1666666666665	0.0
850	3967.5	0.0
860	3669.6666666666665	0.0
870	3719.1666666666665	0.0
880	3653.1666666666665	0.0
890	3386.0	0.0
900	4139.166666666667	0.0
910	3707.5	0.0
920	3801.8333333333335	0.0
930	3862.8333333333335	0.0
940	3799.8333333333335	0.0
950	3934.0	0.0
960	3763.0	0.0
970	3636.3333333333335	0.0
980	3915.5	0.0
990	3765.1666666666665	0.0
1000	4111.166666666667	0.0
