0	252.33333333333334	0.0
10	1486.5	599.0
20	1913.1666666666667	401.0
30	2000.5	0.0
40	2304.0	0.0
50	2044.5	0.0
60	1992.1666666666667	0.0
70	1876.5	0.0
80	2508.6666666666665	0.0
90	2555.8333333333335	0.0
100	2642.5	0.0
110	2261.6666666666665	0.0
120	2392.3333333333335	0.0
130	1968.6666666666667	0.0
140	2567.6666666666665	0.0
150	2324.8333333333335	0.0
160	2745.5	0.0
170	2881.5	0.0
180	2925.1666666666665	0.0
190	2309.0	0.0
200	2236.8333333333335	0.0
210	2353.0	0.0
220	2603.8333333333335	0.0
230	2458.1666666666665	0.0
240	2629.1666666666665	0.0
250	2900.3333333333335	0.0
260	2656.5	0.0
270	2314.8333333333335	0.0
280	2485.5	0.0
290	2683.3333333333335	0.0
300	3294.3333333333335	0.0
310	2785.0	0.0
320	3178.8333333333335	0.0
330	3023.1666666666665	0.0
340	3417.8333333333335	0.0
350	3449.0	0.0
360	3110.8333333333335	0.0
370	3095.5	0.0
380	2937.0	0.0
390	3747.0	0.0
400	3274.6666666666665	0.0
410	3423.5	0.0
420	3398.8333333333335	0.0
430	3292.6666666666665	0.0
440	3136.0	0.0
450	2861.3333333333335	0.0
460	3344.1666666666665	0.0
470	3444.5	0.0
480	3329.3333333333335	0.0
490	3781.8333333333335	0.0
500	3556.6666666666665	0.0
510	3537.5	0.0
520	2967.1666666666665	0.0
530	3444.3333333333335	0.0
540	3434.6666666666665	0.0
550	3531.5	0.0
560	3831.8333333333335	0.0
570	3870.0	0.0
580	3622.5	0.0
590	3959.6666666666665	0.0
600	3824.8333333333335	0.0
610	3644.5	0.0
620	3307.8333333333335	0.0
630	3417.3333333333335	0.0
640	3759.8333333333335	0.0
650	3853.3333333333335	0.0
660	3311.0	0.0
670	3111.0	0.0
680	3661.8333333333335	0.0
690	3595.0	0.0
700	3605.0	0.0
710	3912.8333333333335	0.0
720	3815.8333333333335	0.0
730	3865.6666666666665	0.0
740	3885.1666666666665	0.0
750	3900.3333333333335	0.0
760	3713.8333333333335	0.0
770	3950.8333333333335	0.0
780	3926.0	0.0
790	3820.1666666666665	0.0
800	3156.3333333333335	0.0
810	3509.5	0.0
820	3747.5	0.0
830	4020.8333333333335	0.0
840	3767.6666666666665	0.0
850	3501.5	0.0
860	3871.8333333333335	0.0
870	3675.5	0.0
880	3653.3333333333335	0.0
890	3822.0	0.0
900	3869.0	0.0
910	3967.3333333333335	0.0
920	3746.8333333333335	0.0
930	3548.5	0.0
940	3637.1666666666665	0.0
950	3775.8333333333335	0.0
960	3892.3333333333335	0.0
970	4056.6666666666665	0.0
980	3715.6666666666665	0.0
990	3973.1666666666665	0.0
1000	4114.5	0.0
