0	274.3333333333333	0.0
10	2125.5	544.0
20	1947.6666666666667	456.0
30	2007.0	0.0
40	2291.3333333333335	0.0
50	1910.0	0.0
60	2774.1666666666665	0.0
70	2435.0	0.0
80	2161.5	0.0
90	2741.6666666666665	0.0
100	2954.6666666666665	0.0
110	2861.0	0.0
120	3075.5	0.0
130	2852.8333333333335	0.0
140	2487.6666666666665	0.0
150	2419.3333333333335	0.0
160	2590.6666666666665	0.0
170	2380.6666666666665	0.0
180	2527.5	0.0
190	2919.8333333333335	0.0
200	2823.6666666666665	0.0
210	2861.5	0.0
220	3116.3333333333335	0.0
230	3157.3333333333335	0.0
240	2707.0	0.0
250	2811.6666666666665	0.0
260	2794.1666666666665	0.0
270	3244.1666666666665	0.0
280	3478.0	0.0
290	3543.6666666666665	0.0
300	3717.8333333333335	0.0
310	3776.1666666666665	0.0
320	3605.8333333333335	0.0
330	3223.8333333333335	0.0
340	3462.0	0.0
350	3482.0	0.0
360	2649.0	0.0
370	3233.0	0.0
380	3417.6666666666665	0.0
390	3375.0	0.0
400	3470.0	0.0
410	3539.3333333333335	0.0
420	3569.0	0.0
430	3300.0	0.0
440	3457.5	0.0
450	2871.0	0.0
460	2908.5	0.0
470	3507.6666666666665	0.0
480	4031.3333333333335	0.0
490	3427.3333333333335	0.0
500	3389.8333333333335	0.0
510	4138.166666666667	0.0
520	2992.8333333333335	0.0
530	3659.6666666666665	0.0
540	2962.1666666666665	0.0
550	3779.0	0.0
560	3766.3333333333335	0.0
570	3609.0	0.0
580	3777.3333333333335	0.0
590	3454.5	0.0
600	3383.1666666666665	0.0
610	3170.6666666666665	0.0
620	3638.3333333333335	0.0
630	3909.0	0.0
640	4040.6666666666665	0.0
650	3418.8333333333335	0.0
660	3287.0	0.0
670	3495.1666666666665	0.0
680	3432.1666666666665	0.0
690	3734.3333333333335	0.0
700	3796.5	0.0
710	3912.8333333333335	0.0
720	3946.0	0.0
730	3900.0	0.0
740	3667.8333333333335	0.0
750	3728.5	0.0
760	3372.0	0.0
770	3695.8333333333335	0.0
780	3702.8333333333335	0.0
790	3915.0	0.0
800	3783.8333333333335	0.0
810	3907.5	0.0
820	3374.3333333333335	0.0
830	3347.6666666666665	0.0
840	4065.6666666666665	0.0
850	3690.8333333333335	0.0
860	3577.0	0.0
870	3494.8333333333335	0.0
880	3636.5	0.0
890	3543.5	0.0
900	3699.6666666666665	0.0
910	3626.8333333333335	0.0
920	3684.3333333333335	0.0
930	3937.8333333333335	0.0
940	3793.0	0.0
950	3613.8333333333335	0.0
960	3968.6666666666665	0.0
970	4047.8333333333335	0.0
980	3832.1666666666665	0.0
990	3644.5	0.0
1000	3726.1666666666665	0.0
