0	249.33333333333334	0.0
10	1962.6666666666667	491.0
20	2064.5	505.0
30	2180.1666666666665	4.0
40	2164.5	0.0
50	2310.1666666666665	0.0
60	2592.6666666666665	0.0
70	2464.8333333333335	0.0
80	2786.5	0.0
90	2949.0	0.0
100	2740.1666666666665	0.0
110	2741.8333333333335	0.0
120	2677.3333333333335	0.0
130	2553.5	0.0
140	2686.5	0.0
150	2675.0	0.0
160	2650.6666666666665	0.0
170	2741.0	0.0
180	2273.8333333333335	0.0
190	2430.0	0.0
200	2743.6666666666665	0.0
210	2724.0	0.0
220	2803.1666666666665	0.0
230	2653.3333333333335	0.0
240	2138.8333333333335	0.0
250	2755.8333333333335	0.0
260	2767.8333333333335	0.0
270	2721.1666666666665	0.0
280	3504.1666666666665	0.0
290	3346.0	0.0
300	2840.8333333333335	0.0
310	3352.3333333333335	0.0
320	3545.1666666666665	0.0
330	3049.8333333333335	0.0
340	3223.0	0.0
350	3310.8333333333335	0.0
360	3555.0	0.0
370	3223.3333333333335	0.0
380	3594.1666666666665	0.0
390	3705.6666666666665	0.0
400	3645.3333333333335	0.0
410	3658.6666666666665	0.0
420	3718.1666666666665	0.0
430	3371.1666666666665	0.0
440	3549.5	0.0
450	3243.6666666666665	0.0
460	4041.5	0.0
470	3782.8333333333335	0.0
480	3664.1666666666665	0.0
490	3547.5	0.0
500	3425.0	0.0
510	3805.5	0.0
520	3752.3333333333335	0.0
530	3334.3333333333335	0.0
540	3956.6666666666665	0.0
550	2896.1666666666665	0.0
560	3278.8333333333335	0.0
570	3821.6666666666665	0.0
580	3597.5	0.0
590	3217.5	0.0
600	3420.6666666666665	0.0
610	3926.8333333333335	0.0
620	3594.6666666666665	0.0
630	3803.3333333333335	0.0
640	3688.3333333333335	0.0
650	3128.8333333333335	0.0
660	3857.0	0.0
670	3672.0	0.0
680	3781.3333333333335	0.0
690	4068.8333333333335	0.0
700	3703.3333333333335	0.0
710	3735.6666666666665	0.0
720	3888.0	0.0
730	3722.1666666666665	0.0
740	3945.5	0.0
750	3814.1666666666665	0.0
760	3820.1666666666665	0.0
770	3600.6666666666665	0.0
780	3952.6666666666665	0.0
790	3600.3333333333335	0.0
800	3898.5	0.0
810	3447.5	0.0
820	3668.6666666666665	0.0
830	3507.5	0.0
840	3913.5	0.0
850	3715.3333333333335	0.0
860	3261.3333333333335	0.0
870	3522.6666666666665	0.0
880	3398.5	0.0
890	3606.8333333333335	0.0
900	3859.8333333333335	0.0
910	3972.0	0.0
920	3723.0	0.0
930	3895.6666666666665	0.0
940	4002.8333333333335	0.0
950	3701.8333333333335	0.0
960	3887.3333333333335	0.0
970	3659.0	0.0
980	3954.8333333333335	0.0
990	3768.5	0.0
1000	3578.0	0.0
