0	230.66666666666666	0.0
10	2104.6666666666665	591.0
20	1897.0	409.0
30	2459.6666666666665	0.0
40	2302.0	0.0
50	2360.6666666666665	0.0
60	2457.3333333333335	0.0
70	2282.1666666666665	0.0
80	2330.3333333333335	0.0
90	2382.3333333333335	0.0
100	2305.8333333333335	0.0
110	2172.8333333333335	0.0
120	2679.5	0.0
130	2152.6666666666665	0.0
140	2668.8333333333335	0.0
150	2373.1666666666665	0.0
160	2918.5	0.0
170	2785.3333333333335	0.0
180	2798.1666666666665	0.0
190	2613.0	0.0
200	3115.5	0.0
210	3171.0	0.0
220	2799.8333333333335	0.0
230	3147.8333333333335	0.0
240	2971.3333333333335	0.0
250	3083.3333333333335	0.0
260	2954.3333333333335	0.0
270	3050.6666666666665	0.0
280	3394.3333333333335	0.0
290	3599.0	0.0
300	3297.1666666666665	0.0
310	3159.3333333333335	0.0
320	3615.0	0.0
330	3580.5	0.0
340	3368.8333333333335	0.0
350	3459.5	0.0
360	3322.5	0.0
370	3173.8333333333335	0.0
380	3506.6666666666665	0.0
390	3464.0	0.0
400	3695.8333333333335	0.0
410	3374.5	0.0
420	3730.5	0.0
430	3691.6666666666665	0.0
440	3889.5	0.0
450	3725.3333333333335	0.0
460	3474.5	0.0
470	3172.3333333333335	0.0
480	3697.8333333333335	0.0
490	3946.0	0.0
500	3471.1666666666665	0.0
510	3571.0	0.0
520	3682.6666666666665	0.0
530	3875.5	0.0
540	3709.6666666666665	0.0
550	3314.5	0.0
560	3634.1666666666665	0.0
570	3062.1666666666665	0.0
580	3849.3333333333335	0.0
590	3217.6666666666665	0.0
600	4136.333333333333	0.0
610	3603.3333333333335	0.0
620	3960.5	0.0
630	3660.0	0.0
640	3578.6666666666665	0.0
650	3706.6666666666665	0.0
660	4068.8333333333335	0.0
670	3840.8333333333335	0.0
680	3004.8333333333335	0.0
690	2895.6666666666665	0.0
700	3494.6666666666665	0.0
710	3873.1666666666665	0.0
720	3646.5	0.0
730	3751.3333333333335	0.0
740	4039.3333333333335	0.0
750	3764.3333333333335	0.0
760	3742.8333333333335	0.0
770	4130.5	0.0
780	3949.3333333333335	0.0
790	4070.0	0.0
800	3832.8333333333335	0.0
810	3789.3333333333335	0.0
820	3745.6666666666665	0.0
830	3980.8333333333335	0.0
840	3583.0	0.0
850	3912.0	0.0
860	3839.5	0.0
870	3619.0	0.0
880	3997.8333333333335	0.0
890	3801.3333333333335	0.0
900	3514.6666666666665	0.0
910	3608.6666666666665	0.0
920	3880.1666666666665	0.0
930	3850.5	0.0
940	3957.5	0.0
950	4009.6666666666665	0.0
960	3985.1666666666665	0.0
970	3858.6666666666665	0.0
980	3867.1666666666665	0.0
990	3766.5	0.0
1000	3621.8333333333335	0.0
