0	265.0	0.0
10	70.0	0.0
20	70.0	0.0
30	70.0	0.0
40	70.0	0.0
50	70.0	0.0
60	70.0	0.0
70	70.0	0.0
80	70.0	0.0
90	70.0	0.0
100	70.0	0.0
110	70.0	0.0
120	70.0	0.0
130	70.0	0.0
140	70.0	0.0
150	70.0	0.0
160	70.0	0.0
170	70.0	0.0
180	70.0	0.0
190	70.0	0.0
200	71.0	0.0
210	71.33333333333333	0.0
220	73.33333333333333	0.0
230	72.0	0.0
240	72.66666666666667	0.0
250	77.0	0.0
260	134.66666666666666	0.0
270	314.3333333333333	0.0
280	248.0	0.0
290	158.66666666666666	0.0
300	239.0	0.0
310	242.33333333333334	0.0
320	204.0	0.0
330	146.0	0.0
340	171.0	0.0
350	154.66666666666666	1.0
360	130.0	0.0
370	138.0	0.0
380	154.0	0.0
390	130.0	0.0
400	155.0	0.0
410	139.0	0.0
420	472.0	0.0
430	628.6666666666666	0.0
440	319.3333333333333	0.0
450	804.0	0.0
460	835.0	0.0
470	925.0	0.0
480	903.3333333333334	0.0
490	1001.0	0.0
500	891.6666666666666	1.0
510	1417.0	0.0
520	1286.8333333333333	0.0
530	1184.0	0.0
540	1553.3333333333333	1.0
550	1809.3333333333333	0.0
560	1898.6666666666667	1.0
570	1958.5	0.0
580	1873.6666666666667	0.0
590	1699.3333333333333	1.0
600	1761.3333333333333	2.0
610	1790.1666666666667	0.0
620	2204.3333333333335	0.0
630	2175.3333333333335	0.0
640	2127.6666666666665	0.0
650	2181.0	0.0
660	2238.0	0.0
670	2222.5	0.0
680	2235.8333333333335	0.0
690	2146.6666666666665	1.0
700	2387.6666666666665	0.0
710	2409.6666666666665	0.0
720	2305.3333333333335	0.0
730	2579.6666666666665	0.0
740	2432.6666666666665	2.0
750	2640.3333333333335	0.0
760	2789.3333333333335	2.0
770	2300.6666666666665	0.0
780	2437.1666666666665	0.0
790	2292.0	0.0
800	2445.3333333333335	0.0
810	2977.1666666666665	0.0
820	2564.0	0.0
830	2680.3333333333335	0.0
840	2483.8333333333335	0.0
850	2528.3333333333335	1.0
860	2646.3333333333335	2.0
870	2456.8333333333335	0.0
880	2603.8333333333335	0.0
890	2526.3333333333335	1.0
900	2443.0	0.0
910	2595.0	0.0
920	2499.6666666666665	0.0
930	2439.1666666666665	0.0
940	2344.8333333333335	2.0
950	2607.8333333333335	0.0
960	2413.3333333333335	0.0
970	2367.6666666666665	0.0
980	2589.8333333333335	0.0
990	2440.5	0.0
1000	2558.6666666666665	0.0
