0	289.6666666666667	0.0
10	70.0	0.0
20	70.0	0.0
30	70.0	0.0
40	70.0	0.0
50	70.0	0.0
60	70.0	0.0
70	70.0	0.0
80	70.0	0.0
90	70.0	0.0
100	70.0	0.0
110	70.0	0.0
120	70.0	0.0
130	70.0	0.0
140	70.0	0.0
150	70.0	0.0
160	70.0	0.0
170	70.33333333333333	0.0
180	70.0	0.0
190	71.0	0.0
200	70.33333333333333	0.0
210	76.33333333333333	0.0
220	71.33333333333333	0.0
230	73.33333333333333	0.0
240	77.0	0.0
250	134.0	0.0
260	176.0	0.0
270	247.0	0.0
280	188.33333333333334	0.0
290	125.66666666666667	0.0
300	130.0	0.0
310	150.0	0.0
320	146.66666666666666	0.0
330	154.0	0.0
340	138.0	0.0
350	157.66666666666666	0.0
360	143.66666666666666	0.0
370	139.0	0.0
380	147.0	0.0
390	169.66666666666666	0.0
400	289.0	0.0
410	233.0	0.0
420	258.3333333333333	0.0
430	279.0	0.0
440	281.3333333333333	0.0
450	310.0	0.0
460	463.6666666666667	0.0
470	747.6666666666666	0.0
480	825.6666666666666	0.0
490	845.0	0.0
500	1055.6666666666667	0.0
510	1236.0	0.0
520	1910.3333333333333	2.0
530	1420.3333333333333	0.0
540	1630.3333333333333	0.0
550	1416.0	0.0
560	1983.8333333333333	0.0
570	1894.6666666666667	0.0
580	2439.0	2.0
590	2013.3333333333333	0.0
600	1982.6666666666667	0.0
610	2089.6666666666665	0.0
620	2332.6666666666665	0.0
630	2339.6666666666665	1.0
640	2283.6666666666665	0.0
650	1975.6666666666667	0.0
660	2130.0	0.0
670	2455.3333333333335	1.0
680	2275.6666666666665	0.0
690	2294.6666666666665	1.0
700	2316.5	0.0
710	2360.3333333333335	0.0
720	2344.3333333333335	1.0
730	2392.6666666666665	0.0
740	2314.0	0.0
750	2654.1666666666665	0.0
760	2213.6666666666665	0.0
770	2645.5	0.0
780	2809.1666666666665	0.0
790	2347.5	0.0
800	2669.5	0.0
810	2596.1666666666665	0.0
820	2456.8333333333335	0.0
830	2614.1666666666665	0.0
840	2637.5	0.0
850	2361.6666666666665	0.0
860	2455.8333333333335	0.0
870	2369.3333333333335	0.0
880	2573.3333333333335	0.0
890	2333.1666666666665	0.0
900	2366.3333333333335	0.0
910	2595.6666666666665	1.0
920	2839.1666666666665	0.0
930	2803.3333333333335	0.0
940	2474.1666666666665	0.0
950	2568.1666666666665	2.0
960	2475.0	1.0
970	2731.3333333333335	0.0
980	2521.3333333333335	0.0
990	2544.0	0.0
1000	2495.3333333333335	1.0
