0	253.33333333333334	0.0
10	70.0	0.0
20	70.0	0.0
30	70.0	0.0
40	70.0	0.0
50	70.0	0.0
60	70.0	0.0
70	70.0	0.0
80	70.0	0.0
90	70.0	0.0
100	70.0	0.0
110	70.0	0.0
120	70.0	0.0
130	70.0	0.0
140	70.0	0.0
150	70.0	0.0
160	70.0	0.0
170	70.0	0.0
180	70.66666666666667	0.0
190	71.33333333333333	0.0
200	73.0	0.0
210	70.66666666666667	0.0
220	72.66666666666667	0.0
230	76.0	0.0
240	117.66666666666667	0.0
250	185.33333333333334	0.0
260	114.66666666666667	0.0
270	198.0	0.0
280	234.33333333333334	0.0
290	179.33333333333334	0.0
300	171.33333333333334	1.0
310	146.0	0.0
320	138.0	0.0
330	130.0	0.0
340	139.0	0.0
350	182.33333333333334	0.0
360	202.66666666666666	0.0
370	197.0	0.0
380	272.3333333333333	0.0
390	710.3333333333334	0.0
400	667.3333333333334	0.0
410	855.0	0.0
420	807.5	0.0
430	1157.0	0.0
440	878.0	0.0
450	882.3333333333334	0.0
460	1405.0	0.0
470	1147.0	1.0
480	1275.3333333333333	1.0
490	1857.3333333333333	0.0
500	1768.0	0.0
510	2319.0	1.0
520	2165.3333333333335	0.0
530	2106.0	0.0
540	1843.0	0.0
550	2010.0	0.0
560	2032.6666666666667	0.0
570	2388.6666666666665	0.0
580	1940.0	0.0
590	2073.6666666666665	0.0
600	2299.0	1.0
610	2248.3333333333335	0.0
620	2189.6666666666665	0.0
630	2520.0	0.0
640	2362.6666666666665	3.0
650	2169.6666666666665	0.0
660	2444.6666666666665	0.0
670	2002.6666666666667	3.0
680	2589.6666666666665	1.0
690	2088.3333333333335	3.0
700	2162.0	0.0
710	2429.3333333333335	2.0
720	2471.6666666666665	0.0
730	2504.0	0.0
740	2327.3333333333335	0.0
750	2454.8333333333335	0.0
760	2516.6666666666665	0.0
770	2576.8333333333335	0.0
780	2482.6666666666665	0.0
790	2478.3333333333335	0.0
800	2518.5	2.0
810	2644.0	0.0
820	2528.0	0.0
830	2550.0	0.0
840	2340.3333333333335	0.0
850	2697.3333333333335	0.0
860	2764.3333333333335	1.0
870	2628.3333333333335	0.0
880	2777.1666666666665	0.0
890	2447.6666666666665	0.0
900	2376.3333333333335	0.0
910	2469.0	1.0
920	2687.6666666666665	1.0
930	2525.3333333333335	1.0
940	2175.0	1.0
950	1802.6666666666667	0.0
960	2149.5	0.0
970	2142.8333333333335	2.0
980	2813.3333333333335	0.0
990	2631.0	1.0
1000	2434.8333333333335	1.0
