0	268.0	0.0
10	70.0	0.0
20	70.0	0.0
30	70.0	0.0
40	70.0	0.0
50	70.0	0.0
60	70.0	0.0
70	70.0	0.0
80	70.0	0.0
90	70.0	0.0
100	70.0	0.0
110	70.0	0.0
120	70.0	0.0
130	70.0	0.0
140	70.0	0.0
150	70.0	0.0
160	70.0	0.0
170	70.0	0.0
180	70.0	1.0
190	71.0	0.0
200	70.0	0.0
210	76.0	0.0
220	72.66666666666667	0.0
230	73.33333333333333	0.0
240	82.66666666666667	0.0
250	124.0	0.0
260	173.0	0.0
270	316.3333333333333	1.0
280	165.0	2.0
290	222.33333333333334	0.0
300	154.0	0.0
310	130.0	1.0
320	148.33333333333334	0.0
330	152.0	0.0
340	227.66666666666666	0.0
350	187.33333333333334	0.0
360	138.0	0.0
370	238.66666666666666	0.0
380	139.33333333333334	0.0
390	233.0	0.0
400	252.0	1.0
410	155.33333333333334	2.0
420	130.0	1.0
430	269.0	3.0
440	764.0	0.0
450	606.6666666666666	0.0
460	888.3333333333334	1.0
470	756.0	2.0
480	1134.5	1.0
490	1041.3333333333333	1.0
500	1329.3333333333333	0.0
510	1640.0	5.0
520	1647.6666666666667	0.0
530	1281.6666666666667	6.0
540	1557.6666666666667	1.0
550	1515.6666666666667	1.0
560	1854.3333333333333	2.0
570	1703.0	2.0
580	2477.3333333333335	2.0
590	2369.3333333333335	2.0
600	2194.8333333333335	6.0
610	1682.3333333333333	2.0
620	2137.1666666666665	3.0
630	2100.0	1.0
640	2333.6666666666665	2.0
650	2200.1666666666665	0.0
660	2464.3333333333335	6.0
670	2670.6666666666665	1.0
680	2622.1666666666665	3.0
690	2212.6666666666665	3.0
700	2425.0	3.0
710	2295.3333333333335	1.0
720	2489.6666666666665	2.0
730	2335.0	2.0
740	2514.0	1.0
750	2489.1666666666665	1.0
760	2462.1666666666665	3.0
770	2454.6666666666665	2.0
780	2507.6666666666665	0.0
790	2442.6666666666665	2.0
800	2627.0	2.0
810	2438.6666666666665	3.0
820	2601.6666666666665	4.0
830	2514.3333333333335	1.0
840	2637.3333333333335	2.0
850	2735.0	0.0
860	2685.8333333333335	0.0
870	2778.5	3.0
880	2370.0	0.0
890	2801.3333333333335	1.0
900	2708.3333333333335	4.0
910	2503.6666666666665	4.0
920	2547.6666666666665	3.0
930	2484.6666666666665	2.0
940	2560.8333333333335	1.0
950	2707.0	2.0
960	2530.6666666666665	4.0
970	2361.6666666666665	4.0
980	2632.6666666666665	0.0
990	2709.6666666666665	1.0
1000	1988.8333333333333	1.0
