0	269.3333333333333	0.0
10	70.0	0.0
20	70.0	0.0
30	70.0	0.0
40	70.0	0.0
50	70.0	0.0
60	70.0	0.0
70	70.0	0.0
80	70.0	0.0
90	70.0	0.0
100	70.0	0.0
110	70.0	0.0
120	70.0	0.0
130	70.0	0.0
140	70.0	0.0
150	70.0	0.0
160	70.0	0.0
170	70.0	0.0
180	70.0	0.0
190	70.0	0.0
200	70.33333333333333	0.0
210	71.33333333333333	0.0
220	70.66666666666667	0.0
230	137.33333333333334	1.0
240	115.66666666666667	0.0
250	187.0	0.0
260	154.0	8.0
270	153.0	0.0
280	210.0	13.0
290	156.0	1.0
300	130.0	0.0
310	130.0	0.0
320	130.0	0.0
330	138.0	0.0
340	177.0	0.0
350	162.33333333333334	0.0
360	138.0	0.0
370	146.66666666666666	2.0
380	170.66666666666666	0.0
390	155.0	2.0
400	229.33333333333334	0.0
410	284.0	1.0
420	336.0	2.0
430	441.3333333333333	3.0
440	630.6666666666666	0.0
450	888.3333333333334	0.0
460	838.3333333333334	0.0
470	1184.0	0.0
480	1019.0	7.0
490	1401.6666666666667	5.0
500	2141.8333333333335	4.0
510	1870.5	3.0
520	2045.8333333333333	4.0
530	2231.3333333333335	1.0
540	2188.3333333333335	1.0
550	1590.0	0.0
560	1896.0	0.0
570	1904.0	8.0
580	2076.6666666666665	1.0
590	2139.0	2.0
600	2310.8333333333335	2.0
610	2040.3333333333333	2.0
620	2306.6666666666665	4.0
630	2359.6666666666665	0.0
640	2216.0	2.0
650	2145.0	2.0
660	2318.0	0.0
670	2254.0	3.0
680	2345.6666666666665	1.0
690	2289.1666666666665	1.0
700	2424.0	4.0
710	2648.1666666666665	0.0
720	2562.5	5.0
730	2516.1666666666665	1.0
740	2430.3333333333335	3.0
750	2649.3333333333335	1.0
760	2512.0	2.0
770	2379.5	2.0
780	2309.5	3.0
790	2490.5	2.0
800	2528.0	2.0
810	2561.6666666666665	3.0
820	2341.0	0.0
830	2561.5	1.0
840	2620.3333333333335	0.0
850	2542.5	0.0
860	2310.3333333333335	1.0
870	2558.6666666666665	1.0
880	2528.1666666666665	5.0
890	2624.0	4.0
900	2410.6666666666665	0.0
910	2441.6666666666665	2.0
920	2520.3333333333335	3.0
930	2910.3333333333335	4.0
940	2621.6666666666665	2.0
950	2787.6666666666665	0.0
960	2596.6666666666665	1.0
970	2649.3333333333335	5.0
980	2490.6666666666665	3.0
990	2401.0	1.0
1000	2555.0	3.0
