0	287.3333333333333	0.0
10	70.0	1000.0
20	70.0	0.0
30	70.0	0.0
40	70.0	0.0
50	70.0	0.0
60	70.0	0.0
70	70.0	0.0
80	70.0	0.0
90	70.0	0.0
100	70.0	0.0
110	70.0	0.0
120	70.0	0.0
130	70.0	0.0
140	70.0	0.0
150	70.0	0.0
160	70.66666666666667	0.0
170	70.0	0.0
180	73.33333333333333	0.0
190	73.33333333333333	0.0
200	71.33333333333333	0.0
210	74.33333333333333	0.0
220	184.66666666666666	0.0
230	503.3333333333333	0.0
240	138.0	0.0
250	454.6666666666667	0.0
260	154.66666666666666	0.0
270	206.66666666666666	0.0
280	308.3333333333333	0.0
290	382.0	0.0
300	744.0	0.0
310	248.0	0.0
320	543.0	0.0
330	474.3333333333333	0.0
340	503.3333333333333	0.0
350	594.6666666666666	0.0
360	643.3333333333334	0.0
370	1125.6666666666667	0.0
380	1151.6666666666667	0.0
390	1227.3333333333333	0.0
400	982.6666666666666	0.0
410	1551.0	0.0
420	1331.0	0.0
430	1561.6666666666667	0.0
440	2076.1666666666665	0.0
450	1900.0	0.0
460	1825.6666666666667	0.0
470	1538.0	0.0
480	2083.0	0.0
490	1995.0	0.0
500	2076.6666666666665	0.0
510	2291.0	0.0
520	2049.3333333333335	0.0
530	2183.3333333333335	0.0
540	2227.6666666666665	0.0
550	2148.6666666666665	0.0
560	2334.0	0.0
570	2569.3333333333335	0.0
580	2043.0	0.0
590	2385.3333333333335	0.0
600	2254.3333333333335	0.0
610	2271.0	0.0
620	2116.8333333333335	0.0
630	2428.3333333333335	0.0
640	2426.8333333333335	0.0
650	2438.5	0.0
660	2344.8333333333335	0.0
670	2699.1666666666665	0.0
680	2440.3333333333335	0.0
690	2475.5	0.0
700	2495.0	0.0
710	2701.0	0.0
720	2376.0	0.0
730	2394.3333333333335	0.0
740	2544.5	0.0
750	2781.6666666666665	0.0
760	2789.8333333333335	0.0
770	2740.0	0.0
780	2528.5	0.0
790	2695.8333333333335	0.0
800	2666.6666666666665	0.0
810	2509.3333333333335	0.0
820	2829.8333333333335	0.0
830	2589.3333333333335	0.0
840	2529.1666666666665	0.0
850	2792.6666666666665	0.0
860	2539.0	0.0
870	2531.3333333333335	0.0
880	2460.0	0.0
890	2731.3333333333335	0.0
900	2664.8333333333335	0.0
910	2515.0	0.0
920	2512.5	0.0
930	2542.0	0.0
940	2403.3333333333335	0.0
950	2596.0	0.0
960	2441.3333333333335	0.0
970	2433.1666666666665	0.0
980	2015.0	0.0
990	2560.3333333333335	0.0
1000	2448.3333333333335	0.0
