0	256.3333333333333	0.0
10	70.0	1000.0
20	70.0	0.0
30	70.0	0.0
40	70.0	0.0
50	70.0	0.0
60	70.0	0.0
70	70.0	0.0
80	70.0	0.0
90	70.0	0.0
100	70.0	0.0
110	70.0	0.0
120	70.0	0.0
130	70.0	0.0
140	70.0	0.0
150	70.0	0.0
160	71.0	0.0
170	70.0	0.0
180	70.66666666666667	0.0
190	71.33333333333333	0.0
200	70.0	0.0
210	71.0	0.0
220	101.0	0.0
230	131.33333333333334	0.0
240	100.33333333333333	0.0
250	82.0	0.0
260	146.0	0.0
270	209.33333333333334	0.0
280	264.0	0.0
290	262.0	0.0
300	326.0	0.0
310	269.0	0.0
320	323.0	0.0
330	290.3333333333333	0.0
340	228.0	0.0
350	232.0	0.0
360	332.0	0.0
370	220.0	0.0
380	167.66666666666666	0.0
390	280.3333333333333	0.0
400	319.3333333333333	0.0
410	235.0	0.0
420	529.6666666666666	0.0
430	438.3333333333333	0.0
440	619.6666666666666	0.0
450	876.3333333333334	0.0
460	940.3333333333334	0.0
470	919.3333333333334	0.0
480	993.8333333333334	0.0
490	911.0	0.0
500	1138.3333333333333	0.0
510	1408.1666666666667	0.0
520	1327.0	0.0
530	1434.3333333333333	0.0
540	1805.6666666666667	0.0
550	2044.6666666666667	0.0
560	2087.5	0.0
570	2184.6666666666665	0.0
580	1826.3333333333333	0.0
590	1653.3333333333333	0.0
600	2267.3333333333335	0.0
610	1874.6666666666667	0.0
620	2093.6666666666665	0.0
630	2442.3333333333335	0.0
640	2340.6666666666665	0.0
650	2249.6666666666665	0.0
660	2255.3333333333335	0.0
670	2219.0	0.0
680	2516.0	0.0
690	2383.6666666666665	0.0
700	2217.5	0.0
710	2442.8333333333335	0.0
720	2389.3333333333335	0.0
730	2233.6666666666665	0.0
740	2570.5	0.0
750	2682.1666666666665	0.0
760	2440.8333333333335	0.0
770	2332.1666666666665	0.0
780	2501.0	0.0
790	2714.1666666666665	0.0
800	2578.0	0.0
810	2642.8333333333335	0.0
820	2579.1666666666665	0.0
830	2691.8333333333335	0.0
840	2722.3333333333335	0.0
850	2714.3333333333335	0.0
860	2700.3333333333335	0.0
870	2632.6666666666665	0.0
880	2475.0	0.0
890	2441.6666666666665	0.0
900	2430.5	0.0
910	2294.6666666666665	0.0
920	2443.0	0.0
930	2495.0	0.0
940	2335.5	0.0
950	2462.6666666666665	0.0
960	2487.6666666666665	0.0
970	2505.8333333333335	0.0
980	2432.6666666666665	0.0
990	2499.5	0.0
1000	2631.8333333333335	0.0
