0	254.66666666666666	0.0
10	70.0	1000.0
20	70.0	0.0
30	70.0	0.0
40	70.0	0.0
50	70.0	0.0
60	70.0	0.0
70	70.0	0.0
80	70.0	0.0
90	70.0	0.0
100	70.0	0.0
110	70.0	0.0
120	70.0	0.0
130	70.0	0.0
140	70.0	0.0
150	71.0	0.0
160	70.0	0.0
170	70.66666666666667	0.0
180	73.0	0.0
190	74.66666666666667	0.0
200	181.0	0.0
210	76.0	0.0
220	217.66666666666666	0.0
230	355.6666666666667	0.0
240	356.6666666666667	0.0
250	158.0	0.0
260	473.3333333333333	0.0
270	144.66666666666666	0.0
280	165.66666666666666	0.0
290	274.3333333333333	0.0
300	256.3333333333333	0.0
310	323.0	0.0
320	305.0	0.0
330	310.0	0.0
340	270.3333333333333	0.0
350	181.66666666666666	0.0
360	250.0	0.0
370	405.0	0.0
380	299.6666666666667	0.0
390	486.6666666666667	0.0
400	623.6666666666666	0.0
410	619.3333333333334	0.0
420	622.3333333333334	0.0
430	778.3333333333334	0.0
440	1130.0	0.0
450	942.6666666666666	0.0
460	1704.3333333333333	0.0
470	1678.8333333333333	0.0
480	1781.8333333333333	0.0
490	1762.1666666666667	0.0
500	1859.0	0.0
510	1590.6666666666667	0.0
520	1674.0	0.0
530	2300.8333333333335	0.0
540	1814.6666666666667	0.0
550	1545.6666666666667	0.0
560	1422.3333333333333	0.0
570	2300.6666666666665	0.0
580	2062.3333333333335	0.0
590	2432.6666666666665	0.0
600	2216.6666666666665	0.0
610	2117.1666666666665	0.0
620	2468.0	0.0
630	2178.0	0.0
640	2257.5	0.0
650	2420.5	0.0
660	2295.0	0.0
670	2471.3333333333335	0.0
680	2370.3333333333335	0.0
690	2404.3333333333335	0.0
700	2512.0	0.0
710	2528.3333333333335	0.0
720	2466.6666666666665	0.0
730	2537.0	0.0
740	2421.0	0.0
750	2643.0	0.0
760	2410.1666666666665	0.0
770	2611.5	0.0
780	2406.6666666666665	0.0
790	2562.1666666666665	0.0
800	2715.0	0.0
810	2474.5	0.0
820	2686.1666666666665	0.0
830	2778.1666666666665	0.0
840	2579.3333333333335	0.0
850	2361.0	0.0
860	2412.6666666666665	0.0
870	2448.6666666666665	0.0
880	2388.0	0.0
890	2500.1666666666665	0.0
900	2377.0	0.0
910	2652.0	0.0
920	2506.6666666666665	0.0
930	2593.3333333333335	0.0
940	2474.5	0.0
950	2773.3333333333335	0.0
960	2353.1666666666665	0.0
970	2973.6666666666665	0.0
980	2494.8333333333335	0.0
990	2591.3333333333335	0.0
1000	2635.3333333333335	0.0
