0	239.0	0.0
10	70.0	1000.0
20	70.0	0.0
30	70.0	0.0
40	70.0	0.0
50	70.0	0.0
60	70.0	0.0
70	70.0	0.0
80	70.0	0.0
90	70.0	0.0
100	70.0	0.0
110	70.0	0.0
120	70.0	0.0
130	70.0	0.0
140	70.0	0.0
150	70.0	0.0
160	71.33333333333333	0.0
170	71.66666666666667	0.0
180	70.0	0.0
190	72.33333333333333	0.0
200	72.0	0.0
210	73.66666666666667	0.0
220	73.0	0.0
230	156.0	0.0
240	214.33333333333334	0.0
250	192.0	0.0
260	145.0	0.0
270	168.0	0.0
280	178.33333333333334	0.0
290	161.66666666666666	0.0
300	170.33333333333334	0.0
310	212.33333333333334	0.0
320	131.0	0.0
330	154.0	0.0
340	154.0	0.0
350	136.66666666666666	0.0
360	130.0	0.0
370	255.33333333333334	0.0
380	617.0	0.0
390	690.3333333333334	0.0
400	865.6666666666666	0.0
410	773.6666666666666	0.0
420	927.0	0.0
430	1617.8333333333333	0.0
440	1226.3333333333333	0.0
450	1523.3333333333333	0.0
460	1771.0	0.0
470	1444.6666666666667	0.0
480	1355.3333333333333	0.0
490	1800.1666666666667	0.0
500	1628.5	0.0
510	2158.6666666666665	0.0
520	1876.3333333333333	0.0
530	1650.3333333333333	0.0
540	2068.3333333333335	0.0
550	1991.6666666666667	0.0
560	2088.6666666666665	0.0
570	2239.0	0.0
580	2172.1666666666665	0.0
590	2288.3333333333335	0.0
600	2392.3333333333335	0.0
610	2486.5	0.0
620	2355.0	0.0
630	2581.8333333333335	0.0
640	2345.6666666666665	0.0
650	2375.3333333333335	0.0
660	2231.1666666666665	0.0
670	2553.6666666666665	0.0
680	2588.8333333333335	0.0
690	2319.6666666666665	0.0
700	2234.6666666666665	0.0
710	2300.6666666666665	0.0
720	2793.3333333333335	0.0
730	2896.5	0.0
740	2743.5	0.0
750	2603.1666666666665	0.0
760	2705.5	0.0
770	2611.8333333333335	0.0
780	2670.8333333333335	0.0
790	2667.1666666666665	0.0
800	2536.1666666666665	0.0
810	2663.3333333333335	0.0
820	2870.0	0.0
830	2818.6666666666665	0.0
840	2701.6666666666665	0.0
850	2593.8333333333335	0.0
860	2561.6666666666665	0.0
870	2545.3333333333335	0.0
880	2716.5	0.0
890	2515.0	0.0
900	2499.1666666666665	0.0
910	2821.0	0.0
920	2808.6666666666665	0.0
930	2690.5	0.0
940	2386.0	0.0
950	2614.1666666666665	0.0
960	2531.6666666666665	0.0
970	2689.8333333333335	0.0
980	2471.0	0.0
990	2530.5	0.0
1000	2796.5	0.0
