0	267.3333333333333	0.0
10	70.0	1000.0
20	70.0	0.0
30	70.0	0.0
40	70.0	0.0
50	70.0	0.0
60	70.0	0.0
70	70.0	0.0
80	70.0	0.0
90	70.0	0.0
100	70.0	0.0
110	70.0	0.0
120	70.0	0.0
130	70.0	0.0
140	70.0	0.0
150	70.0	0.0
160	72.0	0.0
170	70.66666666666667	0.0
180	71.66666666666667	0.0
190	77.33333333333333	0.0
200	71.33333333333333	0.0
210	126.66666666666667	0.0
220	70.66666666666667	0.0
230	128.33333333333334	0.0
240	392.6666666666667	0.0
250	431.0	0.0
260	143.66666666666666	0.0
270	171.33333333333334	0.0
280	124.33333333333333	0.0
290	131.66666666666666	0.0
300	196.33333333333334	0.0
310	262.3333333333333	0.0
320	195.66666666666666	0.0
330	520.6666666666666	0.0
340	850.3333333333334	0.0
350	1248.6666666666667	0.0
360	1594.6666666666667	0.0
370	1427.6666666666667	0.0
380	1297.6666666666667	0.0
390	1886.8333333333333	0.0
400	1842.6666666666667	0.0
410	1838.6666666666667	0.0
420	1835.6666666666667	0.0
430	1431.3333333333333	0.0
440	1521.0	0.0
450	2368.0	0.0
460	2158.5	0.0
470	1937.3333333333333	0.0
480	2127.3333333333335	0.0
490	2163.0	0.0
500	2336.5	0.0
510	2049.3333333333335	0.0
520	2067.3333333333335	0.0
530	2255.6666666666665	0.0
540	2242.0	0.0
550	2305.0	0.0
560	2221.8333333333335	0.0
570	2418.3333333333335	0.0
580	2563.0	0.0
590	2313.6666666666665	0.0
600	2448.8333333333335	0.0
610	2605.0	0.0
620	2610.3333333333335	0.0
630	2551.3333333333335	0.0
640	2836.8333333333335	0.0
650	2580.1666666666665	0.0
660	2526.5	0.0
670	2596.5	0.0
680	2757.0	0.0
690	2845.3333333333335	0.0
700	2487.1666666666665	0.0
710	2470.1666666666665	0.0
720	2369.3333333333335	0.0
730	2692.5	0.0
740	2522.0	0.0
750	2500.6666666666665	0.0
760	2615.3333333333335	0.0
770	2521.6666666666665	0.0
780	2479.3333333333335	0.0
790	2618.1666666666665	0.0
800	2628.3333333333335	0.0
810	2507.6666666666665	0.0
820	2858.0	0.0
830	2545.1666666666665	0.0
840	2664.5	0.0
850	2647.3333333333335	0.0
860	2846.0	0.0
870	2754.3333333333335	0.0
880	2496.3333333333335	0.0
890	2691.3333333333335	0.0
900	2590.8333333333335	0.0
910	2567.0	0.0
920	2502.1666666666665	0.0
930	2352.1666666666665	0.0
940	2470.6666666666665	0.0
950	2097.0	0.0
960	2692.8333333333335	0.0
970	2338.0	0.0
980	2600.1666666666665	0.0
990	2411.5	0.0
1000	2365.8333333333335	0.0
