0	277.0	0.0	0.0	0.0	0.0	0.0	0.0
10	70.0	0.0	0.0	0.0	0.0	0.0	0.0
20	70.0	0.0	0.0	0.0	0.0	0.0	0.0
30	70.0	0.0	0.0	0.0	0.0	0.0	0.0
40	70.0	0.0	0.0	0.0	0.0	0.0	0.0
50	70.0	5.0	0.0	5.0	0.0	0.0	5.0
60	70.0	1.0	1.0	0.0	1.0	0.0	0.0
70	70.0	1.0	0.0	1.0	0.0	0.0	1.0
80	71.66666666666667	0.0	0.0	0.0	0.0	0.0	0.0
90	73.0	3.0	7.0	2.0	1.0	0.0	2.0
100	84.66666666666667	0.0	0.0	0.0	0.0	0.0	0.0
110	341.6666666666667	0.0	0.0	0.0	0.0	0.0	0.0
120	215.0	3.0	38.0	5.0	2.0	3.0	1.0
130	98.0	0.0	7.0	0.0	0.0	0.0	0.0
140	424.0	1.0	8.0	1.0	1.0	1.0	0.0
150	311.3333333333333	1.0	38.0	3.0	0.0	2.0	1.0
160	437.3333333333333	1.0	16.0	1.0	0.0	0.0	1.0
170	400.0	2.0	23.0	0.0	2.0	0.0	0.0
180	252.33333333333334	0.0	42.0	0.0	0.0	0.0	0.0
190	192.0	1.0	42.0	1.0	1.0	1.0	0.0
200	207.33333333333334	0.0	33.0	0.0	0.0	0.0	0.0
210	221.0	8.0	97.0	9.0	3.0	4.0	5.0
220	459.3333333333333	0.0	28.0	0.0	0.0	0.0	0.0
230	406.3333333333333	0.0	70.0	3.0	0.0	3.0	0.0
240	398.0	5.0	165.0	6.0	3.0	4.0	2.0
250	394.0	2.0	110.0	2.0	2.0	2.0	0.0
260	1223.6666666666667	27.0	295.0	36.0	4.0	13.0	23.0
270	1815.8333333333333	4.0	302.0	9.0	3.0	8.0	1.0
280	1750.6666666666667	14.0	760.0	24.0	4.0	12.0	10.0
290	2396.8333333333335	5.0	150.0	7.0	1.0	3.0	4.0
300	2574.5	4.0	224.0	7.0	3.0	5.0	1.0
310	2372.0	14.0	248.0	16.0	2.0	4.0	12.0
320	2524.1666666666665	8.0	262.0	14.0	2.0	8.0	6.0
330	2575.0	8.0	179.0	13.0	0.0	5.0	8.0
340	2533.0	12.0	223.0	20.0	0.0	8.0	12.0
350	2612.6666666666665	4.0	328.0	9.0	1.0	5.0	3.0
360	2577.0	171.0	288.0	170.0	11.0	9.0	160.0
370	1857.0	3.0	130.0	9.0	0.0	6.0	3.0
380	1754.5	1.0	204.0	11.0	0.0	10.0	1.0
390	1801.5	10.0	474.0	21.0	0.0	11.0	10.0
400	2283.3333333333335	7.0	601.0	22.0	2.0	16.0	5.0
410	2379.1666666666665	14.0	240.0	21.0	2.0	9.0	12.0
420	2028.8333333333333	1.0	253.0	11.0	0.0	10.0	1.0
430	2014.3333333333333	17.0	212.0	21.0	0.0	4.0	17.0
440	1681.3333333333333	8.0	160.0	12.0	3.0	6.0	5.0
450	2144.3333333333335	9.0	109.0	12.0	0.0	3.0	9.0
460	1756.3333333333333	16.0	261.0	24.0	0.0	8.0	16.0
470	1679.0	16.0	464.0	22.0	1.0	7.0	15.0
480	1900.8333333333333	3.0	222.0	8.0	0.0	5.0	3.0
490	2082.8333333333335	4.0	313.0	11.0	1.0	8.0	3.0
500	2146.3333333333335	7.0	372.0	13.0	1.0	7.0	6.0
510	2277.6666666666665	15.0	356.0	22.0	0.0	7.0	15.0
520	1783.3333333333333	22.0	451.0	36.0	1.0	15.0	21.0
530	1937.6666666666667	15.0	411.0	27.0	0.0	12.0	15.0
540	2362.3333333333335	7.0	195.0	13.0	1.0	6.0	6.0
550	2630.8333333333335	3.0	298.0	9.0	0.0	6.0	3.0
560	2395.5	3.0	235.0	11.0	0.0	8.0	3.0
570	2603.3333333333335	21.0	245.0	32.0	3.0	12.0	18.0
580	2304.6666666666665	4.0	320.0	17.0	0.0	13.0	4.0
590	2629.6666666666665	6.0	454.0	17.0	0.0	11.0	6.0
600	2418.6666666666665	2.0	253.0	14.0	1.0	13.0	1.0
610	2177.5	3.0	218.0	12.0	0.0	9.0	3.0
620	2505.8333333333335	4.0	343.0	9.0	1.0	6.0	3.0
630	1878.0	3.0	231.0	13.0	0.0	10.0	3.0
640	1832.3333333333333	2.0	253.0	7.0	0.0	5.0	2.0
650	2262.0	24.0	526.0	46.0	2.0	23.0	22.0
660	2355.6666666666665	6.0	196.0	13.0	0.0	7.0	6.0
670	2569.6666666666665	2.0	84.0	4.0	0.0	2.0	2.0
680	2476.6666666666665	1.0	344.0	13.0	1.0	13.0	0.0
690	2554.1666666666665	7.0	242.0	12.0	3.0	7.0	4.0
700	1959.8333333333333	1.0	318.0	11.0	0.0	10.0	1.0
710	2158.1666666666665	2.0	222.0	8.0	0.0	6.0	2.0
720	1867.1666666666667	10.0	127.0	17.0	0.0	7.0	10.0
730	1645.1666666666667	2.0	255.0	2.0	1.0	1.0	1.0
740	2202.6666666666665	4.0	414.0	22.0	1.0	19.0	3.0
750	2380.3333333333335	5.0	383.0	9.0	1.0	5.0	4.0
760	2005.8333333333333	2.0	136.0	7.0	0.0	5.0	2.0
770	2467.0	12.0	514.0	27.0	0.0	15.0	12.0
780	1949.5	4.0	208.0	8.0	0.0	4.0	4.0
790	2108.6666666666665	3.0	564.0	17.0	0.0	14.0	3.0
800	2062.1666666666665	4.0	457.0	19.0	1.0	16.0	3.0
810	2415.0	24.0	589.0	41.0	0.0	17.0	24.0
820	2047.6666666666667	5.0	454.0	13.0	1.0	9.0	4.0
830	2288.3333333333335	5.0	85.0	7.0	0.0	2.0	5.0
840	2180.3333333333335	4.0	137.0	7.0	1.0	4.0	3.0
850	2227.0	3.0	268.0	6.0	0.0	3.0	3.0
860	2504.0	5.0	134.0	8.0	1.0	4.0	4.0
870	2369.0	2.0	406.0	13.0	1.0	12.0	1.0
880	2453.0	0.0	194.0	9.0	0.0	9.0	0.0
890	2456.1666666666665	4.0	342.0	11.0	0.0	7.0	4.0
900	2718.6666666666665	3.0	192.0	8.0	0.0	5.0	3.0
910	2675.0	17.0	381.0	27.0	0.0	10.0	17.0
920	2410.0	2.0	277.0	11.0	0.0	9.0	2.0
930	2292.3333333333335	0.0	129.0	3.0	0.0	3.0	0.0
940	2486.8333333333335	6.0	483.0	20.0	1.0	15.0	5.0
950	2353.3333333333335	6.0	361.0	13.0	1.0	8.0	5.0
960	1930.8333333333333	6.0	318.0	15.0	0.0	9.0	6.0
970	1633.3333333333333	16.0	389.0	21.0	1.0	6.0	15.0
980	1750.8333333333333	5.0	250.0	10.0	0.0	5.0	5.0
990	1963.5	1.0	180.0	7.0	0.0	6.0	1.0
1000	2459.3333333333335	5.0	427.0	12.0	0.0	7.0	5.0
