0	210.0	0.0	0.0	0.0	0.0	0.0	0.0
10	70.0	2.0	1.0	2.0	0.0	0.0	2.0
20	70.0	0.0	0.0	0.0	0.0	0.0	0.0
30	70.0	1.0	0.0	1.0	0.0	0.0	1.0
40	70.0	0.0	0.0	0.0	0.0	0.0	0.0
50	70.0	1.0	1.0	0.0	1.0	0.0	0.0
60	70.0	1.0	0.0	1.0	0.0	0.0	1.0
70	70.0	0.0	2.0	0.0	0.0	0.0	0.0
80	70.33333333333333	1.0	0.0	1.0	0.0	0.0	1.0
90	84.0	0.0	0.0	0.0	0.0	0.0	0.0
100	133.0	1.0	1.0	0.0	1.0	0.0	0.0
110	87.33333333333333	0.0	9.0	1.0	0.0	1.0	0.0
120	124.0	0.0	0.0	0.0	0.0	0.0	0.0
130	265.6666666666667	2.0	11.0	2.0	1.0	1.0	1.0
140	288.0	5.0	5.0	0.0	5.0	0.0	0.0
150	84.33333333333333	2.0	43.0	2.0	2.0	2.0	0.0
160	411.3333333333333	6.0	7.0	0.0	6.0	0.0	0.0
170	245.66666666666666	0.0	60.0	0.0	0.0	0.0	0.0
180	356.0	0.0	1.0	0.0	0.0	0.0	0.0
190	132.66666666666666	2.0	10.0	2.0	1.0	0.0	1.0
200	392.0	24.0	34.0	6.0	20.0	2.0	4.0
210	329.6666666666667	2.0	40.0	1.0	2.0	0.0	0.0
220	282.0	6.0	109.0	6.0	3.0	2.0	3.0
230	447.6666666666667	1.0	66.0	4.0	1.0	4.0	0.0
240	514.3333333333334	1.0	70.0	2.0	1.0	2.0	0.0
250	661.3333333333334	2.0	89.0	2.0	2.0	2.0	0.0
260	399.3333333333333	3.0	75.0	5.0	2.0	4.0	1.0
270	494.6666666666667	4.0	76.0	2.0	2.0	0.0	2.0
280	970.3333333333334	1.0	112.0	5.0	1.0	5.0	0.0
290	1259.6666666666667	11.0	138.0	11.0	3.0	3.0	8.0
300	1409.0	4.0	213.0	5.0	3.0	4.0	1.0
310	1654.6666666666667	8.0	387.0	21.0	1.0	14.0	7.0
320	2429.0	46.0	99.0	45.0	2.0	1.0	44.0
330	2489.1666666666665	10.0	449.0	13.0	5.0	8.0	5.0
340	2224.0	13.0	313.0	21.0	2.0	9.0	11.0
350	2447.0	8.0	475.0	14.0	3.0	9.0	5.0
360	2617.6666666666665	1.0	211.0	8.0	0.0	7.0	1.0
370	2488.3333333333335	0.0	153.0	6.0	0.0	6.0	0.0
380	2340.8333333333335	19.0	336.0	32.0	1.0	14.0	18.0
390	2569.0	10.0	631.0	18.0	2.0	10.0	8.0
400	2148.3333333333335	3.0	373.0	5.0	1.0	3.0	2.0
410	2389.0	5.0	381.0	10.0	1.0	5.0	4.0
420	2369.8333333333335	3.0	235.0	10.0	2.0	9.0	1.0
430	2345.0	1.0	126.0	8.0	0.0	7.0	1.0
440	2435.6666666666665	77.0	172.0	78.0	5.0	4.0	72.0
450	1624.6666666666667	11.0	474.0	27.0	1.0	17.0	10.0
460	2466.1666666666665	1.0	241.0	7.0	0.0	6.0	1.0
470	1995.5	2.0	181.0	9.0	0.0	7.0	2.0
480	2129.6666666666665	14.0	274.0	24.0	0.0	10.0	14.0
490	1859.1666666666667	6.0	319.0	13.0	1.0	8.0	5.0
500	1748.0	8.0	339.0	19.0	1.0	11.0	7.0
510	1587.0	11.0	122.0	16.0	0.0	5.0	11.0
520	1833.3333333333333	14.0	380.0	24.0	0.0	10.0	14.0
530	2012.6666666666667	1.0	300.0	9.0	0.0	8.0	1.0
540	1915.0	27.0	409.0	38.0	1.0	12.0	26.0
550	2560.0	8.0	530.0	27.0	0.0	19.0	8.0
560	2167.0	5.0	297.0	18.0	0.0	13.0	5.0
570	2318.8333333333335	23.0	454.0	34.0	2.0	13.0	21.0
580	1863.6666666666667	2.0	195.0	4.0	0.0	2.0	2.0
590	1847.8333333333333	8.0	207.0	13.0	0.0	5.0	8.0
600	1827.6666666666667	15.0	404.0	25.0	1.0	11.0	14.0
610	2214.3333333333335	4.0	309.0	13.0	0.0	9.0	4.0
620	2506.6666666666665	2.0	149.0	5.0	1.0	4.0	1.0
630	2471.3333333333335	3.0	235.0	8.0	0.0	5.0	3.0
640	2514.6666666666665	5.0	148.0	9.0	1.0	5.0	4.0
650	2465.6666666666665	10.0	103.0	12.0	1.0	3.0	9.0
660	1666.6666666666667	13.0	99.0	16.0	0.0	3.0	13.0
670	2463.3333333333335	4.0	219.0	5.0	0.0	1.0	4.0
680	2620.6666666666665	42.0	302.0	48.0	3.0	9.0	39.0
690	1878.1666666666667	1.0	138.0	4.0	0.0	3.0	1.0
700	1912.3333333333333	1.0	160.0	6.0	0.0	5.0	1.0
710	1727.5	2.0	259.0	7.0	0.0	5.0	2.0
720	2040.3333333333333	5.0	569.0	17.0	0.0	12.0	5.0
730	2158.0	11.0	352.0	20.0	0.0	9.0	11.0
740	2051.0	2.0	212.0	8.0	0.0	6.0	2.0
750	1760.6666666666667	20.0	243.0	26.0	0.0	6.0	20.0
760	2540.5	4.0	303.0	10.0	1.0	7.0	3.0
770	2405.3333333333335	5.0	213.0	10.0	1.0	6.0	4.0
780	2663.1666666666665	11.0	246.0	14.0	0.0	3.0	11.0
790	2365.3333333333335	4.0	320.0	6.0	0.0	2.0	4.0
800	2385.0	4.0	206.0	9.0	0.0	5.0	4.0
810	1601.0	1.0	126.0	9.0	0.0	8.0	1.0
820	2515.8333333333335	28.0	443.0	32.0	1.0	5.0	27.0
830	2533.1666666666665	11.0	555.0	25.0	0.0	14.0	11.0
840	2283.6666666666665	1.0	318.0	9.0	0.0	8.0	1.0
850	1766.0	11.0	352.0	18.0	2.0	8.0	9.0
860	1717.6666666666667	6.0	298.0	12.0	1.0	7.0	5.0
870	2446.5	2.0	472.0	13.0	0.0	11.0	2.0
880	2132.1666666666665	3.0	176.0	10.0	0.0	7.0	3.0
890	2294.6666666666665	5.0	276.0	11.0	0.0	6.0	5.0
900	2194.8333333333335	23.0	792.0	39.0	2.0	18.0	21.0
910	2217.3333333333335	69.0	255.0	85.0	1.0	17.0	68.0
920	1922.0	1.0	297.0	9.0	0.0	8.0	1.0
930	2450.1666666666665	3.0	141.0	6.0	0.0	3.0	3.0
940	2527.5	1.0	230.0	10.0	0.0	9.0	1.0
950	2476.5	4.0	616.0	18.0	1.0	15.0	3.0
960	2508.3333333333335	5.0	249.0	13.0	0.0	8.0	5.0
970	2546.1666666666665	0.0	64.0	1.0	0.0	1.0	0.0
980	1788.6666666666667	0.0	128.0	2.0	0.0	2.0	0.0
990	2259.6666666666665	4.0	279.0	10.0	0.0	6.0	4.0
1000	2356.8333333333335	0.0	311.0	10.0	0.0	10.0	0.0
