0	274.6666666666667	0.0
10	1935.5	1000.0
20	1995.1666666666667	0.0
30	1673.3333333333333	0.0
40	2005.3333333333333	0.0
50	2063.5	0.0
60	2225.6666666666665	0.0
70	2174.5	0.0
80	2188.6666666666665	0.0
90	1939.8333333333333	0.0
100	2123.6666666666665	0.0
110	1997.3333333333333	0.0
120	2229.8333333333335	0.0
130	2258.6666666666665	0.0
140	2344.8333333333335	0.0
150	2185.3333333333335	0.0
160	2343.6666666666665	0.0
170	2441.6666666666665	0.0
180	2347.8333333333335	0.0
190	2284.5	0.0
200	2172.0	0.0
210	2286.5	0.0
220	2493.3333333333335	0.0
230	2380.5	0.0
240	2573.5	0.0
250	2569.6666666666665	0.0
260	2537.8333333333335	0.0
270	2650.3333333333335	0.0
280	2570.8333333333335	0.0
290	2541.6666666666665	0.0
300	2519.3333333333335	0.0
310	2397.0	0.0
320	2473.0	0.0
330	2345.1666666666665	0.0
340	2694.5	0.0
350	2642.1666666666665	0.0
360	2363.0	0.0
370	2646.0	0.0
380	2352.6666666666665	0.0
390	2500.0	0.0
400	2630.5	0.0
410	2368.0	0.0
420	2779.0	0.0
430	2888.6666666666665	0.0
440	2481.0	0.0
450	3008.5	0.0
460	2537.3333333333335	0.0
470	2965.5	0.0
480	2559.5	0.0
490	2585.6666666666665	0.0
500	2551.6666666666665	0.0
510	2249.0	0.0
520	2720.5	0.0
530	2804.6666666666665	0.0
540	2247.6666666666665	0.0
550	2796.8333333333335	0.0
560	2578.0	0.0
570	2836.0	0.0
580	2499.8333333333335	0.0
590	2668.5	0.0
600	2757.3333333333335	0.0
610	2893.5	0.0
620	2845.6666666666665	0.0
630	2780.6666666666665	0.0
640	2932.0	0.0
650	2832.0	0.0
660	2860.6666666666665	0.0
670	2766.8333333333335	0.0
680	2762.3333333333335	0.0
690	2750.6666666666665	0.0
700	2855.1666666666665	0.0
710	2661.5	0.0
720	2926.5	0.0
730	3045.5	0.0
740	2939.3333333333335	0.0
750	2625.0	0.0
760	2930.6666666666665	0.0
770	2975.0	0.0
780	2844.0	0.0
790	2942.8333333333335	0.0
800	2970.8333333333335	0.0
810	2746.5	0.0
820	2911.0	0.0
830	2785.0	0.0
840	2876.0	0.0
850	2647.6666666666665	0.0
860	2884.8333333333335	0.0
870	2978.3333333333335	0.0
880	2921.5	0.0
890	2895.8333333333335	0.0
900	2943.1666666666665	0.0
910	2851.5	0.0
920	3136.0	0.0
930	2974.0	0.0
940	3190.5	0.0
950	3228.6666666666665	0.0
960	2984.3333333333335	0.0
970	2914.8333333333335	0.0
980	2763.8333333333335	0.0
990	2849.5	0.0
1000	3306.8333333333335	0.0
