0	277.6666666666667	0.0
10	1747.3333333333333	1000.0
20	2132.1666666666665	0.0
30	1909.8333333333333	0.0
40	2057.6666666666665	0.0
50	2068.3333333333335	0.0
60	1920.5	0.0
70	2120.6666666666665	0.0
80	2102.5	0.0
90	1995.8333333333333	0.0
100	2187.6666666666665	0.0
110	2211.6666666666665	0.0
120	2123.3333333333335	0.0
130	2150.0	0.0
140	2131.6666666666665	0.0
150	2280.5	0.0
160	2228.3333333333335	0.0
170	2202.8333333333335	0.0
180	2298.1666666666665	0.0
190	2454.3333333333335	0.0
200	2358.5	0.0
210	2369.3333333333335	0.0
220	2484.8333333333335	0.0
230	2585.8333333333335	0.0
240	2437.0	0.0
250	2525.0	0.0
260	2493.3333333333335	0.0
270	2198.1666666666665	0.0
280	2463.3333333333335	0.0
290	2546.6666666666665	0.0
300	2783.8333333333335	0.0
310	2464.6666666666665	0.0
320	2448.8333333333335	0.0
330	2430.5	0.0
340	2426.8333333333335	0.0
350	2573.1666666666665	0.0
360	2534.6666666666665	0.0
370	2393.1666666666665	0.0
380	2649.5	0.0
390	2788.3333333333335	0.0
400	2958.1666666666665	0.0
410	2778.6666666666665	0.0
420	2629.3333333333335	0.0
430	2585.1666666666665	0.0
440	2723.3333333333335	0.0
450	2581.5	0.0
460	2805.0	0.0
470	2789.8333333333335	0.0
480	2881.3333333333335	0.0
490	2872.3333333333335	0.0
500	2813.5	0.0
510	2864.6666666666665	0.0
520	2710.0	0.0
530	2835.5	0.0
540	2737.0	0.0
550	2672.0	0.0
560	2601.8333333333335	0.0
570	2522.0	0.0
580	2736.8333333333335	0.0
590	2829.6666666666665	0.0
600	2801.1666666666665	0.0
610	2568.3333333333335	0.0
620	2613.0	0.0
630	2588.6666666666665	0.0
640	2684.0	0.0
650	2985.0	0.0
660	2743.3333333333335	0.0
670	2888.6666666666665	0.0
680	2650.3333333333335	0.0
690	2657.6666666666665	0.0
700	2913.0	0.0
710	2858.3333333333335	0.0
720	2811.0	0.0
730	2799.8333333333335	0.0
740	2848.5	0.0
750	2891.6666666666665	0.0
760	2871.0	0.0
770	2515.1666666666665	0.0
780	2765.8333333333335	0.0
790	2835.0	0.0
800	2553.3333333333335	0.0
810	2880.3333333333335	0.0
820	2846.3333333333335	0.0
830	2729.3333333333335	0.0
840	2803.1666666666665	0.0
850	2885.8333333333335	0.0
860	2887.3333333333335	0.0
870	2985.5	0.0
880	3006.6666666666665	0.0
890	2980.1666666666665	0.0
900	2985.1666666666665	0.0
910	2987.5	0.0
920	2823.1666666666665	0.0
930	2996.5	0.0
940	3045.8333333333335	0.0
950	3153.1666666666665	0.0
960	2877.1666666666665	0.0
970	2886.5	0.0
980	3036.3333333333335	0.0
990	3195.6666666666665	0.0
1000	2835.3333333333335	0.0
