0	245.0	0.0
10	1852.3333333333333	1000.0
20	1923.0	0.0
30	2020.0	0.0
40	2053.3333333333335	0.0
50	1892.0	0.0
60	2155.8333333333335	0.0
70	2011.3333333333333	0.0
80	1974.3333333333333	0.0
90	1978.5	0.0
100	2170.1666666666665	0.0
110	2200.0	0.0
120	1952.3333333333333	0.0
130	2313.5	0.0
140	2259.5	0.0
150	2174.6666666666665	0.0
160	2148.6666666666665	0.0
170	2234.3333333333335	0.0
180	2345.5	0.0
190	2377.6666666666665	0.0
200	2051.6666666666665	0.0
210	2292.0	0.0
220	2244.8333333333335	0.0
230	2584.5	0.0
240	2494.0	0.0
250	2462.1666666666665	0.0
260	2583.6666666666665	0.0
270	2251.6666666666665	0.0
280	2623.5	0.0
290	2386.1666666666665	0.0
300	2591.8333333333335	0.0
310	2419.6666666666665	0.0
320	2782.5	0.0
330	2628.0	0.0
340	2488.8333333333335	0.0
350	2606.1666666666665	0.0
360	2562.1666666666665	0.0
370	2431.1666666666665	0.0
380	2580.6666666666665	0.0
390	2460.3333333333335	0.0
400	2342.5	0.0
410	2560.8333333333335	0.0
420	2426.6666666666665	0.0
430	2902.3333333333335	0.0
440	2532.1666666666665	0.0
450	2581.5	0.0
460	2772.5	0.0
470	2870.1666666666665	0.0
480	2751.0	0.0
490	2777.1666666666665	0.0
500	2884.3333333333335	0.0
510	2663.3333333333335	0.0
520	2732.3333333333335	0.0
530	2995.0	0.0
540	2587.6666666666665	0.0
550	2991.6666666666665	0.0
560	2800.5	0.0
570	2812.6666666666665	0.0
580	2829.3333333333335	0.0
590	2551.0	0.0
600	2749.1666666666665	0.0
610	2619.5	0.0
620	2879.0	0.0
630	2838.3333333333335	0.0
640	2890.5	0.0
650	2796.0	0.0
660	2791.0	0.0
670	2812.1666666666665	0.0
680	2405.8333333333335	0.0
690	2654.3333333333335	0.0
700	2569.6666666666665	0.0
710	2756.1666666666665	0.0
720	2883.5	0.0
730	3039.1666666666665	0.0
740	2781.0	0.0
750	2871.3333333333335	0.0
760	2614.1666666666665	0.0
770	2818.8333333333335	0.0
780	2945.6666666666665	0.0
790	2760.0	0.0
800	2764.8333333333335	0.0
810	2729.6666666666665	0.0
820	2832.1666666666665	0.0
830	2615.0	0.0
840	2946.8333333333335	0.0
850	2992.3333333333335	0.0
860	2720.6666666666665	0.0
870	2984.5	0.0
880	2956.1666666666665	0.0
890	3121.6666666666665	0.0
900	3124.8333333333335	0.0
910	2797.3333333333335	0.0
920	2933.1666666666665	0.0
930	2837.8333333333335	0.0
940	2803.5	0.0
950	2577.8333333333335	0.0
960	2634.3333333333335	0.0
970	2923.6666666666665	0.0
980	2799.1666666666665	0.0
990	2827.1666666666665	0.0
1000	3059.1666666666665	0.0
