0	254.66666666666666	0.0
10	70.0	1000.0
20	70.0	0.0
30	70.0	0.0
40	70.0	0.0
50	70.0	0.0
60	70.0	0.0
70	70.0	0.0
80	70.0	0.0
90	70.0	0.0
100	70.0	0.0
110	70.0	0.0
120	70.0	0.0
130	70.0	0.0
140	70.0	0.0
150	70.0	0.0
160	70.0	0.0
170	70.66666666666667	0.0
180	70.66666666666667	0.0
190	72.0	0.0
200	73.33333333333333	0.0
210	77.66666666666667	0.0
220	107.66666666666667	0.0
230	141.0	0.0
240	168.0	0.0
250	310.6666666666667	0.0
260	143.0	0.0
270	161.66666666666666	0.0
280	139.0	0.0
290	154.0	0.0
300	146.33333333333334	0.0
310	154.33333333333334	0.0
320	133.33333333333334	0.0
330	320.0	0.0
340	380.3333333333333	0.0
350	250.66666666666666	0.0
360	567.3333333333334	0.0
370	779.3333333333334	0.0
380	811.0	0.0
390	583.0	0.0
400	966.0	0.0
410	1319.6666666666667	0.0
420	1421.0	0.0
430	1603.6666666666667	0.0
440	1242.6666666666667	0.0
450	1457.6666666666667	0.0
460	1277.6666666666667	0.0
470	1491.6666666666667	0.0
480	1917.5	0.0
490	2115.0	0.0
500	2051.3333333333335	0.0
510	2277.6666666666665	0.0
520	2328.6666666666665	0.0
530	2382.0	0.0
540	2186.0	0.0
550	2169.6666666666665	0.0
560	2388.6666666666665	0.0
570	2303.1666666666665	0.0
580	2426.6666666666665	0.0
590	2087.0	0.0
600	2449.3333333333335	0.0
610	2096.6666666666665	0.0
620	2390.0	0.0
630	2421.3333333333335	0.0
640	2563.5	0.0
650	2841.0	0.0
660	2718.5	0.0
670	2583.6666666666665	0.0
680	2617.6666666666665	0.0
690	2655.6666666666665	0.0
700	2353.3333333333335	0.0
710	2662.3333333333335	0.0
720	2617.6666666666665	0.0
730	2451.5	0.0
740	2524.1666666666665	0.0
750	2628.6666666666665	0.0
760	2620.6666666666665	0.0
770	2567.3333333333335	0.0
780	2778.3333333333335	0.0
790	2688.8333333333335	0.0
800	2802.8333333333335	0.0
810	2569.3333333333335	0.0
820	2487.8333333333335	0.0
830	2392.0	0.0
840	2763.6666666666665	0.0
850	2703.0	0.0
860	2657.3333333333335	0.0
870	2565.1666666666665	0.0
880	2408.6666666666665	0.0
890	2478.3333333333335	0.0
900	2595.3333333333335	0.0
910	2067.8333333333335	0.0
920	2156.6666666666665	0.0
930	1933.3333333333333	0.0
940	2668.5	0.0
950	2057.1666666666665	0.0
960	2833.3333333333335	0.0
970	2495.1666666666665	0.0
980	2708.8333333333335	0.0
990	2684.1666666666665	0.0
1000	2615.5	0.0
