0	255.91111111111107	0.0
10	1954.6500000000005	654.9666666666667
20	2005.2333333333333	329.56666666666666
30	2110.5666666666666	15.466666666666667
40	2193.65	0.0
50	2213.5222222222224	0.0
60	2279.0500000000006	0.0
70	2324.5555555555557	0.0
80	2322.25	0.0
90	2398.8333333333335	0.0
100	2475.8388888888885	0.0
110	2518.666666666666	0.0
120	2534.8555555555563	0.0
130	2504.172222222222	0.0
140	2519.3000000000006	0.0
150	2611.227777777778	0.0
160	2596.85	0.0
170	2602.9222222222224	0.0
180	2570.3888888888896	0.0
190	2539.45	0.0
200	2636.05	0.0
210	2566.016666666666	0.0
220	2597.4055555555556	0.0
230	2620.3277777777776	0.0
240	2674.65	0.0
250	2634.2500000000005	0.0
260	2658.1722222222224	0.0
270	2719.3944444444446	0.0
280	2689.455555555556	0.0
290	2655.316666666666	0.0
300	2741.8111111111098	0.0
310	2740.2611111111114	0.0
320	2838.761111111111	0.0
330	2847.7999999999997	0.0
340	2964.661111111111	0.0
350	3042.3722222222223	0.0
360	3053.1722222222224	0.0
370	3081.022222222222	0.0
380	3054.0333333333338	0.0
390	3104.427777777778	0.0
400	3195.6611111111115	0.0
410	3155.499999999999	0.0
420	3306.816666666667	0.0
430	3264.0833333333335	0.0
440	3379.3388888888885	0.0
450	3272.405555555554	0.0
460	3336.366666666667	0.0
470	3360.3611111111113	0.0
480	3380.716666666667	0.0
490	3427.0000000000005	0.0
500	3362.8555555555554	0.0
510	3392.411111111111	0.0
520	3474.2	0.0
530	3475.822222222222	0.0
540	3532.811111111112	0.0
550	3495.9166666666665	0.0
560	3486.983333333334	0.0
570	3552.761111111111	0.0
580	3585.2611111111114	0.0
590	3530.066666666666	0.0
600	3576.9777777777776	0.0
610	3558.661111111111	0.0
620	3564.983333333333	0.0
630	3626.716666666667	0.0
640	3601.233333333333	0.0
650	3647.2444444444436	0.0
660	3656.9555555555557	0.0
670	3658.9	0.0
680	3647.9111111111106	0.0
690	3692.672222222222	0.0
700	3716.527777777777	0.0
710	3725.4611111111108	0.0
720	3696.7444444444454	0.0
730	3750.633333333333	0.0
740	3697.122222222222	0.0
750	3676.2388888888895	0.0
760	3714.733333333332	0.0
770	3782.6833333333334	0.0
780	3737.3222222222225	0.0
790	3754.7500000000005	0.0
800	3778.1888888888893	0.0
810	3753.538888888889	0.0
820	3775.388888888889	0.0
830	3768.7833333333338	0.0
840	3721.8666666666663	0.0
850	3704.5333333333338	0.0
860	3723.583333333334	0.0
870	3796.861111111111	0.0
880	3767.661111111111	0.0
890	3748.3500000000004	0.0
900	3759.4388888888902	0.0
910	3787.805555555555	0.0
920	3750.444444444445	0.0
930	3762.2277777777776	0.0
940	3761.7166666666667	0.0
950	3779.6499999999996	0.0
960	3758.1666666666674	0.0
970	3794.3722222222223	0.0
980	3793.788888888889	0.0
990	3781.4777777777776	0.0
1000	3729.3555555555567	0.0
