0	236.66666666666666	0.0
10	1801.1666666666667	445.0
20	2083.3333333333335	555.0
30	2261.8333333333335	0.0
40	2203.1666666666665	0.0
50	2225.3333333333335	0.0
60	2295.0	0.0
70	2321.1666666666665	0.0
80	2153.1666666666665	0.0
90	2566.5	0.0
100	2557.5	0.0
110	2214.0	0.0
120	2553.5	0.0
130	2648.3333333333335	0.0
140	2305.8333333333335	0.0
150	2080.0	0.0
160	2366.1666666666665	0.0
170	2529.5	0.0
180	2613.1666666666665	0.0
190	2703.3333333333335	0.0
200	2553.1666666666665	0.0
210	2681.0	0.0
220	2699.1666666666665	0.0
230	2594.6666666666665	0.0
240	2905.1666666666665	0.0
250	2918.0	0.0
260	2753.5	0.0
270	3013.0	0.0
280	2902.0	0.0
290	2650.3333333333335	0.0
300	2502.3333333333335	0.0
310	2471.6666666666665	0.0
320	2511.3333333333335	0.0
330	2624.8333333333335	0.0
340	2729.1666666666665	0.0
350	3266.1666666666665	0.0
360	2697.1666666666665	0.0
370	2927.5	0.0
380	3050.1666666666665	0.0
390	2644.6666666666665	0.0
400	2437.6666666666665	0.0
410	2815.3333333333335	0.0
420	2903.6666666666665	0.0
430	2905.5	0.0
440	3249.1666666666665	0.0
450	2604.8333333333335	0.0
460	3152.8333333333335	0.0
470	2670.5	0.0
480	2826.0	0.0
490	3116.0	0.0
500	3112.1666666666665	0.0
510	2860.6666666666665	0.0
520	3390.8333333333335	0.0
530	3397.8333333333335	0.0
540	3220.6666666666665	0.0
550	3753.3333333333335	0.0
560	3703.8333333333335	0.0
570	3289.5	0.0
580	3696.6666666666665	0.0
590	3368.3333333333335	0.0
600	3443.0	0.0
610	3787.6666666666665	0.0
620	3412.8333333333335	0.0
630	3790.3333333333335	0.0
640	3393.1666666666665	0.0
650	3678.5	0.0
660	3747.6666666666665	0.0
670	3694.0	0.0
680	3469.8333333333335	0.0
690	3381.6666666666665	0.0
700	3175.0	0.0
710	3492.1666666666665	0.0
720	3576.1666666666665	0.0
730	3899.1666666666665	0.0
740	3181.6666666666665	0.0
750	3575.3333333333335	0.0
760	3595.3333333333335	0.0
770	3706.5	0.0
780	3930.5	0.0
790	3088.1666666666665	0.0
800	3455.1666666666665	0.0
810	3960.6666666666665	0.0
820	3848.5	0.0
830	3525.5	0.0
840	3313.8333333333335	0.0
850	3733.1666666666665	0.0
860	3204.1666666666665	0.0
870	4270.833333333333	0.0
880	3999.8333333333335	0.0
890	3846.1666666666665	0.0
900	3805.1666666666665	0.0
910	3903.6666666666665	0.0
920	3333.1666666666665	0.0
930	3912.3333333333335	0.0
940	3895.5	0.0
950	3821.0	0.0
960	3949.5	0.0
970	3684.1666666666665	0.0
980	3986.8333333333335	0.0
990	3772.8333333333335	0.0
1000	3940.3333333333335	0.0
