0	247.33333333333334	0.0
10	1984.6666666666667	936.0
20	1809.5	64.0
30	1963.0	0.0
40	1923.6666666666667	0.0
50	2270.5	0.0
60	2191.0	0.0
70	2359.1666666666665	0.0
80	2568.3333333333335	0.0
90	2722.0	0.0
100	2563.3333333333335	0.0
110	2505.6666666666665	0.0
120	2463.5	0.0
130	2685.0	0.0
140	2579.3333333333335	0.0
150	2593.1666666666665	0.0
160	2749.6666666666665	0.0
170	2848.0	0.0
180	3044.3333333333335	0.0
190	2553.0	0.0
200	2711.1666666666665	0.0
210	2476.6666666666665	0.0
220	2327.8333333333335	0.0
230	2459.8333333333335	0.0
240	2588.1666666666665	0.0
250	2464.8333333333335	0.0
260	2942.8333333333335	0.0
270	2679.5	0.0
280	2206.0	0.0
290	2451.3333333333335	0.0
300	2600.1666666666665	0.0
310	2848.0	0.0
320	2612.6666666666665	0.0
330	2588.5	0.0
340	2665.5	0.0
350	2721.3333333333335	0.0
360	2994.5	0.0
370	3233.3333333333335	0.0
380	2874.0	0.0
390	3459.3333333333335	0.0
400	3132.1666666666665	0.0
410	2960.6666666666665	0.0
420	3099.8333333333335	0.0
430	2763.1666666666665	0.0
440	3198.6666666666665	0.0
450	2762.5	0.0
460	3371.8333333333335	0.0
470	3200.6666666666665	0.0
480	3257.6666666666665	0.0
490	3455.8333333333335	0.0
500	3512.3333333333335	0.0
510	3394.8333333333335	0.0
520	3220.5	0.0
530	3794.3333333333335	0.0
540	3894.6666666666665	0.0
550	3469.1666666666665	0.0
560	3002.8333333333335	0.0
570	3619.1666666666665	0.0
580	3844.3333333333335	0.0
590	3611.1666666666665	0.0
600	3487.0	0.0
610	3721.1666666666665	0.0
620	4031.3333333333335	0.0
630	3978.3333333333335	0.0
640	3309.0	0.0
650	3567.6666666666665	0.0
660	3879.0	0.0
670	3686.5	0.0
680	3970.3333333333335	0.0
690	3683.1666666666665	0.0
700	3680.8333333333335	0.0
710	3858.1666666666665	0.0
720	3969.0	0.0
730	3842.1666666666665	0.0
740	3986.0	0.0
750	3961.6666666666665	0.0
760	3677.8333333333335	0.0
770	3783.5	0.0
780	3590.5	0.0
790	3523.5	0.0
800	3921.5	0.0
810	3745.3333333333335	0.0
820	3828.3333333333335	0.0
830	3823.1666666666665	0.0
840	3790.6666666666665	0.0
850	3669.1666666666665	0.0
860	3814.0	0.0
870	3588.6666666666665	0.0
880	3738.1666666666665	0.0
890	3798.1666666666665	0.0
900	3727.6666666666665	0.0
910	3864.3333333333335	0.0
920	4057.1666666666665	0.0
930	3928.0	0.0
940	3648.5	0.0
950	3818.0	0.0
960	3988.3333333333335	0.0
970	3601.5	0.0
980	3666.3333333333335	0.0
990	3810.1666666666665	0.0
1000	3675.3333333333335	0.0
