0	253.33333333333334	0.0
10	1961.1666666666667	674.0
20	1868.1666666666667	326.0
30	1893.8333333333333	0.0
40	2044.3333333333333	0.0
50	2060.6666666666665	0.0
60	2132.1666666666665	0.0
70	2072.5	0.0
80	2217.6666666666665	0.0
90	2301.1666666666665	0.0
100	2346.6666666666665	0.0
110	2576.8333333333335	0.0
120	2617.5	0.0
130	2618.0	0.0
140	2744.5	0.0
150	2944.0	0.0
160	2702.6666666666665	0.0
170	2569.1666666666665	0.0
180	2727.8333333333335	0.0
190	2891.0	0.0
200	3001.1666666666665	0.0
210	2703.0	0.0
220	3137.8333333333335	0.0
230	2497.5	0.0
240	2518.3333333333335	0.0
250	2443.6666666666665	0.0
260	2431.1666666666665	0.0
270	2775.1666666666665	0.0
280	2541.0	0.0
290	2746.3333333333335	0.0
300	2472.1666666666665	0.0
310	2964.5	0.0
320	2104.5	0.0
330	3089.0	0.0
340	3263.6666666666665	0.0
350	2954.1666666666665	0.0
360	2667.5	0.0
370	2814.8333333333335	0.0
380	2947.0	0.0
390	3500.8333333333335	0.0
400	3207.5	0.0
410	3616.6666666666665	0.0
420	3218.5	0.0
430	3200.8333333333335	0.0
440	3258.0	0.0
450	3465.3333333333335	0.0
460	3314.6666666666665	0.0
470	3622.8333333333335	0.0
480	3774.8333333333335	0.0
490	3111.8333333333335	0.0
500	3837.8333333333335	0.0
510	3254.3333333333335	0.0
520	3500.6666666666665	0.0
530	3310.3333333333335	0.0
540	3290.3333333333335	0.0
550	3840.0	0.0
560	3558.5	0.0
570	3113.8333333333335	0.0
580	3771.6666666666665	0.0
590	3806.3333333333335	0.0
600	3849.3333333333335	0.0
610	4069.8333333333335	0.0
620	3522.3333333333335	0.0
630	3682.0	0.0
640	3809.8333333333335	0.0
650	3719.1666666666665	0.0
660	3123.5	0.0
670	3730.6666666666665	0.0
680	3371.3333333333335	0.0
690	3136.6666666666665	0.0
700	3411.8333333333335	0.0
710	3879.5	0.0
720	3620.1666666666665	0.0
730	3535.3333333333335	0.0
740	3476.6666666666665	0.0
750	3610.0	0.0
760	3438.0	0.0
770	3693.5	0.0
780	3558.6666666666665	0.0
790	3994.3333333333335	0.0
800	3882.6666666666665	0.0
810	3460.6666666666665	0.0
820	3406.6666666666665	0.0
830	3999.5	0.0
840	3780.0	0.0
850	3604.6666666666665	0.0
860	3720.8333333333335	0.0
870	3985.1666666666665	0.0
880	3770.6666666666665	0.0
890	3486.0	0.0
900	3463.0	0.0
910	3877.8333333333335	0.0
920	3349.3333333333335	0.0
930	4054.1666666666665	0.0
940	3749.0	0.0
950	3340.6666666666665	0.0
960	3780.8333333333335	0.0
970	3457.6666666666665	0.0
980	3565.3333333333335	0.0
990	3683.6666666666665	0.0
1000	3715.3333333333335	0.0
