0	243.33333333333334	0.0
10	1966.3333333333333	473.0
20	2264.8333333333335	527.0
30	2025.0	0.0
40	2179.6666666666665	0.0
50	2392.3333333333335	0.0
60	2592.0	0.0
70	2358.5	0.0
80	2124.5	0.0
90	2131.0	0.0
100	2759.8333333333335	0.0
110	2643.0	0.0
120	2690.8333333333335	0.0
130	2854.0	0.0
140	2599.0	0.0
150	2686.1666666666665	0.0
160	2780.6666666666665	0.0
170	2679.3333333333335	0.0
180	2938.6666666666665	0.0
190	2428.5	0.0
200	2948.3333333333335	0.0
210	2915.8333333333335	0.0
220	2582.3333333333335	0.0
230	2862.8333333333335	0.0
240	2787.1666666666665	0.0
250	2814.1666666666665	0.0
260	2689.6666666666665	0.0
270	2985.1666666666665	0.0
280	2450.0	0.0
290	2394.8333333333335	0.0
300	2743.3333333333335	0.0
310	2887.6666666666665	0.0
320	2919.8333333333335	0.0
330	2993.5	0.0
340	2718.3333333333335	0.0
350	3248.8333333333335	0.0
360	2905.0	0.0
370	3102.1666666666665	0.0
380	2797.0	0.0
390	3068.5	0.0
400	3236.6666666666665	0.0
410	3521.3333333333335	0.0
420	3419.1666666666665	0.0
430	3278.5	0.0
440	3972.8333333333335	0.0
450	3054.8333333333335	0.0
460	3608.3333333333335	0.0
470	3761.0	0.0
480	3440.6666666666665	0.0
490	3896.0	0.0
500	3123.3333333333335	0.0
510	3601.3333333333335	0.0
520	3629.6666666666665	0.0
530	3500.1666666666665	0.0
540	3302.5	0.0
550	3499.3333333333335	0.0
560	3153.0	0.0
570	3945.0	0.0
580	3573.5	0.0
590	3709.8333333333335	0.0
600	3738.8333333333335	0.0
610	4174.5	0.0
620	3735.0	0.0
630	4118.0	0.0
640	3816.0	0.0
650	3961.8333333333335	0.0
660	3150.6666666666665	0.0
670	3545.6666666666665	0.0
680	3830.8333333333335	0.0
690	3655.1666666666665	0.0
700	3888.0	0.0
710	3839.3333333333335	0.0
720	3662.5	0.0
730	3863.3333333333335	0.0
740	3473.6666666666665	0.0
750	3463.8333333333335	0.0
760	3423.8333333333335	0.0
770	3735.6666666666665	0.0
780	3489.1666666666665	0.0
790	3961.1666666666665	0.0
800	3890.3333333333335	0.0
810	3717.3333333333335	0.0
820	4014.5	0.0
830	3438.0	0.0
840	3501.5	0.0
850	3888.6666666666665	0.0
860	2970.0	0.0
870	3602.0	0.0
880	3531.8333333333335	0.0
890	3753.3333333333335	0.0
900	3615.6666666666665	0.0
910	4224.333333333333	0.0
920	4145.333333333333	0.0
930	3824.1666666666665	0.0
940	3893.5	0.0
950	3546.3333333333335	0.0
960	3685.0	0.0
970	3465.6666666666665	0.0
980	3591.3333333333335	0.0
990	3581.6666666666665	0.0
1000	4080.0	0.0
