0	224.0	0.0
10	1975.6666666666667	416.0
20	1879.3333333333333	584.0
30	1913.5	0.0
40	2281.3333333333335	0.0
50	1913.6666666666667	0.0
60	2024.3333333333333	0.0
70	2307.1666666666665	0.0
80	2455.5	0.0
90	2317.1666666666665	0.0
100	2401.8333333333335	0.0
110	2597.8333333333335	0.0
120	2603.0	0.0
130	2552.1666666666665	0.0
140	2628.1666666666665	0.0
150	2350.0	0.0
160	2525.6666666666665	0.0
170	2279.3333333333335	0.0
180	2471.6666666666665	0.0
190	2426.5	0.0
200	2539.0	0.0
210	2303.1666666666665	0.0
220	2249.5	0.0
230	2527.6666666666665	0.0
240	2614.5	0.0
250	2630.1666666666665	0.0
260	2621.0	0.0
270	2693.3333333333335	0.0
280	2566.1666666666665	0.0
290	2801.1666666666665	0.0
300	2822.6666666666665	0.0
310	2724.8333333333335	0.0
320	2775.3333333333335	0.0
330	2908.5	0.0
340	2977.3333333333335	0.0
350	3401.3333333333335	0.0
360	2429.1666666666665	0.0
370	3072.8333333333335	0.0
380	2550.8333333333335	0.0
390	3166.8333333333335	0.0
400	3767.3333333333335	0.0
410	2727.3333333333335	0.0
420	2977.8333333333335	0.0
430	3067.3333333333335	0.0
440	3345.5	0.0
450	3410.6666666666665	0.0
460	3230.0	0.0
470	3277.8333333333335	0.0
480	3451.5	0.0
490	3697.5	0.0
500	2993.1666666666665	0.0
510	3457.5	0.0
520	3648.6666666666665	0.0
530	3755.5	0.0
540	3458.3333333333335	0.0
550	3447.0	0.0
560	3663.1666666666665	0.0
570	3148.6666666666665	0.0
580	3467.1666666666665	0.0
590	3599.6666666666665	0.0
600	3688.8333333333335	0.0
610	3463.1666666666665	0.0
620	3524.5	0.0
630	3761.5	0.0
640	3774.1666666666665	0.0
650	3891.8333333333335	0.0
660	3468.5	0.0
670	3682.5	0.0
680	4018.0	0.0
690	3809.8333333333335	0.0
700	3962.0	0.0
710	3498.0	0.0
720	3766.8333333333335	0.0
730	3815.0	0.0
740	3627.8333333333335	0.0
750	3699.8333333333335	0.0
760	3841.6666666666665	0.0
770	3353.5	0.0
780	3791.3333333333335	0.0
790	3311.1666666666665	0.0
800	3992.8333333333335	0.0
810	3303.0	0.0
820	3818.5	0.0
830	3779.0	0.0
840	3659.6666666666665	0.0
850	3425.6666666666665	0.0
860	3745.3333333333335	0.0
870	3866.5	0.0
880	3617.0	0.0
890	3455.5	0.0
900	3822.0	0.0
910	3844.3333333333335	0.0
920	3602.1666666666665	0.0
930	3650.0	0.0
940	3356.0	0.0
950	3502.1666666666665	0.0
960	3858.0	0.0
970	4051.0	0.0
980	3648.1666666666665	0.0
990	3782.1666666666665	0.0
1000	3698.8333333333335	0.0
