0	243.33333333333334	0.0
10	2001.5	963.0
20	2038.5	37.0
30	2222.6666666666665	0.0
40	2035.5	0.0
50	2345.5	0.0
60	2336.8333333333335	0.0
70	2305.8333333333335	0.0
80	2326.5	0.0
90	2407.3333333333335	0.0
100	2417.8333333333335	0.0
110	2359.1666666666665	0.0
120	2607.3333333333335	0.0
130	2500.6666666666665	0.0
140	2527.1666666666665	0.0
150	2883.5	0.0
160	2437.3333333333335	0.0
170	2756.0	0.0
180	2694.0	0.0
190	2923.0	0.0
200	2480.8333333333335	0.0
210	2331.3333333333335	0.0
220	2540.8333333333335	0.0
230	2930.5	0.0
240	2910.0	0.0
250	2372.8333333333335	0.0
260	2651.8333333333335	0.0
270	2469.5	0.0
280	3076.5	0.0
290	2620.0	0.0
300	2606.8333333333335	0.0
310	2741.8333333333335	0.0
320	2981.3333333333335	0.0
330	2626.3333333333335	0.0
340	3036.1666666666665	0.0
350	3463.8333333333335	0.0
360	3512.5	0.0
370	3545.5	0.0
380	3310.0	0.0
390	3146.8333333333335	0.0
400	3235.0	0.0
410	3044.3333333333335	0.0
420	3591.1666666666665	0.0
430	3080.0	0.0
440	3688.1666666666665	0.0
450	4001.0	0.0
460	3323.3333333333335	0.0
470	3341.6666666666665	0.0
480	3154.1666666666665	0.0
490	3233.8333333333335	0.0
500	3000.6666666666665	0.0
510	3591.5	0.0
520	3836.3333333333335	0.0
530	3562.5	0.0
540	3376.5	0.0
550	3816.5	0.0
560	3957.1666666666665	0.0
570	3597.8333333333335	0.0
580	3531.5	0.0
590	3227.1666666666665	0.0
600	3536.0	0.0
610	3493.0	0.0
620	3776.1666666666665	0.0
630	3942.8333333333335	0.0
640	3778.6666666666665	0.0
650	3987.3333333333335	0.0
660	3157.3333333333335	0.0
670	3794.5	0.0
680	3553.5	0.0
690	3804.8333333333335	0.0
700	3571.1666666666665	0.0
710	3997.0	0.0
720	3733.5	0.0
730	4091.1666666666665	0.0
740	3900.8333333333335	0.0
750	3324.1666666666665	0.0
760	3903.3333333333335	0.0
770	3450.6666666666665	0.0
780	3982.0	0.0
790	3919.0	0.0
800	3542.1666666666665	0.0
810	3646.8333333333335	0.0
820	3948.3333333333335	0.0
830	3963.1666666666665	0.0
840	3558.1666666666665	0.0
850	3422.6666666666665	0.0
860	4052.3333333333335	0.0
870	3974.0	0.0
880	3747.8333333333335	0.0
890	3647.5	0.0
900	3876.0	0.0
910	3659.0	0.0
920	3645.0	0.0
930	3745.8333333333335	0.0
940	3902.1666666666665	0.0
950	3702.3333333333335	0.0
960	4209.666666666667	0.0
970	3688.0	0.0
980	3468.6666666666665	0.0
990	3899.0	0.0
1000	3758.5	0.0
