0	263.0	0.0	0.0	0.0	0.0	0.0	0.0
10	1769.6666666666667	47.0	239.0	23.0	32.0	7.0	15.0
20	2011.5	63.0	228.0	41.0	30.0	3.0	33.0
30	2250.0	81.0	380.0	16.0	69.0	4.0	12.0
40	2062.3333333333335	77.0	209.0	50.0	36.0	7.0	41.0
50	2142.3333333333335	10.0	152.0	5.0	10.0	5.0	0.0
60	2443.0	31.0	342.0	14.0	25.0	8.0	6.0
70	2571.5	24.0	132.0	7.0	23.0	6.0	1.0
80	2514.0	4.0	82.0	6.0	3.0	4.0	1.0
90	2419.3333333333335	23.0	147.0	11.0	13.0	1.0	10.0
100	2211.0	76.0	287.0	46.0	38.0	8.0	38.0
110	2562.3333333333335	33.0	196.0	17.0	18.0	2.0	15.0
120	2296.5	7.0	162.0	5.0	6.0	4.0	1.0
130	2568.8333333333335	13.0	120.0	12.0	6.0	5.0	7.0
140	2151.0	35.0	298.0	13.0	27.0	4.0	8.0
150	2157.6666666666665	48.0	201.0	9.0	41.0	1.0	7.0
160	2019.8333333333333	31.0	400.0	25.0	18.0	8.0	13.0
170	2653.8333333333335	82.0	210.0	52.0	34.0	2.0	48.0
180	2856.5	67.0	313.0	50.0	28.0	9.0	39.0
190	2697.0	12.0	182.0	11.0	3.0	2.0	9.0
200	2673.1666666666665	17.0	293.0	9.0	15.0	6.0	2.0
210	2843.8333333333335	46.0	185.0	46.0	11.0	8.0	35.0
220	2090.3333333333335	35.0	347.0	23.0	20.0	7.0	15.0
230	2644.8333333333335	63.0	332.0	58.0	17.0	10.0	46.0
240	3032.1666666666665	40.0	167.0	38.0	7.0	5.0	33.0
250	2932.3333333333335	26.0	311.0	23.0	14.0	10.0	12.0
260	3156.6666666666665	6.0	76.0	6.0	2.0	2.0	4.0
270	3364.8333333333335	3.0	94.0	1.0	3.0	1.0	0.0
280	3523.3333333333335	0.0	0.0	0.0	0.0	0.0	0.0
290	3369.6666666666665	0.0	0.0	0.0	0.0	0.0	0.0
300	3689.0	0.0	0.0	0.0	0.0	0.0	0.0
310	3165.0	0.0	0.0	0.0	0.0	0.0	0.0
320	3736.8333333333335	0.0	0.0	0.0	0.0	0.0	0.0
330	3187.1666666666665	0.0	0.0	0.0	0.0	0.0	0.0
340	3581.6666666666665	0.0	0.0	0.0	0.0	0.0	0.0
350	2819.0	0.0	0.0	0.0	0.0	0.0	0.0
360	3756.3333333333335	0.0	0.0	0.0	0.0	0.0	0.0
370	3650.3333333333335	0.0	0.0	0.0	0.0	0.0	0.0
380	3551.5	0.0	0.0	0.0	0.0	0.0	0.0
390	3413.6666666666665	0.0	0.0	0.0	0.0	0.0	0.0
400	3453.3333333333335	0.0	0.0	0.0	0.0	0.0	0.0
410	3153.8333333333335	0.0	0.0	0.0	0.0	0.0	0.0
420	3694.0	0.0	0.0	0.0	0.0	0.0	0.0
430	3201.0	0.0	0.0	0.0	0.0	0.0	0.0
440	4102.333333333333	0.0	0.0	0.0	0.0	0.0	0.0
450	3392.3333333333335	0.0	0.0	0.0	0.0	0.0	0.0
460	3886.1666666666665	0.0	0.0	0.0	0.0	0.0	0.0
470	3784.8333333333335	0.0	0.0	0.0	0.0	0.0	0.0
480	3514.5	0.0	0.0	0.0	0.0	0.0	0.0
490	3459.3333333333335	0.0	0.0	0.0	0.0	0.0	0.0
500	3830.6666666666665	0.0	0.0	0.0	0.0	0.0	0.0
510	4004.1666666666665	0.0	0.0	0.0	0.0	0.0	0.0
520	3964.0	0.0	0.0	0.0	0.0	0.0	0.0
530	3779.5	0.0	0.0	0.0	0.0	0.0	0.0
540	3855.1666666666665	0.0	0.0	0.0	0.0	0.0	0.0
550	3579.1666666666665	0.0	0.0	0.0	0.0	0.0	0.0
560	3808.1666666666665	0.0	0.0	0.0	0.0	0.0	0.0
570	3966.5	0.0	0.0	0.0	0.0	0.0	0.0
580	3900.1666666666665	0.0	0.0	0.0	0.0	0.0	0.0
590	3891.3333333333335	0.0	0.0	0.0	0.0	0.0	0.0
600	3893.6666666666665	0.0	0.0	0.0	0.0	0.0	0.0
610	3598.6666666666665	0.0	0.0	0.0	0.0	0.0	0.0
620	3805.0	0.0	0.0	0.0	0.0	0.0	0.0
630	3451.6666666666665	0.0	0.0	0.0	0.0	0.0	0.0
640	3765.6666666666665	0.0	0.0	0.0	0.0	0.0	0.0
650	3853.8333333333335	0.0	0.0	0.0	0.0	0.0	0.0
660	3519.3333333333335	0.0	0.0	0.0	0.0	0.0	0.0
670	3700.3333333333335	0.0	0.0	0.0	0.0	0.0	0.0
680	3255.8333333333335	0.0	0.0	0.0	0.0	0.0	0.0
690	3967.1666666666665	0.0	0.0	0.0	0.0	0.0	0.0
700	3639.6666666666665	0.0	0.0	0.0	0.0	0.0	0.0
710	4003.6666666666665	0.0	0.0	0.0	0.0	0.0	0.0
720	3585.1666666666665	0.0	0.0	0.0	0.0	0.0	0.0
730	3600.8333333333335	0.0	0.0	0.0	0.0	0.0	0.0
740	3820.3333333333335	0.0	0.0	0.0	0.0	0.0	0.0
750	3675.8333333333335	0.0	0.0	0.0	0.0	0.0	0.0
760	3721.3333333333335	0.0	0.0	0.0	0.0	0.0	0.0
770	3569.3333333333335	0.0	0.0	0.0	0.0	0.0	0.0
780	3817.5	0.0	0.0	0.0	0.0	0.0	0.0
790	3638.8333333333335	0.0	0.0	0.0	0.0	0.0	0.0
800	3636.5	0.0	0.0	0.0	0.0	0.0	0.0
810	3745.1666666666665	0.0	0.0	0.0	0.0	0.0	0.0
820	3883.0	0.0	0.0	0.0	0.0	0.0	0.0
830	3770.8333333333335	0.0	0.0	0.0	0.0	0.0	0.0
840	4202.0	0.0	0.0	0.0	0.0	0.0	0.0
850	3910.3333333333335	0.0	0.0	0.0	0.0	0.0	0.0
860	3737.3333333333335	0.0	0.0	0.0	0.0	0.0	0.0
870	3883.3333333333335	0.0	0.0	0.0	0.0	0.0	0.0
880	3918.5	0.0	0.0	0.0	0.0	0.0	0.0
890	3839.3333333333335	0.0	0.0	0.0	0.0	0.0	0.0
900	3966.0	0.0	0.0	0.0	0.0	0.0	0.0
910	3873.5	0.0	0.0	0.0	0.0	0.0	0.0
920	3889.1666666666665	0.0	0.0	0.0	0.0	0.0	0.0
930	3857.6666666666665	0.0	0.0	0.0	0.0	0.0	0.0
940	3488.1666666666665	0.0	0.0	0.0	0.0	0.0	0.0
950	3390.6666666666665	0.0	0.0	0.0	0.0	0.0	0.0
960	3892.5	0.0	0.0	0.0	0.0	0.0	0.0
970	3660.1666666666665	0.0	0.0	0.0	0.0	0.0	0.0
980	3647.0	0.0	0.0	0.0	0.0	0.0	0.0
990	3881.6666666666665	0.0	0.0	0.0	0.0	0.0	0.0
1000	3683.0	0.0	0.0	0.0	0.0	0.0	0.0
