0	267.3333333333333	0.0	0.0	0.0	0.0	0.0	0.0
10	1998.1666666666667	19.0	128.0	4.0	19.0	4.0	0.0
20	2194.5	75.0	294.0	50.0	38.0	7.0	37.0
30	2030.5	25.0	205.0	6.0	25.0	5.0	0.0
40	2146.1666666666665	29.0	288.0	9.0	28.0	7.0	1.0
50	2039.3333333333333	118.0	234.0	76.0	45.0	3.0	73.0
60	1926.0	65.0	166.0	50.0	21.0	5.0	44.0
70	2408.3333333333335	38.0	361.0	15.0	27.0	4.0	11.0
80	2593.6666666666665	41.0	220.0	13.0	32.0	3.0	9.0
90	2564.3333333333335	90.0	246.0	61.0	34.0	4.0	56.0
100	2470.5	68.0	240.0	47.0	29.0	7.0	39.0
110	2761.3333333333335	34.0	130.0	7.0	29.0	2.0	5.0
120	2064.6666666666665	23.0	181.0	9.0	20.0	6.0	3.0
130	2272.3333333333335	14.0	233.0	14.0	6.0	6.0	8.0
140	2161.0	65.0	187.0	46.0	26.0	6.0	39.0
150	2294.3333333333335	26.0	260.0	22.0	8.0	4.0	18.0
160	2631.1666666666665	29.0	418.0	24.0	13.0	8.0	16.0
170	2650.0	43.0	432.0	20.0	35.0	5.0	8.0
180	2818.5	12.0	208.0	4.0	11.0	3.0	1.0
190	2723.5	25.0	485.0	30.0	9.0	14.0	16.0
200	2919.6666666666665	19.0	187.0	18.0	8.0	7.0	11.0
210	3025.6666666666665	17.0	351.0	11.0	11.0	5.0	6.0
220	2878.1666666666665	17.0	288.0	21.0	1.0	5.0	16.0
230	2839.3333333333335	5.0	197.0	12.0	1.0	8.0	4.0
240	2880.1666666666665	9.0	270.0	18.0	3.0	11.0	6.0
250	3493.8333333333335	56.0	353.0	57.0	3.0	3.0	53.0
260	2829.0	5.0	316.0	21.0	2.0	17.0	3.0
270	3024.0	33.0	449.0	37.0	3.0	7.0	30.0
280	3332.1666666666665	0.0	0.0	0.0	0.0	0.0	0.0
290	2971.0	0.0	0.0	0.0	0.0	0.0	0.0
300	2801.1666666666665	0.0	0.0	0.0	0.0	0.0	0.0
310	3545.0	0.0	0.0	0.0	0.0	0.0	0.0
320	2794.0	0.0	0.0	0.0	0.0	0.0	0.0
330	3403.3333333333335	0.0	0.0	0.0	0.0	0.0	0.0
340	3524.1666666666665	0.0	0.0	0.0	0.0	0.0	0.0
350	3412.6666666666665	0.0	0.0	0.0	0.0	0.0	0.0
360	3851.5	0.0	0.0	0.0	0.0	0.0	0.0
370	3387.1666666666665	0.0	0.0	0.0	0.0	0.0	0.0
380	3576.0	0.0	0.0	0.0	0.0	0.0	0.0
390	3785.8333333333335	0.0	0.0	0.0	0.0	0.0	0.0
400	3518.8333333333335	0.0	0.0	0.0	0.0	0.0	0.0
410	3317.0	0.0	0.0	0.0	0.0	0.0	0.0
420	3794.1666666666665	0.0	0.0	0.0	0.0	0.0	0.0
430	3966.5	0.0	0.0	0.0	0.0	0.0	0.0
440	3148.6666666666665	0.0	0.0	0.0	0.0	0.0	0.0
450	3927.0	0.0	0.0	0.0	0.0	0.0	0.0
460	3631.5	0.0	0.0	0.0	0.0	0.0	0.0
470	4101.5	0.0	0.0	0.0	0.0	0.0	0.0
480	3399.6666666666665	0.0	0.0	0.0	0.0	0.0	0.0
490	3562.1666666666665	0.0	0.0	0.0	0.0	0.0	0.0
500	4167.333333333333	0.0	0.0	0.0	0.0	0.0	0.0
510	3275.5	0.0	0.0	0.0	0.0	0.0	0.0
520	3590.6666666666665	0.0	0.0	0.0	0.0	0.0	0.0
530	3455.3333333333335	0.0	0.0	0.0	0.0	0.0	0.0
540	3607.0	0.0	0.0	0.0	0.0	0.0	0.0
550	3764.1666666666665	0.0	0.0	0.0	0.0	0.0	0.0
560	3706.6666666666665	0.0	0.0	0.0	0.0	0.0	0.0
570	3883.6666666666665	0.0	0.0	0.0	0.0	0.0	0.0
580	3052.3333333333335	0.0	0.0	0.0	0.0	0.0	0.0
590	3772.0	0.0	0.0	0.0	0.0	0.0	0.0
600	3750.0	0.0	0.0	0.0	0.0	0.0	0.0
610	3662.5	0.0	0.0	0.0	0.0	0.0	0.0
620	3799.8333333333335	0.0	0.0	0.0	0.0	0.0	0.0
630	3665.1666666666665	0.0	0.0	0.0	0.0	0.0	0.0
640	3611.0	0.0	0.0	0.0	0.0	0.0	0.0
650	3625.6666666666665	0.0	0.0	0.0	0.0	0.0	0.0
660	4095.3333333333335	0.0	0.0	0.0	0.0	0.0	0.0
670	3670.1666666666665	0.0	0.0	0.0	0.0	0.0	0.0
680	3824.5	0.0	0.0	0.0	0.0	0.0	0.0
690	3573.6666666666665	0.0	0.0	0.0	0.0	0.0	0.0
700	3747.3333333333335	0.0	0.0	0.0	0.0	0.0	0.0
710	3622.0	0.0	0.0	0.0	0.0	0.0	0.0
720	3865.5	0.0	0.0	0.0	0.0	0.0	0.0
730	3755.5	0.0	0.0	0.0	0.0	0.0	0.0
740	3539.8333333333335	0.0	0.0	0.0	0.0	0.0	0.0
750	3719.1666666666665	0.0	0.0	0.0	0.0	0.0	0.0
760	4232.0	0.0	0.0	0.0	0.0	0.0	0.0
770	3061.8333333333335	0.0	0.0	0.0	0.0	0.0	0.0
780	3824.8333333333335	0.0	0.0	0.0	0.0	0.0	0.0
790	3558.0	0.0	0.0	0.0	0.0	0.0	0.0
800	3822.1666666666665	0.0	0.0	0.0	0.0	0.0	0.0
810	3683.1666666666665	0.0	0.0	0.0	0.0	0.0	0.0
820	3642.6666666666665	0.0	0.0	0.0	0.0	0.0	0.0
830	4095.1666666666665	0.0	0.0	0.0	0.0	0.0	0.0
840	3166.5	0.0	0.0	0.0	0.0	0.0	0.0
850	3855.1666666666665	0.0	0.0	0.0	0.0	0.0	0.0
860	3612.5	0.0	0.0	0.0	0.0	0.0	0.0
870	3852.3333333333335	0.0	0.0	0.0	0.0	0.0	0.0
880	3727.0	0.0	0.0	0.0	0.0	0.0	0.0
890	3734.5	0.0	0.0	0.0	0.0	0.0	0.0
900	3523.5	0.0	0.0	0.0	0.0	0.0	0.0
910	3909.8333333333335	0.0	0.0	0.0	0.0	0.0	0.0
920	3891.6666666666665	0.0	0.0	0.0	0.0	0.0	0.0
930	3915.0	0.0	0.0	0.0	0.0	0.0	0.0
940	3718.6666666666665	0.0	0.0	0.0	0.0	0.0	0.0
950	3627.1666666666665	0.0	0.0	0.0	0.0	0.0	0.0
960	3989.6666666666665	0.0	0.0	0.0	0.0	0.0	0.0
970	3865.5	0.0	0.0	0.0	0.0	0.0	0.0
980	3774.8333333333335	0.0	0.0	0.0	0.0	0.0	0.0
990	3730.1666666666665	0.0	0.0	0.0	0.0	0.0	0.0
1000	3542.3333333333335	0.0	0.0	0.0	0.0	0.0	0.0
