0	245.0	0.0	0.0	0.0	0.0	0.0	0.0
10	2213.5	80.0	144.0	55.0	32.0	6.0	48.0
20	1823.6666666666667	75.0	383.0	35.0	54.0	14.0	21.0
30	2041.5	37.0	272.0	14.0	30.0	7.0	7.0
40	1982.3333333333333	31.0	223.0	7.0	28.0	3.0	3.0
50	2301.0	27.0	88.0	13.0	23.0	5.0	4.0
60	2123.0	45.0	312.0	20.0	29.0	4.0	16.0
70	2342.6666666666665	42.0	273.0	9.0	41.0	5.0	1.0
80	2379.8333333333335	24.0	244.0	12.0	18.0	6.0	6.0
90	2271.1666666666665	15.0	126.0	10.0	8.0	2.0	7.0
100	2659.0	45.0	93.0	27.0	20.0	2.0	25.0
110	2600.5	19.0	209.0	6.0	19.0	6.0	0.0
120	2269.6666666666665	44.0	288.0	23.0	26.0	5.0	18.0
130	2373.5	36.0	236.0	32.0	9.0	4.0	27.0
140	2256.1666666666665	25.0	310.0	13.0	23.0	11.0	2.0
150	2232.0	28.0	247.0	8.0	26.0	6.0	2.0
160	2389.5	36.0	93.0	28.0	12.0	4.0	24.0
170	2345.0	45.0	269.0	16.0	39.0	9.0	6.0
180	2417.5	19.0	365.0	15.0	15.0	8.0	4.0
190	2620.5	23.0	275.0	13.0	19.0	9.0	4.0
200	2618.5	20.0	237.0	15.0	11.0	6.0	9.0
210	2580.0	19.0	191.0	10.0	14.0	4.0	5.0
220	2785.1666666666665	23.0	281.0	14.0	20.0	10.0	3.0
230	2858.0	12.0	295.0	8.0	10.0	6.0	2.0
240	2868.8333333333335	73.0	222.0	55.0	19.0	1.0	54.0
250	3202.8333333333335	17.0	206.0	12.0	11.0	6.0	6.0
260	2965.3333333333335	21.0	228.0	28.0	2.0	9.0	19.0
270	3142.5	35.0	174.0	39.0	4.0	7.0	31.0
280	3217.5	9.0	330.0	17.0	2.0	10.0	7.0
290	3150.1666666666665	34.0	150.0	33.0	1.0	0.0	33.0
300	3041.8333333333335	8.0	427.0	22.0	3.0	17.0	5.0
310	2921.1666666666665	18.0	348.0	31.0	2.0	15.0	16.0
320	3367.3333333333335	5.0	324.0	12.0	2.0	9.0	3.0
330	3365.5	5.0	359.0	20.0	1.0	16.0	4.0
340	3290.3333333333335	5.0	421.0	10.0	1.0	6.0	4.0
350	3025.6666666666665	0.0	0.0	0.0	0.0	0.0	0.0
360	3196.1666666666665	0.0	0.0	0.0	0.0	0.0	0.0
370	3127.1666666666665	0.0	0.0	0.0	0.0	0.0	0.0
380	3833.6666666666665	0.0	0.0	0.0	0.0	0.0	0.0
390	3567.8333333333335	0.0	0.0	0.0	0.0	0.0	0.0
400	3790.8333333333335	0.0	0.0	0.0	0.0	0.0	0.0
410	3484.5	0.0	0.0	0.0	0.0	0.0	0.0
420	3282.6666666666665	0.0	0.0	0.0	0.0	0.0	0.0
430	2917.1666666666665	0.0	0.0	0.0	0.0	0.0	0.0
440	3694.1666666666665	0.0	0.0	0.0	0.0	0.0	0.0
450	3818.6666666666665	0.0	0.0	0.0	0.0	0.0	0.0
460	3763.6666666666665	0.0	0.0	0.0	0.0	0.0	0.0
470	2740.1666666666665	0.0	0.0	0.0	0.0	0.0	0.0
480	3214.1666666666665	0.0	0.0	0.0	0.0	0.0	0.0
490	3597.0	0.0	0.0	0.0	0.0	0.0	0.0
500	3136.0	0.0	0.0	0.0	0.0	0.0	0.0
510	3397.8333333333335	0.0	0.0	0.0	0.0	0.0	0.0
520	3793.3333333333335	0.0	0.0	0.0	0.0	0.0	0.0
530	3304.6666666666665	0.0	0.0	0.0	0.0	0.0	0.0
540	3445.5	0.0	0.0	0.0	0.0	0.0	0.0
550	3366.8333333333335	0.0	0.0	0.0	0.0	0.0	0.0
560	3289.0	0.0	0.0	0.0	0.0	0.0	0.0
570	3039.1666666666665	0.0	0.0	0.0	0.0	0.0	0.0
580	3531.0	0.0	0.0	0.0	0.0	0.0	0.0
590	3836.1666666666665	0.0	0.0	0.0	0.0	0.0	0.0
600	3664.8333333333335	0.0	0.0	0.0	0.0	0.0	0.0
610	3704.1666666666665	0.0	0.0	0.0	0.0	0.0	0.0
620	3898.5	0.0	0.0	0.0	0.0	0.0	0.0
630	4004.1666666666665	0.0	0.0	0.0	0.0	0.0	0.0
640	4024.0	0.0	0.0	0.0	0.0	0.0	0.0
650	3458.5	0.0	0.0	0.0	0.0	0.0	0.0
660	3791.5	0.0	0.0	0.0	0.0	0.0	0.0
670	3842.1666666666665	0.0	0.0	0.0	0.0	0.0	0.0
680	4145.166666666667	0.0	0.0	0.0	0.0	0.0	0.0
690	3624.1666666666665	0.0	0.0	0.0	0.0	0.0	0.0
700	3520.8333333333335	0.0	0.0	0.0	0.0	0.0	0.0
710	3782.3333333333335	0.0	0.0	0.0	0.0	0.0	0.0
720	3544.1666666666665	0.0	0.0	0.0	0.0	0.0	0.0
730	3903.6666666666665	0.0	0.0	0.0	0.0	0.0	0.0
740	4092.1666666666665	0.0	0.0	0.0	0.0	0.0	0.0
750	3751.3333333333335	0.0	0.0	0.0	0.0	0.0	0.0
760	3865.5	0.0	0.0	0.0	0.0	0.0	0.0
770	3728.8333333333335	0.0	0.0	0.0	0.0	0.0	0.0
780	3758.1666666666665	0.0	0.0	0.0	0.0	0.0	0.0
790	3837.3333333333335	0.0	0.0	0.0	0.0	0.0	0.0
800	3914.6666666666665	0.0	0.0	0.0	0.0	0.0	0.0
810	3989.6666666666665	0.0	0.0	0.0	0.0	0.0	0.0
820	3731.5	0.0	0.0	0.0	0.0	0.0	0.0
830	3915.0	0.0	0.0	0.0	0.0	0.0	0.0
840	3918.5	0.0	0.0	0.0	0.0	0.0	0.0
850	3711.6666666666665	0.0	0.0	0.0	0.0	0.0	0.0
860	3570.3333333333335	0.0	0.0	0.0	0.0	0.0	0.0
870	3919.5	0.0	0.0	0.0	0.0	0.0	0.0
880	3692.6666666666665	0.0	0.0	0.0	0.0	0.0	0.0
890	3822.8333333333335	0.0	0.0	0.0	0.0	0.0	0.0
900	3716.5	0.0	0.0	0.0	0.0	0.0	0.0
910	3727.1666666666665	0.0	0.0	0.0	0.0	0.0	0.0
920	3847.5	0.0	0.0	0.0	0.0	0.0	0.0
930	3276.1666666666665	0.0	0.0	0.0	0.0	0.0	0.0
940	3691.3333333333335	0.0	0.0	0.0	0.0	0.0	0.0
950	4044.3333333333335	0.0	0.0	0.0	0.0	0.0	0.0
960	3520.1666666666665	0.0	0.0	0.0	0.0	0.0	0.0
970	3812.3333333333335	0.0	0.0	0.0	0.0	0.0	0.0
980	3900.1666666666665	0.0	0.0	0.0	0.0	0.0	0.0
990	3832.1666666666665	0.0	0.0	0.0	0.0	0.0	0.0
1000	3912.3333333333335	0.0	0.0	0.0	0.0	0.0	0.0
