0	251.0	0.0
10	1968.8333333333333	1000.0
20	1986.1666666666667	0.0
30	2135.3333333333335	0.0
40	2180.8333333333335	0.0
50	2005.6666666666667	0.0
60	1946.8333333333333	0.0
70	2020.5	0.0
80	2091.0	0.0
90	2227.0	0.0
100	2130.6666666666665	0.0
110	2096.1666666666665	0.0
120	2110.8333333333335	0.0
130	2142.5	0.0
140	2247.0	0.0
150	2326.1666666666665	0.0
160	2222.0	0.0
170	2215.8333333333335	0.0
180	2336.3333333333335	0.0
190	2414.1666666666665	0.0
200	2457.0	0.0
210	2249.6666666666665	0.0
220	2202.6666666666665	0.0
230	2456.1666666666665	0.0
240	2386.3333333333335	0.0
250	2569.0	0.0
260	2112.0	0.0
270	2310.5	0.0
280	2553.5	0.0
290	2478.1666666666665	0.0
300	2288.1666666666665	0.0
310	2336.0	0.0
320	2340.1666666666665	0.0
330	2276.0	0.0
340	2623.1666666666665	0.0
350	2628.3333333333335	0.0
360	2511.8333333333335	0.0
370	2283.8333333333335	0.0
380	2482.0	0.0
390	2806.6666666666665	0.0
400	2359.5	0.0
410	2668.6666666666665	0.0
420	2576.1666666666665	0.0
430	2648.0	0.0
440	2493.5	0.0
450	2756.5	0.0
460	2727.1666666666665	0.0
470	2619.0	0.0
480	2687.5	0.0
490	2598.1666666666665	0.0
500	2675.5	0.0
510	2857.3333333333335	0.0
520	2507.6666666666665	0.0
530	2855.8333333333335	0.0
540	2631.0	0.0
550	2417.5	0.0
560	2681.3333333333335	0.0
570	2574.0	0.0
580	2613.0	0.0
590	2831.8333333333335	0.0
600	2974.6666666666665	0.0
610	2857.3333333333335	0.0
620	2913.1666666666665	0.0
630	2777.0	0.0
640	2585.6666666666665	0.0
650	2823.5	0.0
660	3197.1666666666665	0.0
670	2859.8333333333335	0.0
680	3002.0	0.0
690	3049.6666666666665	0.0
700	2816.0	0.0
710	3174.5	0.0
720	2764.8333333333335	0.0
730	2748.3333333333335	0.0
740	2769.3333333333335	0.0
750	2896.0	0.0
760	2879.5	0.0
770	2961.1666666666665	0.0
780	3079.0	0.0
790	2808.3333333333335	0.0
800	2884.6666666666665	0.0
810	3097.0	0.0
820	2925.3333333333335	0.0
830	2925.3333333333335	0.0
840	3112.0	0.0
850	2822.0	0.0
860	3049.6666666666665	0.0
870	3058.3333333333335	0.0
880	2925.0	0.0
890	3127.0	0.0
900	2910.5	0.0
910	3163.6666666666665	0.0
920	2764.3333333333335	0.0
930	2797.8333333333335	0.0
940	2966.0	0.0
950	3135.0	0.0
960	2824.5	0.0
970	3038.5	0.0
980	2925.8333333333335	0.0
990	2951.6666666666665	0.0
1000	2888.5	0.0
