0	277.0	0.0
10	2015.8333333333333	1000.0
20	2071.1666666666665	0.0
30	1973.6666666666667	0.0
40	1985.6666666666667	0.0
50	2025.3333333333333	0.0
60	2222.5	0.0
70	1983.6666666666667	0.0
80	2127.8333333333335	0.0
90	2055.0	0.0
100	2034.0	0.0
110	2073.3333333333335	0.0
120	1875.1666666666667	0.0
130	2293.8333333333335	0.0
140	2262.0	0.0
150	2415.0	0.0
160	2298.3333333333335	0.0
170	2289.6666666666665	0.0
180	2224.3333333333335	0.0
190	2147.5	0.0
200	2251.6666666666665	0.0
210	2418.6666666666665	0.0
220	2281.3333333333335	0.0
230	2360.8333333333335	0.0
240	2525.6666666666665	0.0
250	2526.5	0.0
260	2338.8333333333335	0.0
270	2106.5	0.0
280	2512.1666666666665	0.0
290	2429.5	0.0
300	2190.1666666666665	0.0
310	2549.3333333333335	0.0
320	2562.1666666666665	0.0
330	2392.3333333333335	0.0
340	2329.8333333333335	0.0
350	2517.6666666666665	0.0
360	2235.1666666666665	0.0
370	2612.6666666666665	0.0
380	2519.8333333333335	0.0
390	2464.6666666666665	0.0
400	2486.3333333333335	0.0
410	2323.0	0.0
420	2398.8333333333335	0.0
430	2736.8333333333335	0.0
440	2547.3333333333335	0.0
450	2420.6666666666665	0.0
460	2550.8333333333335	0.0
470	2524.1666666666665	0.0
480	2610.0	0.0
490	2569.5	0.0
500	2914.3333333333335	0.0
510	2785.0	0.0
520	2691.1666666666665	0.0
530	2536.0	0.0
540	2624.3333333333335	0.0
550	2565.0	0.0
560	2467.3333333333335	0.0
570	2483.0	0.0
580	2709.6666666666665	0.0
590	2677.1666666666665	0.0
600	2713.1666666666665	0.0
610	2501.3333333333335	0.0
620	2662.5	0.0
630	2463.8333333333335	0.0
640	3002.3333333333335	0.0
650	2795.3333333333335	0.0
660	2744.3333333333335	0.0
670	2595.3333333333335	0.0
680	2573.8333333333335	0.0
690	2746.1666666666665	0.0
700	2829.0	0.0
710	2747.3333333333335	0.0
720	2997.0	0.0
730	2725.5	0.0
740	2660.8333333333335	0.0
750	2760.1666666666665	0.0
760	2897.5	0.0
770	2694.5	0.0
780	2768.6666666666665	0.0
790	2739.8333333333335	0.0
800	2926.6666666666665	0.0
810	2765.3333333333335	0.0
820	2809.1666666666665	0.0
830	2985.3333333333335	0.0
840	2570.1666666666665	0.0
850	2789.6666666666665	0.0
860	2584.0	0.0
870	2853.3333333333335	0.0
880	2751.1666666666665	0.0
890	2929.0	0.0
900	2641.1666666666665	0.0
910	3042.8333333333335	0.0
920	2782.8333333333335	0.0
930	2805.3333333333335	0.0
940	3012.5	0.0
950	3038.8333333333335	0.0
960	2673.3333333333335	0.0
970	2711.1666666666665	0.0
980	3146.6666666666665	0.0
990	2930.6666666666665	0.0
1000	2961.0	0.0
