0	266.0	0.0	0.0	0.0	0.0	0.0	0.0
10	1978.5	46.0	101.0	18.0	34.0	3.0	12.0
20	1752.8333333333333	100.0	228.0	42.0	69.0	11.0	31.0
30	2165.5	47.0	214.0	29.0	26.0	8.0	21.0
40	1844.6666666666667	16.0	63.0	6.0	10.0	0.0	6.0
50	2212.8333333333335	20.0	101.0	5.0	19.0	4.0	1.0
60	2410.5	39.0	190.0	8.0	39.0	8.0	0.0
70	2152.3333333333335	44.0	160.0	27.0	22.0	4.0	22.0
80	2405.3333333333335	24.0	83.0	18.0	6.0	0.0	18.0
90	2558.5	23.0	39.0	21.0	4.0	2.0	19.0
100	2224.3333333333335	14.0	151.0	5.0	12.0	2.0	2.0
110	2509.8333333333335	12.0	139.0	0.0	12.0	0.0	0.0
120	2309.6666666666665	86.0	190.0	39.0	52.0	5.0	34.0
130	2506.0	16.0	99.0	7.0	15.0	4.0	1.0
140	2947.5	41.0	178.0	22.0	25.0	5.0	16.0
150	2771.5	10.0	63.0	1.0	10.0	1.0	0.0
160	2525.6666666666665	67.0	223.0	32.0	43.0	5.0	24.0
170	2594.0	9.0	148.0	5.0	8.0	4.0	1.0
180	2555.5	26.0	142.0	15.0	16.0	5.0	10.0
190	2462.1666666666665	14.0	266.0	17.0	4.0	7.0	10.0
200	2816.5	35.0	97.0	35.0	2.0	1.0	33.0
210	2423.0	26.0	261.0	18.0	13.0	5.0	13.0
220	2336.3333333333335	7.0	108.0	5.0	5.0	3.0	2.0
230	2687.5	37.0	214.0	43.0	2.0	8.0	35.0
240	2862.5	15.0	260.0	15.0	10.0	9.0	5.0
250	3048.3333333333335	38.0	127.0	36.0	4.0	2.0	34.0
260	2915.0	25.0	131.0	26.0	5.0	6.0	20.0
270	2574.1666666666665	96.0	158.0	101.0	4.0	9.0	92.0
280	3134.1666666666665	17.0	161.0	19.0	2.0	4.0	15.0
290	3209.1666666666665	37.0	180.0	40.0	2.0	5.0	35.0
300	3142.5	13.0	4.0	13.0	0.0	0.0	13.0
310	3530.5	0.0	0.0	0.0	0.0	0.0	0.0
320	3549.1666666666665	0.0	0.0	0.0	0.0	0.0	0.0
330	3523.5	0.0	0.0	0.0	0.0	0.0	0.0
340	3242.5	0.0	0.0	0.0	0.0	0.0	0.0
350	3055.0	0.0	0.0	0.0	0.0	0.0	0.0
360	3540.3333333333335	0.0	0.0	0.0	0.0	0.0	0.0
370	3242.1666666666665	0.0	0.0	0.0	0.0	0.0	0.0
380	3778.1666666666665	0.0	0.0	0.0	0.0	0.0	0.0
390	3653.0	0.0	0.0	0.0	0.0	0.0	0.0
400	3478.1666666666665	0.0	0.0	0.0	0.0	0.0	0.0
410	3704.0	0.0	0.0	0.0	0.0	0.0	0.0
420	4014.3333333333335	0.0	0.0	0.0	0.0	0.0	0.0
430	3369.1666666666665	0.0	0.0	0.0	0.0	0.0	0.0
440	3108.5	0.0	0.0	0.0	0.0	0.0	0.0
450	3523.5	0.0	0.0	0.0	0.0	0.0	0.0
460	3443.5	0.0	0.0	0.0	0.0	0.0	0.0
470	3628.1666666666665	0.0	0.0	0.0	0.0	0.0	0.0
480	3199.3333333333335	0.0	0.0	0.0	0.0	0.0	0.0
490	3089.6666666666665	0.0	0.0	0.0	0.0	0.0	0.0
500	3736.6666666666665	0.0	0.0	0.0	0.0	0.0	0.0
510	3580.3333333333335	0.0	0.0	0.0	0.0	0.0	0.0
520	3385.3333333333335	0.0	0.0	0.0	0.0	0.0	0.0
530	3655.1666666666665	0.0	0.0	0.0	0.0	0.0	0.0
540	4240.5	0.0	0.0	0.0	0.0	0.0	0.0
550	2887.0	0.0	0.0	0.0	0.0	0.0	0.0
560	3565.5	0.0	0.0	0.0	0.0	0.0	0.0
570	3307.5	0.0	0.0	0.0	0.0	0.0	0.0
580	4135.666666666667	0.0	0.0	0.0	0.0	0.0	0.0
590	4009.0	0.0	0.0	0.0	0.0	0.0	0.0
600	3770.1666666666665	0.0	0.0	0.0	0.0	0.0	0.0
610	3746.1666666666665	0.0	0.0	0.0	0.0	0.0	0.0
620	3707.8333333333335	0.0	0.0	0.0	0.0	0.0	0.0
630	3932.3333333333335	0.0	0.0	0.0	0.0	0.0	0.0
640	3659.3333333333335	0.0	0.0	0.0	0.0	0.0	0.0
650	3848.3333333333335	0.0	0.0	0.0	0.0	0.0	0.0
660	3506.1666666666665	0.0	0.0	0.0	0.0	0.0	0.0
670	3760.5	0.0	0.0	0.0	0.0	0.0	0.0
680	4026.5	0.0	0.0	0.0	0.0	0.0	0.0
690	3446.8333333333335	0.0	0.0	0.0	0.0	0.0	0.0
700	4040.5	0.0	0.0	0.0	0.0	0.0	0.0
710	3432.3333333333335	0.0	0.0	0.0	0.0	0.0	0.0
720	4181.5	0.0	0.0	0.0	0.0	0.0	0.0
730	4044.5	0.0	0.0	0.0	0.0	0.0	0.0
740	3635.8333333333335	0.0	0.0	0.0	0.0	0.0	0.0
750	3677.8333333333335	0.0	0.0	0.0	0.0	0.0	0.0
760	3912.5	0.0	0.0	0.0	0.0	0.0	0.0
770	3931.3333333333335	0.0	0.0	0.0	0.0	0.0	0.0
780	3743.3333333333335	0.0	0.0	0.0	0.0	0.0	0.0
790	3874.6666666666665	0.0	0.0	0.0	0.0	0.0	0.0
800	3987.0	0.0	0.0	0.0	0.0	0.0	0.0
810	3271.6666666666665	0.0	0.0	0.0	0.0	0.0	0.0
820	3662.5	0.0	0.0	0.0	0.0	0.0	0.0
830	3718.5	0.0	0.0	0.0	0.0	0.0	0.0
840	3914.6666666666665	0.0	0.0	0.0	0.0	0.0	0.0
850	3946.8333333333335	0.0	0.0	0.0	0.0	0.0	0.0
860	3781.5	0.0	0.0	0.0	0.0	0.0	0.0
870	3937.8333333333335	0.0	0.0	0.0	0.0	0.0	0.0
880	3942.0	0.0	0.0	0.0	0.0	0.0	0.0
890	3994.5	0.0	0.0	0.0	0.0	0.0	0.0
900	3597.8333333333335	0.0	0.0	0.0	0.0	0.0	0.0
910	3838.6666666666665	0.0	0.0	0.0	0.0	0.0	0.0
920	4128.166666666667	0.0	0.0	0.0	0.0	0.0	0.0
930	3793.5	0.0	0.0	0.0	0.0	0.0	0.0
940	3746.8333333333335	0.0	0.0	0.0	0.0	0.0	0.0
950	3634.8333333333335	0.0	0.0	0.0	0.0	0.0	0.0
960	3723.0	0.0	0.0	0.0	0.0	0.0	0.0
970	3780.1666666666665	0.0	0.0	0.0	0.0	0.0	0.0
980	3750.8333333333335	0.0	0.0	0.0	0.0	0.0	0.0
990	3682.8333333333335	0.0	0.0	0.0	0.0	0.0	0.0
1000	3944.8333333333335	0.0	0.0	0.0	0.0	0.0	0.0
