0	265.0	0.0	0.0	0.0	0.0	0.0	0.0
10	1954.3333333333333	33.0	74.0	36.0	8.0	11.0	25.0
20	1997.6666666666667	82.0	203.0	24.0	79.0	13.0	3.0
30	2202.3333333333335	15.0	24.0	5.0	11.0	1.0	4.0
40	2103.6666666666665	37.0	142.0	11.0	32.0	6.0	5.0
50	2180.5	6.0	74.0	5.0	6.0	4.0	0.0
60	2220.0	12.0	58.0	1.0	12.0	1.0	0.0
70	2240.3333333333335	22.0	127.0	13.0	14.0	5.0	8.0
80	2337.6666666666665	9.0	84.0	6.0	7.0	3.0	2.0
90	2381.5	41.0	142.0	31.0	17.0	6.0	24.0
100	2513.5	82.0	112.0	40.0	44.0	2.0	38.0
110	2623.3333333333335	64.0	244.0	24.0	46.0	5.0	18.0
120	2528.1666666666665	87.0	193.0	58.0	32.0	2.0	55.0
130	2562.5	32.0	110.0	18.0	16.0	2.0	16.0
140	2876.8333333333335	8.0	116.0	4.0	6.0	2.0	2.0
150	2572.6666666666665	27.0	106.0	25.0	6.0	4.0	21.0
160	2498.1666666666665	28.0	48.0	20.0	9.0	1.0	19.0
170	2271.6666666666665	9.0	99.0	1.0	8.0	0.0	1.0
180	2019.6666666666667	73.0	220.0	53.0	23.0	3.0	50.0
190	2679.8333333333335	17.0	43.0	14.0	3.0	0.0	14.0
200	2468.0	14.0	99.0	8.0	8.0	1.0	6.0
210	2571.0	14.0	12.0	14.0	2.0	2.0	12.0
220	2484.1666666666665	21.0	208.0	22.0	4.0	5.0	17.0
230	2061.3333333333335	41.0	178.0	35.0	11.0	4.0	30.0
240	2285.6666666666665	52.0	159.0	46.0	8.0	2.0	44.0
250	2968.3333333333335	13.0	95.0	4.0	11.0	2.0	2.0
260	2843.8333333333335	33.0	120.0	36.0	3.0	6.0	30.0
270	3025.1666666666665	7.0	206.0	10.0	0.0	3.0	7.0
280	2677.5	25.0	345.0	28.0	11.0	13.0	14.0
290	3186.6666666666665	4.0	127.0	5.0	3.0	4.0	1.0
300	2711.8333333333335	36.0	188.0	35.0	5.0	4.0	31.0
310	2972.6666666666665	38.0	193.0	38.0	3.0	3.0	35.0
320	2840.0	18.0	44.0	20.0	0.0	2.0	18.0
330	2714.6666666666665	0.0	0.0	0.0	0.0	0.0	0.0
340	2986.3333333333335	0.0	0.0	0.0	0.0	0.0	0.0
350	2909.8333333333335	0.0	0.0	0.0	0.0	0.0	0.0
360	2761.8333333333335	0.0	0.0	0.0	0.0	0.0	0.0
370	3306.6666666666665	0.0	0.0	0.0	0.0	0.0	0.0
380	3705.8333333333335	0.0	0.0	0.0	0.0	0.0	0.0
390	3514.8333333333335	0.0	0.0	0.0	0.0	0.0	0.0
400	3411.5	0.0	0.0	0.0	0.0	0.0	0.0
410	4004.8333333333335	0.0	0.0	0.0	0.0	0.0	0.0
420	3173.6666666666665	0.0	0.0	0.0	0.0	0.0	0.0
430	3125.1666666666665	0.0	0.0	0.0	0.0	0.0	0.0
440	3125.1666666666665	0.0	0.0	0.0	0.0	0.0	0.0
450	3439.0	0.0	0.0	0.0	0.0	0.0	0.0
460	3779.3333333333335	0.0	0.0	0.0	0.0	0.0	0.0
470	3551.0	0.0	0.0	0.0	0.0	0.0	0.0
480	3167.6666666666665	0.0	0.0	0.0	0.0	0.0	0.0
490	2795.5	0.0	0.0	0.0	0.0	0.0	0.0
500	3501.5	0.0	0.0	0.0	0.0	0.0	0.0
510	3451.5	0.0	0.0	0.0	0.0	0.0	0.0
520	3546.8333333333335	0.0	0.0	0.0	0.0	0.0	0.0
530	3469.6666666666665	0.0	0.0	0.0	0.0	0.0	0.0
540	3237.5	0.0	0.0	0.0	0.0	0.0	0.0
550	3192.6666666666665	0.0	0.0	0.0	0.0	0.0	0.0
560	3594.3333333333335	0.0	0.0	0.0	0.0	0.0	0.0
570	3481.3333333333335	0.0	0.0	0.0	0.0	0.0	0.0
580	3466.1666666666665	0.0	0.0	0.0	0.0	0.0	0.0
590	3524.0	0.0	0.0	0.0	0.0	0.0	0.0
600	3349.3333333333335	0.0	0.0	0.0	0.0	0.0	0.0
610	3337.0	0.0	0.0	0.0	0.0	0.0	0.0
620	3126.6666666666665	0.0	0.0	0.0	0.0	0.0	0.0
630	3689.3333333333335	0.0	0.0	0.0	0.0	0.0	0.0
640	3479.6666666666665	0.0	0.0	0.0	0.0	0.0	0.0
650	3839.3333333333335	0.0	0.0	0.0	0.0	0.0	0.0
660	3387.0	0.0	0.0	0.0	0.0	0.0	0.0
670	3132.1666666666665	0.0	0.0	0.0	0.0	0.0	0.0
680	3558.6666666666665	0.0	0.0	0.0	0.0	0.0	0.0
690	3889.3333333333335	0.0	0.0	0.0	0.0	0.0	0.0
700	3542.8333333333335	0.0	0.0	0.0	0.0	0.0	0.0
710	3471.1666666666665	0.0	0.0	0.0	0.0	0.0	0.0
720	3877.5	0.0	0.0	0.0	0.0	0.0	0.0
730	3672.6666666666665	0.0	0.0	0.0	0.0	0.0	0.0
740	3621.6666666666665	0.0	0.0	0.0	0.0	0.0	0.0
750	3837.6666666666665	0.0	0.0	0.0	0.0	0.0	0.0
760	3961.3333333333335	0.0	0.0	0.0	0.0	0.0	0.0
770	3489.8333333333335	0.0	0.0	0.0	0.0	0.0	0.0
780	3890.8333333333335	0.0	0.0	0.0	0.0	0.0	0.0
790	3686.3333333333335	0.0	0.0	0.0	0.0	0.0	0.0
800	3997.6666666666665	0.0	0.0	0.0	0.0	0.0	0.0
810	3604.8333333333335	0.0	0.0	0.0	0.0	0.0	0.0
820	3824.8333333333335	0.0	0.0	0.0	0.0	0.0	0.0
830	3774.8333333333335	0.0	0.0	0.0	0.0	0.0	0.0
840	3778.1666666666665	0.0	0.0	0.0	0.0	0.0	0.0
850	3953.3333333333335	0.0	0.0	0.0	0.0	0.0	0.0
860	3586.8333333333335	0.0	0.0	0.0	0.0	0.0	0.0
870	3849.1666666666665	0.0	0.0	0.0	0.0	0.0	0.0
880	3596.3333333333335	0.0	0.0	0.0	0.0	0.0	0.0
890	3693.0	0.0	0.0	0.0	0.0	0.0	0.0
900	3647.3333333333335	0.0	0.0	0.0	0.0	0.0	0.0
910	3296.5	0.0	0.0	0.0	0.0	0.0	0.0
920	3856.0	0.0	0.0	0.0	0.0	0.0	0.0
930	3820.5	0.0	0.0	0.0	0.0	0.0	0.0
940	3875.6666666666665	0.0	0.0	0.0	0.0	0.0	0.0
950	4022.8333333333335	0.0	0.0	0.0	0.0	0.0	0.0
960	3373.6666666666665	0.0	0.0	0.0	0.0	0.0	0.0
970	3839.8333333333335	0.0	0.0	0.0	0.0	0.0	0.0
980	3952.8333333333335	0.0	0.0	0.0	0.0	0.0	0.0
990	3743.5	0.0	0.0	0.0	0.0	0.0	0.0
1000	3471.0	0.0	0.0	0.0	0.0	0.0	0.0
