0	294.0	0.0	0.0	0.0	0.0	0.0	0.0
10	2074.5	15.0	57.0	3.0	14.0	2.0	1.0
20	1994.3333333333333	45.0	59.0	37.0	11.0	3.0	34.0
30	2103.6666666666665	65.0	191.0	29.0	40.0	3.0	25.0
40	2228.1666666666665	35.0	147.0	5.0	35.0	4.0	0.0
50	2282.5	97.0	258.0	18.0	91.0	12.0	6.0
60	2293.5	52.0	83.0	47.0	20.0	1.0	32.0
70	2281.6666666666665	70.0	80.0	48.0	27.0	4.0	43.0
80	2362.0	34.0	78.0	24.0	13.0	2.0	21.0
90	2393.8333333333335	21.0	149.0	8.0	15.0	2.0	6.0
100	2639.1666666666665	32.0	152.0	5.0	29.0	2.0	3.0
110	2105.0	45.0	69.0	36.0	11.0	2.0	34.0
120	2423.1666666666665	8.0	102.0	10.0	1.0	3.0	7.0
130	2756.1666666666665	44.0	123.0	38.0	9.0	3.0	35.0
140	2654.6666666666665	24.0	67.0	18.0	9.0	3.0	15.0
150	2342.1666666666665	103.0	258.0	107.0	7.0	10.0	96.0
160	2663.5	50.0	159.0	43.0	14.0	7.0	36.0
170	2561.8333333333335	18.0	251.0	8.0	15.0	4.0	3.0
180	2441.8333333333335	23.0	373.0	19.0	15.0	11.0	8.0
190	2592.6666666666665	20.0	164.0	20.0	5.0	5.0	15.0
200	2136.5	7.0	148.0	6.0	4.0	3.0	3.0
210	3391.1666666666665	19.0	224.0	16.0	13.0	7.0	6.0
220	2646.1666666666665	7.0	348.0	13.0	1.0	6.0	6.0
230	3178.3333333333335	2.0	198.0	8.0	0.0	6.0	2.0
240	2534.5	2.0	99.0	5.0	0.0	3.0	2.0
250	3139.0	43.0	211.0	47.0	1.0	4.0	42.0
260	3155.0	30.0	248.0	39.0	0.0	9.0	30.0
270	2814.5	15.0	269.0	17.0	2.0	4.0	13.0
280	3310.8333333333335	10.0	336.0	14.0	0.0	4.0	10.0
290	3577.8333333333335	2.0	226.0	11.0	0.0	9.0	2.0
300	3455.0	7.0	254.0	14.0	1.0	7.0	6.0
310	3193.8333333333335	23.0	223.0	35.0	0.0	12.0	23.0
320	3519.6666666666665	28.0	220.0	30.0	4.0	6.0	24.0
330	3640.6666666666665	4.0	111.0	5.0	1.0	1.0	3.0
340	3480.1666666666665	0.0	0.0	0.0	0.0	0.0	0.0
350	3615.5	0.0	0.0	0.0	0.0	0.0	0.0
360	3372.1666666666665	0.0	0.0	0.0	0.0	0.0	0.0
370	3538.8333333333335	0.0	0.0	0.0	0.0	0.0	0.0
380	3452.0	0.0	0.0	0.0	0.0	0.0	0.0
390	3509.8333333333335	0.0	0.0	0.0	0.0	0.0	0.0
400	3322.6666666666665	0.0	0.0	0.0	0.0	0.0	0.0
410	3114.1666666666665	0.0	0.0	0.0	0.0	0.0	0.0
420	3648.0	0.0	0.0	0.0	0.0	0.0	0.0
430	3604.6666666666665	0.0	0.0	0.0	0.0	0.0	0.0
440	3605.1666666666665	0.0	0.0	0.0	0.0	0.0	0.0
450	3664.0	0.0	0.0	0.0	0.0	0.0	0.0
460	3678.8333333333335	0.0	0.0	0.0	0.0	0.0	0.0
470	3764.3333333333335	0.0	0.0	0.0	0.0	0.0	0.0
480	3552.6666666666665	0.0	0.0	0.0	0.0	0.0	0.0
490	3408.6666666666665	0.0	0.0	0.0	0.0	0.0	0.0
500	3304.0	0.0	0.0	0.0	0.0	0.0	0.0
510	3241.8333333333335	0.0	0.0	0.0	0.0	0.0	0.0
520	3668.5	0.0	0.0	0.0	0.0	0.0	0.0
530	3624.0	0.0	0.0	0.0	0.0	0.0	0.0
540	3695.6666666666665	0.0	0.0	0.0	0.0	0.0	0.0
550	3734.6666666666665	0.0	0.0	0.0	0.0	0.0	0.0
560	3472.8333333333335	0.0	0.0	0.0	0.0	0.0	0.0
570	3768.5	0.0	0.0	0.0	0.0	0.0	0.0
580	3892.6666666666665	0.0	0.0	0.0	0.0	0.0	0.0
590	4112.333333333333	0.0	0.0	0.0	0.0	0.0	0.0
600	4105.0	0.0	0.0	0.0	0.0	0.0	0.0
610	3488.3333333333335	0.0	0.0	0.0	0.0	0.0	0.0
620	3780.6666666666665	0.0	0.0	0.0	0.0	0.0	0.0
630	3510.5	0.0	0.0	0.0	0.0	0.0	0.0
640	3570.6666666666665	0.0	0.0	0.0	0.0	0.0	0.0
650	3419.6666666666665	0.0	0.0	0.0	0.0	0.0	0.0
660	3237.1666666666665	0.0	0.0	0.0	0.0	0.0	0.0
670	3972.0	0.0	0.0	0.0	0.0	0.0	0.0
680	3754.0	0.0	0.0	0.0	0.0	0.0	0.0
690	3571.0	0.0	0.0	0.0	0.0	0.0	0.0
700	3451.8333333333335	0.0	0.0	0.0	0.0	0.0	0.0
710	3775.1666666666665	0.0	0.0	0.0	0.0	0.0	0.0
720	3570.0	0.0	0.0	0.0	0.0	0.0	0.0
730	3927.5	0.0	0.0	0.0	0.0	0.0	0.0
740	4042.0	0.0	0.0	0.0	0.0	0.0	0.0
750	3761.1666666666665	0.0	0.0	0.0	0.0	0.0	0.0
760	3686.5	0.0	0.0	0.0	0.0	0.0	0.0
770	3918.6666666666665	0.0	0.0	0.0	0.0	0.0	0.0
780	3846.1666666666665	0.0	0.0	0.0	0.0	0.0	0.0
790	3915.1666666666665	0.0	0.0	0.0	0.0	0.0	0.0
800	3617.3333333333335	0.0	0.0	0.0	0.0	0.0	0.0
810	3408.6666666666665	0.0	0.0	0.0	0.0	0.0	0.0
820	3970.1666666666665	0.0	0.0	0.0	0.0	0.0	0.0
830	3590.1666666666665	0.0	0.0	0.0	0.0	0.0	0.0
840	3630.5	0.0	0.0	0.0	0.0	0.0	0.0
850	3846.8333333333335	0.0	0.0	0.0	0.0	0.0	0.0
860	3427.0	0.0	0.0	0.0	0.0	0.0	0.0
870	3893.0	0.0	0.0	0.0	0.0	0.0	0.0
880	3857.6666666666665	0.0	0.0	0.0	0.0	0.0	0.0
890	4000.1666666666665	0.0	0.0	0.0	0.0	0.0	0.0
900	3803.5	0.0	0.0	0.0	0.0	0.0	0.0
910	3225.3333333333335	0.0	0.0	0.0	0.0	0.0	0.0
920	3626.0	0.0	0.0	0.0	0.0	0.0	0.0
930	3861.3333333333335	0.0	0.0	0.0	0.0	0.0	0.0
940	3794.6666666666665	0.0	0.0	0.0	0.0	0.0	0.0
950	4043.6666666666665	0.0	0.0	0.0	0.0	0.0	0.0
960	4109.666666666667	0.0	0.0	0.0	0.0	0.0	0.0
970	3531.5	0.0	0.0	0.0	0.0	0.0	0.0
980	3912.6666666666665	0.0	0.0	0.0	0.0	0.0	0.0
990	3669.3333333333335	0.0	0.0	0.0	0.0	0.0	0.0
1000	3958.1666666666665	0.0	0.0	0.0	0.0	0.0	0.0
