0	280.6666666666667	0.0	0.0	0.0	0.0	0.0	0.0
10	1682.1666666666667	46.0	224.0	39.0	7.0	0.0	39.0
20	1965.3333333333333	10.0	89.0	1.0	10.0	1.0	0.0
30	2162.3333333333335	83.0	219.0	38.0	53.0	5.0	30.0
40	2294.6666666666665	22.0	175.0	7.0	18.0	3.0	4.0
50	2409.6666666666665	14.0	36.0	8.0	7.0	0.0	7.0
60	2532.6666666666665	36.0	202.0	9.0	29.0	2.0	7.0
70	2661.8333333333335	48.0	132.0	36.0	15.0	3.0	33.0
80	2520.8333333333335	19.0	136.0	4.0	19.0	3.0	0.0
90	2542.6666666666665	63.0	316.0	13.0	58.0	8.0	5.0
100	2245.1666666666665	37.0	189.0	11.0	34.0	4.0	3.0
110	2406.8333333333335	27.0	142.0	6.0	25.0	4.0	2.0
120	2432.8333333333335	55.0	315.0	15.0	49.0	8.0	6.0
130	2560.0	2.0	3.0	3.0	0.0	1.0	2.0
140	3127.8333333333335	17.0	101.0	16.0	3.0	2.0	14.0
150	2360.0	4.0	170.0	4.0	4.0	4.0	0.0
160	2807.5	15.0	145.0	6.0	14.0	4.0	1.0
170	3090.8333333333335	39.0	198.0	28.0	16.0	5.0	23.0
180	2762.5	17.0	55.0	5.0	15.0	3.0	2.0
190	2845.3333333333335	16.0	230.0	17.0	3.0	3.0	13.0
200	2363.8333333333335	4.0	120.0	3.0	3.0	2.0	1.0
210	2798.6666666666665	108.0	199.0	99.0	15.0	6.0	93.0
220	3083.6666666666665	9.0	103.0	3.0	8.0	2.0	1.0
230	3045.0	17.0	105.0	17.0	2.0	2.0	15.0
240	3299.6666666666665	13.0	44.0	13.0	1.0	1.0	12.0
250	2613.0	31.0	160.0	27.0	10.0	4.0	21.0
260	3294.3333333333335	6.0	229.0	8.0	0.0	2.0	6.0
270	3042.8333333333335	27.0	135.0	30.0	3.0	6.0	24.0
280	2816.5	21.0	124.0	21.0	5.0	4.0	16.0
290	2707.8333333333335	57.0	152.0	58.0	2.0	2.0	55.0
300	3112.1666666666665	30.0	275.0	30.0	4.0	4.0	26.0
310	3170.1666666666665	27.0	186.0	30.0	1.0	4.0	26.0
320	3272.0	16.0	220.0	16.0	3.0	3.0	13.0
330	3000.0	11.0	399.0	19.0	3.0	10.0	8.0
340	2650.0	44.0	202.0	51.0	2.0	8.0	42.0
350	3068.6666666666665	9.0	74.0	7.0	2.0	0.0	7.0
360	3234.1666666666665	0.0	0.0	0.0	0.0	0.0	0.0
370	3492.1666666666665	0.0	0.0	0.0	0.0	0.0	0.0
380	3502.8333333333335	0.0	0.0	0.0	0.0	0.0	0.0
390	3349.8333333333335	0.0	0.0	0.0	0.0	0.0	0.0
400	3273.6666666666665	0.0	0.0	0.0	0.0	0.0	0.0
410	3185.3333333333335	0.0	0.0	0.0	0.0	0.0	0.0
420	3353.5	0.0	0.0	0.0	0.0	0.0	0.0
430	3281.6666666666665	0.0	0.0	0.0	0.0	0.0	0.0
440	3497.0	0.0	0.0	0.0	0.0	0.0	0.0
450	3566.6666666666665	0.0	0.0	0.0	0.0	0.0	0.0
460	3529.0	0.0	0.0	0.0	0.0	0.0	0.0
470	3277.1666666666665	0.0	0.0	0.0	0.0	0.0	0.0
480	3387.1666666666665	0.0	0.0	0.0	0.0	0.0	0.0
490	3387.3333333333335	0.0	0.0	0.0	0.0	0.0	0.0
500	3605.3333333333335	0.0	0.0	0.0	0.0	0.0	0.0
510	3919.5	0.0	0.0	0.0	0.0	0.0	0.0
520	3602.1666666666665	0.0	0.0	0.0	0.0	0.0	0.0
530	3874.1666666666665	0.0	0.0	0.0	0.0	0.0	0.0
540	3739.5	0.0	0.0	0.0	0.0	0.0	0.0
550	3548.8333333333335	0.0	0.0	0.0	0.0	0.0	0.0
560	3547.1666666666665	0.0	0.0	0.0	0.0	0.0	0.0
570	3615.1666666666665	0.0	0.0	0.0	0.0	0.0	0.0
580	3565.8333333333335	0.0	0.0	0.0	0.0	0.0	0.0
590	3797.1666666666665	0.0	0.0	0.0	0.0	0.0	0.0
600	3725.0	0.0	0.0	0.0	0.0	0.0	0.0
610	3982.1666666666665	0.0	0.0	0.0	0.0	0.0	0.0
620	3838.8333333333335	0.0	0.0	0.0	0.0	0.0	0.0
630	3983.5	0.0	0.0	0.0	0.0	0.0	0.0
640	3987.5	0.0	0.0	0.0	0.0	0.0	0.0
650	3770.3333333333335	0.0	0.0	0.0	0.0	0.0	0.0
660	3571.5	0.0	0.0	0.0	0.0	0.0	0.0
670	3760.8333333333335	0.0	0.0	0.0	0.0	0.0	0.0
680	3887.5	0.0	0.0	0.0	0.0	0.0	0.0
690	4049.3333333333335	0.0	0.0	0.0	0.0	0.0	0.0
700	3577.3333333333335	0.0	0.0	0.0	0.0	0.0	0.0
710	3669.1666666666665	0.0	0.0	0.0	0.0	0.0	0.0
720	3798.3333333333335	0.0	0.0	0.0	0.0	0.0	0.0
730	3956.3333333333335	0.0	0.0	0.0	0.0	0.0	0.0
740	3754.6666666666665	0.0	0.0	0.0	0.0	0.0	0.0
750	3280.3333333333335	0.0	0.0	0.0	0.0	0.0	0.0
760	4143.0	0.0	0.0	0.0	0.0	0.0	0.0
770	3704.1666666666665	0.0	0.0	0.0	0.0	0.0	0.0
780	3890.5	0.0	0.0	0.0	0.0	0.0	0.0
790	3669.3333333333335	0.0	0.0	0.0	0.0	0.0	0.0
800	3942.5	0.0	0.0	0.0	0.0	0.0	0.0
810	3743.8333333333335	0.0	0.0	0.0	0.0	0.0	0.0
820	3466.5	0.0	0.0	0.0	0.0	0.0	0.0
830	3836.3333333333335	0.0	0.0	0.0	0.0	0.0	0.0
840	3743.6666666666665	0.0	0.0	0.0	0.0	0.0	0.0
850	3582.6666666666665	0.0	0.0	0.0	0.0	0.0	0.0
860	3560.8333333333335	0.0	0.0	0.0	0.0	0.0	0.0
870	3301.6666666666665	0.0	0.0	0.0	0.0	0.0	0.0
880	3633.6666666666665	0.0	0.0	0.0	0.0	0.0	0.0
890	3719.1666666666665	0.0	0.0	0.0	0.0	0.0	0.0
900	3907.8333333333335	0.0	0.0	0.0	0.0	0.0	0.0
910	3807.1666666666665	0.0	0.0	0.0	0.0	0.0	0.0
920	3400.3333333333335	0.0	0.0	0.0	0.0	0.0	0.0
930	3400.6666666666665	0.0	0.0	0.0	0.0	0.0	0.0
940	4130.166666666667	0.0	0.0	0.0	0.0	0.0	0.0
950	3568.0	0.0	0.0	0.0	0.0	0.0	0.0
960	3677.6666666666665	0.0	0.0	0.0	0.0	0.0	0.0
970	3723.1666666666665	0.0	0.0	0.0	0.0	0.0	0.0
980	3861.3333333333335	0.0	0.0	0.0	0.0	0.0	0.0
990	3737.3333333333335	0.0	0.0	0.0	0.0	0.0	0.0
1000	3392.3333333333335	0.0	0.0	0.0	0.0	0.0	0.0
