0	237.33333333333334	0.0
10	70.0	1.0
20	70.0	2.0
30	70.0	1.0
40	70.0	0.0
50	70.0	0.0
60	70.0	2.0
70	70.0	1.0
80	70.0	0.0
90	70.0	0.0
100	70.0	8.0
110	70.0	0.0
120	70.0	0.0
130	70.0	0.0
140	70.0	0.0
150	70.0	0.0
160	70.0	0.0
170	70.33333333333333	0.0
180	71.33333333333333	0.0
190	71.0	5.0
200	72.0	0.0
210	72.33333333333333	0.0
220	74.33333333333333	1.0
230	175.66666666666666	1.0
240	138.0	24.0
250	234.66666666666666	26.0
260	120.0	7.0
270	196.66666666666666	50.0
280	153.33333333333334	36.0
290	130.0	108.0
300	175.0	15.0
310	146.33333333333334	37.0
320	164.33333333333334	115.0
330	164.33333333333334	109.0
340	164.0	40.0
350	142.0	62.0
360	468.3333333333333	202.0
370	628.3333333333334	93.0
380	658.0	54.0
390	885.3333333333334	0.0
400	1375.6666666666667	0.0
410	1505.6666666666667	0.0
420	1441.3333333333333	0.0
430	1971.6666666666667	0.0
440	1897.3333333333333	0.0
450	1714.0	0.0
460	1829.3333333333333	0.0
470	2216.3333333333335	0.0
480	2225.8333333333335	0.0
490	2158.0	0.0
500	2085.3333333333335	0.0
510	2132.6666666666665	0.0
520	2304.1666666666665	0.0
530	2108.8333333333335	0.0
540	2165.3333333333335	0.0
550	2211.0	0.0
560	2373.0	0.0
570	2434.8333333333335	0.0
580	2366.8333333333335	0.0
590	2128.3333333333335	0.0
600	2105.1666666666665	0.0
610	2280.8333333333335	0.0
620	2524.1666666666665	0.0
630	2428.3333333333335	0.0
640	2395.6666666666665	0.0
650	2478.3333333333335	0.0
660	2759.0	0.0
670	2387.3333333333335	0.0
680	2606.8333333333335	0.0
690	2650.3333333333335	0.0
700	2566.0	0.0
710	2502.5	0.0
720	2702.8333333333335	0.0
730	2346.0	0.0
740	2925.8333333333335	0.0
750	2474.0	0.0
760	2586.3333333333335	0.0
770	2423.1666666666665	0.0
780	2439.1666666666665	0.0
790	2593.6666666666665	0.0
800	2783.5	0.0
810	2715.3333333333335	0.0
820	2664.0	0.0
830	2545.0	0.0
840	2448.6666666666665	0.0
850	2582.0	0.0
860	2667.6666666666665	0.0
870	2593.1666666666665	0.0
880	2759.6666666666665	0.0
890	2534.1666666666665	0.0
900	2447.3333333333335	0.0
910	2655.8333333333335	0.0
920	2653.5	0.0
930	2632.6666666666665	0.0
940	2379.3333333333335	0.0
950	2484.3333333333335	0.0
960	2368.3333333333335	0.0
970	2379.6666666666665	0.0
980	2353.6666666666665	0.0
990	2456.0	0.0
1000	2365.8333333333335	0.0
