0	255.33333333333334	0.0
10	70.0	0.0
20	70.0	0.0
30	70.0	0.0
40	70.0	0.0
50	70.0	0.0
60	70.0	1.0
70	70.0	0.0
80	70.0	0.0
90	79.0	0.0
100	76.33333333333333	0.0
110	115.0	0.0
120	106.33333333333333	1.0
130	302.0	21.0
140	157.66666666666666	3.0
150	71.66666666666667	27.0
160	75.66666666666667	23.0
170	285.6666666666667	0.0
180	356.0	8.0
190	323.0	14.0
200	523.0	32.0
210	722.3333333333334	0.0
220	894.6666666666666	0.0
230	1223.3333333333333	45.0
240	2208.6666666666665	269.0
250	1487.6666666666667	54.0
260	2063.3333333333335	79.0
270	2155.6666666666665	14.0
280	2332.0	66.0
290	2348.0	27.0
300	2414.3333333333335	99.0
310	2331.0	125.0
320	2413.6666666666665	91.0
330	2366.6666666666665	1.0
340	2614.1666666666665	0.0
350	2315.3333333333335	0.0
360	2431.0	0.0
370	2580.6666666666665	0.0
380	2110.0	0.0
390	2614.5	0.0
400	2038.3333333333333	0.0
410	2463.0	0.0
420	2330.6666666666665	0.0
430	2429.0	0.0
440	2344.5	0.0
450	2290.1666666666665	0.0
460	2539.0	0.0
470	2490.5	0.0
480	2430.0	0.0
490	2417.6666666666665	0.0
500	2391.6666666666665	0.0
510	2091.3333333333335	0.0
520	1881.5	0.0
530	2332.1666666666665	0.0
540	2509.0	0.0
550	2203.8333333333335	0.0
560	2322.3333333333335	0.0
570	2265.0	0.0
580	2055.0	0.0
590	1852.6666666666667	0.0
600	2354.3333333333335	0.0
610	1925.3333333333333	0.0
620	1908.3333333333333	0.0
630	1923.0	0.0
640	1974.0	0.0
650	2402.0	0.0
660	2531.6666666666665	0.0
670	1815.5	0.0
680	2082.3333333333335	0.0
690	2382.6666666666665	0.0
700	2062.3333333333335	0.0
710	2047.1666666666667	0.0
720	2041.5	0.0
730	2238.8333333333335	0.0
740	2218.8333333333335	0.0
750	2412.3333333333335	0.0
760	2199.6666666666665	0.0
770	2515.0	0.0
780	2527.3333333333335	0.0
790	2054.3333333333335	0.0
800	2290.1666666666665	0.0
810	2548.3333333333335	0.0
820	2494.8333333333335	0.0
830	2347.0	0.0
840	2679.6666666666665	0.0
850	2320.5	0.0
860	2752.3333333333335	0.0
870	2411.5	0.0
880	2533.0	0.0
890	2487.3333333333335	0.0
900	2440.6666666666665	0.0
910	2385.6666666666665	0.0
920	2583.0	0.0
930	2446.6666666666665	0.0
940	2495.3333333333335	0.0
950	2385.0	0.0
960	2516.0	0.0
970	2494.1666666666665	0.0
980	2523.3333333333335	0.0
990	2526.0	0.0
1000	2592.6666666666665	0.0
