0	264.3333333333333	0.0
10	90.0	1000.0
20	93.33333333333333	0.0
30	70.0	0.0
40	74.0	0.0
50	1416.5	0.0
60	146.33333333333334	0.0
70	1625.6666666666667	0.0
80	1842.6666666666667	0.0
90	1957.6666666666667	0.0
100	2102.0	0.0
110	1992.6666666666667	0.0
120	2196.8333333333335	0.0
130	2164.6666666666665	0.0
140	2310.3333333333335	0.0
150	2388.0	0.0
160	2140.0	0.0
170	2516.0	0.0
180	2368.3333333333335	0.0
190	2258.6666666666665	0.0
200	2307.1666666666665	0.0
210	2210.3333333333335	0.0
220	2525.6666666666665	0.0
230	2329.3333333333335	0.0
240	2172.5	0.0
250	2425.8333333333335	0.0
260	2250.1666666666665	0.0
270	2263.0	0.0
280	2345.6666666666665	0.0
290	1750.3333333333333	0.0
300	2052.0	0.0
310	2450.1666666666665	0.0
320	1675.6666666666667	0.0
330	1341.6666666666667	0.0
340	2488.0	0.0
350	1937.3333333333333	0.0
360	1544.6666666666667	0.0
370	2666.6666666666665	0.0
380	2251.3333333333335	0.0
390	2296.0	0.0
400	2320.6666666666665	0.0
410	2436.5	0.0
420	2461.3333333333335	0.0
430	1823.0	0.0
440	2123.5	0.0
450	1856.3333333333333	0.0
460	1717.6666666666667	0.0
470	2262.1666666666665	0.0
480	2041.0	0.0
490	2117.0	0.0
500	2382.3333333333335	0.0
510	1771.0	0.0
520	2137.0	0.0
530	1756.0	0.0
540	1698.1666666666667	0.0
550	1973.1666666666667	0.0
560	1880.6666666666667	0.0
570	2381.3333333333335	0.0
580	1752.0	0.0
590	2463.1666666666665	0.0
600	1917.6666666666667	0.0
610	1860.3333333333333	0.0
620	1719.3333333333333	0.0
630	1783.6666666666667	0.0
640	1821.3333333333333	0.0
650	2022.1666666666667	0.0
660	1798.6666666666667	0.0
670	2639.8333333333335	0.0
680	2516.0	0.0
690	2171.6666666666665	0.0
700	2571.8333333333335	0.0
710	2334.3333333333335	0.0
720	2075.8333333333335	0.0
730	2161.6666666666665	0.0
740	1863.6666666666667	0.0
750	1696.3333333333333	0.0
760	2320.1666666666665	0.0
770	2645.1666666666665	0.0
780	2456.3333333333335	0.0
790	2628.5	0.0
800	2471.8333333333335	0.0
810	2532.0	0.0
820	2508.0	0.0
830	2658.3333333333335	0.0
840	2444.5	0.0
850	2398.3333333333335	0.0
860	2533.8333333333335	0.0
870	1797.6666666666667	0.0
880	1967.0	0.0
890	2348.3333333333335	0.0
900	2129.3333333333335	0.0
910	2476.0	0.0
920	1818.0	0.0
930	1645.5	0.0
940	2245.1666666666665	0.0
950	1683.5	0.0
960	1795.6666666666667	0.0
970	2121.5	0.0
980	2137.3333333333335	0.0
990	2151.3333333333335	0.0
1000	1959.8333333333333	0.0
