0	236.0	0.0
10	1267.0	1000.0
20	668.6666666666666	0.0
30	1149.3333333333333	0.0
40	1292.6666666666667	0.0
50	163.66666666666666	0.0
60	88.66666666666667	0.0
70	1407.6666666666667	0.0
80	1508.3333333333333	0.0
90	2128.3333333333335	0.0
100	2155.6666666666665	0.0
110	2141.3333333333335	0.0
120	2474.1666666666665	0.0
130	2443.3333333333335	0.0
140	2075.3333333333335	0.0
150	2461.8333333333335	0.0
160	2520.5	0.0
170	2206.0	0.0
180	2276.6666666666665	0.0
190	2412.5	0.0
200	2366.5	0.0
210	2251.6666666666665	0.0
220	2395.8333333333335	0.0
230	2678.3333333333335	0.0
240	2227.6666666666665	0.0
250	2373.6666666666665	0.0
260	2376.3333333333335	0.0
270	2379.6666666666665	0.0
280	1380.6666666666667	0.0
290	1213.6666666666667	0.0
300	2272.6666666666665	0.0
310	2038.6666666666667	0.0
320	1778.6666666666667	0.0
330	1839.0	0.0
340	2303.1666666666665	0.0
350	2335.0	0.0
360	2351.6666666666665	0.0
370	2300.3333333333335	0.0
380	2443.0	0.0
390	2369.5	0.0
400	2352.8333333333335	0.0
410	2388.0	0.0
420	2316.0	0.0
430	2238.5	0.0
440	2289.5	0.0
450	2415.6666666666665	0.0
460	2319.5	0.0
470	1605.0	0.0
480	2060.3333333333335	0.0
490	1790.3333333333333	0.0
500	1999.1666666666667	0.0
510	1935.1666666666667	0.0
520	2102.6666666666665	0.0
530	2032.6666666666667	0.0
540	1971.6666666666667	0.0
550	1944.6666666666667	0.0
560	1837.6666666666667	0.0
570	1871.0	0.0
580	1894.0	0.0
590	2336.6666666666665	0.0
600	2412.1666666666665	0.0
610	2368.6666666666665	0.0
620	2430.0	0.0
630	1814.6666666666667	0.0
640	2314.0	0.0
650	2199.6666666666665	0.0
660	2647.3333333333335	0.0
670	2416.3333333333335	0.0
680	2440.0	0.0
690	2503.6666666666665	0.0
700	2383.6666666666665	0.0
710	2507.1666666666665	0.0
720	2433.6666666666665	0.0
730	2381.8333333333335	0.0
740	2306.8333333333335	0.0
750	2558.1666666666665	0.0
760	2068.6666666666665	0.0
770	2218.0	0.0
780	2192.3333333333335	0.0
790	2207.1666666666665	0.0
800	1712.8333333333333	0.0
810	1930.1666666666667	0.0
820	2485.6666666666665	0.0
830	2582.8333333333335	0.0
840	2313.8333333333335	0.0
850	1866.0	0.0
860	1804.6666666666667	0.0
870	2184.6666666666665	0.0
880	2271.0	0.0
890	2127.3333333333335	0.0
900	2016.1666666666667	0.0
910	1773.0	0.0
920	1605.6666666666667	0.0
930	2446.3333333333335	0.0
940	2508.1666666666665	0.0
950	2276.5	0.0
960	2385.3333333333335	0.0
970	2320.6666666666665	0.0
980	2342.3333333333335	0.0
990	2286.6666666666665	0.0
1000	2399.3333333333335	0.0
