0	254.0	0.0
10	131.66666666666666	1000.0
20	130.0	0.0
30	109.66666666666667	0.0
40	613.6666666666666	0.0
50	767.0	0.0
60	962.6666666666666	0.0
70	1362.0	0.0
80	1067.0	0.0
90	1435.5	0.0
100	1678.6666666666667	0.0
110	1562.3333333333333	0.0
120	2059.6666666666665	0.0
130	1887.3333333333333	0.0
140	2090.8333333333335	0.0
150	2279.5	0.0
160	2492.6666666666665	0.0
170	2278.3333333333335	0.0
180	2374.6666666666665	0.0
190	2279.6666666666665	0.0
200	2235.0	0.0
210	2292.6666666666665	0.0
220	2418.1666666666665	0.0
230	2215.6666666666665	0.0
240	2267.6666666666665	0.0
250	2317.0	0.0
260	2161.3333333333335	0.0
270	2462.3333333333335	0.0
280	2461.6666666666665	0.0
290	2412.5	0.0
300	2491.5	0.0
310	2474.6666666666665	0.0
320	1327.0	0.0
330	2388.5	0.0
340	2228.0	0.0
350	2454.5	0.0
360	1628.5	0.0
370	1926.6666666666667	0.0
380	2209.3333333333335	0.0
390	2125.3333333333335	0.0
400	2324.0	0.0
410	2212.0	0.0
420	1881.3333333333333	0.0
430	2186.0	0.0
440	1761.0	0.0
450	1618.3333333333333	0.0
460	1825.1666666666667	0.0
470	2047.5	0.0
480	1724.0	0.0
490	1843.0	0.0
500	1878.3333333333333	0.0
510	1710.3333333333333	0.0
520	1938.6666666666667	0.0
530	1986.0	0.0
540	2156.3333333333335	0.0
550	1579.6666666666667	0.0
560	1756.3333333333333	0.0
570	2124.5	0.0
580	2180.5	0.0
590	1613.5	0.0
600	1979.5	0.0
610	1700.8333333333333	0.0
620	2422.3333333333335	0.0
630	2280.3333333333335	0.0
640	2244.0	0.0
650	2476.3333333333335	0.0
660	2629.3333333333335	0.0
670	2189.0	0.0
680	1584.6666666666667	0.0
690	1992.6666666666667	0.0
700	1884.6666666666667	0.0
710	2411.3333333333335	0.0
720	1992.1666666666667	0.0
730	1990.8333333333333	0.0
740	2198.8333333333335	0.0
750	1921.6666666666667	0.0
760	1764.1666666666667	0.0
770	1940.0	0.0
780	2364.3333333333335	0.0
790	2473.8333333333335	0.0
800	2545.0	0.0
810	2503.6666666666665	0.0
820	2367.6666666666665	0.0
830	2278.3333333333335	0.0
840	2560.1666666666665	0.0
850	2192.0	0.0
860	2224.3333333333335	0.0
870	2387.5	0.0
880	2131.3333333333335	0.0
890	2487.6666666666665	0.0
900	2737.3333333333335	0.0
910	2250.3333333333335	0.0
920	2447.1666666666665	0.0
930	2562.3333333333335	0.0
940	2227.6666666666665	0.0
950	1654.3333333333333	0.0
960	2159.8333333333335	0.0
970	2066.3333333333335	0.0
980	2265.6666666666665	0.0
990	2340.0	0.0
1000	1798.3333333333333	0.0
