0	233.0	0.0	0.0	0.0	0.0	0.0	0.0
10	1798.8333333333333	655.0	1890.0	201.0	582.0	109.0	73.0
20	1956.0	345.0	860.0	176.0	304.0	135.0	41.0
30	2242.0	0.0	0.0	0.0	0.0	0.0	0.0
40	1961.5	0.0	0.0	0.0	0.0	0.0	0.0
50	1924.3333333333333	0.0	0.0	0.0	0.0	0.0	0.0
60	2045.6666666666667	0.0	0.0	0.0	0.0	0.0	0.0
70	2155.0	0.0	0.0	0.0	0.0	0.0	0.0
80	1980.6666666666667	0.0	0.0	0.0	0.0	0.0	0.0
90	2176.0	0.0	0.0	0.0	0.0	0.0	0.0
100	2244.1666666666665	0.0	0.0	0.0	0.0	0.0	0.0
110	2224.8333333333335	0.0	0.0	0.0	0.0	0.0	0.0
120	1912.6666666666667	0.0	0.0	0.0	0.0	0.0	0.0
130	2108.1666666666665	0.0	0.0	0.0	0.0	0.0	0.0
140	2339.5	0.0	0.0	0.0	0.0	0.0	0.0
150	2248.1666666666665	0.0	0.0	0.0	0.0	0.0	0.0
160	2282.3333333333335	0.0	0.0	0.0	0.0	0.0	0.0
170	2374.6666666666665	0.0	0.0	0.0	0.0	0.0	0.0
180	2455.0	0.0	0.0	0.0	0.0	0.0	0.0
190	2205.1666666666665	0.0	0.0	0.0	0.0	0.0	0.0
200	2281.5	0.0	0.0	0.0	0.0	0.0	0.0
210	2222.1666666666665	0.0	0.0	0.0	0.0	0.0	0.0
220	2437.5	0.0	0.0	0.0	0.0	0.0	0.0
230	2537.6666666666665	0.0	0.0	0.0	0.0	0.0	0.0
240	2347.8333333333335	0.0	0.0	0.0	0.0	0.0	0.0
250	2601.3333333333335	0.0	0.0	0.0	0.0	0.0	0.0
260	2180.1666666666665	0.0	0.0	0.0	0.0	0.0	0.0
270	2425.5	0.0	0.0	0.0	0.0	0.0	0.0
280	2446.8333333333335	0.0	0.0	0.0	0.0	0.0	0.0
290	2254.5	0.0	0.0	0.0	0.0	0.0	0.0
300	2324.3333333333335	0.0	0.0	0.0	0.0	0.0	0.0
310	2336.3333333333335	0.0	0.0	0.0	0.0	0.0	0.0
320	2308.8333333333335	0.0	0.0	0.0	0.0	0.0	0.0
330	2400.5	0.0	0.0	0.0	0.0	0.0	0.0
340	2387.1666666666665	0.0	0.0	0.0	0.0	0.0	0.0
350	2559.1666666666665	0.0	0.0	0.0	0.0	0.0	0.0
360	2598.1666666666665	0.0	0.0	0.0	0.0	0.0	0.0
370	2393.5	0.0	0.0	0.0	0.0	0.0	0.0
380	2309.0	0.0	0.0	0.0	0.0	0.0	0.0
390	2589.3333333333335	0.0	0.0	0.0	0.0	0.0	0.0
400	2553.3333333333335	0.0	0.0	0.0	0.0	0.0	0.0
410	2703.5	0.0	0.0	0.0	0.0	0.0	0.0
420	2321.3333333333335	0.0	0.0	0.0	0.0	0.0	0.0
430	2697.6666666666665	0.0	0.0	0.0	0.0	0.0	0.0
440	2658.3333333333335	0.0	0.0	0.0	0.0	0.0	0.0
450	2613.0	0.0	0.0	0.0	0.0	0.0	0.0
460	2719.1666666666665	0.0	0.0	0.0	0.0	0.0	0.0
470	2541.5	0.0	0.0	0.0	0.0	0.0	0.0
480	2412.3333333333335	0.0	0.0	0.0	0.0	0.0	0.0
490	2674.6666666666665	0.0	0.0	0.0	0.0	0.0	0.0
500	2834.1666666666665	0.0	0.0	0.0	0.0	0.0	0.0
510	2554.3333333333335	0.0	0.0	0.0	0.0	0.0	0.0
520	2550.3333333333335	0.0	0.0	0.0	0.0	0.0	0.0
530	2806.5	0.0	0.0	0.0	0.0	0.0	0.0
540	2717.0	0.0	0.0	0.0	0.0	0.0	0.0
550	2615.3333333333335	0.0	0.0	0.0	0.0	0.0	0.0
560	2740.5	0.0	0.0	0.0	0.0	0.0	0.0
570	2765.5	0.0	0.0	0.0	0.0	0.0	0.0
580	2658.1666666666665	0.0	0.0	0.0	0.0	0.0	0.0
590	2897.6666666666665	0.0	0.0	0.0	0.0	0.0	0.0
600	2872.6666666666665	0.0	0.0	0.0	0.0	0.0	0.0
610	2737.0	0.0	0.0	0.0	0.0	0.0	0.0
620	2712.1666666666665	0.0	0.0	0.0	0.0	0.0	0.0
630	2631.0	0.0	0.0	0.0	0.0	0.0	0.0
640	2914.6666666666665	0.0	0.0	0.0	0.0	0.0	0.0
650	3028.5	0.0	0.0	0.0	0.0	0.0	0.0
660	2839.8333333333335	0.0	0.0	0.0	0.0	0.0	0.0
670	2727.5	0.0	0.0	0.0	0.0	0.0	0.0
680	2839.0	0.0	0.0	0.0	0.0	0.0	0.0
690	2450.3333333333335	0.0	0.0	0.0	0.0	0.0	0.0
700	2562.6666666666665	0.0	0.0	0.0	0.0	0.0	0.0
710	2610.8333333333335	0.0	0.0	0.0	0.0	0.0	0.0
720	2834.8333333333335	0.0	0.0	0.0	0.0	0.0	0.0
730	2575.1666666666665	0.0	0.0	0.0	0.0	0.0	0.0
740	2793.6666666666665	0.0	0.0	0.0	0.0	0.0	0.0
750	2826.0	0.0	0.0	0.0	0.0	0.0	0.0
760	2785.0	0.0	0.0	0.0	0.0	0.0	0.0
770	2954.3333333333335	0.0	0.0	0.0	0.0	0.0	0.0
780	2688.0	0.0	0.0	0.0	0.0	0.0	0.0
790	2691.3333333333335	0.0	0.0	0.0	0.0	0.0	0.0
800	3021.1666666666665	0.0	0.0	0.0	0.0	0.0	0.0
810	2765.6666666666665	0.0	0.0	0.0	0.0	0.0	0.0
820	2777.5	0.0	0.0	0.0	0.0	0.0	0.0
830	2546.8333333333335	0.0	0.0	0.0	0.0	0.0	0.0
840	2722.8333333333335	0.0	0.0	0.0	0.0	0.0	0.0
850	2679.6666666666665	0.0	0.0	0.0	0.0	0.0	0.0
860	2760.8333333333335	0.0	0.0	0.0	0.0	0.0	0.0
870	2610.8333333333335	0.0	0.0	0.0	0.0	0.0	0.0
880	2814.1666666666665	0.0	0.0	0.0	0.0	0.0	0.0
890	3008.5	0.0	0.0	0.0	0.0	0.0	0.0
900	2844.3333333333335	0.0	0.0	0.0	0.0	0.0	0.0
910	2686.6666666666665	0.0	0.0	0.0	0.0	0.0	0.0
920	2784.0	0.0	0.0	0.0	0.0	0.0	0.0
930	2928.3333333333335	0.0	0.0	0.0	0.0	0.0	0.0
940	2990.8333333333335	0.0	0.0	0.0	0.0	0.0	0.0
950	2977.0	0.0	0.0	0.0	0.0	0.0	0.0
960	2847.8333333333335	0.0	0.0	0.0	0.0	0.0	0.0
970	2833.5	0.0	0.0	0.0	0.0	0.0	0.0
980	3149.3333333333335	0.0	0.0	0.0	0.0	0.0	0.0
990	2930.0	0.0	0.0	0.0	0.0	0.0	0.0
1000	2864.8333333333335	0.0	0.0	0.0	0.0	0.0	0.0
