0	266.6666666666667	0.0	0.0	0.0	0.0	0.0	0.0
10	1868.3333333333333	516.0	1872.0	257.0	450.0	188.0	66.0
20	2105.5	484.0	1619.0	219.0	423.0	154.0	61.0
30	1765.8333333333333	0.0	0.0	0.0	0.0	0.0	0.0
40	1913.5	0.0	0.0	0.0	0.0	0.0	0.0
50	2086.3333333333335	0.0	0.0	0.0	0.0	0.0	0.0
60	2101.6666666666665	0.0	0.0	0.0	0.0	0.0	0.0
70	2023.5	0.0	0.0	0.0	0.0	0.0	0.0
80	2190.0	0.0	0.0	0.0	0.0	0.0	0.0
90	2403.3333333333335	0.0	0.0	0.0	0.0	0.0	0.0
100	2191.8333333333335	0.0	0.0	0.0	0.0	0.0	0.0
110	2355.1666666666665	0.0	0.0	0.0	0.0	0.0	0.0
120	2208.6666666666665	0.0	0.0	0.0	0.0	0.0	0.0
130	2105.0	0.0	0.0	0.0	0.0	0.0	0.0
140	2279.6666666666665	0.0	0.0	0.0	0.0	0.0	0.0
150	2283.6666666666665	0.0	0.0	0.0	0.0	0.0	0.0
160	2281.6666666666665	0.0	0.0	0.0	0.0	0.0	0.0
170	2372.1666666666665	0.0	0.0	0.0	0.0	0.0	0.0
180	2446.0	0.0	0.0	0.0	0.0	0.0	0.0
190	2435.5	0.0	0.0	0.0	0.0	0.0	0.0
200	2449.5	0.0	0.0	0.0	0.0	0.0	0.0
210	2327.6666666666665	0.0	0.0	0.0	0.0	0.0	0.0
220	2361.3333333333335	0.0	0.0	0.0	0.0	0.0	0.0
230	2429.6666666666665	0.0	0.0	0.0	0.0	0.0	0.0
240	2591.6666666666665	0.0	0.0	0.0	0.0	0.0	0.0
250	2360.5	0.0	0.0	0.0	0.0	0.0	0.0
260	2501.1666666666665	0.0	0.0	0.0	0.0	0.0	0.0
270	2558.8333333333335	0.0	0.0	0.0	0.0	0.0	0.0
280	2678.5	0.0	0.0	0.0	0.0	0.0	0.0
290	2541.3333333333335	0.0	0.0	0.0	0.0	0.0	0.0
300	2519.0	0.0	0.0	0.0	0.0	0.0	0.0
310	2559.0	0.0	0.0	0.0	0.0	0.0	0.0
320	2345.6666666666665	0.0	0.0	0.0	0.0	0.0	0.0
330	2802.1666666666665	0.0	0.0	0.0	0.0	0.0	0.0
340	2450.3333333333335	0.0	0.0	0.0	0.0	0.0	0.0
350	2331.3333333333335	0.0	0.0	0.0	0.0	0.0	0.0
360	2849.0	0.0	0.0	0.0	0.0	0.0	0.0
370	2582.5	0.0	0.0	0.0	0.0	0.0	0.0
380	2749.3333333333335	0.0	0.0	0.0	0.0	0.0	0.0
390	2739.8333333333335	0.0	0.0	0.0	0.0	0.0	0.0
400	2758.5	0.0	0.0	0.0	0.0	0.0	0.0
410	2721.5	0.0	0.0	0.0	0.0	0.0	0.0
420	2596.0	0.0	0.0	0.0	0.0	0.0	0.0
430	2874.1666666666665	0.0	0.0	0.0	0.0	0.0	0.0
440	3059.3333333333335	0.0	0.0	0.0	0.0	0.0	0.0
450	2985.1666666666665	0.0	0.0	0.0	0.0	0.0	0.0
460	2697.3333333333335	0.0	0.0	0.0	0.0	0.0	0.0
470	3034.0	0.0	0.0	0.0	0.0	0.0	0.0
480	2951.6666666666665	0.0	0.0	0.0	0.0	0.0	0.0
490	2640.8333333333335	0.0	0.0	0.0	0.0	0.0	0.0
500	2687.3333333333335	0.0	0.0	0.0	0.0	0.0	0.0
510	2590.3333333333335	0.0	0.0	0.0	0.0	0.0	0.0
520	2785.5	0.0	0.0	0.0	0.0	0.0	0.0
530	3163.8333333333335	0.0	0.0	0.0	0.0	0.0	0.0
540	2644.0	0.0	0.0	0.0	0.0	0.0	0.0
550	2698.5	0.0	0.0	0.0	0.0	0.0	0.0
560	2519.0	0.0	0.0	0.0	0.0	0.0	0.0
570	2940.3333333333335	0.0	0.0	0.0	0.0	0.0	0.0
580	2620.8333333333335	0.0	0.0	0.0	0.0	0.0	0.0
590	2878.8333333333335	0.0	0.0	0.0	0.0	0.0	0.0
600	2819.0	0.0	0.0	0.0	0.0	0.0	0.0
610	2876.8333333333335	0.0	0.0	0.0	0.0	0.0	0.0
620	2919.6666666666665	0.0	0.0	0.0	0.0	0.0	0.0
630	2969.6666666666665	0.0	0.0	0.0	0.0	0.0	0.0
640	2975.1666666666665	0.0	0.0	0.0	0.0	0.0	0.0
650	2893.3333333333335	0.0	0.0	0.0	0.0	0.0	0.0
660	3086.6666666666665	0.0	0.0	0.0	0.0	0.0	0.0
670	3061.5	0.0	0.0	0.0	0.0	0.0	0.0
680	2745.1666666666665	0.0	0.0	0.0	0.0	0.0	0.0
690	2833.0	0.0	0.0	0.0	0.0	0.0	0.0
700	2881.0	0.0	0.0	0.0	0.0	0.0	0.0
710	2645.8333333333335	0.0	0.0	0.0	0.0	0.0	0.0
720	2720.6666666666665	0.0	0.0	0.0	0.0	0.0	0.0
730	2985.5	0.0	0.0	0.0	0.0	0.0	0.0
740	2890.3333333333335	0.0	0.0	0.0	0.0	0.0	0.0
750	2741.8333333333335	0.0	0.0	0.0	0.0	0.0	0.0
760	2703.0	0.0	0.0	0.0	0.0	0.0	0.0
770	3149.6666666666665	0.0	0.0	0.0	0.0	0.0	0.0
780	3084.6666666666665	0.0	0.0	0.0	0.0	0.0	0.0
790	3034.8333333333335	0.0	0.0	0.0	0.0	0.0	0.0
800	2741.8333333333335	0.0	0.0	0.0	0.0	0.0	0.0
810	2893.5	0.0	0.0	0.0	0.0	0.0	0.0
820	2940.0	0.0	0.0	0.0	0.0	0.0	0.0
830	2759.1666666666665	0.0	0.0	0.0	0.0	0.0	0.0
840	2921.5	0.0	0.0	0.0	0.0	0.0	0.0
850	3231.6666666666665	0.0	0.0	0.0	0.0	0.0	0.0
860	3135.5	0.0	0.0	0.0	0.0	0.0	0.0
870	3366.1666666666665	0.0	0.0	0.0	0.0	0.0	0.0
880	3443.1666666666665	0.0	0.0	0.0	0.0	0.0	0.0
890	3142.8333333333335	0.0	0.0	0.0	0.0	0.0	0.0
900	2893.6666666666665	0.0	0.0	0.0	0.0	0.0	0.0
910	3322.5	0.0	0.0	0.0	0.0	0.0	0.0
920	2852.0	0.0	0.0	0.0	0.0	0.0	0.0
930	3238.6666666666665	0.0	0.0	0.0	0.0	0.0	0.0
940	3261.1666666666665	0.0	0.0	0.0	0.0	0.0	0.0
950	3138.8333333333335	0.0	0.0	0.0	0.0	0.0	0.0
960	3071.3333333333335	0.0	0.0	0.0	0.0	0.0	0.0
970	3028.8333333333335	0.0	0.0	0.0	0.0	0.0	0.0
980	3428.3333333333335	0.0	0.0	0.0	0.0	0.0	0.0
990	3354.1666666666665	0.0	0.0	0.0	0.0	0.0	0.0
1000	2980.0	0.0	0.0	0.0	0.0	0.0	0.0
