0	283.6666666666667	0.0
10	1791.1666666666667	1000.0
20	2010.8333333333333	0.0
30	2045.6666666666667	0.0
40	1897.1666666666667	0.0
50	2128.0	0.0
60	2034.3333333333333	0.0
70	2112.8333333333335	0.0
80	1926.1666666666667	0.0
90	2105.1666666666665	0.0
100	1930.3333333333333	0.0
110	2005.1666666666667	0.0
120	2080.0	0.0
130	2235.8333333333335	0.0
140	2106.6666666666665	0.0
150	2277.3333333333335	0.0
160	2035.6666666666667	0.0
170	2334.0	0.0
180	2407.6666666666665	0.0
190	2251.0	0.0
200	2196.8333333333335	0.0
210	2347.5	0.0
220	2467.5	0.0
230	2316.5	0.0
240	2230.8333333333335	0.0
250	2325.6666666666665	0.0
260	2418.1666666666665	0.0
270	2351.3333333333335	0.0
280	2486.1666666666665	0.0
290	2341.8333333333335	0.0
300	2384.5	0.0
310	2490.1666666666665	0.0
320	2659.5	0.0
330	2314.8333333333335	0.0
340	2420.5	0.0
350	2461.6666666666665	0.0
360	2668.6666666666665	0.0
370	2480.0	0.0
380	2549.1666666666665	0.0
390	2608.1666666666665	0.0
400	2740.0	0.0
410	2451.8333333333335	0.0
420	2725.5	0.0
430	2552.1666666666665	0.0
440	2679.8333333333335	0.0
450	2578.6666666666665	0.0
460	2449.1666666666665	0.0
470	2554.0	0.0
480	2618.8333333333335	0.0
490	2497.1666666666665	0.0
500	2483.0	0.0
510	2258.5	0.0
520	2649.6666666666665	0.0
530	2633.0	0.0
540	2625.8333333333335	0.0
550	2412.6666666666665	0.0
560	2837.0	0.0
570	2588.1666666666665	0.0
580	2458.3333333333335	0.0
590	2243.6666666666665	0.0
600	2617.1666666666665	0.0
610	2696.0	0.0
620	2771.8333333333335	0.0
630	2817.8333333333335	0.0
640	2289.3333333333335	0.0
650	2555.8333333333335	0.0
660	2719.5	0.0
670	2850.5	0.0
680	2590.5	0.0
690	2764.3333333333335	0.0
700	2875.3333333333335	0.0
710	2782.5	0.0
720	2837.6666666666665	0.0
730	2954.0	0.0
740	2989.1666666666665	0.0
750	2699.8333333333335	0.0
760	2646.6666666666665	0.0
770	2776.3333333333335	0.0
780	2639.5	0.0
790	2811.3333333333335	0.0
800	2650.1666666666665	0.0
810	2561.6666666666665	0.0
820	2853.8333333333335	0.0
830	2621.1666666666665	0.0
840	2888.8333333333335	0.0
850	2793.3333333333335	0.0
860	3094.3333333333335	0.0
870	2341.3333333333335	0.0
880	2838.3333333333335	0.0
890	2984.0	0.0
900	2518.0	0.0
910	2814.8333333333335	0.0
920	2895.3333333333335	0.0
930	2689.0	0.0
940	2569.6666666666665	0.0
950	3092.0	0.0
960	2872.5	0.0
970	2659.0	0.0
980	3282.6666666666665	0.0
990	2963.6666666666665	0.0
1000	2761.1666666666665	0.0
