0	269.3333333333333	0.0
10	2011.3333333333333	1000.0
20	2136.3333333333335	0.0
30	2128.0	0.0
40	1956.1666666666667	0.0
50	2185.5	0.0
60	2058.1666666666665	0.0
70	2127.3333333333335	0.0
80	2217.6666666666665	0.0
90	2080.0	0.0
100	2199.6666666666665	0.0
110	2232.5	0.0
120	2203.5	0.0
130	2140.6666666666665	0.0
140	2278.1666666666665	0.0
150	2278.0	0.0
160	2078.5	0.0
170	2230.5	0.0
180	2265.0	0.0
190	2241.0	0.0
200	2223.8333333333335	0.0
210	2330.5	0.0
220	2331.0	0.0
230	2371.3333333333335	0.0
240	2319.5	0.0
250	2333.5	0.0
260	2288.8333333333335	0.0
270	2297.0	0.0
280	2535.5	0.0
290	2348.8333333333335	0.0
300	2268.6666666666665	0.0
310	2441.8333333333335	0.0
320	2639.8333333333335	0.0
330	2587.8333333333335	0.0
340	2691.8333333333335	0.0
350	2483.5	0.0
360	2444.1666666666665	0.0
370	2577.0	0.0
380	2578.1666666666665	0.0
390	2241.6666666666665	0.0
400	2308.6666666666665	0.0
410	2682.8333333333335	0.0
420	2349.5	0.0
430	2847.1666666666665	0.0
440	2614.3333333333335	0.0
450	2632.8333333333335	0.0
460	2599.1666666666665	0.0
470	2563.0	0.0
480	2430.6666666666665	0.0
490	2758.6666666666665	0.0
500	2450.8333333333335	0.0
510	2358.8333333333335	0.0
520	2757.6666666666665	0.0
530	2794.0	0.0
540	2731.1666666666665	0.0
550	2662.6666666666665	0.0
560	2655.5	0.0
570	2837.3333333333335	0.0
580	2552.3333333333335	0.0
590	2836.0	0.0
600	2640.1666666666665	0.0
610	2839.3333333333335	0.0
620	2565.6666666666665	0.0
630	2679.6666666666665	0.0
640	2728.6666666666665	0.0
650	2929.5	0.0
660	2949.0	0.0
670	2904.6666666666665	0.0
680	2782.5	0.0
690	2595.6666666666665	0.0
700	2876.6666666666665	0.0
710	2733.3333333333335	0.0
720	2960.3333333333335	0.0
730	2444.3333333333335	0.0
740	2770.5	0.0
750	2884.1666666666665	0.0
760	2878.3333333333335	0.0
770	2789.1666666666665	0.0
780	2900.8333333333335	0.0
790	3056.3333333333335	0.0
800	2705.0	0.0
810	3001.6666666666665	0.0
820	3263.1666666666665	0.0
830	2846.3333333333335	0.0
840	2899.0	0.0
850	2790.1666666666665	0.0
860	2846.6666666666665	0.0
870	3081.1666666666665	0.0
880	3242.0	0.0
890	3018.6666666666665	0.0
900	2851.6666666666665	0.0
910	2676.8333333333335	0.0
920	2867.1666666666665	0.0
930	2873.6666666666665	0.0
940	2812.5	0.0
950	2918.3333333333335	0.0
960	3015.8333333333335	0.0
970	2770.1666666666665	0.0
980	3043.1666666666665	0.0
990	3060.3333333333335	0.0
1000	3103.0	0.0
