0	252.66666666666666	0.0	0.0	0.0	0.0	0.0	0.0
10	70.0	21.0	26.0	6.0	15.0	0.0	6.0
20	70.0	11.0	8.0	8.0	3.0	0.0	8.0
30	70.0	0.0	0.0	0.0	0.0	0.0	0.0
40	70.0	4.0	0.0	4.0	0.0	0.0	4.0
50	70.0	0.0	0.0	0.0	0.0	0.0	0.0
60	70.0	29.0	54.0	6.0	28.0	5.0	1.0
70	70.0	58.0	78.0	7.0	56.0	5.0	2.0
80	70.33333333333333	0.0	0.0	0.0	0.0	0.0	0.0
90	70.0	1.0	0.0	1.0	0.0	0.0	1.0
100	76.33333333333333	0.0	0.0	0.0	0.0	0.0	0.0
110	188.33333333333334	0.0	0.0	0.0	0.0	0.0	0.0
120	399.3333333333333	6.0	35.0	1.0	6.0	1.0	0.0
130	106.0	7.0	69.0	6.0	2.0	1.0	5.0
140	244.0	59.0	80.0	53.0	11.0	3.0	48.0
150	110.33333333333333	24.0	79.0	26.0	7.0	3.0	17.0
160	493.6666666666667	1.0	55.0	4.0	0.0	3.0	1.0
170	127.66666666666667	13.0	162.0	12.0	2.0	1.0	11.0
180	190.66666666666666	46.0	231.0	36.0	14.0	4.0	32.0
190	580.6666666666666	6.0	82.0	7.0	0.0	1.0	6.0
200	699.0	12.0	206.0	18.0	7.0	6.0	5.0
210	1494.0	0.0	143.0	1.0	0.0	1.0	0.0
220	1186.6666666666667	51.0	537.0	58.0	5.0	12.0	46.0
230	934.6666666666666	20.0	65.0	13.0	7.0	0.0	13.0
240	511.3333333333333	8.0	150.0	14.0	1.0	7.0	7.0
250	917.3333333333334	18.0	450.0	27.0	4.0	13.0	14.0
260	886.6666666666666	19.0	496.0	35.0	4.0	20.0	15.0
270	1303.6666666666667	46.0	595.0	54.0	5.0	13.0	41.0
280	1511.3333333333333	48.0	421.0	52.0	4.0	8.0	44.0
290	2351.8333333333335	2.0	496.0	17.0	0.0	15.0	2.0
300	1507.0	23.0	482.0	38.0	0.0	15.0	23.0
310	1186.3333333333333	23.0	528.0	35.0	5.0	17.0	18.0
320	1075.1666666666667	11.0	489.0	18.0	2.0	9.0	9.0
330	2051.6666666666665	26.0	740.0	49.0	2.0	25.0	24.0
340	2281.5	4.0	469.0	15.0	0.0	11.0	4.0
350	2248.6666666666665	19.0	719.0	38.0	2.0	21.0	17.0
360	2468.8333333333335	66.0	310.0	76.0	1.0	11.0	65.0
370	2497.5	40.0	394.0	56.0	2.0	17.0	38.0
380	1755.3333333333333	82.0	668.0	97.0	2.0	17.0	80.0
390	2343.8333333333335	10.0	536.0	20.0	0.0	10.0	10.0
400	2277.6666666666665	2.0	543.0	14.0	0.0	12.0	2.0
410	2468.0	2.0	534.0	13.0	0.0	11.0	2.0
420	2361.0	4.0	193.0	7.0	1.0	4.0	3.0
430	2098.1666666666665	12.0	292.0	15.0	2.0	5.0	10.0
440	1926.6666666666667	40.0	638.0	56.0	1.0	17.0	39.0
450	2525.5	10.0	586.0	31.0	1.0	22.0	9.0
460	1864.1666666666667	13.0	533.0	35.0	0.0	22.0	13.0
470	2364.5	8.0	433.0	22.0	5.0	18.0	3.0
480	2213.0	37.0	1110.0	71.0	2.0	36.0	35.0
490	2388.3333333333335	14.0	543.0	25.0	5.0	16.0	9.0
500	2700.8333333333335	43.0	923.0	75.0	1.0	33.0	42.0
510	1741.0	1.0	521.0	16.0	0.0	15.0	1.0
520	2454.3333333333335	0.0	0.0	0.0	0.0	0.0	0.0
530	2459.3333333333335	0.0	0.0	0.0	0.0	0.0	0.0
540	2011.5	0.0	0.0	0.0	0.0	0.0	0.0
550	1645.1666666666667	0.0	0.0	0.0	0.0	0.0	0.0
560	2550.5	0.0	0.0	0.0	0.0	0.0	0.0
570	1777.6666666666667	0.0	0.0	0.0	0.0	0.0	0.0
580	1906.0	0.0	0.0	0.0	0.0	0.0	0.0
590	1739.6666666666667	0.0	0.0	0.0	0.0	0.0	0.0
600	2657.8333333333335	0.0	0.0	0.0	0.0	0.0	0.0
610	1718.0	0.0	0.0	0.0	0.0	0.0	0.0
620	1690.0	0.0	0.0	0.0	0.0	0.0	0.0
630	1901.6666666666667	0.0	0.0	0.0	0.0	0.0	0.0
640	1979.6666666666667	0.0	0.0	0.0	0.0	0.0	0.0
650	2530.6666666666665	0.0	0.0	0.0	0.0	0.0	0.0
660	1799.6666666666667	0.0	0.0	0.0	0.0	0.0	0.0
670	2234.6666666666665	0.0	0.0	0.0	0.0	0.0	0.0
680	2344.0	0.0	0.0	0.0	0.0	0.0	0.0
690	2184.1666666666665	0.0	0.0	0.0	0.0	0.0	0.0
700	2609.6666666666665	0.0	0.0	0.0	0.0	0.0	0.0
710	2457.6666666666665	0.0	0.0	0.0	0.0	0.0	0.0
720	2475.8333333333335	0.0	0.0	0.0	0.0	0.0	0.0
730	2353.3333333333335	0.0	0.0	0.0	0.0	0.0	0.0
740	2406.3333333333335	0.0	0.0	0.0	0.0	0.0	0.0
750	2375.6666666666665	0.0	0.0	0.0	0.0	0.0	0.0
760	2345.6666666666665	0.0	0.0	0.0	0.0	0.0	0.0
770	2471.0	0.0	0.0	0.0	0.0	0.0	0.0
780	1590.5	0.0	0.0	0.0	0.0	0.0	0.0
790	2392.0	0.0	0.0	0.0	0.0	0.0	0.0
800	2504.3333333333335	0.0	0.0	0.0	0.0	0.0	0.0
810	2138.3333333333335	0.0	0.0	0.0	0.0	0.0	0.0
820	2390.3333333333335	0.0	0.0	0.0	0.0	0.0	0.0
830	2171.6666666666665	0.0	0.0	0.0	0.0	0.0	0.0
840	2527.6666666666665	0.0	0.0	0.0	0.0	0.0	0.0
850	2514.0	0.0	0.0	0.0	0.0	0.0	0.0
860	2447.1666666666665	0.0	0.0	0.0	0.0	0.0	0.0
870	2440.1666666666665	0.0	0.0	0.0	0.0	0.0	0.0
880	2142.1666666666665	0.0	0.0	0.0	0.0	0.0	0.0
890	2421.6666666666665	0.0	0.0	0.0	0.0	0.0	0.0
900	2563.0	0.0	0.0	0.0	0.0	0.0	0.0
910	1880.1666666666667	0.0	0.0	0.0	0.0	0.0	0.0
920	2153.6666666666665	0.0	0.0	0.0	0.0	0.0	0.0
930	1915.6666666666667	0.0	0.0	0.0	0.0	0.0	0.0
940	1733.1666666666667	0.0	0.0	0.0	0.0	0.0	0.0
950	1927.6666666666667	0.0	0.0	0.0	0.0	0.0	0.0
960	1903.3333333333333	0.0	0.0	0.0	0.0	0.0	0.0
970	2012.6666666666667	0.0	0.0	0.0	0.0	0.0	0.0
980	2172.0	0.0	0.0	0.0	0.0	0.0	0.0
990	2126.5	0.0	0.0	0.0	0.0	0.0	0.0
1000	2035.3333333333333	0.0	0.0	0.0	0.0	0.0	0.0
