0	243.33333333333334	0.0	0.0	0.0	0.0	0.0	0.0
10	70.0	0.0	13.0	3.0	0.0	3.0	0.0
20	70.0	2.0	13.0	1.0	1.0	0.0	1.0
30	70.0	2.0	7.0	2.0	1.0	1.0	1.0
40	70.0	34.0	26.0	8.0	26.0	0.0	8.0
50	70.0	34.0	63.0	12.0	25.0	3.0	9.0
60	70.0	17.0	26.0	2.0	16.0	1.0	1.0
70	70.0	49.0	24.0	25.0	25.0	0.0	24.0
80	70.0	12.0	6.0	6.0	6.0	0.0	6.0
90	102.66666666666667	0.0	10.0	2.0	0.0	2.0	0.0
100	79.66666666666667	5.0	7.0	0.0	5.0	0.0	0.0
110	234.0	100.0	136.0	80.0	24.0	3.0	76.0
120	86.33333333333333	83.0	191.0	80.0	10.0	6.0	73.0
130	272.6666666666667	3.0	12.0	4.0	0.0	1.0	3.0
140	409.3333333333333	2.0	50.0	3.0	1.0	2.0	1.0
150	1351.3333333333333	57.0	453.0	63.0	8.0	9.0	49.0
160	1366.6666666666667	13.0	228.0	12.0	7.0	6.0	6.0
170	1025.0	43.0	310.0	25.0	22.0	3.0	21.0
180	2082.5	34.0	227.0	35.0	9.0	10.0	25.0
190	2223.0	83.0	336.0	87.0	7.0	11.0	76.0
200	2209.6666666666665	19.0	576.0	30.0	2.0	13.0	17.0
210	2236.6666666666665	233.0	472.0	236.0	9.0	11.0	224.0
220	2287.3333333333335	175.0	413.0	176.0	11.0	9.0	164.0
230	2356.0	0.0	0.0	0.0	0.0	0.0	0.0
240	2506.3333333333335	0.0	0.0	0.0	0.0	0.0	0.0
250	2315.6666666666665	0.0	0.0	0.0	0.0	0.0	0.0
260	2027.5	0.0	0.0	0.0	0.0	0.0	0.0
270	2275.6666666666665	0.0	0.0	0.0	0.0	0.0	0.0
280	2330.0	0.0	0.0	0.0	0.0	0.0	0.0
290	2672.1666666666665	0.0	0.0	0.0	0.0	0.0	0.0
300	2371.3333333333335	0.0	0.0	0.0	0.0	0.0	0.0
310	2591.1666666666665	0.0	0.0	0.0	0.0	0.0	0.0
320	2353.0	0.0	0.0	0.0	0.0	0.0	0.0
330	2063.3333333333335	0.0	0.0	0.0	0.0	0.0	0.0
340	2156.3333333333335	0.0	0.0	0.0	0.0	0.0	0.0
350	2307.6666666666665	0.0	0.0	0.0	0.0	0.0	0.0
360	2300.0	0.0	0.0	0.0	0.0	0.0	0.0
370	2347.6666666666665	0.0	0.0	0.0	0.0	0.0	0.0
380	2255.6666666666665	0.0	0.0	0.0	0.0	0.0	0.0
390	2446.0	0.0	0.0	0.0	0.0	0.0	0.0
400	2388.0	0.0	0.0	0.0	0.0	0.0	0.0
410	2425.5	0.0	0.0	0.0	0.0	0.0	0.0
420	2727.1666666666665	0.0	0.0	0.0	0.0	0.0	0.0
430	2451.3333333333335	0.0	0.0	0.0	0.0	0.0	0.0
440	2092.3333333333335	0.0	0.0	0.0	0.0	0.0	0.0
450	1710.3333333333333	0.0	0.0	0.0	0.0	0.0	0.0
460	2072.8333333333335	0.0	0.0	0.0	0.0	0.0	0.0
470	2223.1666666666665	0.0	0.0	0.0	0.0	0.0	0.0
480	1952.6666666666667	0.0	0.0	0.0	0.0	0.0	0.0
490	2060.5	0.0	0.0	0.0	0.0	0.0	0.0
500	1990.3333333333333	0.0	0.0	0.0	0.0	0.0	0.0
510	2066.0	0.0	0.0	0.0	0.0	0.0	0.0
520	1624.3333333333333	0.0	0.0	0.0	0.0	0.0	0.0
530	2212.3333333333335	0.0	0.0	0.0	0.0	0.0	0.0
540	2494.6666666666665	0.0	0.0	0.0	0.0	0.0	0.0
550	2102.8333333333335	0.0	0.0	0.0	0.0	0.0	0.0
560	1890.0	0.0	0.0	0.0	0.0	0.0	0.0
570	2521.0	0.0	0.0	0.0	0.0	0.0	0.0
580	2606.8333333333335	0.0	0.0	0.0	0.0	0.0	0.0
590	1797.6666666666667	0.0	0.0	0.0	0.0	0.0	0.0
600	2399.6666666666665	0.0	0.0	0.0	0.0	0.0	0.0
610	1841.6666666666667	0.0	0.0	0.0	0.0	0.0	0.0
620	2359.0	0.0	0.0	0.0	0.0	0.0	0.0
630	2327.3333333333335	0.0	0.0	0.0	0.0	0.0	0.0
640	2324.3333333333335	0.0	0.0	0.0	0.0	0.0	0.0
650	2507.3333333333335	0.0	0.0	0.0	0.0	0.0	0.0
660	2308.8333333333335	0.0	0.0	0.0	0.0	0.0	0.0
670	2421.0	0.0	0.0	0.0	0.0	0.0	0.0
680	2157.6666666666665	0.0	0.0	0.0	0.0	0.0	0.0
690	2433.1666666666665	0.0	0.0	0.0	0.0	0.0	0.0
700	2410.1666666666665	0.0	0.0	0.0	0.0	0.0	0.0
710	2469.8333333333335	0.0	0.0	0.0	0.0	0.0	0.0
720	2375.3333333333335	0.0	0.0	0.0	0.0	0.0	0.0
730	2433.6666666666665	0.0	0.0	0.0	0.0	0.0	0.0
740	2462.3333333333335	0.0	0.0	0.0	0.0	0.0	0.0
750	2447.1666666666665	0.0	0.0	0.0	0.0	0.0	0.0
760	2252.0	0.0	0.0	0.0	0.0	0.0	0.0
770	2311.0	0.0	0.0	0.0	0.0	0.0	0.0
780	1800.6666666666667	0.0	0.0	0.0	0.0	0.0	0.0
790	2538.3333333333335	0.0	0.0	0.0	0.0	0.0	0.0
800	2190.3333333333335	0.0	0.0	0.0	0.0	0.0	0.0
810	2227.6666666666665	0.0	0.0	0.0	0.0	0.0	0.0
820	2475.3333333333335	0.0	0.0	0.0	0.0	0.0	0.0
830	2352.1666666666665	0.0	0.0	0.0	0.0	0.0	0.0
840	2372.5	0.0	0.0	0.0	0.0	0.0	0.0
850	2495.3333333333335	0.0	0.0	0.0	0.0	0.0	0.0
860	2405.3333333333335	0.0	0.0	0.0	0.0	0.0	0.0
870	2450.3333333333335	0.0	0.0	0.0	0.0	0.0	0.0
880	2470.0	0.0	0.0	0.0	0.0	0.0	0.0
890	2402.5	0.0	0.0	0.0	0.0	0.0	0.0
900	2305.5	0.0	0.0	0.0	0.0	0.0	0.0
910	2579.0	0.0	0.0	0.0	0.0	0.0	0.0
920	2420.0	0.0	0.0	0.0	0.0	0.0	0.0
930	2547.3333333333335	0.0	0.0	0.0	0.0	0.0	0.0
940	2155.8333333333335	0.0	0.0	0.0	0.0	0.0	0.0
950	2600.6666666666665	0.0	0.0	0.0	0.0	0.0	0.0
960	2406.1666666666665	0.0	0.0	0.0	0.0	0.0	0.0
970	2609.1666666666665	0.0	0.0	0.0	0.0	0.0	0.0
980	2475.8333333333335	0.0	0.0	0.0	0.0	0.0	0.0
990	2138.3333333333335	0.0	0.0	0.0	0.0	0.0	0.0
1000	2468.0	0.0	0.0	0.0	0.0	0.0	0.0
