0	214.33333333333334	0.0	0.0	0.0	0.0	0.0	0.0
10	70.33333333333333	72.0	48.0	34.0	40.0	1.0	32.0
20	70.0	1.0	0.0	1.0	0.0	0.0	1.0
30	70.0	3.0	10.0	2.0	1.0	0.0	2.0
40	70.0	66.0	43.0	43.0	23.0	0.0	43.0
50	70.0	24.0	49.0	1.0	24.0	1.0	0.0
60	70.0	2.0	13.0	5.0	1.0	4.0	1.0
70	136.0	8.0	11.0	0.0	8.0	0.0	0.0
80	564.0	46.0	18.0	45.0	3.0	1.0	43.0
90	256.3333333333333	5.0	46.0	3.0	4.0	2.0	1.0
100	272.0	9.0	53.0	7.0	5.0	3.0	4.0
110	75.0	4.0	102.0	5.0	1.0	2.0	3.0
120	96.0	51.0	88.0	48.0	6.0	2.0	45.0
130	311.3333333333333	13.0	32.0	15.0	0.0	2.0	13.0
140	900.6666666666666	18.0	79.0	19.0	3.0	4.0	15.0
150	818.6666666666666	54.0	363.0	62.0	3.0	11.0	51.0
160	1139.6666666666667	24.0	485.0	47.0	1.0	24.0	23.0
170	1676.3333333333333	2.0	154.0	9.0	0.0	7.0	2.0
180	1340.6666666666667	9.0	141.0	11.0	1.0	3.0	8.0
190	2117.3333333333335	58.0	278.0	64.0	4.0	9.0	54.0
200	1944.1666666666667	11.0	383.0	39.0	2.0	30.0	9.0
210	2409.0	520.0	296.0	518.0	18.0	12.0	502.0
220	2051.0	0.0	0.0	0.0	0.0	0.0	0.0
230	2611.5	0.0	0.0	0.0	0.0	0.0	0.0
240	2237.3333333333335	0.0	0.0	0.0	0.0	0.0	0.0
250	2443.3333333333335	0.0	0.0	0.0	0.0	0.0	0.0
260	2271.0	0.0	0.0	0.0	0.0	0.0	0.0
270	2428.0	0.0	0.0	0.0	0.0	0.0	0.0
280	2528.8333333333335	0.0	0.0	0.0	0.0	0.0	0.0
290	2585.0	0.0	0.0	0.0	0.0	0.0	0.0
300	2452.3333333333335	0.0	0.0	0.0	0.0	0.0	0.0
310	2412.3333333333335	0.0	0.0	0.0	0.0	0.0	0.0
320	2337.8333333333335	0.0	0.0	0.0	0.0	0.0	0.0
330	2176.1666666666665	0.0	0.0	0.0	0.0	0.0	0.0
340	2458.0	0.0	0.0	0.0	0.0	0.0	0.0
350	2359.3333333333335	0.0	0.0	0.0	0.0	0.0	0.0
360	2451.5	0.0	0.0	0.0	0.0	0.0	0.0
370	2273.3333333333335	0.0	0.0	0.0	0.0	0.0	0.0
380	2454.0	0.0	0.0	0.0	0.0	0.0	0.0
390	2286.5	0.0	0.0	0.0	0.0	0.0	0.0
400	1945.5	0.0	0.0	0.0	0.0	0.0	0.0
410	1596.0	0.0	0.0	0.0	0.0	0.0	0.0
420	2297.1666666666665	0.0	0.0	0.0	0.0	0.0	0.0
430	1518.8333333333333	0.0	0.0	0.0	0.0	0.0	0.0
440	1636.6666666666667	0.0	0.0	0.0	0.0	0.0	0.0
450	1613.1666666666667	0.0	0.0	0.0	0.0	0.0	0.0
460	2023.1666666666667	0.0	0.0	0.0	0.0	0.0	0.0
470	1696.6666666666667	0.0	0.0	0.0	0.0	0.0	0.0
480	2225.3333333333335	0.0	0.0	0.0	0.0	0.0	0.0
490	2534.3333333333335	0.0	0.0	0.0	0.0	0.0	0.0
500	2670.6666666666665	0.0	0.0	0.0	0.0	0.0	0.0
510	2413.8333333333335	0.0	0.0	0.0	0.0	0.0	0.0
520	2469.0	0.0	0.0	0.0	0.0	0.0	0.0
530	1928.6666666666667	0.0	0.0	0.0	0.0	0.0	0.0
540	1769.8333333333333	0.0	0.0	0.0	0.0	0.0	0.0
550	1978.1666666666667	0.0	0.0	0.0	0.0	0.0	0.0
560	2232.6666666666665	0.0	0.0	0.0	0.0	0.0	0.0
570	1890.0	0.0	0.0	0.0	0.0	0.0	0.0
580	1998.1666666666667	0.0	0.0	0.0	0.0	0.0	0.0
590	1795.3333333333333	0.0	0.0	0.0	0.0	0.0	0.0
600	1810.6666666666667	0.0	0.0	0.0	0.0	0.0	0.0
610	1851.8333333333333	0.0	0.0	0.0	0.0	0.0	0.0
620	1997.6666666666667	0.0	0.0	0.0	0.0	0.0	0.0
630	2203.0	0.0	0.0	0.0	0.0	0.0	0.0
640	1963.1666666666667	0.0	0.0	0.0	0.0	0.0	0.0
650	2237.8333333333335	0.0	0.0	0.0	0.0	0.0	0.0
660	2108.6666666666665	0.0	0.0	0.0	0.0	0.0	0.0
670	1576.1666666666667	0.0	0.0	0.0	0.0	0.0	0.0
680	1638.3333333333333	0.0	0.0	0.0	0.0	0.0	0.0
690	1364.0	0.0	0.0	0.0	0.0	0.0	0.0
700	1552.0	0.0	0.0	0.0	0.0	0.0	0.0
710	1644.6666666666667	0.0	0.0	0.0	0.0	0.0	0.0
720	1467.1666666666667	0.0	0.0	0.0	0.0	0.0	0.0
730	1307.3333333333333	0.0	0.0	0.0	0.0	0.0	0.0
740	1946.6666666666667	0.0	0.0	0.0	0.0	0.0	0.0
750	1894.1666666666667	0.0	0.0	0.0	0.0	0.0	0.0
760	2145.6666666666665	0.0	0.0	0.0	0.0	0.0	0.0
770	2294.1666666666665	0.0	0.0	0.0	0.0	0.0	0.0
780	2146.8333333333335	0.0	0.0	0.0	0.0	0.0	0.0
790	2429.5	0.0	0.0	0.0	0.0	0.0	0.0
800	2456.8333333333335	0.0	0.0	0.0	0.0	0.0	0.0
810	2259.0	0.0	0.0	0.0	0.0	0.0	0.0
820	2295.3333333333335	0.0	0.0	0.0	0.0	0.0	0.0
830	1677.6666666666667	0.0	0.0	0.0	0.0	0.0	0.0
840	2014.6666666666667	0.0	0.0	0.0	0.0	0.0	0.0
850	1946.3333333333333	0.0	0.0	0.0	0.0	0.0	0.0
860	2303.0	0.0	0.0	0.0	0.0	0.0	0.0
870	2458.6666666666665	0.0	0.0	0.0	0.0	0.0	0.0
880	2452.0	0.0	0.0	0.0	0.0	0.0	0.0
890	2621.5	0.0	0.0	0.0	0.0	0.0	0.0
900	2357.6666666666665	0.0	0.0	0.0	0.0	0.0	0.0
910	2330.6666666666665	0.0	0.0	0.0	0.0	0.0	0.0
920	2291.3333333333335	0.0	0.0	0.0	0.0	0.0	0.0
930	2585.3333333333335	0.0	0.0	0.0	0.0	0.0	0.0
940	2351.3333333333335	0.0	0.0	0.0	0.0	0.0	0.0
950	2258.3333333333335	0.0	0.0	0.0	0.0	0.0	0.0
960	1956.8333333333333	0.0	0.0	0.0	0.0	0.0	0.0
970	2117.5	0.0	0.0	0.0	0.0	0.0	0.0
980	1735.3333333333333	0.0	0.0	0.0	0.0	0.0	0.0
990	1910.0	0.0	0.0	0.0	0.0	0.0	0.0
1000	1639.8333333333333	0.0	0.0	0.0	0.0	0.0	0.0
