0	239.0	0.0	0.0	0.0	0.0	0.0	0.0
10	70.0	31.0	7.0	25.0	7.0	0.0	24.0
20	70.0	0.0	0.0	0.0	0.0	0.0	0.0
30	70.0	0.0	0.0	0.0	0.0	0.0	0.0
40	70.0	104.0	127.0	62.0	43.0	1.0	61.0
50	70.0	10.0	17.0	2.0	8.0	0.0	2.0
60	70.0	54.0	105.0	23.0	36.0	5.0	18.0
70	70.0	5.0	0.0	5.0	0.0	0.0	5.0
80	70.0	52.0	104.0	56.0	4.0	8.0	48.0
90	74.66666666666667	8.0	11.0	8.0	2.0	2.0	6.0
100	1298.0	63.0	115.0	61.0	7.0	2.0	56.0
110	1108.3333333333333	49.0	323.0	45.0	13.0	9.0	36.0
120	1477.3333333333333	34.0	116.0	34.0	1.0	1.0	33.0
130	1555.3333333333333	21.0	199.0	29.0	2.0	10.0	19.0
140	663.0	1.0	325.0	8.0	1.0	8.0	0.0
150	1704.6666666666667	36.0	455.0	54.0	14.0	24.0	22.0
160	2065.0	90.0	536.0	76.0	35.0	19.0	55.0
170	2039.0	84.0	376.0	94.0	5.0	13.0	79.0
180	2144.6666666666665	27.0	892.0	41.0	3.0	17.0	24.0
190	2505.6666666666665	23.0	629.0	33.0	12.0	21.0	11.0
200	2459.8333333333335	50.0	611.0	60.0	6.0	13.0	44.0
210	2547.3333333333335	11.0	606.0	17.0	6.0	12.0	5.0
220	2313.5	22.0	475.0	33.0	6.0	16.0	16.0
230	2117.6666666666665	29.0	415.0	42.0	2.0	15.0	27.0
240	2323.3333333333335	40.0	733.0	54.0	1.0	14.0	39.0
250	2181.6666666666665	20.0	652.0	37.0	2.0	18.0	18.0
260	2472.5	10.0	261.0	14.0	0.0	4.0	10.0
270	2432.0	5.0	522.0	19.0	2.0	16.0	3.0
280	2278.6666666666665	3.0	372.0	18.0	1.0	16.0	2.0
290	2076.6666666666665	8.0	879.0	28.0	4.0	24.0	4.0
300	2368.6666666666665	6.0	361.0	14.0	2.0	10.0	4.0
310	2508.6666666666665	2.0	372.0	11.0	0.0	9.0	2.0
320	2105.6666666666665	21.0	633.0	35.0	1.0	15.0	20.0
330	2432.6666666666665	6.0	658.0	14.0	2.0	10.0	4.0
340	2248.1666666666665	8.0	617.0	17.0	2.0	11.0	6.0
350	2585.5	5.0	545.0	18.0	0.0	13.0	5.0
360	2345.0	7.0	424.0	25.0	2.0	19.0	5.0
370	2436.1666666666665	8.0	456.0	26.0	0.0	18.0	8.0
380	2258.0	4.0	484.0	15.0	0.0	11.0	4.0
390	2190.3333333333335	7.0	657.0	17.0	4.0	13.0	3.0
400	2432.0	4.0	437.0	16.0	0.0	12.0	4.0
410	2334.0	28.0	579.0	51.0	5.0	28.0	23.0
420	1807.0	4.0	350.0	12.0	2.0	10.0	2.0
430	1632.3333333333333	0.0	0.0	0.0	0.0	0.0	0.0
440	2083.1666666666665	0.0	0.0	0.0	0.0	0.0	0.0
450	2443.3333333333335	0.0	0.0	0.0	0.0	0.0	0.0
460	2353.6666666666665	0.0	0.0	0.0	0.0	0.0	0.0
470	2435.3333333333335	0.0	0.0	0.0	0.0	0.0	0.0
480	2530.3333333333335	0.0	0.0	0.0	0.0	0.0	0.0
490	2381.6666666666665	0.0	0.0	0.0	0.0	0.0	0.0
500	2298.3333333333335	0.0	0.0	0.0	0.0	0.0	0.0
510	1942.0	0.0	0.0	0.0	0.0	0.0	0.0
520	2147.3333333333335	0.0	0.0	0.0	0.0	0.0	0.0
530	2248.3333333333335	0.0	0.0	0.0	0.0	0.0	0.0
540	2528.6666666666665	0.0	0.0	0.0	0.0	0.0	0.0
550	2474.3333333333335	0.0	0.0	0.0	0.0	0.0	0.0
560	2128.3333333333335	0.0	0.0	0.0	0.0	0.0	0.0
570	1944.8333333333333	0.0	0.0	0.0	0.0	0.0	0.0
580	1612.5	0.0	0.0	0.0	0.0	0.0	0.0
590	2113.6666666666665	0.0	0.0	0.0	0.0	0.0	0.0
600	1941.3333333333333	0.0	0.0	0.0	0.0	0.0	0.0
610	2074.5	0.0	0.0	0.0	0.0	0.0	0.0
620	2155.6666666666665	0.0	0.0	0.0	0.0	0.0	0.0
630	1871.1666666666667	0.0	0.0	0.0	0.0	0.0	0.0
640	1922.3333333333333	0.0	0.0	0.0	0.0	0.0	0.0
650	1699.0	0.0	0.0	0.0	0.0	0.0	0.0
660	2150.6666666666665	0.0	0.0	0.0	0.0	0.0	0.0
670	2404.1666666666665	0.0	0.0	0.0	0.0	0.0	0.0
680	2295.0	0.0	0.0	0.0	0.0	0.0	0.0
690	1589.3333333333333	0.0	0.0	0.0	0.0	0.0	0.0
700	1938.6666666666667	0.0	0.0	0.0	0.0	0.0	0.0
710	2409.0	0.0	0.0	0.0	0.0	0.0	0.0
720	2481.1666666666665	0.0	0.0	0.0	0.0	0.0	0.0
730	2312.0	0.0	0.0	0.0	0.0	0.0	0.0
740	2478.0	0.0	0.0	0.0	0.0	0.0	0.0
750	2416.5	0.0	0.0	0.0	0.0	0.0	0.0
760	2224.6666666666665	0.0	0.0	0.0	0.0	0.0	0.0
770	2500.3333333333335	0.0	0.0	0.0	0.0	0.0	0.0
780	2530.3333333333335	0.0	0.0	0.0	0.0	0.0	0.0
790	2384.3333333333335	0.0	0.0	0.0	0.0	0.0	0.0
800	1858.0	0.0	0.0	0.0	0.0	0.0	0.0
810	1542.6666666666667	0.0	0.0	0.0	0.0	0.0	0.0
820	2445.3333333333335	0.0	0.0	0.0	0.0	0.0	0.0
830	2002.3333333333333	0.0	0.0	0.0	0.0	0.0	0.0
840	2288.0	0.0	0.0	0.0	0.0	0.0	0.0
850	2340.6666666666665	0.0	0.0	0.0	0.0	0.0	0.0
860	2454.1666666666665	0.0	0.0	0.0	0.0	0.0	0.0
870	2403.3333333333335	0.0	0.0	0.0	0.0	0.0	0.0
880	2505.0	0.0	0.0	0.0	0.0	0.0	0.0
890	2375.6666666666665	0.0	0.0	0.0	0.0	0.0	0.0
900	2260.6666666666665	0.0	0.0	0.0	0.0	0.0	0.0
910	2259.8333333333335	0.0	0.0	0.0	0.0	0.0	0.0
920	2580.5	0.0	0.0	0.0	0.0	0.0	0.0
930	2274.6666666666665	0.0	0.0	0.0	0.0	0.0	0.0
940	2405.3333333333335	0.0	0.0	0.0	0.0	0.0	0.0
950	2101.3333333333335	0.0	0.0	0.0	0.0	0.0	0.0
960	1754.8333333333333	0.0	0.0	0.0	0.0	0.0	0.0
970	1758.0	0.0	0.0	0.0	0.0	0.0	0.0
980	1862.3333333333333	0.0	0.0	0.0	0.0	0.0	0.0
990	1635.5	0.0	0.0	0.0	0.0	0.0	0.0
1000	2071.3333333333335	0.0	0.0	0.0	0.0	0.0	0.0
