0	262.5	0.0	0.0	0.0	0.0	0.0	0.0
10	130.8	543.5	853.7666666666667	219.8	399.46666666666664	61.93333333333333	144.03333333333333
20	167.16666666666663	403.43333333333334	777.3333333333334	180.96666666666667	272.8666666666667	39.6	130.56666666666666
30	142.4	47.4	93.0	28.9	23.7	4.4	23.7
40	145.63333333333333	5.666666666666667	4.9	2.3333333333333335	3.6333333333333333	0.1	2.033333333333333
50	161.6888888888889	0.0	0.0	0.0	0.0	0.0	0.0
60	151.3777777777778	0.0	0.0	0.0	0.0	0.0	0.0
70	164.1888888888889	0.0	0.0	0.0	0.0	0.0	0.0
80	217.9333333333333	0.0	0.0	0.0	0.0	0.0	0.0
90	269.2	0.0	0.0	0.0	0.0	0.0	0.0
100	396.35555555555555	0.0	0.0	0.0	0.0	0.0	0.0
110	427.1333333333333	0.0	0.0	0.0	0.0	0.0	0.0
120	404.9222222222222	0.0	0.0	0.0	0.0	0.0	0.0
130	553.5277777777777	0.0	0.0	0.0	0.0	0.0	0.0
140	589.8333333333334	0.0	0.0	0.0	0.0	0.0	0.0
150	629.4222222222222	0.0	0.0	0.0	0.0	0.0	0.0
160	749.0777777777779	0.0	0.0	0.0	0.0	0.0	0.0
170	718.9555555555555	0.0	0.0	0.0	0.0	0.0	0.0
180	929.4388888888888	0.0	0.0	0.0	0.0	0.0	0.0
190	983.1833333333333	0.0	0.0	0.0	0.0	0.0	0.0
200	1210.1888888888889	0.0	0.0	0.0	0.0	0.0	0.0
210	1174.5055555555557	0.0	0.0	0.0	0.0	0.0	0.0
220	1277.65	0.0	0.0	0.0	0.0	0.0	0.0
230	1291.1944444444446	0.0	0.0	0.0	0.0	0.0	0.0
240	1324.5944444444444	0.0	0.0	0.0	0.0	0.0	0.0
250	1359.938888888889	0.0	0.0	0.0	0.0	0.0	0.0
260	1456.4833333333333	0.0	0.0	0.0	0.0	0.0	0.0
270	1549.2722222222224	0.0	0.0	0.0	0.0	0.0	0.0
280	1580.5388888888886	0.0	0.0	0.0	0.0	0.0	0.0
290	1577.5222222222221	0.0	0.0	0.0	0.0	0.0	0.0
300	1693.7111111111114	0.0	0.0	0.0	0.0	0.0	0.0
310	1837.577777777778	0.0	0.0	0.0	0.0	0.0	0.0
320	1863.7222222222222	0.0	0.0	0.0	0.0	0.0	0.0
330	1887.5000000000002	0.0	0.0	0.0	0.0	0.0	0.0
340	1952.7166666666672	0.0	0.0	0.0	0.0	0.0	0.0
350	2038.3611111111106	0.0	0.0	0.0	0.0	0.0	0.0
360	2056.6277777777777	0.0	0.0	0.0	0.0	0.0	0.0
370	2028.711111111111	0.0	0.0	0.0	0.0	0.0	0.0
380	2134.211111111111	0.0	0.0	0.0	0.0	0.0	0.0
390	2181.899999999999	0.0	0.0	0.0	0.0	0.0	0.0
400	2259.8111111111116	0.0	0.0	0.0	0.0	0.0	0.0
410	2324.8888888888896	0.0	0.0	0.0	0.0	0.0	0.0
420	2307.1166666666663	0.0	0.0	0.0	0.0	0.0	0.0
430	2308.5444444444447	0.0	0.0	0.0	0.0	0.0	0.0
440	2320.7222222222213	0.0	0.0	0.0	0.0	0.0	0.0
450	2366.255555555555	0.0	0.0	0.0	0.0	0.0	0.0
460	2381.777777777778	0.0	0.0	0.0	0.0	0.0	0.0
470	2382.1222222222214	0.0	0.0	0.0	0.0	0.0	0.0
480	2383.0611111111116	0.0	0.0	0.0	0.0	0.0	0.0
490	2438.6222222222214	0.0	0.0	0.0	0.0	0.0	0.0
500	2407.355555555556	0.0	0.0	0.0	0.0	0.0	0.0
510	2495.35	0.0	0.0	0.0	0.0	0.0	0.0
520	2482.4999999999995	0.0	0.0	0.0	0.0	0.0	0.0
530	2497.588888888889	0.0	0.0	0.0	0.0	0.0	0.0
540	2526.1999999999994	0.0	0.0	0.0	0.0	0.0	0.0
550	2540.772222222222	0.0	0.0	0.0	0.0	0.0	0.0
560	2472.744444444444	0.0	0.0	0.0	0.0	0.0	0.0
570	2458.7055555555553	0.0	0.0	0.0	0.0	0.0	0.0
580	2502.1722222222224	0.0	0.0	0.0	0.0	0.0	0.0
590	2531.0555555555557	0.0	0.0	0.0	0.0	0.0	0.0
600	2444.7777777777783	0.0	0.0	0.0	0.0	0.0	0.0
610	2542.627777777778	0.0	0.0	0.0	0.0	0.0	0.0
620	2510.0722222222225	0.0	0.0	0.0	0.0	0.0	0.0
630	2520.1388888888887	0.0	0.0	0.0	0.0	0.0	0.0
640	2579.4777777777786	0.0	0.0	0.0	0.0	0.0	0.0
650	2560.6888888888884	0.0	0.0	0.0	0.0	0.0	0.0
660	2574.983333333333	0.0	0.0	0.0	0.0	0.0	0.0
670	2529.1944444444443	0.0	0.0	0.0	0.0	0.0	0.0
680	2531.4444444444453	0.0	0.0	0.0	0.0	0.0	0.0
690	2519.4500000000003	0.0	0.0	0.0	0.0	0.0	0.0
700	2592.2277777777786	0.0	0.0	0.0	0.0	0.0	0.0
710	2533.9388888888884	0.0	0.0	0.0	0.0	0.0	0.0
720	2526.838888888889	0.0	0.0	0.0	0.0	0.0	0.0
730	2527.8999999999996	0.0	0.0	0.0	0.0	0.0	0.0
740	2524.2833333333333	0.0	0.0	0.0	0.0	0.0	0.0
750	2554.8444444444444	0.0	0.0	0.0	0.0	0.0	0.0
760	2549.588888888889	0.0	0.0	0.0	0.0	0.0	0.0
770	2430.933333333333	0.0	0.0	0.0	0.0	0.0	0.0
780	2413.1888888888884	0.0	0.0	0.0	0.0	0.0	0.0
790	2385.744444444444	0.0	0.0	0.0	0.0	0.0	0.0
800	2392.4777777777776	0.0	0.0	0.0	0.0	0.0	0.0
810	2383.061111111111	0.0	0.0	0.0	0.0	0.0	0.0
820	2320.2500000000005	0.0	0.0	0.0	0.0	0.0	0.0
830	2375.327777777777	0.0	0.0	0.0	0.0	0.0	0.0
840	2304.744444444444	0.0	0.0	0.0	0.0	0.0	0.0
850	2371.027777777778	0.0	0.0	0.0	0.0	0.0	0.0
860	2351.1166666666663	0.0	0.0	0.0	0.0	0.0	0.0
870	2353.6888888888893	0.0	0.0	0.0	0.0	0.0	0.0
880	2287.2611111111114	0.0	0.0	0.0	0.0	0.0	0.0
890	2367.583333333334	0.0	0.0	0.0	0.0	0.0	0.0
900	2261.466666666667	0.0	0.0	0.0	0.0	0.0	0.0
910	2305.883333333333	0.0	0.0	0.0	0.0	0.0	0.0
920	2264.472222222222	0.0	0.0	0.0	0.0	0.0	0.0
930	2292.8055555555557	0.0	0.0	0.0	0.0	0.0	0.0
940	2322.9611111111108	0.0	0.0	0.0	0.0	0.0	0.0
950	2276.8777777777777	0.0	0.0	0.0	0.0	0.0	0.0
960	2248.0888888888885	0.0	0.0	0.0	0.0	0.0	0.0
970	2239.288888888889	0.0	0.0	0.0	0.0	0.0	0.0
980	2267.5333333333333	0.0	0.0	0.0	0.0	0.0	0.0
990	2211.122222222222	0.0	0.0	0.0	0.0	0.0	0.0
1000	2160.6388888888887	0.0	0.0	0.0	0.0	0.0	0.0
