0	260.0	0.0	0.0	0.0	0.0	0.0	0.0
10	70.33333333333333	544.0	679.0	220.0	410.0	62.0	134.0
20	71.66666666666667	456.0	615.0	162.0	355.0	29.0	101.0
30	70.66666666666667	0.0	0.0	0.0	0.0	0.0	0.0
40	70.0	0.0	0.0	0.0	0.0	0.0	0.0
50	70.0	0.0	0.0	0.0	0.0	0.0	0.0
60	70.0	0.0	0.0	0.0	0.0	0.0	0.0
70	70.0	0.0	0.0	0.0	0.0	0.0	0.0
80	70.0	0.0	0.0	0.0	0.0	0.0	0.0
90	70.0	0.0	0.0	0.0	0.0	0.0	0.0
100	70.0	0.0	0.0	0.0	0.0	0.0	0.0
110	70.0	0.0	0.0	0.0	0.0	0.0	0.0
120	70.0	0.0	0.0	0.0	0.0	0.0	0.0
130	70.0	0.0	0.0	0.0	0.0	0.0	0.0
140	70.0	0.0	0.0	0.0	0.0	0.0	0.0
150	70.0	0.0	0.0	0.0	0.0	0.0	0.0
160	70.0	0.0	0.0	0.0	0.0	0.0	0.0
170	75.66666666666667	0.0	0.0	0.0	0.0	0.0	0.0
180	150.33333333333334	0.0	0.0	0.0	0.0	0.0	0.0
190	194.33333333333334	0.0	0.0	0.0	0.0	0.0	0.0
200	369.3333333333333	0.0	0.0	0.0	0.0	0.0	0.0
210	534.6666666666666	0.0	0.0	0.0	0.0	0.0	0.0
220	175.66666666666666	0.0	0.0	0.0	0.0	0.0	0.0
230	126.66666666666667	0.0	0.0	0.0	0.0	0.0	0.0
240	155.33333333333334	0.0	0.0	0.0	0.0	0.0	0.0
250	229.0	0.0	0.0	0.0	0.0	0.0	0.0
260	145.0	0.0	0.0	0.0	0.0	0.0	0.0
270	130.0	0.0	0.0	0.0	0.0	0.0	0.0
280	189.66666666666666	0.0	0.0	0.0	0.0	0.0	0.0
290	427.6666666666667	0.0	0.0	0.0	0.0	0.0	0.0
300	404.6666666666667	0.0	0.0	0.0	0.0	0.0	0.0
310	594.6666666666666	0.0	0.0	0.0	0.0	0.0	0.0
320	569.0	0.0	0.0	0.0	0.0	0.0	0.0
330	486.0	0.0	0.0	0.0	0.0	0.0	0.0
340	628.0	0.0	0.0	0.0	0.0	0.0	0.0
350	693.6666666666666	0.0	0.0	0.0	0.0	0.0	0.0
360	1059.6666666666667	0.0	0.0	0.0	0.0	0.0	0.0
370	773.3333333333334	0.0	0.0	0.0	0.0	0.0	0.0
380	1216.6666666666667	0.0	0.0	0.0	0.0	0.0	0.0
390	1483.6666666666667	0.0	0.0	0.0	0.0	0.0	0.0
400	1624.3333333333333	0.0	0.0	0.0	0.0	0.0	0.0
410	1828.6666666666667	0.0	0.0	0.0	0.0	0.0	0.0
420	1692.0	0.0	0.0	0.0	0.0	0.0	0.0
430	2174.6666666666665	0.0	0.0	0.0	0.0	0.0	0.0
440	2030.3333333333333	0.0	0.0	0.0	0.0	0.0	0.0
450	2314.1666666666665	0.0	0.0	0.0	0.0	0.0	0.0
460	1888.0	0.0	0.0	0.0	0.0	0.0	0.0
470	2048.0	0.0	0.0	0.0	0.0	0.0	0.0
480	2226.6666666666665	0.0	0.0	0.0	0.0	0.0	0.0
490	1954.3333333333333	0.0	0.0	0.0	0.0	0.0	0.0
500	2341.6666666666665	0.0	0.0	0.0	0.0	0.0	0.0
510	2165.6666666666665	0.0	0.0	0.0	0.0	0.0	0.0
520	2309.3333333333335	0.0	0.0	0.0	0.0	0.0	0.0
530	2422.3333333333335	0.0	0.0	0.0	0.0	0.0	0.0
540	2287.6666666666665	0.0	0.0	0.0	0.0	0.0	0.0
550	2279.6666666666665	0.0	0.0	0.0	0.0	0.0	0.0
560	2457.0	0.0	0.0	0.0	0.0	0.0	0.0
570	2449.3333333333335	0.0	0.0	0.0	0.0	0.0	0.0
580	2244.0	0.0	0.0	0.0	0.0	0.0	0.0
590	2268.3333333333335	0.0	0.0	0.0	0.0	0.0	0.0
600	2371.5	0.0	0.0	0.0	0.0	0.0	0.0
610	2373.8333333333335	0.0	0.0	0.0	0.0	0.0	0.0
620	2393.5	0.0	0.0	0.0	0.0	0.0	0.0
630	2671.6666666666665	0.0	0.0	0.0	0.0	0.0	0.0
640	2697.6666666666665	0.0	0.0	0.0	0.0	0.0	0.0
650	2534.1666666666665	0.0	0.0	0.0	0.0	0.0	0.0
660	2439.1666666666665	0.0	0.0	0.0	0.0	0.0	0.0
670	2593.6666666666665	0.0	0.0	0.0	0.0	0.0	0.0
680	2581.6666666666665	0.0	0.0	0.0	0.0	0.0	0.0
690	2627.6666666666665	0.0	0.0	0.0	0.0	0.0	0.0
700	2711.3333333333335	0.0	0.0	0.0	0.0	0.0	0.0
710	2475.6666666666665	0.0	0.0	0.0	0.0	0.0	0.0
720	2382.3333333333335	0.0	0.0	0.0	0.0	0.0	0.0
730	2451.5	0.0	0.0	0.0	0.0	0.0	0.0
740	2614.8333333333335	0.0	0.0	0.0	0.0	0.0	0.0
750	2573.3333333333335	0.0	0.0	0.0	0.0	0.0	0.0
760	2501.8333333333335	0.0	0.0	0.0	0.0	0.0	0.0
770	2637.6666666666665	0.0	0.0	0.0	0.0	0.0	0.0
780	2365.5	0.0	0.0	0.0	0.0	0.0	0.0
790	2577.6666666666665	0.0	0.0	0.0	0.0	0.0	0.0
800	2651.0	0.0	0.0	0.0	0.0	0.0	0.0
810	2307.5	0.0	0.0	0.0	0.0	0.0	0.0
820	2534.3333333333335	0.0	0.0	0.0	0.0	0.0	0.0
830	2237.6666666666665	0.0	0.0	0.0	0.0	0.0	0.0
840	2447.6666666666665	0.0	0.0	0.0	0.0	0.0	0.0
850	2605.1666666666665	0.0	0.0	0.0	0.0	0.0	0.0
860	2659.6666666666665	0.0	0.0	0.0	0.0	0.0	0.0
870	2301.8333333333335	0.0	0.0	0.0	0.0	0.0	0.0
880	2599.3333333333335	0.0	0.0	0.0	0.0	0.0	0.0
890	2321.6666666666665	0.0	0.0	0.0	0.0	0.0	0.0
900	2428.6666666666665	0.0	0.0	0.0	0.0	0.0	0.0
910	2441.3333333333335	0.0	0.0	0.0	0.0	0.0	0.0
920	2094.0	0.0	0.0	0.0	0.0	0.0	0.0
930	2820.3333333333335	0.0	0.0	0.0	0.0	0.0	0.0
940	2107.1666666666665	0.0	0.0	0.0	0.0	0.0	0.0
950	2038.3333333333333	0.0	0.0	0.0	0.0	0.0	0.0
960	2360.6666666666665	0.0	0.0	0.0	0.0	0.0	0.0
970	2099.5	0.0	0.0	0.0	0.0	0.0	0.0
980	2224.1666666666665	0.0	0.0	0.0	0.0	0.0	0.0
990	1806.5	0.0	0.0	0.0	0.0	0.0	0.0
1000	2220.6666666666665	0.0	0.0	0.0	0.0	0.0	0.0
