0	294.0	0.0	0.0	0.0	0.0	0.0	0.0
10	1860.0	1000.0	3369.0	1070.0	665.0	692.0	335.0
20	1950.5	0.0	0.0	0.0	0.0	0.0	0.0
30	1963.1666666666667	0.0	0.0	0.0	0.0	0.0	0.0
40	1884.1666666666667	0.0	0.0	0.0	0.0	0.0	0.0
50	1920.8333333333333	0.0	0.0	0.0	0.0	0.0	0.0
60	1788.0	0.0	0.0	0.0	0.0	0.0	0.0
70	2087.6666666666665	0.0	0.0	0.0	0.0	0.0	0.0
80	2153.6666666666665	0.0	0.0	0.0	0.0	0.0	0.0
90	2336.0	0.0	0.0	0.0	0.0	0.0	0.0
100	2509.1666666666665	0.0	0.0	0.0	0.0	0.0	0.0
110	2492.3333333333335	0.0	0.0	0.0	0.0	0.0	0.0
120	2527.6666666666665	0.0	0.0	0.0	0.0	0.0	0.0
130	2786.6666666666665	0.0	0.0	0.0	0.0	0.0	0.0
140	2609.1666666666665	0.0	0.0	0.0	0.0	0.0	0.0
150	2555.6666666666665	0.0	0.0	0.0	0.0	0.0	0.0
160	2701.6666666666665	0.0	0.0	0.0	0.0	0.0	0.0
170	2802.8333333333335	0.0	0.0	0.0	0.0	0.0	0.0
180	2740.0	0.0	0.0	0.0	0.0	0.0	0.0
190	2884.1666666666665	0.0	0.0	0.0	0.0	0.0	0.0
200	2390.1666666666665	0.0	0.0	0.0	0.0	0.0	0.0
210	2607.6666666666665	0.0	0.0	0.0	0.0	0.0	0.0
220	2288.6666666666665	0.0	0.0	0.0	0.0	0.0	0.0
230	2596.6666666666665	0.0	0.0	0.0	0.0	0.0	0.0
240	2673.1666666666665	0.0	0.0	0.0	0.0	0.0	0.0
250	2503.8333333333335	0.0	0.0	0.0	0.0	0.0	0.0
260	2763.0	0.0	0.0	0.0	0.0	0.0	0.0
270	2791.0	0.0	0.0	0.0	0.0	0.0	0.0
280	2925.6666666666665	0.0	0.0	0.0	0.0	0.0	0.0
290	2775.6666666666665	0.0	0.0	0.0	0.0	0.0	0.0
300	2601.6666666666665	0.0	0.0	0.0	0.0	0.0	0.0
310	3000.8333333333335	0.0	0.0	0.0	0.0	0.0	0.0
320	2974.0	0.0	0.0	0.0	0.0	0.0	0.0
330	2715.3333333333335	0.0	0.0	0.0	0.0	0.0	0.0
340	2833.5	0.0	0.0	0.0	0.0	0.0	0.0
350	3543.0	0.0	0.0	0.0	0.0	0.0	0.0
360	2883.1666666666665	0.0	0.0	0.0	0.0	0.0	0.0
370	3117.5	0.0	0.0	0.0	0.0	0.0	0.0
380	3359.3333333333335	0.0	0.0	0.0	0.0	0.0	0.0
390	2858.1666666666665	0.0	0.0	0.0	0.0	0.0	0.0
400	3034.6666666666665	0.0	0.0	0.0	0.0	0.0	0.0
410	2950.1666666666665	0.0	0.0	0.0	0.0	0.0	0.0
420	3107.3333333333335	0.0	0.0	0.0	0.0	0.0	0.0
430	3457.1666666666665	0.0	0.0	0.0	0.0	0.0	0.0
440	3139.6666666666665	0.0	0.0	0.0	0.0	0.0	0.0
450	2672.8333333333335	0.0	0.0	0.0	0.0	0.0	0.0
460	3773.5	0.0	0.0	0.0	0.0	0.0	0.0
470	3778.8333333333335	0.0	0.0	0.0	0.0	0.0	0.0
480	3607.0	0.0	0.0	0.0	0.0	0.0	0.0
490	2934.8333333333335	0.0	0.0	0.0	0.0	0.0	0.0
500	2742.8333333333335	0.0	0.0	0.0	0.0	0.0	0.0
510	3494.6666666666665	0.0	0.0	0.0	0.0	0.0	0.0
520	3123.6666666666665	0.0	0.0	0.0	0.0	0.0	0.0
530	3824.8333333333335	0.0	0.0	0.0	0.0	0.0	0.0
540	3698.5	0.0	0.0	0.0	0.0	0.0	0.0
550	3591.0	0.0	0.0	0.0	0.0	0.0	0.0
560	3573.1666666666665	0.0	0.0	0.0	0.0	0.0	0.0
570	3377.0	0.0	0.0	0.0	0.0	0.0	0.0
580	3531.8333333333335	0.0	0.0	0.0	0.0	0.0	0.0
590	3226.1666666666665	0.0	0.0	0.0	0.0	0.0	0.0
600	3514.1666666666665	0.0	0.0	0.0	0.0	0.0	0.0
610	3118.1666666666665	0.0	0.0	0.0	0.0	0.0	0.0
620	2893.8333333333335	0.0	0.0	0.0	0.0	0.0	0.0
630	3553.6666666666665	0.0	0.0	0.0	0.0	0.0	0.0
640	2914.0	0.0	0.0	0.0	0.0	0.0	0.0
650	3653.8333333333335	0.0	0.0	0.0	0.0	0.0	0.0
660	3088.5	0.0	0.0	0.0	0.0	0.0	0.0
670	3273.1666666666665	0.0	0.0	0.0	0.0	0.0	0.0
680	3279.0	0.0	0.0	0.0	0.0	0.0	0.0
690	4015.5	0.0	0.0	0.0	0.0	0.0	0.0
700	3443.1666666666665	0.0	0.0	0.0	0.0	0.0	0.0
710	3413.3333333333335	0.0	0.0	0.0	0.0	0.0	0.0
720	3460.8333333333335	0.0	0.0	0.0	0.0	0.0	0.0
730	2994.1666666666665	0.0	0.0	0.0	0.0	0.0	0.0
740	3381.6666666666665	0.0	0.0	0.0	0.0	0.0	0.0
750	3756.1666666666665	0.0	0.0	0.0	0.0	0.0	0.0
760	3750.0	0.0	0.0	0.0	0.0	0.0	0.0
770	3409.8333333333335	0.0	0.0	0.0	0.0	0.0	0.0
780	3568.0	0.0	0.0	0.0	0.0	0.0	0.0
790	3824.8333333333335	0.0	0.0	0.0	0.0	0.0	0.0
800	3814.5	0.0	0.0	0.0	0.0	0.0	0.0
810	3930.0	0.0	0.0	0.0	0.0	0.0	0.0
820	3657.6666666666665	0.0	0.0	0.0	0.0	0.0	0.0
830	3529.5	0.0	0.0	0.0	0.0	0.0	0.0
840	3737.0	0.0	0.0	0.0	0.0	0.0	0.0
850	3576.8333333333335	0.0	0.0	0.0	0.0	0.0	0.0
860	3499.1666666666665	0.0	0.0	0.0	0.0	0.0	0.0
870	3654.5	0.0	0.0	0.0	0.0	0.0	0.0
880	3862.0	0.0	0.0	0.0	0.0	0.0	0.0
890	3964.3333333333335	0.0	0.0	0.0	0.0	0.0	0.0
900	3779.6666666666665	0.0	0.0	0.0	0.0	0.0	0.0
910	3879.8333333333335	0.0	0.0	0.0	0.0	0.0	0.0
920	3893.5	0.0	0.0	0.0	0.0	0.0	0.0
930	4037.8333333333335	0.0	0.0	0.0	0.0	0.0	0.0
940	4064.6666666666665	0.0	0.0	0.0	0.0	0.0	0.0
950	3618.6666666666665	0.0	0.0	0.0	0.0	0.0	0.0
960	3836.0	0.0	0.0	0.0	0.0	0.0	0.0
970	3621.0	0.0	0.0	0.0	0.0	0.0	0.0
980	3794.1666666666665	0.0	0.0	0.0	0.0	0.0	0.0
990	3857.0	0.0	0.0	0.0	0.0	0.0	0.0
1000	3869.8333333333335	0.0	0.0	0.0	0.0	0.0	0.0
