0	231.33333333333334	0.0	0.0	0.0	0.0	0.0	0.0
10	1781.8333333333333	1000.0	2706.0	954.0	575.0	495.0	425.0
20	1826.5	0.0	0.0	0.0	0.0	0.0	0.0
30	1679.1666666666667	0.0	0.0	0.0	0.0	0.0	0.0
40	1854.0	0.0	0.0	0.0	0.0	0.0	0.0
50	2073.8333333333335	0.0	0.0	0.0	0.0	0.0	0.0
60	2121.8333333333335	0.0	0.0	0.0	0.0	0.0	0.0
70	2232.6666666666665	0.0	0.0	0.0	0.0	0.0	0.0
80	2195.5	0.0	0.0	0.0	0.0	0.0	0.0
90	2289.3333333333335	0.0	0.0	0.0	0.0	0.0	0.0
100	2204.1666666666665	0.0	0.0	0.0	0.0	0.0	0.0
110	2161.5	0.0	0.0	0.0	0.0	0.0	0.0
120	2502.0	0.0	0.0	0.0	0.0	0.0	0.0
130	2132.0	0.0	0.0	0.0	0.0	0.0	0.0
140	2360.1666666666665	0.0	0.0	0.0	0.0	0.0	0.0
150	2426.6666666666665	0.0	0.0	0.0	0.0	0.0	0.0
160	2106.1666666666665	0.0	0.0	0.0	0.0	0.0	0.0
170	2226.6666666666665	0.0	0.0	0.0	0.0	0.0	0.0
180	2624.8333333333335	0.0	0.0	0.0	0.0	0.0	0.0
190	2262.1666666666665	0.0	0.0	0.0	0.0	0.0	0.0
200	2664.6666666666665	0.0	0.0	0.0	0.0	0.0	0.0
210	2778.6666666666665	0.0	0.0	0.0	0.0	0.0	0.0
220	2672.8333333333335	0.0	0.0	0.0	0.0	0.0	0.0
230	2226.8333333333335	0.0	0.0	0.0	0.0	0.0	0.0
240	2134.8333333333335	0.0	0.0	0.0	0.0	0.0	0.0
250	2119.8333333333335	0.0	0.0	0.0	0.0	0.0	0.0
260	2477.8333333333335	0.0	0.0	0.0	0.0	0.0	0.0
270	2409.0	0.0	0.0	0.0	0.0	0.0	0.0
280	2243.1666666666665	0.0	0.0	0.0	0.0	0.0	0.0
290	2340.0	0.0	0.0	0.0	0.0	0.0	0.0
300	2503.8333333333335	0.0	0.0	0.0	0.0	0.0	0.0
310	2596.6666666666665	0.0	0.0	0.0	0.0	0.0	0.0
320	2774.3333333333335	0.0	0.0	0.0	0.0	0.0	0.0
330	2780.1666666666665	0.0	0.0	0.0	0.0	0.0	0.0
340	2787.8333333333335	0.0	0.0	0.0	0.0	0.0	0.0
350	2618.0	0.0	0.0	0.0	0.0	0.0	0.0
360	3153.1666666666665	0.0	0.0	0.0	0.0	0.0	0.0
370	2898.6666666666665	0.0	0.0	0.0	0.0	0.0	0.0
380	2892.1666666666665	0.0	0.0	0.0	0.0	0.0	0.0
390	2876.1666666666665	0.0	0.0	0.0	0.0	0.0	0.0
400	2749.1666666666665	0.0	0.0	0.0	0.0	0.0	0.0
410	2571.0	0.0	0.0	0.0	0.0	0.0	0.0
420	2903.8333333333335	0.0	0.0	0.0	0.0	0.0	0.0
430	2458.0	0.0	0.0	0.0	0.0	0.0	0.0
440	3366.8333333333335	0.0	0.0	0.0	0.0	0.0	0.0
450	2763.8333333333335	0.0	0.0	0.0	0.0	0.0	0.0
460	2796.5	0.0	0.0	0.0	0.0	0.0	0.0
470	3372.0	0.0	0.0	0.0	0.0	0.0	0.0
480	3227.3333333333335	0.0	0.0	0.0	0.0	0.0	0.0
490	3334.0	0.0	0.0	0.0	0.0	0.0	0.0
500	3190.3333333333335	0.0	0.0	0.0	0.0	0.0	0.0
510	3347.1666666666665	0.0	0.0	0.0	0.0	0.0	0.0
520	2833.3333333333335	0.0	0.0	0.0	0.0	0.0	0.0
530	3468.3333333333335	0.0	0.0	0.0	0.0	0.0	0.0
540	3413.3333333333335	0.0	0.0	0.0	0.0	0.0	0.0
550	3973.0	0.0	0.0	0.0	0.0	0.0	0.0
560	2969.5	0.0	0.0	0.0	0.0	0.0	0.0
570	2931.0	0.0	0.0	0.0	0.0	0.0	0.0
580	3277.1666666666665	0.0	0.0	0.0	0.0	0.0	0.0
590	3447.3333333333335	0.0	0.0	0.0	0.0	0.0	0.0
600	3016.1666666666665	0.0	0.0	0.0	0.0	0.0	0.0
610	3172.3333333333335	0.0	0.0	0.0	0.0	0.0	0.0
620	3660.3333333333335	0.0	0.0	0.0	0.0	0.0	0.0
630	3890.8333333333335	0.0	0.0	0.0	0.0	0.0	0.0
640	3078.8333333333335	0.0	0.0	0.0	0.0	0.0	0.0
650	3638.3333333333335	0.0	0.0	0.0	0.0	0.0	0.0
660	3390.5	0.0	0.0	0.0	0.0	0.0	0.0
670	3521.8333333333335	0.0	0.0	0.0	0.0	0.0	0.0
680	4003.0	0.0	0.0	0.0	0.0	0.0	0.0
690	3705.5	0.0	0.0	0.0	0.0	0.0	0.0
700	3866.8333333333335	0.0	0.0	0.0	0.0	0.0	0.0
710	3611.1666666666665	0.0	0.0	0.0	0.0	0.0	0.0
720	3171.1666666666665	0.0	0.0	0.0	0.0	0.0	0.0
730	3544.5	0.0	0.0	0.0	0.0	0.0	0.0
740	3884.3333333333335	0.0	0.0	0.0	0.0	0.0	0.0
750	3484.3333333333335	0.0	0.0	0.0	0.0	0.0	0.0
760	3719.1666666666665	0.0	0.0	0.0	0.0	0.0	0.0
770	3746.1666666666665	0.0	0.0	0.0	0.0	0.0	0.0
780	3606.3333333333335	0.0	0.0	0.0	0.0	0.0	0.0
790	3870.8333333333335	0.0	0.0	0.0	0.0	0.0	0.0
800	3702.0	0.0	0.0	0.0	0.0	0.0	0.0
810	4063.6666666666665	0.0	0.0	0.0	0.0	0.0	0.0
820	3708.5	0.0	0.0	0.0	0.0	0.0	0.0
830	3469.0	0.0	0.0	0.0	0.0	0.0	0.0
840	4241.0	0.0	0.0	0.0	0.0	0.0	0.0
850	3737.5	0.0	0.0	0.0	0.0	0.0	0.0
860	3617.8333333333335	0.0	0.0	0.0	0.0	0.0	0.0
870	3853.3333333333335	0.0	0.0	0.0	0.0	0.0	0.0
880	4201.333333333333	0.0	0.0	0.0	0.0	0.0	0.0
890	3857.3333333333335	0.0	0.0	0.0	0.0	0.0	0.0
900	3622.6666666666665	0.0	0.0	0.0	0.0	0.0	0.0
910	3591.8333333333335	0.0	0.0	0.0	0.0	0.0	0.0
920	3587.6666666666665	0.0	0.0	0.0	0.0	0.0	0.0
930	3488.5	0.0	0.0	0.0	0.0	0.0	0.0
940	3813.1666666666665	0.0	0.0	0.0	0.0	0.0	0.0
950	4013.8333333333335	0.0	0.0	0.0	0.0	0.0	0.0
960	4024.1666666666665	0.0	0.0	0.0	0.0	0.0	0.0
970	3657.1666666666665	0.0	0.0	0.0	0.0	0.0	0.0
980	3484.0	0.0	0.0	0.0	0.0	0.0	0.0
990	3434.8333333333335	0.0	0.0	0.0	0.0	0.0	0.0
1000	3887.5	0.0	0.0	0.0	0.0	0.0	0.0
