0	285.3333333333333	0.0
10	2105.3333333333335	757.0
20	1829.6666666666667	243.0
30	1899.3333333333333	0.0
40	2124.1666666666665	0.0
50	1999.3333333333333	0.0
60	2141.8333333333335	0.0
70	2055.1666666666665	0.0
80	2251.3333333333335	0.0
90	2195.5	0.0
100	2247.5	0.0
110	2206.1666666666665	0.0
120	2400.5	0.0
130	2302.8333333333335	0.0
140	2158.3333333333335	0.0
150	2165.6666666666665	0.0
160	2158.0	0.0
170	2232.8333333333335	0.0
180	2359.0	0.0
190	2522.1666666666665	0.0
200	2377.0	0.0
210	2508.6666666666665	0.0
220	2167.3333333333335	0.0
230	2390.3333333333335	0.0
240	2427.6666666666665	0.0
250	2389.5	0.0
260	2483.3333333333335	0.0
270	2411.3333333333335	0.0
280	2149.1666666666665	0.0
290	2527.3333333333335	0.0
300	2422.8333333333335	0.0
310	2623.5	0.0
320	2383.8333333333335	0.0
330	2439.6666666666665	0.0
340	2497.8333333333335	0.0
350	2432.5	0.0
360	2684.8333333333335	0.0
370	2439.5	0.0
380	2631.6666666666665	0.0
390	2693.3333333333335	0.0
400	2398.0	0.0
410	2698.5	0.0
420	2351.6666666666665	0.0
430	2574.0	0.0
440	2635.5	0.0
450	2782.3333333333335	0.0
460	2906.5	0.0
470	2844.3333333333335	0.0
480	2571.1666666666665	0.0
490	2899.8333333333335	0.0
500	2841.5	0.0
510	2775.8333333333335	0.0
520	2954.8333333333335	0.0
530	2982.6666666666665	0.0
540	2733.5	0.0
550	2840.8333333333335	0.0
560	2902.3333333333335	0.0
570	2819.5	0.0
580	2852.5	0.0
590	2952.5	0.0
600	2804.3333333333335	0.0
610	2570.0	0.0
620	2865.3333333333335	0.0
630	3087.1666666666665	0.0
640	2971.6666666666665	0.0
650	2717.5	0.0
660	2508.8333333333335	0.0
670	2445.0	0.0
680	2728.5	0.0
690	2713.6666666666665	0.0
700	2699.6666666666665	0.0
710	2881.5	0.0
720	2693.3333333333335	0.0
730	2716.5	0.0
740	3138.6666666666665	0.0
750	2561.1666666666665	0.0
760	3080.6666666666665	0.0
770	3016.0	0.0
780	3082.3333333333335	0.0
790	2636.1666666666665	0.0
800	3003.0	0.0
810	2955.5	0.0
820	2837.5	0.0
830	3201.3333333333335	0.0
840	3084.8333333333335	0.0
850	2824.8333333333335	0.0
860	2637.0	0.0
870	3027.6666666666665	0.0
880	3204.5	0.0
890	2759.0	0.0
900	3039.5	0.0
910	2951.6666666666665	0.0
920	3007.3333333333335	0.0
930	3136.5	0.0
940	3035.3333333333335	0.0
950	3079.5	0.0
960	3310.3333333333335	0.0
970	2930.3333333333335	0.0
980	2994.8333333333335	0.0
990	3251.1666666666665	0.0
1000	2770.1666666666665	0.0
