0	229.33333333333334	0.0
10	2009.6666666666667	800.0
20	1973.5	200.0
30	1936.6666666666667	0.0
40	1942.3333333333333	0.0
50	1810.1666666666667	0.0
60	2133.0	0.0
70	2021.1666666666667	0.0
80	2068.0	0.0
90	2158.6666666666665	0.0
100	2070.5	0.0
110	2081.8333333333335	0.0
120	1837.6666666666667	0.0
130	2283.0	0.0
140	2431.0	0.0
150	2109.0	0.0
160	2380.0	0.0
170	2160.5	0.0
180	2204.0	0.0
190	2406.3333333333335	0.0
200	2285.5	0.0
210	2504.3333333333335	0.0
220	2200.8333333333335	0.0
230	2465.6666666666665	0.0
240	2591.3333333333335	0.0
250	2465.0	0.0
260	2509.0	0.0
270	2554.3333333333335	0.0
280	2533.5	0.0
290	2562.5	0.0
300	2596.6666666666665	0.0
310	2606.8333333333335	0.0
320	2586.1666666666665	0.0
330	2307.3333333333335	0.0
340	2734.3333333333335	0.0
350	2384.8333333333335	0.0
360	2693.6666666666665	0.0
370	2623.5	0.0
380	2632.5	0.0
390	2451.5	0.0
400	2329.1666666666665	0.0
410	2664.6666666666665	0.0
420	2658.1666666666665	0.0
430	2283.6666666666665	0.0
440	2440.6666666666665	0.0
450	2710.8333333333335	0.0
460	2776.3333333333335	0.0
470	2918.8333333333335	0.0
480	2666.6666666666665	0.0
490	2572.0	0.0
500	2495.3333333333335	0.0
510	2625.1666666666665	0.0
520	2564.3333333333335	0.0
530	2595.1666666666665	0.0
540	2477.1666666666665	0.0
550	2605.5	0.0
560	2857.0	0.0
570	2838.1666666666665	0.0
580	2861.3333333333335	0.0
590	2719.8333333333335	0.0
600	2530.0	0.0
610	2374.8333333333335	0.0
620	2722.0	0.0
630	2777.3333333333335	0.0
640	2584.5	0.0
650	2555.8333333333335	0.0
660	2933.3333333333335	0.0
670	2736.0	0.0
680	2945.8333333333335	0.0
690	2830.1666666666665	0.0
700	2518.5	0.0
710	2783.0	0.0
720	2892.6666666666665	0.0
730	2661.0	0.0
740	2770.5	0.0
750	2820.3333333333335	0.0
760	2754.0	0.0
770	2862.1666666666665	0.0
780	3079.5	0.0
790	2543.8333333333335	0.0
800	2526.6666666666665	0.0
810	2722.8333333333335	0.0
820	2691.5	0.0
830	2912.5	0.0
840	2834.6666666666665	0.0
850	2874.8333333333335	0.0
860	2861.1666666666665	0.0
870	3016.3333333333335	0.0
880	2803.5	0.0
890	2861.0	0.0
900	2664.6666666666665	0.0
910	2798.3333333333335	0.0
920	2966.0	0.0
930	2944.3333333333335	0.0
940	3056.8333333333335	0.0
950	3203.3333333333335	0.0
960	2974.5	0.0
970	2694.1666666666665	0.0
980	2994.8333333333335	0.0
990	2861.0	0.0
1000	3094.5	0.0
