0	250.66666666666666	0.0
10	2097.6666666666665	1000.0
20	1943.5	0.0
30	1899.6666666666667	0.0
40	1970.1666666666667	0.0
50	2089.8333333333335	0.0
60	1885.6666666666667	0.0
70	2184.1666666666665	0.0
80	2064.1666666666665	0.0
90	2053.8333333333335	0.0
100	2153.6666666666665	0.0
110	2294.3333333333335	0.0
120	2117.3333333333335	0.0
130	2154.5	0.0
140	2404.1666666666665	0.0
150	2176.6666666666665	0.0
160	2317.8333333333335	0.0
170	2492.5	0.0
180	2091.3333333333335	0.0
190	2261.5	0.0
200	2299.3333333333335	0.0
210	2407.8333333333335	0.0
220	2439.1666666666665	0.0
230	2293.1666666666665	0.0
240	2381.5	0.0
250	2478.8333333333335	0.0
260	2803.6666666666665	0.0
270	2592.3333333333335	0.0
280	2457.8333333333335	0.0
290	2573.5	0.0
300	2546.3333333333335	0.0
310	2481.0	0.0
320	2944.1666666666665	0.0
330	2558.5	0.0
340	2283.8333333333335	0.0
350	2685.1666666666665	0.0
360	2529.3333333333335	0.0
370	2857.1666666666665	0.0
380	2489.5	0.0
390	2697.5	0.0
400	2574.1666666666665	0.0
410	2756.6666666666665	0.0
420	2549.6666666666665	0.0
430	2684.5	0.0
440	2263.0	0.0
450	2572.3333333333335	0.0
460	2551.0	0.0
470	2790.6666666666665	0.0
480	2720.3333333333335	0.0
490	2869.0	0.0
500	2915.6666666666665	0.0
510	2645.1666666666665	0.0
520	2722.5	0.0
530	2937.3333333333335	0.0
540	2791.3333333333335	0.0
550	2879.6666666666665	0.0
560	2807.8333333333335	0.0
570	2766.3333333333335	0.0
580	2601.5	0.0
590	2563.5	0.0
600	2662.6666666666665	0.0
610	2912.5	0.0
620	2652.8333333333335	0.0
630	2697.3333333333335	0.0
640	2638.5	0.0
650	2806.8333333333335	0.0
660	2858.8333333333335	0.0
670	2537.6666666666665	0.0
680	2867.5	0.0
690	2655.0	0.0
700	2640.1666666666665	0.0
710	2851.6666666666665	0.0
720	2968.8333333333335	0.0
730	2922.3333333333335	0.0
740	2984.5	0.0
750	2827.0	0.0
760	2987.6666666666665	0.0
770	2977.6666666666665	0.0
780	3001.0	0.0
790	2776.0	0.0
800	2978.8333333333335	0.0
810	3049.3333333333335	0.0
820	2783.6666666666665	0.0
830	2863.6666666666665	0.0
840	2894.6666666666665	0.0
850	2774.1666666666665	0.0
860	2929.6666666666665	0.0
870	2779.1666666666665	0.0
880	2925.5	0.0
890	2865.8333333333335	0.0
900	2858.1666666666665	0.0
910	2746.6666666666665	0.0
920	3042.3333333333335	0.0
930	2933.6666666666665	0.0
940	2910.3333333333335	0.0
950	3033.3333333333335	0.0
960	3071.0	0.0
970	3220.0	0.0
980	2938.3333333333335	0.0
990	3228.0	0.0
1000	3241.5	0.0
