0	299.6666666666667	0.0
10	1819.8333333333333	1000.0
20	1635.0	0.0
30	1779.8333333333333	0.0
40	1921.3333333333333	0.0
50	1887.8333333333333	0.0
60	2183.3333333333335	0.0
70	2007.1666666666667	0.0
80	2093.6666666666665	0.0
90	2055.6666666666665	0.0
100	2101.3333333333335	0.0
110	2209.1666666666665	0.0
120	2230.0	0.0
130	2279.8333333333335	0.0
140	2377.5	0.0
150	2046.5	0.0
160	2373.3333333333335	0.0
170	2247.5	0.0
180	2148.0	0.0
190	2265.8333333333335	0.0
200	2301.8333333333335	0.0
210	2198.0	0.0
220	2252.6666666666665	0.0
230	2369.1666666666665	0.0
240	2192.5	0.0
250	2345.3333333333335	0.0
260	2279.5	0.0
270	2397.1666666666665	0.0
280	2260.0	0.0
290	2531.1666666666665	0.0
300	2448.1666666666665	0.0
310	2690.8333333333335	0.0
320	2504.1666666666665	0.0
330	2604.5	0.0
340	2494.3333333333335	0.0
350	2529.6666666666665	0.0
360	2540.8333333333335	0.0
370	2469.1666666666665	0.0
380	2518.3333333333335	0.0
390	2783.1666666666665	0.0
400	2777.5	0.0
410	2691.1666666666665	0.0
420	3008.8333333333335	0.0
430	2639.3333333333335	0.0
440	2981.3333333333335	0.0
450	2646.0	0.0
460	2628.1666666666665	0.0
470	2801.6666666666665	0.0
480	2540.8333333333335	0.0
490	2734.1666666666665	0.0
500	2605.5	0.0
510	2208.1666666666665	0.0
520	2782.0	0.0
530	2631.6666666666665	0.0
540	2619.3333333333335	0.0
550	2576.0	0.0
560	2720.1666666666665	0.0
570	2598.0	0.0
580	2843.0	0.0
590	2833.5	0.0
600	2814.0	0.0
610	2304.3333333333335	0.0
620	2830.5	0.0
630	2608.0	0.0
640	2680.5	0.0
650	2686.0	0.0
660	2905.6666666666665	0.0
670	2656.3333333333335	0.0
680	2848.3333333333335	0.0
690	2739.8333333333335	0.0
700	2440.5	0.0
710	2654.0	0.0
720	2841.1666666666665	0.0
730	2918.0	0.0
740	2967.3333333333335	0.0
750	2788.6666666666665	0.0
760	2853.0	0.0
770	2779.5	0.0
780	2602.1666666666665	0.0
790	2845.6666666666665	0.0
800	3228.1666666666665	0.0
810	3088.0	0.0
820	3005.1666666666665	0.0
830	2605.8333333333335	0.0
840	3193.3333333333335	0.0
850	2893.5	0.0
860	3052.8333333333335	0.0
870	2925.5	0.0
880	2824.8333333333335	0.0
890	3030.1666666666665	0.0
900	2831.1666666666665	0.0
910	2970.6666666666665	0.0
920	2740.6666666666665	0.0
930	3099.0	0.0
940	2960.6666666666665	0.0
950	2811.8333333333335	0.0
960	3109.6666666666665	0.0
970	2887.0	0.0
980	2849.1666666666665	0.0
990	2820.5	0.0
1000	2931.5	0.0
