0	239.66666666666666	0.0
10	70.0	1000.0
20	71.33333333333333	0.0
30	70.0	0.0
40	492.0	0.0
50	75.0	0.0
60	192.33333333333334	0.0
70	111.0	0.0
80	1499.6666666666667	0.0
90	2027.0	0.0
100	2127.0	0.0
110	1928.3333333333333	0.0
120	2205.6666666666665	0.0
130	2432.0	0.0
140	2308.8333333333335	0.0
150	2372.0	0.0
160	2092.5	0.0
170	2168.0	0.0
180	2246.1666666666665	0.0
190	2454.0	0.0
200	2326.3333333333335	0.0
210	1865.3333333333333	0.0
220	2515.5	0.0
230	2592.6666666666665	0.0
240	1799.8333333333333	0.0
250	2518.0	0.0
260	2191.0	0.0
270	1405.6666666666667	0.0
280	1996.8333333333333	0.0
290	1879.0	0.0
300	2279.8333333333335	0.0
310	2468.3333333333335	0.0
320	2348.6666666666665	0.0
330	2918.5	0.0
340	2314.0	0.0
350	2644.6666666666665	0.0
360	2318.1666666666665	0.0
370	1379.6666666666667	0.0
380	2445.6666666666665	0.0
390	1815.0	0.0
400	2108.1666666666665	0.0
410	1647.5	0.0
420	1894.0	0.0
430	1822.3333333333333	0.0
440	2304.0	0.0
450	2287.1666666666665	0.0
460	2156.6666666666665	0.0
470	1929.0	0.0
480	1803.5	0.0
490	1598.0	0.0
500	1824.5	0.0
510	1562.1666666666667	0.0
520	2137.8333333333335	0.0
530	1851.1666666666667	0.0
540	2428.3333333333335	0.0
550	2336.1666666666665	0.0
560	2527.5	0.0
570	2343.0	0.0
580	2215.8333333333335	0.0
590	2548.3333333333335	0.0
600	2315.3333333333335	0.0
610	2488.3333333333335	0.0
620	2685.8333333333335	0.0
630	2648.0	0.0
640	2552.3333333333335	0.0
650	2612.3333333333335	0.0
660	2465.6666666666665	0.0
670	2385.8333333333335	0.0
680	2542.3333333333335	0.0
690	2540.3333333333335	0.0
700	2495.6666666666665	0.0
710	2511.0	0.0
720	2711.0	0.0
730	2372.3333333333335	0.0
740	2399.0	0.0
750	2448.0	0.0
760	2457.1666666666665	0.0
770	2317.3333333333335	0.0
780	2503.3333333333335	0.0
790	2491.5	0.0
800	2396.3333333333335	0.0
810	2456.0	0.0
820	1675.3333333333333	0.0
830	2201.8333333333335	0.0
840	1868.0	0.0
850	1724.5	0.0
860	1714.6666666666667	0.0
870	2518.6666666666665	0.0
880	2193.1666666666665	0.0
890	2091.5	0.0
900	2166.3333333333335	0.0
910	2533.6666666666665	0.0
920	2566.3333333333335	0.0
930	1804.0	0.0
940	1970.6666666666667	0.0
950	2495.8333333333335	0.0
960	2330.0	0.0
970	2392.1666666666665	0.0
980	2108.5	0.0
990	2135.3333333333335	0.0
1000	2722.3333333333335	0.0
