0	263.0	0.0
10	143.66666666666666	382.0
20	147.33333333333334	484.0
30	139.66666666666666	134.0
40	78.0	0.0
50	80.66666666666667	0.0
60	70.0	0.0
70	70.0	0.0
80	70.0	0.0
90	70.0	0.0
100	70.66666666666667	0.0
110	70.66666666666667	0.0
120	70.66666666666667	0.0
130	74.0	0.0
140	74.33333333333333	0.0
150	200.0	0.0
160	137.66666666666666	0.0
170	221.33333333333334	0.0
180	208.0	0.0
190	162.0	0.0
200	131.0	0.0
210	76.0	0.0
220	167.33333333333334	0.0
230	1307.3333333333333	0.0
240	1083.3333333333333	0.0
250	1191.6666666666667	0.0
260	1707.0	0.0
270	310.6666666666667	0.0
280	1587.3333333333333	0.0
290	1856.3333333333333	0.0
300	1859.0	0.0
310	1737.6666666666667	0.0
320	1610.3333333333333	0.0
330	2182.0	0.0
340	1932.6666666666667	0.0
350	2152.3333333333335	0.0
360	2215.6666666666665	0.0
370	2201.0	0.0
380	2258.8333333333335	0.0
390	1989.3333333333333	0.0
400	2121.6666666666665	0.0
410	2201.1666666666665	0.0
420	2111.3333333333335	0.0
430	2094.6666666666665	0.0
440	2306.6666666666665	0.0
450	2433.8333333333335	0.0
460	2114.6666666666665	0.0
470	1987.0	0.0
480	2444.0	0.0
490	2464.1666666666665	0.0
500	2311.3333333333335	0.0
510	2321.6666666666665	0.0
520	2687.1666666666665	0.0
530	2578.6666666666665	0.0
540	2390.3333333333335	0.0
550	2372.0	0.0
560	2198.6666666666665	0.0
570	2435.0	0.0
580	2510.0	0.0
590	2459.1666666666665	0.0
600	2737.3333333333335	0.0
610	2438.0	0.0
620	2636.6666666666665	0.0
630	2663.6666666666665	0.0
640	2820.3333333333335	0.0
650	2613.0	0.0
660	2648.8333333333335	0.0
670	2778.6666666666665	0.0
680	2535.6666666666665	0.0
690	2575.3333333333335	0.0
700	2400.3333333333335	0.0
710	2668.0	0.0
720	2688.5	0.0
730	2094.0	0.0
740	2031.0	0.0
750	2533.8333333333335	0.0
760	2124.8333333333335	0.0
770	2734.1666666666665	0.0
780	2623.3333333333335	0.0
790	2743.6666666666665	0.0
800	2883.3333333333335	0.0
810	2587.1666666666665	0.0
820	2667.0	0.0
830	2829.3333333333335	0.0
840	2695.0	0.0
850	2597.0	0.0
860	2679.5	0.0
870	2356.3333333333335	0.0
880	2122.6666666666665	0.0
890	2740.6666666666665	0.0
900	2315.0	0.0
910	2458.3333333333335	0.0
920	2544.3333333333335	0.0
930	2223.1666666666665	0.0
940	2319.3333333333335	0.0
950	1984.0	0.0
960	2253.5	0.0
970	2422.3333333333335	0.0
980	1435.3333333333333	0.0
990	1729.3333333333333	0.0
1000	1974.0	0.0
