0	270.3333333333333	0.0
10	111.0	1000.0
20	103.0	0.0
30	102.0	0.0
40	97.0	0.0
50	72.66666666666667	0.0
60	70.0	0.0
70	70.0	0.0
80	70.0	0.0
90	70.0	0.0
100	70.0	0.0
110	70.0	0.0
120	70.0	0.0
130	70.0	0.0
140	70.0	0.0
150	71.66666666666667	0.0
160	73.66666666666667	0.0
170	71.0	0.0
180	250.0	0.0
190	678.0	0.0
200	322.3333333333333	0.0
210	126.33333333333333	0.0
220	427.0	0.0
230	572.6666666666666	0.0
240	591.0	0.0
250	352.6666666666667	0.0
260	733.3333333333334	0.0
270	614.6666666666666	0.0
280	1042.0	0.0
290	893.3333333333334	0.0
300	1251.3333333333333	0.0
310	1311.3333333333333	0.0
320	1086.0	0.0
330	1541.3333333333333	0.0
340	2020.3333333333333	0.0
350	2005.6666666666667	0.0
360	2087.0	0.0
370	2187.0	0.0
380	1950.3333333333333	0.0
390	2215.3333333333335	0.0
400	2113.0	0.0
410	2123.6666666666665	0.0
420	2077.6666666666665	0.0
430	2102.6666666666665	0.0
440	2243.0	0.0
450	2275.1666666666665	0.0
460	2204.6666666666665	0.0
470	2535.0	0.0
480	2338.6666666666665	0.0
490	2370.1666666666665	0.0
500	2278.0	0.0
510	2362.6666666666665	0.0
520	2343.0	0.0
530	2460.6666666666665	0.0
540	2551.0	0.0
550	2568.1666666666665	0.0
560	2610.1666666666665	0.0
570	2803.1666666666665	0.0
580	2878.0	0.0
590	2578.8333333333335	0.0
600	2669.6666666666665	0.0
610	2770.6666666666665	0.0
620	2556.5	0.0
630	2773.5	0.0
640	2560.0	0.0
650	2720.5	0.0
660	2641.5	0.0
670	2495.1666666666665	0.0
680	2462.6666666666665	0.0
690	2764.3333333333335	0.0
700	2551.0	0.0
710	2466.0	0.0
720	2274.6666666666665	0.0
730	2493.0	0.0
740	2399.6666666666665	0.0
750	2667.6666666666665	0.0
760	2570.0	0.0
770	2523.3333333333335	0.0
780	2476.8333333333335	0.0
790	2649.8333333333335	0.0
800	2707.5	0.0
810	2504.3333333333335	0.0
820	2687.8333333333335	0.0
830	2517.5	0.0
840	2460.8333333333335	0.0
850	2120.5	0.0
860	2606.5	0.0
870	2082.3333333333335	0.0
880	2582.0	0.0
890	2639.1666666666665	0.0
900	2773.6666666666665	0.0
910	2806.3333333333335	0.0
920	2654.3333333333335	0.0
930	2477.3333333333335	0.0
940	2593.6666666666665	0.0
950	3026.0	0.0
960	1712.3333333333333	0.0
970	1941.1666666666667	0.0
980	2461.0	0.0
990	2696.0	0.0
1000	2669.0	0.0
