0	242.66666666666666	0.0
10	83.0	1000.0
20	70.0	0.0
30	70.0	0.0
40	150.66666666666666	0.0
50	1870.5	0.0
60	1730.3333333333333	0.0
70	2003.0	0.0
80	1954.5	0.0
90	2255.6666666666665	0.0
100	2414.0	0.0
110	1992.3333333333333	0.0
120	2206.0	0.0
130	2262.6666666666665	0.0
140	2453.8333333333335	0.0
150	2289.6666666666665	0.0
160	2365.6666666666665	0.0
170	2442.3333333333335	0.0
180	1859.0	0.0
190	2555.3333333333335	0.0
200	1775.0	0.0
210	2052.3333333333335	0.0
220	2627.6666666666665	0.0
230	2258.1666666666665	0.0
240	2278.3333333333335	0.0
250	2265.3333333333335	0.0
260	2547.0	0.0
270	2685.8333333333335	0.0
280	2375.5	0.0
290	1571.3333333333333	0.0
300	2010.3333333333333	0.0
310	1944.3333333333333	0.0
320	1675.8333333333333	0.0
330	1958.6666666666667	0.0
340	2218.1666666666665	0.0
350	2024.1666666666667	0.0
360	1709.6666666666667	0.0
370	2094.8333333333335	0.0
380	1819.8333333333333	0.0
390	1703.3333333333333	0.0
400	2046.0	0.0
410	1996.5	0.0
420	1959.5	0.0
430	2447.0	0.0
440	1846.6666666666667	0.0
450	2071.5	0.0
460	2023.6666666666667	0.0
470	1690.6666666666667	0.0
480	1818.3333333333333	0.0
490	1064.8333333333333	0.0
500	1350.3333333333333	0.0
510	1346.6666666666667	0.0
520	1872.3333333333333	0.0
530	1825.1666666666667	0.0
540	2563.3333333333335	0.0
550	2207.3333333333335	0.0
560	2437.6666666666665	0.0
570	2646.5	0.0
580	1814.6666666666667	0.0
590	2543.1666666666665	0.0
600	2349.5	0.0
610	2387.6666666666665	0.0
620	2505.1666666666665	0.0
630	2247.5	0.0
640	2375.6666666666665	0.0
650	2432.8333333333335	0.0
660	2512.8333333333335	0.0
670	2424.6666666666665	0.0
680	2548.3333333333335	0.0
690	1964.6666666666667	0.0
700	1776.0	0.0
710	2447.3333333333335	0.0
720	2422.3333333333335	0.0
730	2427.0	0.0
740	1985.0	0.0
750	1933.1666666666667	0.0
760	1699.0	0.0
770	2268.1666666666665	0.0
780	2252.3333333333335	0.0
790	1744.6666666666667	0.0
800	1793.0	0.0
810	2417.6666666666665	0.0
820	2447.0	0.0
830	2426.3333333333335	0.0
840	2581.0	0.0
850	2456.8333333333335	0.0
860	2452.6666666666665	0.0
870	2410.3333333333335	0.0
880	2520.6666666666665	0.0
890	2452.0	0.0
900	2528.5	0.0
910	2505.8333333333335	0.0
920	2611.8333333333335	0.0
930	2425.0	0.0
940	2563.1666666666665	0.0
950	2419.8333333333335	0.0
960	2717.3333333333335	0.0
970	2518.5	0.0
980	2060.6666666666665	0.0
990	1804.5	0.0
1000	1768.3333333333333	0.0
