0	232.33333333333334	0.0	0.0
10	2002.5	636.0	13202.0
20	2120.3333333333335	364.0	10087.0
30	2033.3333333333333	0.0	12055.0
40	2276.5	0.0	9728.0
50	2374.3333333333335	0.0	8118.0
60	2339.3333333333335	0.0	10596.0
70	2318.5	0.0	7904.0
80	2523.0	0.0	8205.0
90	2756.1666666666665	0.0	10880.0
100	2685.8333333333335	0.0	7741.0
110	2543.8333333333335	0.0	8841.0
120	2555.1666666666665	0.0	9889.0
130	2745.3333333333335	0.0	9049.0
140	2692.1666666666665	0.0	9535.0
150	2596.1666666666665	0.0	7437.0
160	2701.6666666666665	0.0	12119.0
170	2808.5	0.0	9555.0
180	2677.1666666666665	0.0	8101.0
190	2708.6666666666665	0.0	9150.0
200	2792.5	0.0	7159.0
210	2177.3333333333335	0.0	7193.0
220	2425.1666666666665	0.0	9520.0
230	2706.3333333333335	0.0	8291.0
240	2432.6666666666665	0.0	6213.0
250	2371.0	0.0	7930.0
260	2564.6666666666665	0.0	11407.0
270	2843.0	0.0	8542.0
280	2847.6666666666665	0.0	8161.0
290	2681.3333333333335	0.0	8231.0
300	2825.1666666666665	0.0	10439.0
310	3107.3333333333335	0.0	7882.0
320	2701.6666666666665	0.0	9865.0
330	3105.0	0.0	8845.0
340	3451.5	0.0	9224.0
350	2944.3333333333335	0.0	8140.0
360	3156.5	0.0	9294.0
370	3438.5	0.0	7221.0
380	2643.8333333333335	0.0	11521.0
390	2870.6666666666665	0.0	10412.0
400	3504.8333333333335	0.0	7789.0
410	3452.6666666666665	0.0	10074.0
420	3535.0	0.0	7161.0
430	3201.6666666666665	0.0	8800.0
440	3469.3333333333335	0.0	8340.0
450	3341.6666666666665	0.0	9937.0
460	3597.1666666666665	0.0	8377.0
470	3607.0	0.0	11335.0
480	3179.1666666666665	0.0	10986.0
490	3161.1666666666665	0.0	11668.0
500	3373.1666666666665	0.0	8742.0
510	3622.6666666666665	0.0	11926.0
520	3521.1666666666665	0.0	10766.0
530	3594.6666666666665	0.0	10847.0
540	3775.8333333333335	0.0	8380.0
550	3910.8333333333335	0.0	8751.0
560	3510.6666666666665	0.0	10615.0
570	3862.5	0.0	11519.0
580	3629.1666666666665	0.0	13309.0
590	3886.6666666666665	0.0	12342.0
600	3853.1666666666665	0.0	10307.0
610	3893.0	0.0	11276.0
620	3732.3333333333335	0.0	8187.0
630	3472.6666666666665	0.0	10103.0
640	3545.6666666666665	0.0	12991.0
650	3377.8333333333335	0.0	12931.0
660	3984.3333333333335	0.0	7607.0
670	4025.8333333333335	0.0	12811.0
680	3503.8333333333335	0.0	13600.0
690	3709.0	0.0	11503.0
700	3847.3333333333335	0.0	12186.0
710	3655.0	0.0	13615.0
720	3735.8333333333335	0.0	11135.0
730	3366.0	0.0	12631.0
740	3709.3333333333335	0.0	9358.0
750	3897.0	0.0	10348.0
760	3697.0	0.0	11931.0
770	3455.3333333333335	0.0	11721.0
780	3992.0	0.0	10458.0
790	4067.0	0.0	10651.0
800	3825.3333333333335	0.0	10598.0
810	3792.5	0.0	9851.0
820	3526.0	0.0	11257.0
830	3629.5	0.0	11171.0
840	3536.5	0.0	8581.0
850	3786.6666666666665	0.0	12128.0
860	3953.3333333333335	0.0	10791.0
870	3892.8333333333335	0.0	8149.0
880	3976.5	0.0	8732.0
890	3574.3333333333335	0.0	7723.0
900	3940.1666666666665	0.0	11176.0
910	3824.3333333333335	0.0	10652.0
920	3928.5	0.0	11105.0
930	3634.6666666666665	0.0	11127.0
940	3803.5	0.0	8747.0
950	3716.5	0.0	10096.0
960	3895.1666666666665	0.0	6635.0
970	3817.6666666666665	0.0	8182.0
980	3755.8333333333335	0.0	9457.0
990	3717.3333333333335	0.0	9559.0
1000	3881.8333333333335	0.0	12543.0
