0	280.0	0.0	0.0
10	1942.1666666666667	454.0	12329.0
20	2112.5	546.0	13891.0
30	2153.3333333333335	0.0	12241.0
40	2520.0	0.0	7380.0
50	2227.5	0.0	8895.0
60	2778.6666666666665	0.0	6680.0
70	2584.8333333333335	0.0	7234.0
80	2451.8333333333335	0.0	8822.0
90	2221.0	0.0	10475.0
100	2707.3333333333335	0.0	9395.0
110	2729.5	0.0	12586.0
120	2463.8333333333335	0.0	10745.0
130	2830.3333333333335	0.0	12233.0
140	2744.3333333333335	0.0	10693.0
150	2731.8333333333335	0.0	8689.0
160	3279.6666666666665	0.0	8628.0
170	3126.1666666666665	0.0	10628.0
180	2824.5	0.0	10477.0
190	2540.3333333333335	0.0	9544.0
200	2281.8333333333335	0.0	7521.0
210	2809.6666666666665	0.0	11154.0
220	2630.8333333333335	0.0	10689.0
230	3093.6666666666665	0.0	9517.0
240	2806.3333333333335	0.0	10434.0
250	2793.3333333333335	0.0	8262.0
260	3143.0	0.0	10475.0
270	3190.0	0.0	4955.0
280	3107.5	0.0	10313.0
290	2844.6666666666665	0.0	11386.0
300	3018.0	0.0	8255.0
310	3560.5	0.0	9360.0
320	3126.5	0.0	10882.0
330	2992.5	0.0	10257.0
340	3444.6666666666665	0.0	11504.0
350	3423.8333333333335	0.0	8978.0
360	3489.3333333333335	0.0	10483.0
370	3529.1666666666665	0.0	11248.0
380	3364.8333333333335	0.0	7004.0
390	3599.0	0.0	8681.0
400	3176.3333333333335	0.0	8437.0
410	3224.0	0.0	11201.0
420	3508.1666666666665	0.0	9783.0
430	3350.0	0.0	11826.0
440	3588.8333333333335	0.0	11276.0
450	3694.3333333333335	0.0	10567.0
460	3486.6666666666665	0.0	12554.0
470	3593.8333333333335	0.0	9426.0
480	3729.8333333333335	0.0	8216.0
490	3575.1666666666665	0.0	9445.0
500	3925.5	0.0	10834.0
510	3829.5	0.0	10927.0
520	3289.6666666666665	0.0	9232.0
530	3839.5	0.0	10316.0
540	3477.0	0.0	10129.0
550	3334.5	0.0	10336.0
560	3493.3333333333335	0.0	12378.0
570	3743.6666666666665	0.0	11106.0
580	3700.6666666666665	0.0	10585.0
590	3580.3333333333335	0.0	8344.0
600	3453.8333333333335	0.0	8064.0
610	3565.0	0.0	12608.0
620	3290.1666666666665	0.0	9507.0
630	4111.833333333333	0.0	8319.0
640	3976.1666666666665	0.0	10001.0
650	3683.5	0.0	8962.0
660	3803.0	0.0	10794.0
670	3483.0	0.0	10190.0
680	3543.3333333333335	0.0	9877.0
690	3541.3333333333335	0.0	11673.0
700	3556.1666666666665	0.0	10776.0
710	3895.3333333333335	0.0	10845.0
720	4100.666666666667	0.0	10192.0
730	4013.3333333333335	0.0	10005.0
740	3852.5	0.0	10787.0
750	3977.8333333333335	0.0	11780.0
760	3775.5	0.0	9099.0
770	3798.3333333333335	0.0	10482.0
780	3434.1666666666665	0.0	11959.0
790	3848.5	0.0	11593.0
800	4105.0	0.0	8446.0
810	3607.8333333333335	0.0	8110.0
820	3828.1666666666665	0.0	10319.0
830	3955.6666666666665	0.0	9573.0
840	3894.5	0.0	10116.0
850	3566.5	0.0	12271.0
860	3718.1666666666665	0.0	10345.0
870	3796.6666666666665	0.0	12221.0
880	3754.3333333333335	0.0	11178.0
890	3594.3333333333335	0.0	10778.0
900	3623.6666666666665	0.0	12330.0
910	3477.8333333333335	0.0	12762.0
920	3872.0	0.0	10915.0
930	3840.1666666666665	0.0	9411.0
940	3663.3333333333335	0.0	12636.0
950	3683.3333333333335	0.0	11353.0
960	3741.1666666666665	0.0	9578.0
970	3897.5	0.0	11137.0
980	3510.0	0.0	12928.0
990	3685.5	0.0	12214.0
1000	3851.0	0.0	10417.0
