0	263.6	0.0
10	1954.95	1000.0
20	2032.2	0.0
30	2029.2666666666664	0.0
40	2110.3	0.0
50	2119.6	0.0
60	2197.733333333333	0.0
70	2251.0888888888885	0.0
80	2308.938888888889	0.0
90	2328.788888888889	0.0
100	2385.105555555556	0.0
110	2407.833333333334	0.0
120	2442.811111111111	0.0
130	2488.755555555556	0.0
140	2498.094444444445	0.0
150	2493.783333333333	0.0
160	2496.8166666666666	0.0
170	2551.611111111111	0.0
180	2596.972222222222	0.0
190	2591.2111111111108	0.0
200	2621.983333333333	0.0
210	2575.577777777778	0.0
220	2597.5	0.0
230	2594.438888888889	0.0
240	2595.2277777777776	0.0
250	2527.511111111111	0.0
260	2538.783333333333	0.0
270	2610.0333333333333	0.0
280	2566.3666666666672	0.0
290	2596.3666666666663	0.0
300	2558.8222222222225	0.0
310	2664.727777777778	0.0
320	2702.0055555555564	0.0
330	2825.177777777778	0.0
340	2883.944444444445	0.0
350	2864.5333333333333	0.0
360	2908.2277777777776	0.0
370	3018.088888888889	0.0
380	3026.161111111111	0.0
390	3056.7611111111105	0.0
400	3124.3611111111113	0.0
410	3154.1611111111115	0.0
420	3152.4555555555553	0.0
430	3176.2055555555557	0.0
440	3203.1555555555556	0.0
450	3248.48888888889	0.0
460	3311.855555555556	0.0
470	3299.8444444444453	0.0
480	3405.338888888888	0.0
490	3285.677777777777	0.0
500	3366.994444444445	0.0
510	3379.3888888888882	0.0
520	3432.033333333333	0.0
530	3408.8277777777776	0.0
540	3478.372222222222	0.0
550	3499.277777777778	0.0
560	3484.2222222222217	0.0
570	3571.555555555555	0.0
580	3406.077777777778	0.0
590	3498.76111111111	0.0
600	3639.3888888888887	0.0
610	3602.427777777778	0.0
620	3545.5944444444435	0.0
630	3606.505555555556	0.0
640	3615.0555555555547	0.0
650	3586.6944444444443	0.0
660	3490.994444444444	0.0
670	3597.7166666666662	0.0
680	3594.994444444445	0.0
690	3625.3666666666677	0.0
700	3671.205555555556	0.0
710	3619.8111111111125	0.0
720	3652.2166666666662	0.0
730	3661.705555555556	0.0
740	3666.9277777777775	0.0
750	3713.088888888889	0.0
760	3656.616666666667	0.0
770	3740.166666666666	0.0
780	3741.177777777777	0.0
790	3828.516666666666	0.0
800	3759.7666666666673	0.0
810	3748.1388888888887	0.0
820	3783.638888888889	0.0
830	3661.522222222223	0.0
840	3715.35	0.0
850	3790.166666666666	0.0
860	3718.7999999999997	0.0
870	3730.4722222222235	0.0
880	3769.983333333334	0.0
890	3775.15	0.0
900	3789.75	0.0
910	3733.616666666667	0.0
920	3762.0777777777776	0.0
930	3754.116666666667	0.0
940	3797.355555555556	0.0
950	3709.133333333333	0.0
960	3801.3999999999996	0.0
970	3772.1611111111115	0.0
980	3759.9777777777776	0.0
990	3773.038888888889	0.0
1000	3758.4222222222224	0.0
