0	277.3333333333333	0.0
10	1985.8333333333333	1000.0
20	2190.8333333333335	0.0
30	2091.3333333333335	0.0
40	1984.3333333333333	0.0
50	2176.5	0.0
60	1652.6666666666667	0.0
70	2103.6666666666665	0.0
80	1960.6666666666667	0.0
90	2144.6666666666665	0.0
100	2458.6666666666665	0.0
110	2352.3333333333335	0.0
120	2555.0	0.0
130	2553.3333333333335	0.0
140	2304.3333333333335	0.0
150	2194.1666666666665	0.0
160	2476.5	0.0
170	2280.0	0.0
180	2143.8333333333335	0.0
190	2473.1666666666665	0.0
200	2365.6666666666665	0.0
210	1891.6666666666667	0.0
220	2636.3333333333335	0.0
230	2702.1666666666665	0.0
240	2381.3333333333335	0.0
250	2393.1666666666665	0.0
260	2438.6666666666665	0.0
270	2535.1666666666665	0.0
280	2085.8333333333335	0.0
290	2393.0	0.0
300	2323.3333333333335	0.0
310	2578.0	0.0
320	2551.8333333333335	0.0
330	2849.0	0.0
340	2896.0	0.0
350	2710.3333333333335	0.0
360	2728.5	0.0
370	3080.8333333333335	0.0
380	2945.3333333333335	0.0
390	2570.1666666666665	0.0
400	2583.8333333333335	0.0
410	2945.8333333333335	0.0
420	3241.0	0.0
430	3215.1666666666665	0.0
440	3076.5	0.0
450	3034.5	0.0
460	2791.0	0.0
470	2925.8333333333335	0.0
480	3138.0	0.0
490	2934.5	0.0
500	3111.0	0.0
510	3096.3333333333335	0.0
520	3146.1666666666665	0.0
530	3417.8333333333335	0.0
540	3570.1666666666665	0.0
550	3512.3333333333335	0.0
560	3515.3333333333335	0.0
570	3157.3333333333335	0.0
580	3262.1666666666665	0.0
590	3624.5	0.0
600	3358.8333333333335	0.0
610	3459.0	0.0
620	3245.8333333333335	0.0
630	3594.0	0.0
640	3346.8333333333335	0.0
650	3201.6666666666665	0.0
660	3588.5	0.0
670	3692.5	0.0
680	3451.8333333333335	0.0
690	4039.3333333333335	0.0
700	3520.0	0.0
710	3678.0	0.0
720	3336.8333333333335	0.0
730	3894.6666666666665	0.0
740	4038.5	0.0
750	3453.3333333333335	0.0
760	3451.0	0.0
770	3568.6666666666665	0.0
780	3245.8333333333335	0.0
790	3935.3333333333335	0.0
800	3632.5	0.0
810	3836.1666666666665	0.0
820	4066.1666666666665	0.0
830	3589.0	0.0
840	4017.5	0.0
850	3650.6666666666665	0.0
860	3694.3333333333335	0.0
870	3855.3333333333335	0.0
880	3890.3333333333335	0.0
890	4003.6666666666665	0.0
900	4134.833333333333	0.0
910	3455.8333333333335	0.0
920	3590.8333333333335	0.0
930	3963.1666666666665	0.0
940	3527.8333333333335	0.0
950	3549.1666666666665	0.0
960	3748.6666666666665	0.0
970	3774.0	0.0
980	3900.1666666666665	0.0
990	3767.5	0.0
1000	3513.1666666666665	0.0
