0	257.6666666666667	0.0
10	1820.8333333333333	1000.0
20	2023.3333333333333	0.0
30	2072.6666666666665	0.0
40	2255.3333333333335	0.0
50	1949.8333333333333	0.0
60	2251.5	0.0
70	2257.8333333333335	0.0
80	2485.1666666666665	0.0
90	2563.5	0.0
100	2236.5	0.0
110	2348.8333333333335	0.0
120	2440.5	0.0
130	2368.0	0.0
140	2410.1666666666665	0.0
150	2575.3333333333335	0.0
160	2442.6666666666665	0.0
170	2385.8333333333335	0.0
180	2561.8333333333335	0.0
190	2747.0	0.0
200	2713.3333333333335	0.0
210	2639.1666666666665	0.0
220	2775.3333333333335	0.0
230	2803.3333333333335	0.0
240	2513.3333333333335	0.0
250	2739.3333333333335	0.0
260	2850.3333333333335	0.0
270	2797.5	0.0
280	2317.3333333333335	0.0
290	2699.8333333333335	0.0
300	2357.5	0.0
310	2557.5	0.0
320	2643.6666666666665	0.0
330	2661.0	0.0
340	3030.6666666666665	0.0
350	3218.3333333333335	0.0
360	2891.3333333333335	0.0
370	2532.6666666666665	0.0
380	3168.6666666666665	0.0
390	2953.5	0.0
400	3242.6666666666665	0.0
410	3201.1666666666665	0.0
420	2809.0	0.0
430	3329.0	0.0
440	3297.8333333333335	0.0
450	2853.8333333333335	0.0
460	3132.0	0.0
470	2923.6666666666665	0.0
480	3676.0	0.0
490	3792.6666666666665	0.0
500	3301.8333333333335	0.0
510	3000.0	0.0
520	3383.5	0.0
530	3588.1666666666665	0.0
540	3900.1666666666665	0.0
550	3704.1666666666665	0.0
560	3827.3333333333335	0.0
570	3683.5	0.0
580	3070.8333333333335	0.0
590	3567.8333333333335	0.0
600	3648.5	0.0
610	3333.0	0.0
620	3699.1666666666665	0.0
630	3873.1666666666665	0.0
640	3205.5	0.0
650	3955.8333333333335	0.0
660	3700.3333333333335	0.0
670	3249.1666666666665	0.0
680	3602.1666666666665	0.0
690	3166.6666666666665	0.0
700	3390.8333333333335	0.0
710	3852.6666666666665	0.0
720	3915.1666666666665	0.0
730	3889.0	0.0
740	3713.3333333333335	0.0
750	3976.0	0.0
760	3963.1666666666665	0.0
770	3533.5	0.0
780	3380.1666666666665	0.0
790	3651.5	0.0
800	3782.3333333333335	0.0
810	3707.1666666666665	0.0
820	3971.1666666666665	0.0
830	3979.6666666666665	0.0
840	3416.6666666666665	0.0
850	3875.0	0.0
860	3672.1666666666665	0.0
870	3783.0	0.0
880	3527.5	0.0
890	3562.1666666666665	0.0
900	3933.6666666666665	0.0
910	3870.0	0.0
920	3094.1666666666665	0.0
930	3787.3333333333335	0.0
940	3701.0	0.0
950	3218.8333333333335	0.0
960	4073.1666666666665	0.0
970	3753.5	0.0
980	3448.5	0.0
990	3831.5	0.0
1000	3864.8333333333335	0.0
