0	268.0	0.0
10	1965.5	1000.0
20	2179.8333333333335	0.0
30	2034.6666666666667	0.0
40	2131.8333333333335	0.0
50	2107.0	0.0
60	2255.5	0.0
70	2320.6666666666665	0.0
80	2505.8333333333335	0.0
90	2325.8333333333335	0.0
100	2466.8333333333335	0.0
110	2243.3333333333335	0.0
120	2543.3333333333335	0.0
130	2555.0	0.0
140	2424.0	0.0
150	2557.3333333333335	0.0
160	2356.8333333333335	0.0
170	2578.8333333333335	0.0
180	2717.6666666666665	0.0
190	2302.5	0.0
200	2623.0	0.0
210	2996.1666666666665	0.0
220	2704.3333333333335	0.0
230	2496.0	0.0
240	2415.1666666666665	0.0
250	2216.3333333333335	0.0
260	2404.5	0.0
270	2703.0	0.0
280	2579.0	0.0
290	2692.6666666666665	0.0
300	2693.5	0.0
310	2522.1666666666665	0.0
320	2865.1666666666665	0.0
330	2821.6666666666665	0.0
340	3060.3333333333335	0.0
350	2802.5	0.0
360	2823.8333333333335	0.0
370	3161.0	0.0
380	2953.5	0.0
390	3038.0	0.0
400	3488.5	0.0
410	3005.8333333333335	0.0
420	3202.0	0.0
430	2954.0	0.0
440	3098.1666666666665	0.0
450	3354.6666666666665	0.0
460	3360.5	0.0
470	3008.6666666666665	0.0
480	3090.8333333333335	0.0
490	3117.6666666666665	0.0
500	3466.1666666666665	0.0
510	3496.8333333333335	0.0
520	3447.3333333333335	0.0
530	2795.3333333333335	0.0
540	3461.0	0.0
550	3597.1666666666665	0.0
560	3280.5	0.0
570	3519.0	0.0
580	3187.0	0.0
590	3653.3333333333335	0.0
600	3836.5	0.0
610	3403.5	0.0
620	3536.0	0.0
630	3742.0	0.0
640	3661.3333333333335	0.0
650	3483.3333333333335	0.0
660	3793.6666666666665	0.0
670	3543.0	0.0
680	3807.1666666666665	0.0
690	3941.5	0.0
700	3611.3333333333335	0.0
710	3647.6666666666665	0.0
720	4202.333333333333	0.0
730	3417.5	0.0
740	3639.8333333333335	0.0
750	3455.5	0.0
760	3939.1666666666665	0.0
770	3937.6666666666665	0.0
780	3667.8333333333335	0.0
790	3626.1666666666665	0.0
800	3715.1666666666665	0.0
810	3609.5	0.0
820	3723.6666666666665	0.0
830	3806.6666666666665	0.0
840	3371.5	0.0
850	4049.5	0.0
860	3970.0	0.0
870	4202.166666666667	0.0
880	3829.5	0.0
890	3863.8333333333335	0.0
900	3836.0	0.0
910	3785.0	0.0
920	3792.3333333333335	0.0
930	3591.8333333333335	0.0
940	4178.833333333333	0.0
950	3787.5	0.0
960	3788.3333333333335	0.0
970	3770.6666666666665	0.0
980	3609.0	0.0
990	3900.8333333333335	0.0
1000	4027.5	0.0
