0	237.33333333333334	0.0
10	2082.5	1000.0
20	2003.8333333333333	0.0
30	2024.8333333333333	0.0
40	1973.8333333333333	0.0
50	2115.0	0.0
60	2329.3333333333335	0.0
70	2215.6666666666665	0.0
80	2147.1666666666665	0.0
90	2309.5	0.0
100	2110.5	0.0
110	2337.0	0.0
120	2248.8333333333335	0.0
130	2050.8333333333335	0.0
140	2162.5	0.0
150	2725.8333333333335	0.0
160	2671.8333333333335	0.0
170	2608.8333333333335	0.0
180	2590.3333333333335	0.0
190	2816.5	0.0
200	2374.0	0.0
210	2264.3333333333335	0.0
220	2239.0	0.0
230	2221.5	0.0
240	2466.8333333333335	0.0
250	2472.8333333333335	0.0
260	2419.8333333333335	0.0
270	2718.0	0.0
280	2497.5	0.0
290	2241.3333333333335	0.0
300	2723.0	0.0
310	2822.8333333333335	0.0
320	2694.6666666666665	0.0
330	2890.3333333333335	0.0
340	2989.3333333333335	0.0
350	2896.5	0.0
360	2836.8333333333335	0.0
370	2504.8333333333335	0.0
380	2779.6666666666665	0.0
390	3447.8333333333335	0.0
400	2960.1666666666665	0.0
410	3104.5	0.0
420	2844.1666666666665	0.0
430	2826.6666666666665	0.0
440	3105.0	0.0
450	3524.1666666666665	0.0
460	3190.1666666666665	0.0
470	3072.6666666666665	0.0
480	3186.8333333333335	0.0
490	3090.8333333333335	0.0
500	3447.0	0.0
510	3169.3333333333335	0.0
520	3347.0	0.0
530	3223.1666666666665	0.0
540	3400.5	0.0
550	3105.3333333333335	0.0
560	3549.6666666666665	0.0
570	3784.1666666666665	0.0
580	3671.6666666666665	0.0
590	3789.3333333333335	0.0
600	3758.8333333333335	0.0
610	4050.5	0.0
620	3290.5	0.0
630	3514.1666666666665	0.0
640	4244.5	0.0
650	3518.3333333333335	0.0
660	3519.1666666666665	0.0
670	3586.1666666666665	0.0
680	3744.0	0.0
690	3680.8333333333335	0.0
700	3266.6666666666665	0.0
710	3758.3333333333335	0.0
720	3673.3333333333335	0.0
730	3515.8333333333335	0.0
740	3272.0	0.0
750	3898.8333333333335	0.0
760	3612.1666666666665	0.0
770	3865.5	0.0
780	3623.8333333333335	0.0
790	3932.8333333333335	0.0
800	3585.8333333333335	0.0
810	3742.1666666666665	0.0
820	3855.1666666666665	0.0
830	3723.1666666666665	0.0
840	3826.8333333333335	0.0
850	3773.8333333333335	0.0
860	3660.0	0.0
870	3726.1666666666665	0.0
880	3763.1666666666665	0.0
890	3475.0	0.0
900	3814.6666666666665	0.0
910	3882.3333333333335	0.0
920	3722.8333333333335	0.0
930	4021.6666666666665	0.0
940	3987.1666666666665	0.0
950	3842.1666666666665	0.0
960	3980.5	0.0
970	3699.8333333333335	0.0
980	3900.8333333333335	0.0
990	3765.6666666666665	0.0
1000	3559.5	0.0
