0	267.3333333333333	0.0
10	2016.6666666666667	1000.0
20	2062.8333333333335	0.0
30	1881.3333333333333	0.0
40	2086.8333333333335	0.0
50	1959.8333333333333	0.0
60	2133.6666666666665	0.0
70	2208.6666666666665	0.0
80	2283.6666666666665	0.0
90	2271.5	0.0
100	2516.5	0.0
110	2164.1666666666665	0.0
120	2360.1666666666665	0.0
130	2488.5	0.0
140	2615.3333333333335	0.0
150	2638.5	0.0
160	2486.0	0.0
170	2446.3333333333335	0.0
180	2520.6666666666665	0.0
190	2649.6666666666665	0.0
200	2615.6666666666665	0.0
210	2705.6666666666665	0.0
220	2745.5	0.0
230	2602.5	0.0
240	2555.6666666666665	0.0
250	2464.8333333333335	0.0
260	2373.8333333333335	0.0
270	2499.6666666666665	0.0
280	2583.0	0.0
290	2289.1666666666665	0.0
300	2582.0	0.0
310	3110.8333333333335	0.0
320	2439.1666666666665	0.0
330	2408.0	0.0
340	2287.6666666666665	0.0
350	2731.8333333333335	0.0
360	2777.8333333333335	0.0
370	2750.8333333333335	0.0
380	2870.1666666666665	0.0
390	2942.6666666666665	0.0
400	3017.5	0.0
410	3174.8333333333335	0.0
420	3289.5	0.0
430	3037.5	0.0
440	2722.8333333333335	0.0
450	2973.6666666666665	0.0
460	3081.5	0.0
470	2617.1666666666665	0.0
480	3073.8333333333335	0.0
490	2472.8333333333335	0.0
500	3349.6666666666665	0.0
510	3026.6666666666665	0.0
520	3233.5	0.0
530	3551.5	0.0
540	3548.6666666666665	0.0
550	2855.6666666666665	0.0
560	3593.5	0.0
570	3428.6666666666665	0.0
580	3651.6666666666665	0.0
590	3207.8333333333335	0.0
600	3393.6666666666665	0.0
610	3003.6666666666665	0.0
620	3488.5	0.0
630	3254.8333333333335	0.0
640	3494.8333333333335	0.0
650	3083.5	0.0
660	3644.3333333333335	0.0
670	3617.6666666666665	0.0
680	3512.3333333333335	0.0
690	4000.5	0.0
700	3823.5	0.0
710	3853.5	0.0
720	3590.3333333333335	0.0
730	3629.6666666666665	0.0
740	3843.5	0.0
750	3888.3333333333335	0.0
760	3620.1666666666665	0.0
770	4029.6666666666665	0.0
780	3791.1666666666665	0.0
790	3605.8333333333335	0.0
800	4128.666666666667	0.0
810	3973.6666666666665	0.0
820	3976.6666666666665	0.0
830	4083.8333333333335	0.0
840	3264.3333333333335	0.0
850	3346.0	0.0
860	3546.8333333333335	0.0
870	3533.8333333333335	0.0
880	3849.8333333333335	0.0
890	3289.6666666666665	0.0
900	3951.1666666666665	0.0
910	3762.3333333333335	0.0
920	3845.3333333333335	0.0
930	3709.1666666666665	0.0
940	3686.1666666666665	0.0
950	3817.0	0.0
960	3818.1666666666665	0.0
970	3653.5	0.0
980	3759.6666666666665	0.0
990	3631.6666666666665	0.0
1000	3768.3333333333335	0.0
