0	266.6666666666667	0.0
10	70.0	0.0
20	70.0	0.0
30	70.0	0.0
40	70.0	0.0
50	70.0	0.0
60	70.0	0.0
70	70.0	0.0
80	70.0	0.0
90	70.0	0.0
100	70.0	0.0
110	70.0	0.0
120	70.0	0.0
130	70.0	0.0
140	70.0	0.0
150	70.0	0.0
160	70.33333333333333	0.0
170	70.0	0.0
180	70.0	0.0
190	72.0	0.0
200	71.0	0.0
210	74.0	10.0
220	71.0	0.0
230	76.66666666666667	0.0
240	164.66666666666666	0.0
250	302.3333333333333	0.0
260	186.66666666666666	63.0
270	183.0	36.0
280	146.0	26.0
290	146.0	96.0
300	130.0	0.0
310	130.0	45.0
320	264.0	1.0
330	195.33333333333334	0.0
340	465.6666666666667	6.0
350	445.6666666666667	43.0
360	740.3333333333334	0.0
370	783.6666666666666	35.0
380	843.3333333333334	73.0
390	1172.6666666666667	27.0
400	1319.3333333333333	12.0
410	1182.0	75.0
420	1282.6666666666667	88.0
430	1721.3333333333333	151.0
440	1698.6666666666667	67.0
450	1909.3333333333333	114.0
460	2106.0	32.0
470	2016.0	0.0
480	1999.6666666666667	0.0
490	2239.0	0.0
500	2187.0	0.0
510	2333.6666666666665	0.0
520	2357.1666666666665	0.0
530	2551.6666666666665	0.0
540	1970.3333333333333	0.0
550	2536.0	0.0
560	2071.0	0.0
570	2250.1666666666665	0.0
580	2456.1666666666665	0.0
590	1952.0	0.0
600	2449.6666666666665	0.0
610	2030.0	0.0
620	2435.5	0.0
630	2443.3333333333335	0.0
640	2202.8333333333335	0.0
650	2630.1666666666665	0.0
660	2804.3333333333335	0.0
670	2708.3333333333335	0.0
680	2608.6666666666665	0.0
690	2465.0	0.0
700	2616.6666666666665	0.0
710	2375.3333333333335	0.0
720	2443.3333333333335	0.0
730	2666.6666666666665	0.0
740	2399.0	0.0
750	2573.6666666666665	0.0
760	2542.5	0.0
770	2432.8333333333335	0.0
780	2567.0	0.0
790	2500.8333333333335	0.0
800	2426.1666666666665	0.0
810	2905.1666666666665	0.0
820	2556.5	0.0
830	2391.0	0.0
840	2345.8333333333335	0.0
850	2531.5	0.0
860	2223.1666666666665	0.0
870	2591.0	0.0
880	2466.3333333333335	0.0
890	2536.5	0.0
900	2419.6666666666665	0.0
910	2407.3333333333335	0.0
920	2462.1666666666665	0.0
930	2691.8333333333335	0.0
940	1798.0	0.0
950	1941.6666666666667	0.0
960	2354.3333333333335	0.0
970	2508.0	0.0
980	2405.3333333333335	0.0
990	2571.0	0.0
1000	2229.1666666666665	0.0
