0	242.66666666666666	0.0
10	70.0	0.0
20	70.0	0.0
30	70.0	0.0
40	70.0	0.0
50	70.0	1.0
60	70.0	0.0
70	70.0	0.0
80	70.0	0.0
90	70.0	0.0
100	70.0	0.0
110	70.0	0.0
120	70.0	0.0
130	70.0	0.0
140	70.0	0.0
150	70.0	0.0
160	70.0	0.0
170	70.0	0.0
180	70.0	0.0
190	70.33333333333333	0.0
200	71.33333333333333	0.0
210	71.0	0.0
220	70.0	0.0
230	85.33333333333333	0.0
240	126.0	0.0
250	170.0	0.0
260	311.0	0.0
270	165.66666666666666	22.0
280	166.0	0.0
290	138.0	24.0
300	148.66666666666666	2.0
310	146.0	25.0
320	156.0	0.0
330	147.0	24.0
340	170.33333333333334	16.0
350	175.33333333333334	0.0
360	243.66666666666666	72.0
370	349.3333333333333	0.0
380	619.0	1.0
390	811.3333333333334	4.0
400	653.3333333333334	55.0
410	1192.0	40.0
420	939.6666666666666	101.0
430	1549.6666666666667	80.0
440	1229.3333333333333	87.0
450	2006.3333333333333	102.0
460	1908.0	238.0
470	1933.0	73.0
480	1962.3333333333333	33.0
490	1424.6666666666667	0.0
500	1809.6666666666667	0.0
510	2017.6666666666667	0.0
520	2094.5	0.0
530	2065.0	0.0
540	1971.0	0.0
550	2301.6666666666665	0.0
560	1987.6666666666667	0.0
570	1972.6666666666667	0.0
580	2078.6666666666665	0.0
590	2190.0	0.0
600	2538.0	0.0
610	2147.6666666666665	0.0
620	2434.3333333333335	0.0
630	2431.1666666666665	0.0
640	2094.6666666666665	0.0
650	2369.8333333333335	0.0
660	2475.5	0.0
670	2448.8333333333335	0.0
680	2650.1666666666665	0.0
690	2299.5	0.0
700	2502.6666666666665	0.0
710	2586.6666666666665	0.0
720	2621.5	0.0
730	2361.0	0.0
740	2725.5	0.0
750	2605.6666666666665	0.0
760	2540.3333333333335	0.0
770	2721.5	0.0
780	2505.5	0.0
790	2736.6666666666665	0.0
800	2461.3333333333335	0.0
810	2565.6666666666665	0.0
820	2605.1666666666665	0.0
830	2446.0	0.0
840	2536.3333333333335	0.0
850	2395.6666666666665	0.0
860	2492.1666666666665	0.0
870	2701.0	0.0
880	2612.3333333333335	0.0
890	2615.0	0.0
900	2572.8333333333335	0.0
910	2396.3333333333335	0.0
920	2625.1666666666665	0.0
930	2795.0	0.0
940	2594.0	0.0
950	2662.5	0.0
960	2476.3333333333335	0.0
970	2493.3333333333335	0.0
980	2422.0	0.0
990	2229.0	0.0
1000	2317.3333333333335	0.0
