0	299.3333333333333	0.0
10	70.0	0.0
20	70.0	0.0
30	70.0	0.0
40	70.0	0.0
50	70.0	0.0
60	70.0	0.0
70	70.0	0.0
80	70.0	0.0
90	70.0	0.0
100	70.0	0.0
110	70.0	0.0
120	70.0	0.0
130	70.0	0.0
140	70.0	0.0
150	70.0	0.0
160	70.0	0.0
170	70.33333333333333	0.0
180	70.33333333333333	0.0
190	70.33333333333333	0.0
200	70.33333333333333	0.0
210	79.33333333333333	0.0
220	75.0	0.0
230	72.0	0.0
240	71.33333333333333	0.0
250	80.33333333333333	0.0
260	133.33333333333334	0.0
270	122.33333333333333	0.0
280	132.0	0.0
290	274.6666666666667	0.0
300	118.66666666666667	3.0
310	147.33333333333334	14.0
320	207.66666666666666	20.0
330	179.0	29.0
340	130.0	84.0
350	131.0	0.0
360	162.33333333333334	0.0
370	130.0	31.0
380	302.6666666666667	84.0
390	190.66666666666666	51.0
400	203.33333333333334	18.0
410	411.0	8.0
420	638.0	52.0
430	703.6666666666666	52.0
440	1454.3333333333333	20.0
450	1965.8333333333333	91.0
460	1696.3333333333333	34.0
470	1837.0	89.0
480	2254.8333333333335	131.0
490	2107.3333333333335	166.0
500	1733.0	23.0
510	2016.0	0.0
520	2217.6666666666665	0.0
530	1933.6666666666667	0.0
540	2175.3333333333335	0.0
550	2444.1666666666665	0.0
560	2186.3333333333335	0.0
570	2356.3333333333335	0.0
580	2061.0	0.0
590	2158.3333333333335	0.0
600	2164.0	0.0
610	2375.3333333333335	0.0
620	2359.3333333333335	0.0
630	2522.3333333333335	0.0
640	2581.0	0.0
650	2501.0	0.0
660	2488.6666666666665	0.0
670	2563.5	0.0
680	2809.0	0.0
690	2176.3333333333335	0.0
700	2650.0	0.0
710	2653.8333333333335	0.0
720	2524.0	0.0
730	2297.0	0.0
740	2201.6666666666665	0.0
750	2527.3333333333335	0.0
760	2435.0	0.0
770	2640.5	0.0
780	2503.6666666666665	0.0
790	2749.5	0.0
800	2582.6666666666665	0.0
810	2358.3333333333335	0.0
820	2692.3333333333335	0.0
830	2675.3333333333335	0.0
840	2598.0	0.0
850	2582.1666666666665	0.0
860	2522.6666666666665	0.0
870	2538.0	0.0
880	2441.3333333333335	0.0
890	2605.0	0.0
900	2600.1666666666665	0.0
910	2541.6666666666665	0.0
920	2539.8333333333335	0.0
930	2659.1666666666665	0.0
940	2487.0	0.0
950	2430.6666666666665	0.0
960	2214.5	0.0
970	2518.6666666666665	0.0
980	2579.8333333333335	0.0
990	2543.3333333333335	0.0
1000	2670.0	0.0
