0	268.6666666666667	0.0
10	70.0	0.0
20	70.0	0.0
30	70.0	0.0
40	70.0	0.0
50	70.0	0.0
60	70.0	0.0
70	70.0	0.0
80	70.0	0.0
90	70.0	0.0
100	70.0	0.0
110	70.0	0.0
120	70.0	0.0
130	70.0	0.0
140	70.0	0.0
150	70.0	0.0
160	70.0	0.0
170	70.0	0.0
180	70.0	0.0
190	70.0	0.0
200	71.0	0.0
210	81.66666666666667	0.0
220	73.33333333333333	0.0
230	136.33333333333334	0.0
240	119.0	1.0
250	210.0	0.0
260	319.6666666666667	0.0
270	174.33333333333334	49.0
280	164.33333333333334	24.0
290	130.0	73.0
300	138.66666666666666	1.0
310	148.0	0.0
320	162.33333333333334	0.0
330	172.33333333333334	1.0
340	154.0	5.0
350	502.3333333333333	132.0
360	587.6666666666666	16.0
370	465.6666666666667	80.0
380	570.0	62.0
390	727.3333333333334	23.0
400	825.3333333333334	57.0
410	923.0	52.0
420	1039.6666666666667	106.0
430	894.3333333333334	14.0
440	1071.0	41.0
450	1279.6666666666667	112.0
460	1659.3333333333333	51.0
470	1662.3333333333333	27.0
480	2307.6666666666665	73.0
490	2096.5	0.0
500	2136.6666666666665	0.0
510	2298.0	0.0
520	2262.3333333333335	0.0
530	2227.6666666666665	0.0
540	1866.0	0.0
550	2072.8333333333335	0.0
560	2154.0	0.0
570	2144.5	0.0
580	2190.0	0.0
590	2488.0	0.0
600	2432.0	0.0
610	2344.6666666666665	0.0
620	2464.3333333333335	0.0
630	2491.6666666666665	0.0
640	2550.3333333333335	0.0
650	2319.0	0.0
660	2689.8333333333335	0.0
670	2787.0	0.0
680	2674.8333333333335	0.0
690	2570.8333333333335	0.0
700	2682.0	0.0
710	2641.3333333333335	0.0
720	2460.0	0.0
730	2510.0	0.0
740	2636.3333333333335	0.0
750	2695.5	0.0
760	2685.6666666666665	0.0
770	2776.3333333333335	0.0
780	2632.3333333333335	0.0
790	2412.3333333333335	0.0
800	2583.0	0.0
810	2493.8333333333335	0.0
820	2617.3333333333335	0.0
830	2433.0	0.0
840	2676.8333333333335	0.0
850	2620.0	0.0
860	2852.5	0.0
870	2469.0	0.0
880	2685.1666666666665	0.0
890	2179.0	0.0
900	2045.5	0.0
910	2655.5	0.0
920	2430.0	0.0
930	2413.0	0.0
940	2347.1666666666665	0.0
950	2321.1666666666665	0.0
960	2837.0	0.0
970	2878.5	0.0
980	2602.5	0.0
990	2275.5	0.0
1000	2264.3333333333335	0.0
