0	271.0	0.0
10	2133.0	992.0
20	1950.5	8.0
30	2378.1666666666665	0.0
40	2388.5	0.0
50	2406.0	0.0
60	2484.0	0.0
70	2453.1666666666665	0.0
80	2460.6666666666665	0.0
90	2510.0	0.0
100	2698.3333333333335	0.0
110	2728.0	0.0
120	2648.0	0.0
130	2618.1666666666665	0.0
140	2771.5	0.0
150	2855.1666666666665	0.0
160	2951.0	0.0
170	2472.5	0.0
180	2392.0	0.0
190	2199.3333333333335	0.0
200	2892.3333333333335	0.0
210	2311.3333333333335	0.0
220	2747.0	0.0
230	2191.1666666666665	0.0
240	2944.3333333333335	0.0
250	2928.5	0.0
260	3006.3333333333335	0.0
270	3287.6666666666665	0.0
280	2830.1666666666665	0.0
290	3086.1666666666665	0.0
300	3045.8333333333335	0.0
310	2800.0	0.0
320	2482.0	0.0
330	2829.8333333333335	0.0
340	3413.6666666666665	0.0
350	3256.1666666666665	0.0
360	3513.5	0.0
370	3863.1666666666665	0.0
380	3293.8333333333335	0.0
390	3425.0	0.0
400	4017.1666666666665	0.0
410	3289.5	0.0
420	3471.6666666666665	0.0
430	3703.5	0.0
440	3968.6666666666665	0.0
450	3468.1666666666665	0.0
460	3577.5	0.0
470	3978.1666666666665	0.0
480	3636.8333333333335	0.0
490	3800.1666666666665	0.0
500	3910.3333333333335	0.0
510	3159.3333333333335	0.0
520	3587.1666666666665	0.0
530	4231.166666666667	0.0
540	3971.5	0.0
550	3387.5	0.0
560	3286.3333333333335	0.0
570	3616.0	0.0
580	3581.1666666666665	0.0
590	3455.5	0.0
600	4110.333333333333	0.0
610	3534.1666666666665	0.0
620	3832.1666666666665	0.0
630	3978.3333333333335	0.0
640	3833.8333333333335	0.0
650	3827.3333333333335	0.0
660	3718.8333333333335	0.0
670	3805.5	0.0
680	3754.5	0.0
690	3490.8333333333335	0.0
700	4093.1666666666665	0.0
710	3849.1666666666665	0.0
720	3567.1666666666665	0.0
730	3794.0	0.0
740	3773.3333333333335	0.0
750	4053.3333333333335	0.0
760	4024.3333333333335	0.0
770	4074.5	0.0
780	3899.5	0.0
790	4066.0	0.0
800	3809.1666666666665	0.0
810	3882.0	0.0
820	4019.8333333333335	0.0
830	3928.1666666666665	0.0
840	4048.6666666666665	0.0
850	3785.8333333333335	0.0
860	3483.1666666666665	0.0
870	3809.6666666666665	0.0
880	3697.0	0.0
890	3464.3333333333335	0.0
900	3935.3333333333335	0.0
910	3498.5	0.0
920	3865.3333333333335	0.0
930	3956.0	0.0
940	3471.5	0.0
950	3919.6666666666665	0.0
960	3870.5	0.0
970	4054.0	0.0
980	4142.666666666667	0.0
990	3964.6666666666665	0.0
1000	3817.1666666666665	0.0
