0	249.33333333333334	0.0
10	1892.3333333333333	566.0
20	1620.3333333333333	434.0
30	2049.8333333333335	0.0
40	1935.8333333333333	0.0
50	2033.6666666666667	0.0
60	2379.3333333333335	0.0
70	2088.8333333333335	0.0
80	2077.8333333333335	0.0
90	2416.1666666666665	0.0
100	2378.3333333333335	0.0
110	2338.5	0.0
120	2468.0	0.0
130	2642.5	0.0
140	2280.0	0.0
150	2608.5	0.0
160	2571.3333333333335	0.0
170	2366.5	0.0
180	2757.5	0.0
190	2978.0	0.0
200	2511.0	0.0
210	2075.3333333333335	0.0
220	2825.0	0.0
230	2849.8333333333335	0.0
240	2725.0	0.0
250	2778.3333333333335	0.0
260	2765.3333333333335	0.0
270	2400.0	0.0
280	3349.5	0.0
290	3459.6666666666665	0.0
300	3418.6666666666665	0.0
310	2806.0	0.0
320	3093.1666666666665	0.0
330	3319.0	0.0
340	2713.6666666666665	0.0
350	3513.6666666666665	0.0
360	3085.1666666666665	0.0
370	3236.0	0.0
380	3774.6666666666665	0.0
390	3276.8333333333335	0.0
400	3153.6666666666665	0.0
410	3231.3333333333335	0.0
420	3507.1666666666665	0.0
430	3867.3333333333335	0.0
440	3497.8333333333335	0.0
450	3427.1666666666665	0.0
460	3957.5	0.0
470	3845.5	0.0
480	3961.6666666666665	0.0
490	3506.6666666666665	0.0
500	3872.1666666666665	0.0
510	3262.6666666666665	0.0
520	3381.1666666666665	0.0
530	3784.0	0.0
540	3838.5	0.0
550	3491.8333333333335	0.0
560	3608.5	0.0
570	3878.8333333333335	0.0
580	3875.5	0.0
590	3517.5	0.0
600	2542.8333333333335	0.0
610	3365.1666666666665	0.0
620	3673.3333333333335	0.0
630	3754.0	0.0
640	3281.3333333333335	0.0
650	3284.3333333333335	0.0
660	3613.0	0.0
670	3361.8333333333335	0.0
680	3591.8333333333335	0.0
690	3076.1666666666665	0.0
700	2985.3333333333335	0.0
710	3871.6666666666665	0.0
720	3779.5	0.0
730	3701.6666666666665	0.0
740	3764.0	0.0
750	3921.0	0.0
760	3590.3333333333335	0.0
770	3756.5	0.0
780	3743.3333333333335	0.0
790	3841.8333333333335	0.0
800	3623.0	0.0
810	3594.0	0.0
820	3859.8333333333335	0.0
830	3711.1666666666665	0.0
840	3839.1666666666665	0.0
850	3651.3333333333335	0.0
860	3902.1666666666665	0.0
870	3919.0	0.0
880	3406.0	0.0
890	4024.6666666666665	0.0
900	3886.1666666666665	0.0
910	3741.0	0.0
920	3707.8333333333335	0.0
930	3586.8333333333335	0.0
940	3929.3333333333335	0.0
950	3821.0	0.0
960	3926.3333333333335	0.0
970	3885.5	0.0
980	3586.0	0.0
990	3777.3333333333335	0.0
1000	3898.0	0.0
