0	242.33333333333334	0.0
10	1678.5	706.0
20	1648.1666666666667	294.0
30	2253.8333333333335	0.0
40	2519.0	0.0
50	2084.8333333333335	0.0
60	2376.1666666666665	0.0
70	2229.6666666666665	0.0
80	2652.6666666666665	0.0
90	2518.1666666666665	0.0
100	2311.6666666666665	0.0
110	2549.5	0.0
120	2430.6666666666665	0.0
130	2612.1666666666665	0.0
140	2115.5	0.0
150	2164.8333333333335	0.0
160	2275.6666666666665	0.0
170	2608.6666666666665	0.0
180	2363.3333333333335	0.0
190	2467.5	0.0
200	2559.5	0.0
210	2680.5	0.0
220	2913.6666666666665	0.0
230	2657.6666666666665	0.0
240	2767.1666666666665	0.0
250	2715.6666666666665	0.0
260	2695.8333333333335	0.0
270	2893.0	0.0
280	2849.5	0.0
290	2961.6666666666665	0.0
300	2854.1666666666665	0.0
310	2465.6666666666665	0.0
320	2996.0	0.0
330	2736.1666666666665	0.0
340	2767.8333333333335	0.0
350	3125.5	0.0
360	3211.1666666666665	0.0
370	3085.3333333333335	0.0
380	2985.3333333333335	0.0
390	3444.8333333333335	0.0
400	2878.8333333333335	0.0
410	3140.8333333333335	0.0
420	3131.1666666666665	0.0
430	2781.1666666666665	0.0
440	3546.1666666666665	0.0
450	3540.5	0.0
460	3156.5	0.0
470	3700.6666666666665	0.0
480	3431.6666666666665	0.0
490	3540.1666666666665	0.0
500	3856.1666666666665	0.0
510	3640.5	0.0
520	3058.1666666666665	0.0
530	2873.1666666666665	0.0
540	3436.1666666666665	0.0
550	3334.8333333333335	0.0
560	3645.1666666666665	0.0
570	2936.0	0.0
580	3337.6666666666665	0.0
590	3719.1666666666665	0.0
600	3546.5	0.0
610	3769.5	0.0
620	3804.5	0.0
630	3799.5	0.0
640	3713.8333333333335	0.0
650	3422.8333333333335	0.0
660	3694.3333333333335	0.0
670	3344.6666666666665	0.0
680	3638.8333333333335	0.0
690	3599.1666666666665	0.0
700	3749.6666666666665	0.0
710	3885.6666666666665	0.0
720	3782.3333333333335	0.0
730	3915.1666666666665	0.0
740	3764.8333333333335	0.0
750	3573.8333333333335	0.0
760	3482.1666666666665	0.0
770	4085.0	0.0
780	3634.5	0.0
790	3740.6666666666665	0.0
800	3945.6666666666665	0.0
810	4101.0	0.0
820	4002.6666666666665	0.0
830	3821.6666666666665	0.0
840	3937.1666666666665	0.0
850	3526.5	0.0
860	3723.5	0.0
870	3953.3333333333335	0.0
880	3804.6666666666665	0.0
890	4093.6666666666665	0.0
900	3792.8333333333335	0.0
910	3712.5	0.0
920	3864.6666666666665	0.0
930	3821.8333333333335	0.0
940	4081.3333333333335	0.0
950	4023.1666666666665	0.0
960	3908.3333333333335	0.0
970	3777.6666666666665	0.0
980	3771.1666666666665	0.0
990	3876.6666666666665	0.0
1000	3461.6666666666665	0.0
