0	257.6666666666667	0.0
10	82.0	1000.0
20	70.0	0.0
30	70.0	0.0
40	70.0	0.0
50	70.0	0.0
60	70.0	0.0
70	70.0	0.0
80	70.0	0.0
90	70.0	0.0
100	70.0	0.0
110	70.0	0.0
120	70.0	0.0
130	70.0	0.0
140	70.0	0.0
150	70.0	0.0
160	70.0	0.0
170	70.66666666666667	0.0
180	71.33333333333333	0.0
190	71.0	0.0
200	73.66666666666667	0.0
210	70.0	0.0
220	172.33333333333334	0.0
230	192.66666666666666	0.0
240	289.3333333333333	0.0
250	247.33333333333334	0.0
260	182.0	0.0
270	135.33333333333334	0.0
280	161.66666666666666	0.0
290	185.66666666666666	0.0
300	297.3333333333333	0.0
310	163.0	0.0
320	333.3333333333333	0.0
330	261.6666666666667	0.0
340	802.3333333333334	0.0
350	696.3333333333334	0.0
360	624.3333333333334	0.0
370	627.3333333333334	0.0
380	831.6666666666666	0.0
390	1115.3333333333333	0.0
400	1180.0	0.0
410	928.3333333333334	0.0
420	1310.0	0.0
430	1396.6666666666667	0.0
440	1717.3333333333333	0.0
450	1829.0	0.0
460	1930.1666666666667	0.0
470	1702.3333333333333	0.0
480	2107.6666666666665	0.0
490	1893.3333333333333	0.0
500	2163.6666666666665	0.0
510	2182.6666666666665	0.0
520	2226.5	0.0
530	2152.6666666666665	0.0
540	2282.6666666666665	0.0
550	2144.3333333333335	0.0
560	2538.5	0.0
570	2306.1666666666665	0.0
580	2348.0	0.0
590	2650.3333333333335	0.0
600	2556.8333333333335	0.0
610	2516.1666666666665	0.0
620	2499.0	0.0
630	2509.1666666666665	0.0
640	2266.3333333333335	0.0
650	2531.6666666666665	0.0
660	2583.0	0.0
670	2494.0	0.0
680	2602.6666666666665	0.0
690	2450.6666666666665	0.0
700	2711.3333333333335	0.0
710	2670.3333333333335	0.0
720	2750.6666666666665	0.0
730	2418.6666666666665	0.0
740	2494.6666666666665	0.0
750	2544.0	0.0
760	2740.8333333333335	0.0
770	2660.3333333333335	0.0
780	2648.6666666666665	0.0
790	2649.5	0.0
800	2404.6666666666665	0.0
810	2669.8333333333335	0.0
820	2749.1666666666665	0.0
830	2708.3333333333335	0.0
840	2522.6666666666665	0.0
850	2452.3333333333335	0.0
860	2493.3333333333335	0.0
870	2469.0	0.0
880	2599.3333333333335	0.0
890	2513.6666666666665	0.0
900	2161.0	0.0
910	2463.3333333333335	0.0
920	2569.1666666666665	0.0
930	2461.6666666666665	0.0
940	2363.8333333333335	0.0
950	2431.3333333333335	0.0
960	2570.8333333333335	0.0
970	2390.0	0.0
980	2235.6666666666665	0.0
990	2365.0	0.0
1000	2508.3333333333335	0.0
