0	212.33333333333334	0.0
10	70.0	1000.0
20	70.0	0.0
30	70.0	0.0
40	70.0	0.0
50	70.0	0.0
60	70.0	0.0
70	70.0	0.0
80	70.0	0.0
90	70.0	0.0
100	70.0	0.0
110	70.0	0.0
120	70.0	0.0
130	70.33333333333333	0.0
140	70.0	0.0
150	70.0	0.0
160	71.33333333333333	0.0
170	77.0	0.0
180	73.66666666666667	0.0
190	71.0	0.0
200	128.66666666666666	0.0
210	131.0	0.0
220	136.0	0.0
230	180.33333333333334	0.0
240	395.0	0.0
250	109.0	0.0
260	209.0	0.0
270	195.66666666666666	0.0
280	202.0	0.0
290	170.66666666666666	0.0
300	171.0	0.0
310	199.0	0.0
320	413.6666666666667	0.0
330	433.6666666666667	0.0
340	896.3333333333334	0.0
350	731.0	0.0
360	890.6666666666666	0.0
370	956.6666666666666	0.0
380	983.6666666666666	0.0
390	1067.6666666666667	0.0
400	1064.0	0.0
410	1384.8333333333333	0.0
420	1744.0	0.0
430	1716.6666666666667	0.0
440	1808.6666666666667	0.0
450	1741.3333333333333	0.0
460	1759.0	0.0
470	1819.3333333333333	0.0
480	1568.3333333333333	0.0
490	2120.3333333333335	0.0
500	2187.0	0.0
510	2146.0	0.0
520	2185.6666666666665	0.0
530	2283.0	0.0
540	2041.1666666666667	0.0
550	2364.6666666666665	0.0
560	2471.0	0.0
570	2401.6666666666665	0.0
580	2186.6666666666665	0.0
590	2151.6666666666665	0.0
600	2377.6666666666665	0.0
610	2607.1666666666665	0.0
620	2219.5	0.0
630	2538.5	0.0
640	2371.6666666666665	0.0
650	2503.0	0.0
660	2436.1666666666665	0.0
670	2468.0	0.0
680	2719.0	0.0
690	2620.0	0.0
700	2669.8333333333335	0.0
710	2562.3333333333335	0.0
720	2671.0	0.0
730	2626.3333333333335	0.0
740	2923.6666666666665	0.0
750	2639.6666666666665	0.0
760	2852.5	0.0
770	2689.5	0.0
780	2545.6666666666665	0.0
790	2506.3333333333335	0.0
800	2481.0	0.0
810	2468.0	0.0
820	2515.0	0.0
830	2466.3333333333335	0.0
840	2342.0	0.0
850	2500.1666666666665	0.0
860	2479.3333333333335	0.0
870	2424.1666666666665	0.0
880	2565.0	0.0
890	2703.3333333333335	0.0
900	2425.3333333333335	0.0
910	1921.3333333333333	0.0
920	2091.0	0.0
930	2925.0	0.0
940	2030.8333333333333	0.0
950	2979.0	0.0
960	2421.0	0.0
970	2157.0	0.0
980	2545.6666666666665	0.0
990	2441.8333333333335	0.0
1000	2482.6666666666665	0.0
