0	243.33333333333334	0.0	0.0
10	1682.8333333333333	584.0	9512.0
20	2010.8333333333333	124.0	7770.0
30	2003.6666666666667	69.0	8039.0
40	1995.3333333333333	213.0	8240.0
50	1949.6666666666667	10.0	7087.0
60	2002.8333333333333	0.0	6250.0
70	2200.6666666666665	0.0	6473.0
80	2227.5	0.0	11174.0
90	2208.3333333333335	0.0	10268.0
100	2245.1666666666665	0.0	6229.0
110	1892.5	0.0	8463.0
120	2158.8333333333335	0.0	10144.0
130	2261.8333333333335	0.0	6910.0
140	2217.5	0.0	10323.0
150	2048.0	0.0	9291.0
160	2246.5	0.0	6717.0
170	2179.3333333333335	0.0	10199.0
180	2076.5	0.0	8688.0
190	2127.0	0.0	9771.0
200	2302.6666666666665	0.0	8558.0
210	2384.6666666666665	0.0	6996.0
220	2369.3333333333335	0.0	10842.0
230	2348.3333333333335	0.0	5969.0
240	2422.6666666666665	0.0	9923.0
250	2120.3333333333335	0.0	8810.0
260	2338.5	0.0	6630.0
270	2249.3333333333335	0.0	12557.0
280	2377.3333333333335	0.0	9523.0
290	2566.0	0.0	8624.0
300	2628.3333333333335	0.0	6937.0
310	2577.0	0.0	7789.0
320	2363.8333333333335	0.0	11413.0
330	2305.8333333333335	0.0	8938.0
340	2409.1666666666665	0.0	6215.0
350	2724.6666666666665	0.0	10865.0
360	2552.6666666666665	0.0	5429.0
370	2286.8333333333335	0.0	6583.0
380	2229.0	0.0	9193.0
390	2757.5	0.0	11289.0
400	2328.5	0.0	9431.0
410	2595.5	0.0	7880.0
420	2384.0	0.0	7255.0
430	2647.6666666666665	0.0	5959.0
440	2774.3333333333335	0.0	9062.0
450	2554.6666666666665	0.0	11101.0
460	2427.8333333333335	0.0	8664.0
470	2518.5	0.0	8669.0
480	2561.6666666666665	0.0	8777.0
490	2778.8333333333335	0.0	9561.0
500	2388.8333333333335	0.0	10046.0
510	2452.0	0.0	9600.0
520	2702.3333333333335	0.0	12014.0
530	2689.3333333333335	0.0	8632.0
540	2177.5	0.0	10519.0
550	2305.6666666666665	0.0	9598.0
560	2771.8333333333335	0.0	7845.0
570	2894.3333333333335	0.0	8599.0
580	2614.8333333333335	0.0	7788.0
590	2872.3333333333335	0.0	9308.0
600	2679.6666666666665	0.0	10590.0
610	2680.8333333333335	0.0	7880.0
620	2914.8333333333335	0.0	9415.0
630	2764.3333333333335	0.0	9657.0
640	2894.3333333333335	0.0	10468.0
650	2724.0	0.0	8432.0
660	2776.1666666666665	0.0	9698.0
670	2894.1666666666665	0.0	8796.0
680	2652.1666666666665	0.0	10368.0
690	2711.3333333333335	0.0	11946.0
700	2749.8333333333335	0.0	11891.0
710	2805.0	0.0	8978.0
720	2698.3333333333335	0.0	9218.0
730	2925.6666666666665	0.0	8292.0
740	2874.0	0.0	8735.0
750	2705.1666666666665	0.0	7921.0
760	2746.6666666666665	0.0	12763.0
770	2741.3333333333335	0.0	10884.0
780	2774.5	0.0	7347.0
790	2764.8333333333335	0.0	12310.0
800	2747.1666666666665	0.0	13193.0
810	2762.3333333333335	0.0	10388.0
820	2906.6666666666665	0.0	11494.0
830	2695.5	0.0	9138.0
840	2676.3333333333335	0.0	9750.0
850	2767.6666666666665	0.0	12581.0
860	2690.1666666666665	0.0	8278.0
870	2683.8333333333335	0.0	9867.0
880	2873.0	0.0	7733.0
890	3043.6666666666665	0.0	8557.0
900	3027.3333333333335	0.0	8749.0
910	3018.3333333333335	0.0	10197.0
920	2859.6666666666665	0.0	12627.0
930	2831.3333333333335	0.0	11638.0
940	2969.5	0.0	9824.0
950	2918.1666666666665	0.0	7791.0
960	3204.1666666666665	0.0	12139.0
970	3166.6666666666665	0.0	9842.0
980	2886.8333333333335	0.0	9022.0
990	2695.8333333333335	0.0	10631.0
1000	3023.8333333333335	0.0	7404.0
