0	230.66666666666666	0.0
10	1848.3333333333333	131.0
20	2254.3333333333335	139.0
30	2217.0	101.0
40	2184.8333333333335	149.0
50	2466.1666666666665	102.0
60	2636.6666666666665	102.0
70	2541.8333333333335	82.0
80	2280.0	97.0
90	2711.6666666666665	97.0
100	2605.5	0.0
110	2509.1666666666665	0.0
120	2716.5	0.0
130	2796.5	0.0
140	2542.1666666666665	0.0
150	2248.8333333333335	0.0
160	2327.3333333333335	0.0
170	2759.5	0.0
180	2707.6666666666665	0.0
190	2377.3333333333335	0.0
200	2854.5	0.0
210	2420.1666666666665	0.0
220	2327.8333333333335	0.0
230	2386.1666666666665	0.0
240	3029.8333333333335	0.0
250	3177.3333333333335	0.0
260	3199.3333333333335	0.0
270	2663.6666666666665	0.0
280	3172.6666666666665	0.0
290	2440.0	0.0
300	2998.5	0.0
310	2517.5	0.0
320	2841.5	0.0
330	2955.1666666666665	0.0
340	3294.8333333333335	0.0
350	3070.8333333333335	0.0
360	3458.0	0.0
370	3379.1666666666665	0.0
380	3635.3333333333335	0.0
390	3584.1666666666665	0.0
400	3134.6666666666665	0.0
410	3112.5	0.0
420	3565.6666666666665	0.0
430	3013.1666666666665	0.0
440	3074.3333333333335	0.0
450	3299.5	0.0
460	3322.6666666666665	0.0
470	3839.0	0.0
480	3451.6666666666665	0.0
490	3897.0	0.0
500	3454.3333333333335	0.0
510	3402.6666666666665	0.0
520	3636.3333333333335	0.0
530	3698.8333333333335	0.0
540	3333.3333333333335	0.0
550	3800.8333333333335	0.0
560	3694.3333333333335	0.0
570	3698.6666666666665	0.0
580	3549.6666666666665	0.0
590	3854.1666666666665	0.0
600	3375.1666666666665	0.0
610	3490.0	0.0
620	3294.8333333333335	0.0
630	3966.0	0.0
640	3195.8333333333335	0.0
650	3310.3333333333335	0.0
660	3721.8333333333335	0.0
670	3385.6666666666665	0.0
680	3778.1666666666665	0.0
690	3825.6666666666665	0.0
700	3891.6666666666665	0.0
710	3404.6666666666665	0.0
720	3712.3333333333335	0.0
730	3648.1666666666665	0.0
740	3953.8333333333335	0.0
750	3799.5	0.0
760	3262.3333333333335	0.0
770	3376.0	0.0
780	3968.6666666666665	0.0
790	3918.5	0.0
800	3824.0	0.0
810	3227.0	0.0
820	3997.6666666666665	0.0
830	3786.0	0.0
840	3795.5	0.0
850	3841.1666666666665	0.0
860	3699.0	0.0
870	3871.6666666666665	0.0
880	3823.1666666666665	0.0
890	3726.1666666666665	0.0
900	3971.1666666666665	0.0
910	3772.0	0.0
920	3319.8333333333335	0.0
930	3895.8333333333335	0.0
940	3654.1666666666665	0.0
950	3213.0	0.0
960	3707.3333333333335	0.0
970	3737.5	0.0
980	3850.8333333333335	0.0
990	3860.6666666666665	0.0
1000	3579.6666666666665	0.0
