0	249.66666666666666	0.0
10	2027.0	97.0
20	2154.6666666666665	147.0
30	2185.3333333333335	184.0
40	1979.1666666666667	172.0
50	2284.3333333333335	70.0
60	2670.8333333333335	138.0
70	2406.6666666666665	139.0
80	2963.6666666666665	53.0
90	2172.8333333333335	0.0
100	2077.8333333333335	0.0
110	2634.3333333333335	0.0
120	2480.8333333333335	0.0
130	2508.3333333333335	0.0
140	2984.6666666666665	0.0
150	2948.1666666666665	0.0
160	2477.1666666666665	0.0
170	2899.1666666666665	0.0
180	2701.8333333333335	0.0
190	2715.0	0.0
200	2709.5	0.0
210	2904.5	0.0
220	2949.3333333333335	0.0
230	2233.1666666666665	0.0
240	2770.8333333333335	0.0
250	2510.3333333333335	0.0
260	2626.0	0.0
270	2698.0	0.0
280	3078.6666666666665	0.0
290	2844.6666666666665	0.0
300	2456.8333333333335	0.0
310	3000.8333333333335	0.0
320	3223.5	0.0
330	3224.0	0.0
340	3060.3333333333335	0.0
350	2984.0	0.0
360	3442.8333333333335	0.0
370	2939.5	0.0
380	3364.5	0.0
390	3479.0	0.0
400	3186.3333333333335	0.0
410	3493.3333333333335	0.0
420	3010.3333333333335	0.0
430	3349.1666666666665	0.0
440	3882.1666666666665	0.0
450	3100.6666666666665	0.0
460	3460.5	0.0
470	3536.3333333333335	0.0
480	3397.6666666666665	0.0
490	3303.3333333333335	0.0
500	3707.1666666666665	0.0
510	3687.0	0.0
520	3586.8333333333335	0.0
530	3897.8333333333335	0.0
540	2963.3333333333335	0.0
550	3959.5	0.0
560	3669.6666666666665	0.0
570	3718.0	0.0
580	3546.8333333333335	0.0
590	3999.8333333333335	0.0
600	3984.3333333333335	0.0
610	3551.5	0.0
620	3727.0	0.0
630	3259.6666666666665	0.0
640	2746.0	0.0
650	3470.8333333333335	0.0
660	3687.3333333333335	0.0
670	3241.8333333333335	0.0
680	3565.5	0.0
690	3632.0	0.0
700	3632.3333333333335	0.0
710	3698.6666666666665	0.0
720	3827.8333333333335	0.0
730	3407.6666666666665	0.0
740	3904.0	0.0
750	3733.0	0.0
760	3722.6666666666665	0.0
770	3943.1666666666665	0.0
780	3710.0	0.0
790	3675.8333333333335	0.0
800	3856.0	0.0
810	3764.6666666666665	0.0
820	3737.0	0.0
830	3883.6666666666665	0.0
840	3665.3333333333335	0.0
850	4085.5	0.0
860	3908.5	0.0
870	3659.3333333333335	0.0
880	3695.0	0.0
890	3928.1666666666665	0.0
900	3902.6666666666665	0.0
910	4056.3333333333335	0.0
920	3714.1666666666665	0.0
930	3898.5	0.0
940	3855.1666666666665	0.0
950	3894.8333333333335	0.0
960	3841.0	0.0
970	3950.6666666666665	0.0
980	3473.1666666666665	0.0
990	3736.1666666666665	0.0
1000	3363.3333333333335	0.0
