0	243.33333333333334	0.0
10	2101.8333333333335	97.0
20	1998.8333333333333	150.0
30	1946.3333333333333	99.0
40	2206.1666666666665	128.0
50	2296.5	114.0
60	2424.8333333333335	106.0
70	2509.5	162.0
80	2814.6666666666665	142.0
90	2470.8333333333335	2.0
100	2681.5	0.0
110	2539.0	0.0
120	2560.3333333333335	0.0
130	2676.8333333333335	0.0
140	2734.3333333333335	0.0
150	2694.8333333333335	0.0
160	2901.6666666666665	0.0
170	2636.0	0.0
180	2571.1666666666665	0.0
190	2643.5	0.0
200	2818.0	0.0
210	2601.0	0.0
220	2642.8333333333335	0.0
230	2389.5	0.0
240	2857.5	0.0
250	2793.1666666666665	0.0
260	2648.6666666666665	0.0
270	2442.5	0.0
280	2529.8333333333335	0.0
290	2887.6666666666665	0.0
300	2807.3333333333335	0.0
310	2995.1666666666665	0.0
320	2831.5	0.0
330	2963.6666666666665	0.0
340	2844.1666666666665	0.0
350	2766.0	0.0
360	3507.5	0.0
370	3483.1666666666665	0.0
380	3178.8333333333335	0.0
390	2549.6666666666665	0.0
400	3390.8333333333335	0.0
410	3635.3333333333335	0.0
420	3371.3333333333335	0.0
430	3562.5	0.0
440	3319.8333333333335	0.0
450	3279.3333333333335	0.0
460	3547.5	0.0
470	2847.8333333333335	0.0
480	3392.6666666666665	0.0
490	3367.3333333333335	0.0
500	3088.6666666666665	0.0
510	3220.3333333333335	0.0
520	3289.0	0.0
530	3137.6666666666665	0.0
540	3050.8333333333335	0.0
550	3029.1666666666665	0.0
560	3618.8333333333335	0.0
570	3329.1666666666665	0.0
580	3436.1666666666665	0.0
590	3177.3333333333335	0.0
600	3982.5	0.0
610	3564.1666666666665	0.0
620	3151.3333333333335	0.0
630	3447.8333333333335	0.0
640	3380.1666666666665	0.0
650	3527.3333333333335	0.0
660	3788.0	0.0
670	3718.6666666666665	0.0
680	3464.3333333333335	0.0
690	3865.6666666666665	0.0
700	3768.5	0.0
710	3697.3333333333335	0.0
720	4274.666666666667	0.0
730	3496.0	0.0
740	3700.5	0.0
750	3669.0	0.0
760	3891.1666666666665	0.0
770	3881.0	0.0
780	3870.5	0.0
790	3498.3333333333335	0.0
800	3364.6666666666665	0.0
810	3694.0	0.0
820	3486.5	0.0
830	3661.5	0.0
840	3704.1666666666665	0.0
850	3859.0	0.0
860	3871.6666666666665	0.0
870	3443.3333333333335	0.0
880	3763.1666666666665	0.0
890	3635.6666666666665	0.0
900	4028.0	0.0
910	3798.1666666666665	0.0
920	3577.8333333333335	0.0
930	3640.0	0.0
940	3849.8333333333335	0.0
950	3427.8333333333335	0.0
960	3855.3333333333335	0.0
970	3881.6666666666665	0.0
980	3916.5	0.0
990	3798.8333333333335	0.0
1000	4230.333333333333	0.0
