0	242.0	0.0	0.0
10	1936.1666666666667	126.0	9322.0
20	2102.6666666666665	132.0	13181.0
30	1890.1666666666667	187.0	13004.0
40	2162.5	156.0	12202.0
50	2082.3333333333335	86.0	11248.0
60	1941.1666666666667	53.0	8822.0
70	2056.6666666666665	49.0	13318.0
80	2332.5	71.0	11726.0
90	2309.1666666666665	138.0	11497.0
100	2410.8333333333335	2.0	8410.0
110	2514.0	0.0	9040.0
120	2513.6666666666665	0.0	8597.0
130	2442.8333333333335	0.0	11543.0
140	2602.3333333333335	0.0	7585.0
150	2200.5	0.0	7441.0
160	2447.0	0.0	9261.0
170	2521.5	0.0	7829.0
180	2530.5	0.0	10237.0
190	2711.1666666666665	0.0	9793.0
200	2596.6666666666665	0.0	9786.0
210	2946.3333333333335	0.0	12002.0
220	2548.3333333333335	0.0	9566.0
230	2770.6666666666665	0.0	10507.0
240	2656.8333333333335	0.0	11184.0
250	2467.6666666666665	0.0	8212.0
260	2537.0	0.0	10200.0
270	2759.3333333333335	0.0	9932.0
280	2747.3333333333335	0.0	8880.0
290	2782.3333333333335	0.0	6818.0
300	2803.0	0.0	8777.0
310	2871.6666666666665	0.0	7416.0
320	2721.1666666666665	0.0	6700.0
330	2734.0	0.0	9514.0
340	3092.1666666666665	0.0	10035.0
350	2491.5	0.0	8913.0
360	2992.8333333333335	0.0	8287.0
370	2752.1666666666665	0.0	9247.0
380	2480.5	0.0	8629.0
390	2826.3333333333335	0.0	11221.0
400	2916.8333333333335	0.0	6872.0
410	2681.6666666666665	0.0	7842.0
420	2573.6666666666665	0.0	10245.0
430	2782.8333333333335	0.0	10284.0
440	3050.6666666666665	0.0	8225.0
450	3009.5	0.0	8091.0
460	2971.1666666666665	0.0	10887.0
470	2794.1666666666665	0.0	12570.0
480	3126.3333333333335	0.0	12247.0
490	2879.3333333333335	0.0	11897.0
500	3002.0	0.0	9389.0
510	3214.0	0.0	11616.0
520	2797.0	0.0	9025.0
530	3026.5	0.0	10736.0
540	2800.6666666666665	0.0	11788.0
550	2921.0	0.0	13091.0
560	2958.0	0.0	10496.0
570	2865.1666666666665	0.0	10357.0
580	2945.6666666666665	0.0	9029.0
590	2961.1666666666665	0.0	9391.0
600	2780.8333333333335	0.0	11511.0
610	2945.5	0.0	11260.0
620	2890.0	0.0	6532.0
630	2688.3333333333335	0.0	12934.0
640	3105.6666666666665	0.0	10042.0
650	3310.0	0.0	9408.0
660	3182.8333333333335	0.0	9331.0
670	2944.6666666666665	0.0	11820.0
680	3165.1666666666665	0.0	10933.0
690	3065.8333333333335	0.0	11043.0
700	3192.8333333333335	0.0	9487.0
710	2964.3333333333335	0.0	11570.0
720	2931.5	0.0	7516.0
730	3117.3333333333335	0.0	8679.0
740	3405.3333333333335	0.0	7769.0
750	2967.3333333333335	0.0	9680.0
760	3281.5	0.0	12030.0
770	3296.5	0.0	9337.0
780	3159.3333333333335	0.0	8953.0
790	2933.8333333333335	0.0	8405.0
800	3472.6666666666665	0.0	13425.0
810	3112.1666666666665	0.0	10556.0
820	3127.6666666666665	0.0	10837.0
830	3459.3333333333335	0.0	11481.0
840	3370.5	0.0	11667.0
850	3167.5	0.0	6522.0
860	3290.6666666666665	0.0	13148.0
870	3407.3333333333335	0.0	11839.0
880	3393.8333333333335	0.0	10720.0
890	3415.3333333333335	0.0	11378.0
900	3156.6666666666665	0.0	7882.0
910	3371.0	0.0	11013.0
920	3109.3333333333335	0.0	9571.0
930	3362.6666666666665	0.0	10093.0
940	2851.8333333333335	0.0	13089.0
950	3240.6666666666665	0.0	8599.0
960	3559.8333333333335	0.0	11254.0
970	3461.8333333333335	0.0	10086.0
980	3824.5	0.0	10829.0
990	3341.1666666666665	0.0	11798.0
1000	3627.8333333333335	0.0	11463.0
