0	266.0	0.0	0.0
10	1985.3333333333333	103.0	9530.0
20	1749.8333333333333	100.0	10440.0
30	1750.8333333333333	19.0	7581.0
40	2114.8333333333335	93.0	9439.0
50	1917.5	72.0	10859.0
60	2214.8333333333335	82.0	11418.0
70	2203.6666666666665	62.0	10880.0
80	2123.8333333333335	96.0	13203.0
90	2152.3333333333335	37.0	6227.0
100	2202.0	89.0	14315.0
110	2689.3333333333335	94.0	11458.0
120	2341.3333333333335	70.0	12380.0
130	2515.3333333333335	81.0	12874.0
140	2245.6666666666665	2.0	8829.0
150	2531.3333333333335	0.0	7865.0
160	2203.3333333333335	0.0	11103.0
170	2431.8333333333335	0.0	8215.0
180	2764.5	0.0	14318.0
190	2597.3333333333335	0.0	7731.0
200	2618.8333333333335	0.0	10477.0
210	2659.6666666666665	0.0	9538.0
220	2619.0	0.0	10260.0
230	2343.3333333333335	0.0	7011.0
240	2582.0	0.0	9433.0
250	2740.5	0.0	10130.0
260	2683.0	0.0	7890.0
270	2641.8333333333335	0.0	11145.0
280	2553.6666666666665	0.0	7009.0
290	2654.1666666666665	0.0	7581.0
300	2593.5	0.0	9942.0
310	2913.5	0.0	10250.0
320	2924.0	0.0	7938.0
330	2917.8333333333335	0.0	9526.0
340	2904.0	0.0	7965.0
350	2867.3333333333335	0.0	10812.0
360	2806.1666666666665	0.0	9572.0
370	2842.5	0.0	8477.0
380	2803.5	0.0	8259.0
390	2851.3333333333335	0.0	8873.0
400	2608.0	0.0	7354.0
410	2719.1666666666665	0.0	7268.0
420	2925.6666666666665	0.0	6497.0
430	2761.8333333333335	0.0	10650.0
440	2744.8333333333335	0.0	6549.0
450	2755.6666666666665	0.0	10001.0
460	2898.8333333333335	0.0	8605.0
470	2875.1666666666665	0.0	8882.0
480	2450.6666666666665	0.0	10961.0
490	2488.0	0.0	8619.0
500	2955.6666666666665	0.0	10474.0
510	2691.5	0.0	5338.0
520	2995.6666666666665	0.0	7106.0
530	2934.0	0.0	7195.0
540	2929.0	0.0	8329.0
550	2640.5	0.0	10148.0
560	2830.5	0.0	10939.0
570	2880.0	0.0	8987.0
580	2913.3333333333335	0.0	9088.0
590	2942.5	0.0	12039.0
600	2819.6666666666665	0.0	10677.0
610	2857.6666666666665	0.0	10841.0
620	2866.0	0.0	10453.0
630	3070.6666666666665	0.0	11318.0
640	3192.5	0.0	10852.0
650	2973.8333333333335	0.0	14284.0
660	3018.0	0.0	10522.0
670	3169.1666666666665	0.0	9302.0
680	3000.3333333333335	0.0	10062.0
690	2970.3333333333335	0.0	9808.0
700	3129.0	0.0	12584.0
710	2959.5	0.0	8128.0
720	3078.8333333333335	0.0	11193.0
730	3174.1666666666665	0.0	10085.0
740	3078.1666666666665	0.0	9929.0
750	2920.6666666666665	0.0	12269.0
760	3191.8333333333335	0.0	8320.0
770	2921.8333333333335	0.0	13755.0
780	2986.1666666666665	0.0	9652.0
790	2846.5	0.0	10264.0
800	3116.1666666666665	0.0	8432.0
810	3201.6666666666665	0.0	9790.0
820	3079.6666666666665	0.0	7836.0
830	2996.3333333333335	0.0	10408.0
840	3098.5	0.0	10557.0
850	3111.5	0.0	9178.0
860	3073.0	0.0	9317.0
870	3251.6666666666665	0.0	12490.0
880	3244.8333333333335	0.0	13143.0
890	3091.0	0.0	10576.0
900	3146.1666666666665	0.0	9320.0
910	2952.6666666666665	0.0	9139.0
920	3353.5	0.0	11280.0
930	3336.3333333333335	0.0	13210.0
940	3139.8333333333335	0.0	12637.0
950	3306.0	0.0	10679.0
960	3222.0	0.0	11028.0
970	3495.8333333333335	0.0	12739.0
980	3404.8333333333335	0.0	7937.0
990	3176.8333333333335	0.0	12494.0
1000	3773.0	0.0	10488.0
