0	257.53333333333336	0.0
10	1956.322222222222	714.9666666666667
20	1976.1666666666665	284.0
30	2042.0833333333342	1.0333333333333334
40	2069.6555555555556	0.0
50	2060.7444444444436	0.0
60	2059.644444444444	0.0
70	2079.105555555556	0.0
80	2088.744444444444	0.0
90	2113.6055555555554	0.0
100	2129.9499999999994	0.0
110	2105.038888888889	0.0
120	2156.2888888888892	0.0
130	2157.2944444444443	0.0
140	2163.3944444444446	0.0
150	2227.088888888889	0.0
160	2199.994444444445	0.0
170	2247.822222222222	0.0
180	2254.7388888888886	0.0
190	2280.894444444444	0.0
200	2274.9111111111115	0.0
210	2261.683333333333	0.0
220	2320.6777777777775	0.0
230	2284.6499999999996	0.0
240	2371.3944444444437	0.0
250	2407.927777777778	0.0
260	2393.4499999999994	0.0
270	2388.005555555555	0.0
280	2365.994444444445	0.0
290	2420.488888888888	0.0
300	2436.655555555555	0.0
310	2446.9666666666667	0.0
320	2453.116666666667	0.0
330	2477.7222222222217	0.0
340	2476.588888888889	0.0
350	2472.9611111111108	0.0
360	2490.0333333333338	0.0
370	2483.3444444444444	0.0
380	2541.622222222222	0.0
390	2498.7944444444447	0.0
400	2602.6722222222224	0.0
410	2543.4166666666665	0.0
420	2589.327777777778	0.0
430	2562.166666666667	0.0
440	2588.1166666666663	0.0
450	2637.5611111111116	0.0
460	2582.1388888888887	0.0
470	2638.7055555555553	0.0
480	2649.8166666666666	0.0
490	2604.3888888888887	0.0
500	2658.0722222222225	0.0
510	2639.7222222222217	0.0
520	2643.072222222223	0.0
530	2614.461111111111	0.0
540	2669.055555555555	0.0
550	2698.0722222222225	0.0
560	2681.9944444444454	0.0
570	2679.7944444444443	0.0
580	2695.1944444444434	0.0
590	2688.066666666667	0.0
600	2731.2499999999995	0.0
610	2734.333333333334	0.0
620	2702.083333333333	0.0
630	2737.816666666667	0.0
640	2763.327777777778	0.0
650	2761.616666666667	0.0
660	2734.755555555556	0.0
670	2743.1277777777773	0.0
680	2783.183333333333	0.0
690	2732.883333333333	0.0
700	2808.244444444445	0.0
710	2762.0944444444444	0.0
720	2765.211111111112	0.0
730	2763.911111111112	0.0
740	2808.9888888888886	0.0
750	2817.6333333333337	0.0
760	2806.9166666666665	0.0
770	2834.8888888888882	0.0
780	2830.6444444444446	0.0
790	2867.066666666667	0.0
800	2827.733333333333	0.0
810	2895.2055555555557	0.0
820	2871.883333333333	0.0
830	2833.6333333333337	0.0
840	2857.7555555555564	0.0
850	2847.9166666666665	0.0
860	2827.0111111111105	0.0
870	2873.4388888888884	0.0
880	2906.8111111111116	0.0
890	2912.222222222222	0.0
900	2909.0611111111116	0.0
910	2903.3722222222223	0.0
920	2941.044444444444	0.0
930	2959.6388888888882	0.0
940	2948.0444444444447	0.0
950	2940.961111111111	0.0
960	2948.2222222222217	0.0
970	2926.527777777777	0.0
980	2983.172222222222	0.0
990	2992.6444444444446	0.0
1000	2989.9388888888884	0.0
