0	286.0	0.0
10	1831.8333333333333	865.0
20	1961.1666666666667	135.0
30	2037.8333333333333	0.0
40	2067.6666666666665	0.0
50	2139.0	0.0
60	2196.6666666666665	0.0
70	2198.0	0.0
80	2068.5	0.0
90	2139.5	0.0
100	2124.0	0.0
110	2134.3333333333335	0.0
120	2197.3333333333335	0.0
130	2362.3333333333335	0.0
140	2228.0	0.0
150	2280.8333333333335	0.0
160	2175.1666666666665	0.0
170	2406.8333333333335	0.0
180	2203.6666666666665	0.0
190	2175.3333333333335	0.0
200	2344.0	0.0
210	2234.1666666666665	0.0
220	2391.3333333333335	0.0
230	2320.6666666666665	0.0
240	2691.0	0.0
250	2496.8333333333335	0.0
260	2446.6666666666665	0.0
270	2515.0	0.0
280	2536.1666666666665	0.0
290	2521.6666666666665	0.0
300	2574.5	0.0
310	2525.8333333333335	0.0
320	2442.0	0.0
330	2514.8333333333335	0.0
340	2469.5	0.0
350	2455.1666666666665	0.0
360	2536.8333333333335	0.0
370	2659.6666666666665	0.0
380	2492.1666666666665	0.0
390	2683.8333333333335	0.0
400	2628.6666666666665	0.0
410	2665.1666666666665	0.0
420	2694.1666666666665	0.0
430	2360.8333333333335	0.0
440	2679.6666666666665	0.0
450	2760.0	0.0
460	2748.0	0.0
470	2417.8333333333335	0.0
480	2730.0	0.0
490	2513.3333333333335	0.0
500	2743.6666666666665	0.0
510	2717.0	0.0
520	2721.8333333333335	0.0
530	2571.1666666666665	0.0
540	2616.5	0.0
550	2726.8333333333335	0.0
560	2418.8333333333335	0.0
570	2660.5	0.0
580	2585.6666666666665	0.0
590	2594.8333333333335	0.0
600	2709.5	0.0
610	2516.6666666666665	0.0
620	2541.5	0.0
630	2654.8333333333335	0.0
640	2548.5	0.0
650	2637.3333333333335	0.0
660	2816.3333333333335	0.0
670	2793.5	0.0
680	2766.6666666666665	0.0
690	2718.6666666666665	0.0
700	2796.1666666666665	0.0
710	2624.8333333333335	0.0
720	2560.6666666666665	0.0
730	2461.3333333333335	0.0
740	2793.5	0.0
750	2625.3333333333335	0.0
760	2905.8333333333335	0.0
770	2470.1666666666665	0.0
780	2935.0	0.0
790	2725.0	0.0
800	2819.0	0.0
810	2868.6666666666665	0.0
820	2547.0	0.0
830	2937.1666666666665	0.0
840	2874.0	0.0
850	2946.0	0.0
860	2681.0	0.0
870	2601.0	0.0
880	2974.6666666666665	0.0
890	2646.5	0.0
900	2800.3333333333335	0.0
910	2868.1666666666665	0.0
920	2916.0	0.0
930	3028.0	0.0
940	2653.0	0.0
950	3011.8333333333335	0.0
960	2944.8333333333335	0.0
970	2628.0	0.0
980	2757.5	0.0
990	2900.5	0.0
1000	2680.0	0.0
