0	239.66666666666666	0.0
10	1991.0	656.0
20	2052.6666666666665	344.0
30	1914.1666666666667	0.0
40	2148.6666666666665	0.0
50	1896.0	0.0
60	2072.5	0.0
70	2026.6666666666667	0.0
80	2022.0	0.0
90	1965.1666666666667	0.0
100	2051.0	0.0
110	2072.3333333333335	0.0
120	2192.3333333333335	0.0
130	2219.0	0.0
140	2356.8333333333335	0.0
150	2247.0	0.0
160	2097.3333333333335	0.0
170	2317.0	0.0
180	2130.1666666666665	0.0
190	2421.3333333333335	0.0
200	2427.3333333333335	0.0
210	2442.5	0.0
220	2334.6666666666665	0.0
230	2182.8333333333335	0.0
240	2545.0	0.0
250	2499.6666666666665	0.0
260	2437.5	0.0
270	2426.0	0.0
280	2428.5	0.0
290	2525.1666666666665	0.0
300	2521.3333333333335	0.0
310	2494.8333333333335	0.0
320	2567.5	0.0
330	2554.5	0.0
340	2486.1666666666665	0.0
350	2459.3333333333335	0.0
360	2687.8333333333335	0.0
370	2730.5	0.0
380	2795.3333333333335	0.0
390	2583.3333333333335	0.0
400	2890.6666666666665	0.0
410	2483.3333333333335	0.0
420	2881.3333333333335	0.0
430	2816.8333333333335	0.0
440	2762.1666666666665	0.0
450	2783.3333333333335	0.0
460	2792.0	0.0
470	2435.5	0.0
480	2694.1666666666665	0.0
490	2674.6666666666665	0.0
500	2627.3333333333335	0.0
510	2772.5	0.0
520	2825.3333333333335	0.0
530	2599.5	0.0
540	2558.5	0.0
550	2878.8333333333335	0.0
560	2844.0	0.0
570	2406.3333333333335	0.0
580	2996.6666666666665	0.0
590	2941.8333333333335	0.0
600	2887.1666666666665	0.0
610	2502.3333333333335	0.0
620	2765.1666666666665	0.0
630	2747.5	0.0
640	2650.1666666666665	0.0
650	2907.1666666666665	0.0
660	2855.8333333333335	0.0
670	2545.1666666666665	0.0
680	2883.3333333333335	0.0
690	2952.5	0.0
700	3059.0	0.0
710	3019.0	0.0
720	2815.3333333333335	0.0
730	2784.1666666666665	0.0
740	2399.1666666666665	0.0
750	2980.8333333333335	0.0
760	2790.8333333333335	0.0
770	2990.0	0.0
780	2929.6666666666665	0.0
790	3111.6666666666665	0.0
800	2908.5	0.0
810	3202.8333333333335	0.0
820	3073.6666666666665	0.0
830	3011.5	0.0
840	2964.6666666666665	0.0
850	3046.6666666666665	0.0
860	2970.8333333333335	0.0
870	2916.0	0.0
880	3168.1666666666665	0.0
890	3189.0	0.0
900	3234.6666666666665	0.0
910	3080.1666666666665	0.0
920	3060.0	0.0
930	3032.3333333333335	0.0
940	3156.6666666666665	0.0
950	3154.6666666666665	0.0
960	3000.3333333333335	0.0
970	3135.8333333333335	0.0
980	2991.8333333333335	0.0
990	3114.6666666666665	0.0
1000	3255.3333333333335	0.0
