0	254.66666666666666	0.0	0.0
10	1996.3333333333333	19.0	10488.0
20	1941.0	28.0	9587.0
30	1905.6666666666667	32.0	8044.0
40	2197.3333333333335	17.0	10162.0
50	1940.0	10.0	6229.0
60	2185.5	34.0	9704.0
70	2305.8333333333335	38.0	11721.0
80	2307.3333333333335	26.0	11216.0
90	2192.1666666666665	31.0	7467.0
100	2189.6666666666665	14.0	8899.0
110	2052.6666666666665	53.0	10438.0
120	2377.1666666666665	21.0	12952.0
130	2302.0	43.0	9832.0
140	2409.8333333333335	19.0	8152.0
150	2383.3333333333335	7.0	7679.0
160	2435.6666666666665	37.0	11189.0
170	2438.5	12.0	9147.0
180	2277.5	48.0	11868.0
190	2303.8333333333335	20.0	10909.0
200	2253.0	16.0	9888.0
210	2674.6666666666665	18.0	9495.0
220	2225.0	23.0	11519.0
230	2585.8333333333335	16.0	9628.0
240	2721.8333333333335	22.0	13111.0
250	2558.1666666666665	39.0	10543.0
260	2649.3333333333335	16.0	9758.0
270	2423.0	36.0	11048.0
280	2700.0	35.0	10268.0
290	2565.3333333333335	26.0	7099.0
300	2790.5	16.0	8617.0
310	2560.8333333333335	17.0	12339.0
320	2355.5	20.0	9233.0
330	2587.0	21.0	8088.0
340	2839.1666666666665	6.0	7340.0
350	2676.3333333333335	65.0	11890.0
360	2674.0	49.0	9790.0
370	2748.3333333333335	30.0	10624.0
380	2676.0	20.0	12186.0
390	2992.5	0.0	7629.0
400	2840.6666666666665	0.0	7065.0
410	2702.0	0.0	8778.0
420	2645.3333333333335	0.0	9496.0
430	2947.8333333333335	0.0	7526.0
440	2465.0	0.0	5519.0
450	2743.0	0.0	9856.0
460	2935.3333333333335	0.0	10229.0
470	2767.5	0.0	8657.0
480	2772.1666666666665	0.0	9246.0
490	2706.5	0.0	8696.0
500	2747.8333333333335	0.0	8865.0
510	2894.8333333333335	0.0	9960.0
520	2658.5	0.0	6777.0
530	2956.8333333333335	0.0	12822.0
540	2812.6666666666665	0.0	7649.0
550	2745.0	0.0	9850.0
560	2984.8333333333335	0.0	7165.0
570	2823.3333333333335	0.0	9237.0
580	2773.3333333333335	0.0	9071.0
590	2981.1666666666665	0.0	7948.0
600	2572.6666666666665	0.0	8813.0
610	2903.3333333333335	0.0	11214.0
620	2878.1666666666665	0.0	12425.0
630	2944.5	0.0	6352.0
640	3068.0	0.0	10951.0
650	2920.6666666666665	0.0	9920.0
660	3074.0	0.0	10225.0
670	3009.6666666666665	0.0	10666.0
680	3078.6666666666665	0.0	9055.0
690	2731.3333333333335	0.0	11226.0
700	3085.3333333333335	0.0	11485.0
710	2798.6666666666665	0.0	9222.0
720	3320.5	0.0	12079.0
730	2855.0	0.0	10680.0
740	2868.3333333333335	0.0	8376.0
750	2811.3333333333335	0.0	9223.0
760	2998.6666666666665	0.0	9596.0
770	2942.3333333333335	0.0	10106.0
780	3226.8333333333335	0.0	11709.0
790	3115.8333333333335	0.0	12456.0
800	3047.0	0.0	12186.0
810	3051.6666666666665	0.0	8849.0
820	3061.8333333333335	0.0	8289.0
830	2783.5	0.0	8404.0
840	3176.5	0.0	8197.0
850	3039.0	0.0	10415.0
860	3031.3333333333335	0.0	10266.0
870	2793.8333333333335	0.0	11680.0
880	3285.3333333333335	0.0	7246.0
890	2876.5	0.0	9820.0
900	3267.6666666666665	0.0	10003.0
910	3286.5	0.0	10770.0
920	3250.1666666666665	0.0	10210.0
930	3006.3333333333335	0.0	8614.0
940	3083.6666666666665	0.0	8096.0
950	3126.5	0.0	6966.0
960	3164.3333333333335	0.0	13669.0
970	3135.1666666666665	0.0	10283.0
980	3249.1666666666665	0.0	9314.0
990	3416.1666666666665	0.0	12886.0
1000	3210.5	0.0	7510.0
