0	273.3333333333333	0.0	0.0
10	1783.8333333333333	38.0	10254.0
20	1809.1666666666667	14.0	9822.0
30	1908.3333333333333	26.0	9993.0
40	2235.8333333333335	22.0	9160.0
50	2061.1666666666665	14.0	9140.0
60	2117.6666666666665	24.0	10824.0
70	2221.3333333333335	22.0	8677.0
80	2230.0	19.0	10487.0
90	2231.6666666666665	13.0	11458.0
100	2250.8333333333335	31.0	11895.0
110	2075.6666666666665	9.0	7437.0
120	2383.0	14.0	9462.0
130	2156.1666666666665	20.0	8497.0
140	2315.3333333333335	14.0	9746.0
150	2190.0	14.0	7152.0
160	2244.3333333333335	31.0	13394.0
170	2459.0	27.0	9642.0
180	2649.6666666666665	22.0	8942.0
190	2233.3333333333335	13.0	9062.0
200	2432.5	37.0	13503.0
210	2499.3333333333335	21.0	9280.0
220	2239.8333333333335	14.0	8884.0
230	2561.8333333333335	9.0	9198.0
240	2482.0	11.0	6649.0
250	2520.3333333333335	27.0	9975.0
260	2514.3333333333335	19.0	8009.0
270	2156.0	16.0	8422.0
280	2422.3333333333335	41.0	10484.0
290	2652.5	21.0	8658.0
300	2596.5	16.0	8838.0
310	2479.3333333333335	14.0	9563.0
320	2435.6666666666665	16.0	9445.0
330	2538.0	10.0	7031.0
340	2481.6666666666665	11.0	10429.0
350	2615.3333333333335	33.0	10083.0
360	2657.6666666666665	11.0	9144.0
370	2575.1666666666665	18.0	11263.0
380	2858.1666666666665	16.0	10834.0
390	2645.0	19.0	9866.0
400	2971.3333333333335	11.0	8653.0
410	2952.5	29.0	11326.0
420	2831.1666666666665	10.0	10642.0
430	2828.1666666666665	18.0	11530.0
440	2734.6666666666665	18.0	10678.0
450	2904.5	13.0	9674.0
460	2802.5	12.0	8601.0
470	2850.5	24.0	11196.0
480	2833.0	19.0	10132.0
490	2880.0	21.0	9441.0
500	2896.3333333333335	14.0	11294.0
510	2646.0	26.0	12697.0
520	3002.1666666666665	13.0	10077.0
530	2746.3333333333335	5.0	12261.0
540	2726.0	0.0	9118.0
550	2830.1666666666665	0.0	6738.0
560	2850.6666666666665	0.0	11881.0
570	3162.8333333333335	0.0	7641.0
580	2583.1666666666665	0.0	9121.0
590	3122.6666666666665	0.0	10349.0
600	2905.6666666666665	0.0	11330.0
610	2817.1666666666665	0.0	11119.0
620	2751.6666666666665	0.0	10288.0
630	2840.3333333333335	0.0	9147.0
640	2978.0	0.0	10756.0
650	2908.8333333333335	0.0	8225.0
660	3070.0	0.0	9970.0
670	2969.5	0.0	9193.0
680	3043.3333333333335	0.0	7354.0
690	2939.1666666666665	0.0	11743.0
700	3163.8333333333335	0.0	10362.0
710	3129.5	0.0	10872.0
720	2839.5	0.0	8993.0
730	3085.1666666666665	0.0	11476.0
740	3146.0	0.0	13209.0
750	3266.5	0.0	6932.0
760	2951.6666666666665	0.0	8528.0
770	2814.0	0.0	10080.0
780	2921.3333333333335	0.0	8352.0
790	2853.3333333333335	0.0	10059.0
800	3025.1666666666665	0.0	11822.0
810	3183.0	0.0	12081.0
820	2795.3333333333335	0.0	8671.0
830	3206.1666666666665	0.0	7833.0
840	3125.6666666666665	0.0	8045.0
850	2959.8333333333335	0.0	8125.0
860	3130.3333333333335	0.0	9024.0
870	3106.3333333333335	0.0	10013.0
880	3050.0	0.0	12988.0
890	3364.8333333333335	0.0	8975.0
900	3108.6666666666665	0.0	10243.0
910	3209.5	0.0	12481.0
920	2894.1666666666665	0.0	7878.0
930	3044.0	0.0	9669.0
940	3109.0	0.0	12188.0
950	2865.5	0.0	10305.0
960	3218.6666666666665	0.0	8898.0
970	3195.0	0.0	9758.0
980	3421.6666666666665	0.0	12761.0
990	3019.3333333333335	0.0	10435.0
1000	3310.5	0.0	11249.0
