0	274.6666666666667	0.0	0.0	0.0	0.0	0.0	0.0
10	70.0	1000.0	1389.0	774.0	506.0	271.0	494.0
20	70.0	0.0	0.0	0.0	0.0	0.0	0.0
30	70.0	0.0	0.0	0.0	0.0	0.0	0.0
40	70.0	0.0	0.0	0.0	0.0	0.0	0.0
50	70.0	0.0	0.0	0.0	0.0	0.0	0.0
60	70.0	0.0	0.0	0.0	0.0	0.0	0.0
70	70.0	0.0	0.0	0.0	0.0	0.0	0.0
80	70.0	0.0	0.0	0.0	0.0	0.0	0.0
90	70.0	0.0	0.0	0.0	0.0	0.0	0.0
100	70.0	0.0	0.0	0.0	0.0	0.0	0.0
110	70.0	0.0	0.0	0.0	0.0	0.0	0.0
120	70.0	0.0	0.0	0.0	0.0	0.0	0.0
130	70.0	0.0	0.0	0.0	0.0	0.0	0.0
140	70.66666666666667	0.0	0.0	0.0	0.0	0.0	0.0
150	70.33333333333333	0.0	0.0	0.0	0.0	0.0	0.0
160	71.0	0.0	0.0	0.0	0.0	0.0	0.0
170	70.66666666666667	0.0	0.0	0.0	0.0	0.0	0.0
180	71.66666666666667	0.0	0.0	0.0	0.0	0.0	0.0
190	71.66666666666667	0.0	0.0	0.0	0.0	0.0	0.0
200	72.0	0.0	0.0	0.0	0.0	0.0	0.0
210	78.0	0.0	0.0	0.0	0.0	0.0	0.0
220	242.33333333333334	0.0	0.0	0.0	0.0	0.0	0.0
230	237.0	0.0	0.0	0.0	0.0	0.0	0.0
240	236.66666666666666	0.0	0.0	0.0	0.0	0.0	0.0
250	246.66666666666666	0.0	0.0	0.0	0.0	0.0	0.0
260	417.3333333333333	0.0	0.0	0.0	0.0	0.0	0.0
270	197.66666666666666	0.0	0.0	0.0	0.0	0.0	0.0
280	322.3333333333333	0.0	0.0	0.0	0.0	0.0	0.0
290	298.6666666666667	0.0	0.0	0.0	0.0	0.0	0.0
300	171.33333333333334	0.0	0.0	0.0	0.0	0.0	0.0
310	193.33333333333334	0.0	0.0	0.0	0.0	0.0	0.0
320	178.66666666666666	0.0	0.0	0.0	0.0	0.0	0.0
330	179.0	0.0	0.0	0.0	0.0	0.0	0.0
340	230.33333333333334	0.0	0.0	0.0	0.0	0.0	0.0
350	552.3333333333334	0.0	0.0	0.0	0.0	0.0	0.0
360	570.3333333333334	0.0	0.0	0.0	0.0	0.0	0.0
370	617.3333333333334	0.0	0.0	0.0	0.0	0.0	0.0
380	852.3333333333334	0.0	0.0	0.0	0.0	0.0	0.0
390	951.6666666666666	0.0	0.0	0.0	0.0	0.0	0.0
400	1021.3333333333334	0.0	0.0	0.0	0.0	0.0	0.0
410	1051.3333333333333	0.0	0.0	0.0	0.0	0.0	0.0
420	808.3333333333334	0.0	0.0	0.0	0.0	0.0	0.0
430	937.3333333333334	0.0	0.0	0.0	0.0	0.0	0.0
440	1433.0	0.0	0.0	0.0	0.0	0.0	0.0
450	2156.5	0.0	0.0	0.0	0.0	0.0	0.0
460	1786.3333333333333	0.0	0.0	0.0	0.0	0.0	0.0
470	1944.0	0.0	0.0	0.0	0.0	0.0	0.0
480	1935.6666666666667	0.0	0.0	0.0	0.0	0.0	0.0
490	1922.6666666666667	0.0	0.0	0.0	0.0	0.0	0.0
500	2069.1666666666665	0.0	0.0	0.0	0.0	0.0	0.0
510	2011.6666666666667	0.0	0.0	0.0	0.0	0.0	0.0
520	2135.8333333333335	0.0	0.0	0.0	0.0	0.0	0.0
530	2365.6666666666665	0.0	0.0	0.0	0.0	0.0	0.0
540	2329.3333333333335	0.0	0.0	0.0	0.0	0.0	0.0
550	2346.1666666666665	0.0	0.0	0.0	0.0	0.0	0.0
560	2263.6666666666665	0.0	0.0	0.0	0.0	0.0	0.0
570	2245.3333333333335	0.0	0.0	0.0	0.0	0.0	0.0
580	2232.3333333333335	0.0	0.0	0.0	0.0	0.0	0.0
590	2278.3333333333335	0.0	0.0	0.0	0.0	0.0	0.0
600	2312.3333333333335	0.0	0.0	0.0	0.0	0.0	0.0
610	2203.5	0.0	0.0	0.0	0.0	0.0	0.0
620	2669.0	0.0	0.0	0.0	0.0	0.0	0.0
630	2703.8333333333335	0.0	0.0	0.0	0.0	0.0	0.0
640	2536.3333333333335	0.0	0.0	0.0	0.0	0.0	0.0
650	2267.6666666666665	0.0	0.0	0.0	0.0	0.0	0.0
660	2630.0	0.0	0.0	0.0	0.0	0.0	0.0
670	2372.3333333333335	0.0	0.0	0.0	0.0	0.0	0.0
680	2467.0	0.0	0.0	0.0	0.0	0.0	0.0
690	2366.0	0.0	0.0	0.0	0.0	0.0	0.0
700	2398.1666666666665	0.0	0.0	0.0	0.0	0.0	0.0
710	2458.0	0.0	0.0	0.0	0.0	0.0	0.0
720	2465.5	0.0	0.0	0.0	0.0	0.0	0.0
730	2533.3333333333335	0.0	0.0	0.0	0.0	0.0	0.0
740	2553.1666666666665	0.0	0.0	0.0	0.0	0.0	0.0
750	2591.3333333333335	0.0	0.0	0.0	0.0	0.0	0.0
760	2672.6666666666665	0.0	0.0	0.0	0.0	0.0	0.0
770	2464.3333333333335	0.0	0.0	0.0	0.0	0.0	0.0
780	2550.3333333333335	0.0	0.0	0.0	0.0	0.0	0.0
790	2407.5	0.0	0.0	0.0	0.0	0.0	0.0
800	2444.1666666666665	0.0	0.0	0.0	0.0	0.0	0.0
810	2480.3333333333335	0.0	0.0	0.0	0.0	0.0	0.0
820	2533.8333333333335	0.0	0.0	0.0	0.0	0.0	0.0
830	2648.6666666666665	0.0	0.0	0.0	0.0	0.0	0.0
840	2725.0	0.0	0.0	0.0	0.0	0.0	0.0
850	2423.0	0.0	0.0	0.0	0.0	0.0	0.0
860	2462.6666666666665	0.0	0.0	0.0	0.0	0.0	0.0
870	2379.6666666666665	0.0	0.0	0.0	0.0	0.0	0.0
880	2539.0	0.0	0.0	0.0	0.0	0.0	0.0
890	2641.8333333333335	0.0	0.0	0.0	0.0	0.0	0.0
900	2100.3333333333335	0.0	0.0	0.0	0.0	0.0	0.0
910	2156.0	0.0	0.0	0.0	0.0	0.0	0.0
920	2461.1666666666665	0.0	0.0	0.0	0.0	0.0	0.0
930	2283.0	0.0	0.0	0.0	0.0	0.0	0.0
940	2679.6666666666665	0.0	0.0	0.0	0.0	0.0	0.0
950	2366.0	0.0	0.0	0.0	0.0	0.0	0.0
960	2533.5	0.0	0.0	0.0	0.0	0.0	0.0
970	2745.1666666666665	0.0	0.0	0.0	0.0	0.0	0.0
980	2666.6666666666665	0.0	0.0	0.0	0.0	0.0	0.0
990	2682.0	0.0	0.0	0.0	0.0	0.0	0.0
1000	1954.0	0.0	0.0	0.0	0.0	0.0	0.0
