0	277.6666666666667	0.0	0.0	0.0	0.0	0.0	0.0
10	70.0	1000.0	1578.0	569.0	606.0	169.0	394.0
20	70.0	0.0	0.0	0.0	0.0	0.0	0.0
30	70.0	0.0	0.0	0.0	0.0	0.0	0.0
40	70.0	0.0	0.0	0.0	0.0	0.0	0.0
50	70.0	0.0	0.0	0.0	0.0	0.0	0.0
60	70.0	0.0	0.0	0.0	0.0	0.0	0.0
70	70.0	0.0	0.0	0.0	0.0	0.0	0.0
80	70.0	0.0	0.0	0.0	0.0	0.0	0.0
90	70.0	0.0	0.0	0.0	0.0	0.0	0.0
100	70.0	0.0	0.0	0.0	0.0	0.0	0.0
110	70.0	0.0	0.0	0.0	0.0	0.0	0.0
120	70.0	0.0	0.0	0.0	0.0	0.0	0.0
130	70.0	0.0	0.0	0.0	0.0	0.0	0.0
140	70.66666666666667	0.0	0.0	0.0	0.0	0.0	0.0
150	70.66666666666667	0.0	0.0	0.0	0.0	0.0	0.0
160	73.0	0.0	0.0	0.0	0.0	0.0	0.0
170	72.66666666666667	0.0	0.0	0.0	0.0	0.0	0.0
180	70.0	0.0	0.0	0.0	0.0	0.0	0.0
190	94.0	0.0	0.0	0.0	0.0	0.0	0.0
200	85.66666666666667	0.0	0.0	0.0	0.0	0.0	0.0
210	174.0	0.0	0.0	0.0	0.0	0.0	0.0
220	367.0	0.0	0.0	0.0	0.0	0.0	0.0
230	333.0	0.0	0.0	0.0	0.0	0.0	0.0
240	404.0	0.0	0.0	0.0	0.0	0.0	0.0
250	321.3333333333333	0.0	0.0	0.0	0.0	0.0	0.0
260	196.0	0.0	0.0	0.0	0.0	0.0	0.0
270	175.33333333333334	0.0	0.0	0.0	0.0	0.0	0.0
280	130.0	0.0	0.0	0.0	0.0	0.0	0.0
290	177.0	0.0	0.0	0.0	0.0	0.0	0.0
300	164.66666666666666	0.0	0.0	0.0	0.0	0.0	0.0
310	130.0	0.0	0.0	0.0	0.0	0.0	0.0
320	131.0	0.0	0.0	0.0	0.0	0.0	0.0
330	244.66666666666666	0.0	0.0	0.0	0.0	0.0	0.0
340	478.3333333333333	0.0	0.0	0.0	0.0	0.0	0.0
350	686.3333333333334	0.0	0.0	0.0	0.0	0.0	0.0
360	674.3333333333334	0.0	0.0	0.0	0.0	0.0	0.0
370	473.6666666666667	0.0	0.0	0.0	0.0	0.0	0.0
380	878.3333333333334	0.0	0.0	0.0	0.0	0.0	0.0
390	1076.6666666666667	0.0	0.0	0.0	0.0	0.0	0.0
400	1115.0	0.0	0.0	0.0	0.0	0.0	0.0
410	1359.0	0.0	0.0	0.0	0.0	0.0	0.0
420	1703.3333333333333	0.0	0.0	0.0	0.0	0.0	0.0
430	1842.0	0.0	0.0	0.0	0.0	0.0	0.0
440	1885.6666666666667	0.0	0.0	0.0	0.0	0.0	0.0
450	1316.0	0.0	0.0	0.0	0.0	0.0	0.0
460	1234.3333333333333	0.0	0.0	0.0	0.0	0.0	0.0
470	1627.3333333333333	0.0	0.0	0.0	0.0	0.0	0.0
480	1711.3333333333333	0.0	0.0	0.0	0.0	0.0	0.0
490	2110.6666666666665	0.0	0.0	0.0	0.0	0.0	0.0
500	2178.3333333333335	0.0	0.0	0.0	0.0	0.0	0.0
510	2229.3333333333335	0.0	0.0	0.0	0.0	0.0	0.0
520	2508.3333333333335	0.0	0.0	0.0	0.0	0.0	0.0
530	2362.0	0.0	0.0	0.0	0.0	0.0	0.0
540	2065.8333333333335	0.0	0.0	0.0	0.0	0.0	0.0
550	2492.0	0.0	0.0	0.0	0.0	0.0	0.0
560	2246.0	0.0	0.0	0.0	0.0	0.0	0.0
570	2393.6666666666665	0.0	0.0	0.0	0.0	0.0	0.0
580	2454.3333333333335	0.0	0.0	0.0	0.0	0.0	0.0
590	2342.1666666666665	0.0	0.0	0.0	0.0	0.0	0.0
600	2428.0	0.0	0.0	0.0	0.0	0.0	0.0
610	2650.6666666666665	0.0	0.0	0.0	0.0	0.0	0.0
620	2449.3333333333335	0.0	0.0	0.0	0.0	0.0	0.0
630	2488.1666666666665	0.0	0.0	0.0	0.0	0.0	0.0
640	2776.3333333333335	0.0	0.0	0.0	0.0	0.0	0.0
650	2757.8333333333335	0.0	0.0	0.0	0.0	0.0	0.0
660	2656.0	0.0	0.0	0.0	0.0	0.0	0.0
670	2490.6666666666665	0.0	0.0	0.0	0.0	0.0	0.0
680	2609.3333333333335	0.0	0.0	0.0	0.0	0.0	0.0
690	2595.3333333333335	0.0	0.0	0.0	0.0	0.0	0.0
700	2605.6666666666665	0.0	0.0	0.0	0.0	0.0	0.0
710	2594.3333333333335	0.0	0.0	0.0	0.0	0.0	0.0
720	2527.5	0.0	0.0	0.0	0.0	0.0	0.0
730	2438.0	0.0	0.0	0.0	0.0	0.0	0.0
740	2478.3333333333335	0.0	0.0	0.0	0.0	0.0	0.0
750	2565.3333333333335	0.0	0.0	0.0	0.0	0.0	0.0
760	2529.0	0.0	0.0	0.0	0.0	0.0	0.0
770	2547.6666666666665	0.0	0.0	0.0	0.0	0.0	0.0
780	2295.0	0.0	0.0	0.0	0.0	0.0	0.0
790	2602.6666666666665	0.0	0.0	0.0	0.0	0.0	0.0
800	2485.1666666666665	0.0	0.0	0.0	0.0	0.0	0.0
810	2694.3333333333335	0.0	0.0	0.0	0.0	0.0	0.0
820	2599.6666666666665	0.0	0.0	0.0	0.0	0.0	0.0
830	2525.3333333333335	0.0	0.0	0.0	0.0	0.0	0.0
840	2540.6666666666665	0.0	0.0	0.0	0.0	0.0	0.0
850	2584.3333333333335	0.0	0.0	0.0	0.0	0.0	0.0
860	2514.3333333333335	0.0	0.0	0.0	0.0	0.0	0.0
870	2367.0	0.0	0.0	0.0	0.0	0.0	0.0
880	2475.0	0.0	0.0	0.0	0.0	0.0	0.0
890	2418.0	0.0	0.0	0.0	0.0	0.0	0.0
900	2538.6666666666665	0.0	0.0	0.0	0.0	0.0	0.0
910	2552.6666666666665	0.0	0.0	0.0	0.0	0.0	0.0
920	2614.3333333333335	0.0	0.0	0.0	0.0	0.0	0.0
930	2691.3333333333335	0.0	0.0	0.0	0.0	0.0	0.0
940	2571.3333333333335	0.0	0.0	0.0	0.0	0.0	0.0
950	2451.6666666666665	0.0	0.0	0.0	0.0	0.0	0.0
960	2413.0	0.0	0.0	0.0	0.0	0.0	0.0
970	2544.0	0.0	0.0	0.0	0.0	0.0	0.0
980	2631.6666666666665	0.0	0.0	0.0	0.0	0.0	0.0
990	2640.8333333333335	0.0	0.0	0.0	0.0	0.0	0.0
1000	2113.0	0.0	0.0	0.0	0.0	0.0	0.0
