0	275.3333333333333	0.0	0.0	0.0	0.0	0.0	0.0
10	70.0	1000.0	2370.0	870.0	497.0	360.0	503.0
20	70.0	0.0	0.0	0.0	0.0	0.0	0.0
30	70.0	0.0	0.0	0.0	0.0	0.0	0.0
40	70.0	0.0	0.0	0.0	0.0	0.0	0.0
50	70.0	0.0	0.0	0.0	0.0	0.0	0.0
60	70.0	0.0	0.0	0.0	0.0	0.0	0.0
70	70.0	0.0	0.0	0.0	0.0	0.0	0.0
80	70.0	0.0	0.0	0.0	0.0	0.0	0.0
90	70.0	0.0	0.0	0.0	0.0	0.0	0.0
100	70.0	0.0	0.0	0.0	0.0	0.0	0.0
110	70.0	0.0	0.0	0.0	0.0	0.0	0.0
120	70.0	0.0	0.0	0.0	0.0	0.0	0.0
130	70.66666666666667	0.0	0.0	0.0	0.0	0.0	0.0
140	73.33333333333333	0.0	0.0	0.0	0.0	0.0	0.0
150	122.66666666666667	0.0	0.0	0.0	0.0	0.0	0.0
160	70.66666666666667	0.0	0.0	0.0	0.0	0.0	0.0
170	74.66666666666667	0.0	0.0	0.0	0.0	0.0	0.0
180	356.3333333333333	0.0	0.0	0.0	0.0	0.0	0.0
190	1121.3333333333333	0.0	0.0	0.0	0.0	0.0	0.0
200	818.0	0.0	0.0	0.0	0.0	0.0	0.0
210	1199.0	0.0	0.0	0.0	0.0	0.0	0.0
220	1140.6666666666667	0.0	0.0	0.0	0.0	0.0	0.0
230	857.6666666666666	0.0	0.0	0.0	0.0	0.0	0.0
240	1197.6666666666667	0.0	0.0	0.0	0.0	0.0	0.0
250	1120.3333333333333	0.0	0.0	0.0	0.0	0.0	0.0
260	1137.6666666666667	0.0	0.0	0.0	0.0	0.0	0.0
270	1136.0	0.0	0.0	0.0	0.0	0.0	0.0
280	1860.3333333333333	0.0	0.0	0.0	0.0	0.0	0.0
290	1671.0	0.0	0.0	0.0	0.0	0.0	0.0
300	1574.6666666666667	0.0	0.0	0.0	0.0	0.0	0.0
310	1223.6666666666667	0.0	0.0	0.0	0.0	0.0	0.0
320	1929.0	0.0	0.0	0.0	0.0	0.0	0.0
330	2117.1666666666665	0.0	0.0	0.0	0.0	0.0	0.0
340	1830.0	0.0	0.0	0.0	0.0	0.0	0.0
350	2139.6666666666665	0.0	0.0	0.0	0.0	0.0	0.0
360	2354.6666666666665	0.0	0.0	0.0	0.0	0.0	0.0
370	2012.3333333333333	0.0	0.0	0.0	0.0	0.0	0.0
380	2082.3333333333335	0.0	0.0	0.0	0.0	0.0	0.0
390	2120.0	0.0	0.0	0.0	0.0	0.0	0.0
400	2311.6666666666665	0.0	0.0	0.0	0.0	0.0	0.0
410	2058.6666666666665	0.0	0.0	0.0	0.0	0.0	0.0
420	2183.0	0.0	0.0	0.0	0.0	0.0	0.0
430	2223.3333333333335	0.0	0.0	0.0	0.0	0.0	0.0
440	2436.3333333333335	0.0	0.0	0.0	0.0	0.0	0.0
450	2301.6666666666665	0.0	0.0	0.0	0.0	0.0	0.0
460	2317.0	0.0	0.0	0.0	0.0	0.0	0.0
470	2398.3333333333335	0.0	0.0	0.0	0.0	0.0	0.0
480	2611.0	0.0	0.0	0.0	0.0	0.0	0.0
490	2644.0	0.0	0.0	0.0	0.0	0.0	0.0
500	2607.5	0.0	0.0	0.0	0.0	0.0	0.0
510	2393.6666666666665	0.0	0.0	0.0	0.0	0.0	0.0
520	2561.0	0.0	0.0	0.0	0.0	0.0	0.0
530	2512.5	0.0	0.0	0.0	0.0	0.0	0.0
540	2684.6666666666665	0.0	0.0	0.0	0.0	0.0	0.0
550	2422.6666666666665	0.0	0.0	0.0	0.0	0.0	0.0
560	2797.3333333333335	0.0	0.0	0.0	0.0	0.0	0.0
570	2642.3333333333335	0.0	0.0	0.0	0.0	0.0	0.0
580	2419.5	0.0	0.0	0.0	0.0	0.0	0.0
590	2368.1666666666665	0.0	0.0	0.0	0.0	0.0	0.0
600	2607.3333333333335	0.0	0.0	0.0	0.0	0.0	0.0
610	2503.0	0.0	0.0	0.0	0.0	0.0	0.0
620	2650.3333333333335	0.0	0.0	0.0	0.0	0.0	0.0
630	2368.3333333333335	0.0	0.0	0.0	0.0	0.0	0.0
640	2424.5	0.0	0.0	0.0	0.0	0.0	0.0
650	2538.6666666666665	0.0	0.0	0.0	0.0	0.0	0.0
660	2533.8333333333335	0.0	0.0	0.0	0.0	0.0	0.0
670	2728.0	0.0	0.0	0.0	0.0	0.0	0.0
680	2568.6666666666665	0.0	0.0	0.0	0.0	0.0	0.0
690	2452.3333333333335	0.0	0.0	0.0	0.0	0.0	0.0
700	2469.8333333333335	0.0	0.0	0.0	0.0	0.0	0.0
710	2453.5	0.0	0.0	0.0	0.0	0.0	0.0
720	2602.1666666666665	0.0	0.0	0.0	0.0	0.0	0.0
730	2380.8333333333335	0.0	0.0	0.0	0.0	0.0	0.0
740	2512.3333333333335	0.0	0.0	0.0	0.0	0.0	0.0
750	2351.6666666666665	0.0	0.0	0.0	0.0	0.0	0.0
760	2827.3333333333335	0.0	0.0	0.0	0.0	0.0	0.0
770	2552.6666666666665	0.0	0.0	0.0	0.0	0.0	0.0
780	2735.0	0.0	0.0	0.0	0.0	0.0	0.0
790	2485.5	0.0	0.0	0.0	0.0	0.0	0.0
800	2629.3333333333335	0.0	0.0	0.0	0.0	0.0	0.0
810	2324.6666666666665	0.0	0.0	0.0	0.0	0.0	0.0
820	2619.3333333333335	0.0	0.0	0.0	0.0	0.0	0.0
830	2473.1666666666665	0.0	0.0	0.0	0.0	0.0	0.0
840	2594.0	0.0	0.0	0.0	0.0	0.0	0.0
850	2439.6666666666665	0.0	0.0	0.0	0.0	0.0	0.0
860	2410.0	0.0	0.0	0.0	0.0	0.0	0.0
870	2481.6666666666665	0.0	0.0	0.0	0.0	0.0	0.0
880	2614.8333333333335	0.0	0.0	0.0	0.0	0.0	0.0
890	2502.6666666666665	0.0	0.0	0.0	0.0	0.0	0.0
900	2331.6666666666665	0.0	0.0	0.0	0.0	0.0	0.0
910	2506.5	0.0	0.0	0.0	0.0	0.0	0.0
920	2568.3333333333335	0.0	0.0	0.0	0.0	0.0	0.0
930	1824.0	0.0	0.0	0.0	0.0	0.0	0.0
940	1687.1666666666667	0.0	0.0	0.0	0.0	0.0	0.0
950	2103.8333333333335	0.0	0.0	0.0	0.0	0.0	0.0
960	1668.6666666666667	0.0	0.0	0.0	0.0	0.0	0.0
970	1224.0	0.0	0.0	0.0	0.0	0.0	0.0
980	1851.8333333333333	0.0	0.0	0.0	0.0	0.0	0.0
990	1681.3333333333333	0.0	0.0	0.0	0.0	0.0	0.0
1000	1973.3333333333333	0.0	0.0	0.0	0.0	0.0	0.0
