0	263.2555555555556	0.0
10	1977.311111111111	1000.0
20	2036.7722222222221	0.0
30	2048.2	0.0
40	2060.188888888889	0.0
50	2084.1277777777777	0.0
60	2068.2277777777776	0.0
70	2097.1111111111113	0.0
80	2076.4444444444443	0.0
90	2114.4999999999995	0.0
100	2107.5000000000005	0.0
110	2134.0611111111107	0.0
120	2162.161111111111	0.0
130	2124.4999999999995	0.0
140	2182.2055555555553	0.0
150	2204.8166666666666	0.0
160	2207.1222222222223	0.0
170	2243.8611111111113	0.0
180	2250.088888888889	0.0
190	2298.161111111111	0.0
200	2305.3166666666666	0.0
210	2284.227777777778	0.0
220	2329.777777777778	0.0
230	2317.805555555555	0.0
240	2322.572222222222	0.0
250	2386.9444444444443	0.0
260	2392.122222222222	0.0
270	2405.6555555555556	0.0
280	2456.0888888888894	0.0
290	2431.727777777777	0.0
300	2440.7166666666667	0.0
310	2471.4833333333327	0.0
320	2448.3611111111113	0.0
330	2471.8722222222223	0.0
340	2519.6277777777777	0.0
350	2519.427777777777	0.0
360	2527.7055555555553	0.0
370	2538.188888888889	0.0
380	2551.3055555555557	0.0
390	2589.4944444444436	0.0
400	2553.3444444444444	0.0
410	2555.7222222222217	0.0
420	2562.7277777777776	0.0
430	2576.777777777778	0.0
440	2597.6500000000005	0.0
450	2648.6888888888884	0.0
460	2638.572222222222	0.0
470	2651.144444444444	0.0
480	2646.0777777777776	0.0
490	2622.1555555555547	0.0
500	2622.8444444444444	0.0
510	2658.4277777777775	0.0
520	2622.1999999999994	0.0
530	2664.8333333333335	0.0
540	2634.0055555555546	0.0
550	2641.288888888889	0.0
560	2698.655555555555	0.0
570	2675.4444444444443	0.0
580	2691.0555555555557	0.0
590	2686.6333333333337	0.0
600	2689.077777777778	0.0
610	2747.0	0.0
620	2646.483333333333	0.0
630	2716.561111111111	0.0
640	2706.7388888888895	0.0
650	2696.855555555556	0.0
660	2727.5888888888885	0.0
670	2734.6666666666665	0.0
680	2755.122222222222	0.0
690	2732.15	0.0
700	2792.7388888888886	0.0
710	2715.1500000000005	0.0
720	2797.477777777778	0.0
730	2789.955555555555	0.0
740	2817.355555555556	0.0
750	2783.7166666666662	0.0
760	2790.166666666666	0.0
770	2843.394444444444	0.0
780	2792.277777777778	0.0
790	2798.4166666666665	0.0
800	2802.3277777777776	0.0
810	2784.833333333333	0.0
820	2813.866666666666	0.0
830	2870.9722222222213	0.0
840	2861.783333333333	0.0
850	2876.6277777777777	0.0
860	2855.0833333333335	0.0
870	2859.383333333333	0.0
880	2870.5333333333333	0.0
890	2894.0333333333333	0.0
900	2888.455555555555	0.0
910	2890.272222222223	0.0
920	2950.5111111111114	0.0
930	2910.161111111111	0.0
940	2915.822222222222	0.0
950	2955.561111111112	0.0
960	2981.444444444445	0.0
970	2983.7999999999997	0.0
980	2965.744444444444	0.0
990	2992.883333333333	0.0
1000	3051.5555555555557	0.0
