0	263.6666666666667	0.0
10	2053.1666666666665	1000.0
20	2111.8333333333335	0.0
30	2087.6666666666665	0.0
40	2054.0	0.0
50	2167.6666666666665	0.0
60	1920.6666666666667	0.0
70	2003.5	0.0
80	2010.3333333333333	0.0
90	2181.5	0.0
100	2160.8333333333335	0.0
110	2155.6666666666665	0.0
120	2190.5	0.0
130	2132.1666666666665	0.0
140	2068.8333333333335	0.0
150	2108.1666666666665	0.0
160	2079.6666666666665	0.0
170	2139.8333333333335	0.0
180	2224.1666666666665	0.0
190	2291.3333333333335	0.0
200	2320.3333333333335	0.0
210	2333.0	0.0
220	2245.0	0.0
230	2367.8333333333335	0.0
240	2280.0	0.0
250	2376.5	0.0
260	2401.1666666666665	0.0
270	2471.1666666666665	0.0
280	2436.6666666666665	0.0
290	2640.1666666666665	0.0
300	2551.3333333333335	0.0
310	2712.3333333333335	0.0
320	2448.0	0.0
330	2483.0	0.0
340	2443.6666666666665	0.0
350	2544.3333333333335	0.0
360	2312.0	0.0
370	2648.6666666666665	0.0
380	2625.1666666666665	0.0
390	2385.6666666666665	0.0
400	2519.0	0.0
410	2467.5	0.0
420	2416.0	0.0
430	2479.5	0.0
440	2637.5	0.0
450	2805.1666666666665	0.0
460	2950.6666666666665	0.0
470	2685.5	0.0
480	2685.1666666666665	0.0
490	2322.8333333333335	0.0
500	2629.1666666666665	0.0
510	2688.1666666666665	0.0
520	2456.0	0.0
530	2416.8333333333335	0.0
540	2599.0	0.0
550	2785.0	0.0
560	2801.1666666666665	0.0
570	3052.3333333333335	0.0
580	2679.1666666666665	0.0
590	2821.3333333333335	0.0
600	2914.3333333333335	0.0
610	2995.0	0.0
620	2709.5	0.0
630	2827.0	0.0
640	2954.8333333333335	0.0
650	2814.5	0.0
660	2795.5	0.0
670	2923.3333333333335	0.0
680	2761.5	0.0
690	2793.1666666666665	0.0
700	2454.6666666666665	0.0
710	2593.6666666666665	0.0
720	2843.6666666666665	0.0
730	2858.6666666666665	0.0
740	2559.8333333333335	0.0
750	2804.0	0.0
760	2861.1666666666665	0.0
770	2914.3333333333335	0.0
780	2843.1666666666665	0.0
790	2892.8333333333335	0.0
800	2945.1666666666665	0.0
810	2745.1666666666665	0.0
820	2631.0	0.0
830	2908.0	0.0
840	2869.5	0.0
850	2553.3333333333335	0.0
860	2869.6666666666665	0.0
870	2858.0	0.0
880	2623.1666666666665	0.0
890	2827.5	0.0
900	2899.0	0.0
910	2562.0	0.0
920	3096.6666666666665	0.0
930	2802.3333333333335	0.0
940	2908.3333333333335	0.0
950	3221.8333333333335	0.0
960	2787.8333333333335	0.0
970	3126.3333333333335	0.0
980	2956.8333333333335	0.0
990	2948.8333333333335	0.0
1000	3025.8333333333335	0.0
