0	264.02222222222224	0.0
10	1998.9333333333334	95.06666666666666
20	1968.5333333333335	95.7
30	1976.077777777778	89.3
40	2017.15	113.06666666666666
50	2045.6277777777775	102.8
60	2074.9222222222224	100.5
70	2120.922222222222	88.0
80	2189.9333333333334	93.7
90	2168.1222222222223	79.66666666666667
100	2245.2722222222224	54.8
110	2278.6666666666665	40.9
120	2352.388888888889	27.933333333333334
130	2362.3388888888894	13.533333333333333
140	2440.6277777777777	4.966666666666667
150	2403.2777777777783	0.06666666666666667
160	2440.8222222222225	0.0
170	2459.966666666667	0.0
180	2520.2388888888895	0.0
190	2534.444444444445	0.0
200	2513.5833333333335	0.0
210	2536.5444444444447	0.0
220	2587.9222222222224	0.0
230	2576.5500000000006	0.0
240	2582.0222222222224	0.0
250	2601.0722222222225	0.0
260	2621.4388888888893	0.0
270	2649.5222222222224	0.0
280	2617.611111111111	0.0
290	2647.194444444445	0.0
300	2666.961111111111	0.0
310	2687.2944444444443	0.0
320	2689.2166666666667	0.0
330	2666.55	0.0
340	2685.5444444444447	0.0
350	2713.2555555555564	0.0
360	2762.616666666667	0.0
370	2725.1888888888884	0.0
380	2783.8888888888896	0.0
390	2722.2944444444447	0.0
400	2755.1166666666663	0.0
410	2745.4277777777775	0.0
420	2758.4666666666667	0.0
430	2799.6333333333337	0.0
440	2807.1388888888896	0.0
450	2849.594444444444	0.0
460	2807.7888888888897	0.0
470	2829.255555555555	0.0
480	2828.3611111111113	0.0
490	2831.927777777777	0.0
500	2822.9055555555547	0.0
510	2819.450000000001	0.0
520	2817.777777777778	0.0
530	2827.1277777777777	0.0
540	2856.322222222222	0.0
550	2888.466666666667	0.0
560	2858.8000000000006	0.0
570	2894.844444444444	0.0
580	2894.250000000001	0.0
590	2962.177777777778	0.0
600	2932.0999999999995	0.0
610	2919.1277777777773	0.0
620	2936.6333333333328	0.0
630	2953.988888888889	0.0
640	2956.355555555556	0.0
650	2983.594444444445	0.0
660	2945.5833333333335	0.0
670	3016.961111111111	0.0
680	2940.877777777778	0.0
690	2959.0722222222225	0.0
700	2967.3277777777766	0.0
710	3002.5444444444443	0.0
720	3022.5333333333333	0.0
730	3011.549999999999	0.0
740	2964.6222222222223	0.0
750	3040.538888888888	0.0
760	2973.4444444444453	0.0
770	3043.861111111111	0.0
780	3039.694444444445	0.0
790	3064.838888888889	0.0
800	3076.1833333333334	0.0
810	3051.066666666667	0.0
820	3028.133333333333	0.0
830	3094.8611111111104	0.0
840	3147.3888888888887	0.0
850	3134.9499999999994	0.0
860	3070.0222222222224	0.0
870	3106.5944444444444	0.0
880	3119.077777777778	0.0
890	3115.511111111112	0.0
900	3112.5277777777787	0.0
910	3146.8999999999996	0.0
920	3147.316666666667	0.0
930	3153.3722222222223	0.0
940	3195.9777777777767	0.0
950	3188.822222222222	0.0
960	3188.238888888888	0.0
970	3209.566666666667	0.0
980	3254.583333333334	0.0
990	3212.8888888888882	0.0
1000	3204.2277777777776	0.0
