0	298.6666666666667	0.0
10	1885.8333333333333	17.0
20	1617.0	41.0
30	1682.5	89.0
40	1924.5	66.0
50	1882.8333333333333	133.0
60	2116.5	146.0
70	1806.1666666666667	44.0
80	2254.1666666666665	82.0
90	2001.0	115.0
100	1947.3333333333333	65.0
110	2275.5	115.0
120	2037.3333333333333	87.0
130	2341.0	0.0
140	2486.0	0.0
150	2312.0	0.0
160	2597.5	0.0
170	2477.5	0.0
180	2533.0	0.0
190	2756.6666666666665	0.0
200	2269.6666666666665	0.0
210	2503.5	0.0
220	2557.3333333333335	0.0
230	2734.1666666666665	0.0
240	2616.1666666666665	0.0
250	2869.5	0.0
260	2515.6666666666665	0.0
270	2790.3333333333335	0.0
280	2517.3333333333335	0.0
290	2487.6666666666665	0.0
300	2763.3333333333335	0.0
310	2838.1666666666665	0.0
320	2924.3333333333335	0.0
330	2742.0	0.0
340	2236.8333333333335	0.0
350	2982.5	0.0
360	2960.5	0.0
370	2849.3333333333335	0.0
380	2981.1666666666665	0.0
390	2767.3333333333335	0.0
400	2696.5	0.0
410	2880.3333333333335	0.0
420	2813.3333333333335	0.0
430	2629.6666666666665	0.0
440	2609.0	0.0
450	2988.3333333333335	0.0
460	2991.5	0.0
470	2800.5	0.0
480	3133.6666666666665	0.0
490	2959.5	0.0
500	2862.3333333333335	0.0
510	3251.8333333333335	0.0
520	2648.8333333333335	0.0
530	3075.3333333333335	0.0
540	2845.6666666666665	0.0
550	3024.8333333333335	0.0
560	3069.5	0.0
570	3254.3333333333335	0.0
580	3118.3333333333335	0.0
590	3227.3333333333335	0.0
600	2730.3333333333335	0.0
610	2940.3333333333335	0.0
620	2811.3333333333335	0.0
630	3035.8333333333335	0.0
640	2759.0	0.0
650	2984.8333333333335	0.0
660	3099.8333333333335	0.0
670	3103.5	0.0
680	2965.3333333333335	0.0
690	2885.8333333333335	0.0
700	3013.3333333333335	0.0
710	3034.1666666666665	0.0
720	2964.0	0.0
730	3090.1666666666665	0.0
740	3106.0	0.0
750	3145.0	0.0
760	3039.6666666666665	0.0
770	3060.5	0.0
780	2953.1666666666665	0.0
790	3219.6666666666665	0.0
800	3069.5	0.0
810	3017.3333333333335	0.0
820	3059.8333333333335	0.0
830	2923.0	0.0
840	3324.5	0.0
850	3099.6666666666665	0.0
860	3199.8333333333335	0.0
870	3271.1666666666665	0.0
880	2990.0	0.0
890	3345.8333333333335	0.0
900	3073.8333333333335	0.0
910	3182.1666666666665	0.0
920	2991.0	0.0
930	3174.3333333333335	0.0
940	3306.8333333333335	0.0
950	3160.8333333333335	0.0
960	2843.0	0.0
970	2922.6666666666665	0.0
980	3144.0	0.0
990	3310.8333333333335	0.0
1000	3146.6666666666665	0.0
