0	289.0	0.0
10	1919.5	74.0
20	2307.8333333333335	24.0
30	1993.3333333333333	58.0
40	1960.6666666666667	43.0
50	2082.6666666666665	86.0
60	2231.1666666666665	65.0
70	2120.0	154.0
80	2322.3333333333335	55.0
90	2401.8333333333335	55.0
100	2286.3333333333335	93.0
110	2421.3333333333335	64.0
120	2401.0	157.0
130	2313.3333333333335	72.0
140	2582.8333333333335	0.0
150	2353.1666666666665	0.0
160	2506.8333333333335	0.0
170	2652.3333333333335	0.0
180	2558.6666666666665	0.0
190	2484.3333333333335	0.0
200	2505.6666666666665	0.0
210	2540.8333333333335	0.0
220	2454.6666666666665	0.0
230	2689.5	0.0
240	2584.6666666666665	0.0
250	2445.5	0.0
260	2960.1666666666665	0.0
270	2538.3333333333335	0.0
280	2637.5	0.0
290	2666.0	0.0
300	2698.3333333333335	0.0
310	2640.5	0.0
320	2529.6666666666665	0.0
330	2684.1666666666665	0.0
340	2598.3333333333335	0.0
350	2837.3333333333335	0.0
360	2690.1666666666665	0.0
370	2656.1666666666665	0.0
380	2675.6666666666665	0.0
390	2847.6666666666665	0.0
400	2985.6666666666665	0.0
410	2911.0	0.0
420	2820.1666666666665	0.0
430	2858.8333333333335	0.0
440	2972.8333333333335	0.0
450	2732.8333333333335	0.0
460	2704.3333333333335	0.0
470	3124.3333333333335	0.0
480	2695.5	0.0
490	2826.1666666666665	0.0
500	2918.8333333333335	0.0
510	3038.5	0.0
520	2928.3333333333335	0.0
530	2642.1666666666665	0.0
540	2964.3333333333335	0.0
550	2806.5	0.0
560	2811.6666666666665	0.0
570	3003.1666666666665	0.0
580	2962.8333333333335	0.0
590	3013.5	0.0
600	2699.3333333333335	0.0
610	2892.1666666666665	0.0
620	3129.1666666666665	0.0
630	2919.1666666666665	0.0
640	2846.6666666666665	0.0
650	3090.0	0.0
660	2909.0	0.0
670	2849.3333333333335	0.0
680	2889.5	0.0
690	2971.8333333333335	0.0
700	3004.1666666666665	0.0
710	2833.3333333333335	0.0
720	2936.6666666666665	0.0
730	2963.8333333333335	0.0
740	3096.0	0.0
750	3189.1666666666665	0.0
760	3061.0	0.0
770	2936.0	0.0
780	3102.5	0.0
790	3121.1666666666665	0.0
800	3236.5	0.0
810	3038.1666666666665	0.0
820	3101.6666666666665	0.0
830	3314.1666666666665	0.0
840	3288.1666666666665	0.0
850	3335.0	0.0
860	2884.0	0.0
870	2975.1666666666665	0.0
880	3174.3333333333335	0.0
890	3219.5	0.0
900	2935.0	0.0
910	3145.8333333333335	0.0
920	2990.3333333333335	0.0
930	3191.1666666666665	0.0
940	3176.3333333333335	0.0
950	2866.5	0.0
960	2868.8333333333335	0.0
970	3117.5	0.0
980	3331.3333333333335	0.0
990	3258.5	0.0
1000	3177.3333333333335	0.0
