0	258.75555555555553	0.0	0.0	0.0	0.0	0.0	0.0
10	1932.4944444444443	188.53333333333333	501.6	80.9	137.5	25.666666666666668	51.03333333333333
20	1931.1277777777775	195.63333333333333	524.1333333333333	80.8	146.13333333333333	28.833333333333332	49.5
30	1907.4166666666663	193.76666666666668	510.3333333333333	75.93333333333334	144.7	22.566666666666666	49.06666666666667
40	1957.0333333333333	211.03333333333333	555.7333333333333	87.56666666666666	159.63333333333333	30.666666666666668	51.4
50	1979.0888888888887	130.6	356.06666666666666	61.3	90.36666666666666	19.9	40.233333333333334
60	1998.027777777778	66.83333333333333	202.56666666666666	31.433333333333334	47.93333333333333	11.7	18.9
70	2045.3888888888891	12.5	37.1	6.0	8.2	1.6	4.3
80	2147.2999999999997	1.1	5.0	0.3333333333333333	1.0666666666666667	0.3	0.03333333333333333
90	2188.3611111111113	0.0	0.0	0.0	0.0	0.0	0.0
100	2242.6388888888896	0.0	0.0	0.0	0.0	0.0	0.0
110	2211.95	0.0	0.0	0.0	0.0	0.0	0.0
120	2264.472222222222	0.0	0.0	0.0	0.0	0.0	0.0
130	2311.7555555555564	0.0	0.0	0.0	0.0	0.0	0.0
140	2304.938888888889	0.0	0.0	0.0	0.0	0.0	0.0
150	2317.027777777778	0.0	0.0	0.0	0.0	0.0	0.0
160	2343.4666666666667	0.0	0.0	0.0	0.0	0.0	0.0
170	2338.4999999999995	0.0	0.0	0.0	0.0	0.0	0.0
180	2362.6666666666674	0.0	0.0	0.0	0.0	0.0	0.0
190	2369.433333333333	0.0	0.0	0.0	0.0	0.0	0.0
200	2430.316666666666	0.0	0.0	0.0	0.0	0.0	0.0
210	2465.022222222222	0.0	0.0	0.0	0.0	0.0	0.0
220	2431.255555555556	0.0	0.0	0.0	0.0	0.0	0.0
230	2430.705555555555	0.0	0.0	0.0	0.0	0.0	0.0
240	2454.5166666666673	0.0	0.0	0.0	0.0	0.0	0.0
250	2452.755555555556	0.0	0.0	0.0	0.0	0.0	0.0
260	2499.361111111111	0.0	0.0	0.0	0.0	0.0	0.0
270	2532.872222222222	0.0	0.0	0.0	0.0	0.0	0.0
280	2552.9722222222217	0.0	0.0	0.0	0.0	0.0	0.0
290	2555.3555555555554	0.0	0.0	0.0	0.0	0.0	0.0
300	2546.5333333333333	0.0	0.0	0.0	0.0	0.0	0.0
310	2567.5055555555546	0.0	0.0	0.0	0.0	0.0	0.0
320	2589.711111111111	0.0	0.0	0.0	0.0	0.0	0.0
330	2581.983333333333	0.0	0.0	0.0	0.0	0.0	0.0
340	2614.95	0.0	0.0	0.0	0.0	0.0	0.0
350	2603.5277777777783	0.0	0.0	0.0	0.0	0.0	0.0
360	2636.9777777777776	0.0	0.0	0.0	0.0	0.0	0.0
370	2671.7388888888886	0.0	0.0	0.0	0.0	0.0	0.0
380	2620.2166666666667	0.0	0.0	0.0	0.0	0.0	0.0
390	2626.9444444444443	0.0	0.0	0.0	0.0	0.0	0.0
400	2681.8722222222223	0.0	0.0	0.0	0.0	0.0	0.0
410	2672.1777777777775	0.0	0.0	0.0	0.0	0.0	0.0
420	2707.9444444444443	0.0	0.0	0.0	0.0	0.0	0.0
430	2743.316666666666	0.0	0.0	0.0	0.0	0.0	0.0
440	2696.400000000001	0.0	0.0	0.0	0.0	0.0	0.0
450	2701.5277777777783	0.0	0.0	0.0	0.0	0.0	0.0
460	2717.9166666666665	0.0	0.0	0.0	0.0	0.0	0.0
470	2741.2611111111105	0.0	0.0	0.0	0.0	0.0	0.0
480	2716.016666666667	0.0	0.0	0.0	0.0	0.0	0.0
490	2773.5666666666666	0.0	0.0	0.0	0.0	0.0	0.0
500	2726.1722222222224	0.0	0.0	0.0	0.0	0.0	0.0
510	2805.255555555556	0.0	0.0	0.0	0.0	0.0	0.0
520	2850.016666666667	0.0	0.0	0.0	0.0	0.0	0.0
530	2733.3111111111107	0.0	0.0	0.0	0.0	0.0	0.0
540	2765.727777777778	0.0	0.0	0.0	0.0	0.0	0.0
550	2788.3333333333335	0.0	0.0	0.0	0.0	0.0	0.0
560	2825.85	0.0	0.0	0.0	0.0	0.0	0.0
570	2728.0222222222224	0.0	0.0	0.0	0.0	0.0	0.0
580	2793.266666666668	0.0	0.0	0.0	0.0	0.0	0.0
590	2809.005555555556	0.0	0.0	0.0	0.0	0.0	0.0
600	2808.905555555555	0.0	0.0	0.0	0.0	0.0	0.0
610	2832.466666666666	0.0	0.0	0.0	0.0	0.0	0.0
620	2838.338888888889	0.0	0.0	0.0	0.0	0.0	0.0
630	2822.616666666667	0.0	0.0	0.0	0.0	0.0	0.0
640	2853.577777777778	0.0	0.0	0.0	0.0	0.0	0.0
650	2832.416666666667	0.0	0.0	0.0	0.0	0.0	0.0
660	2855.7500000000005	0.0	0.0	0.0	0.0	0.0	0.0
670	2902.244444444445	0.0	0.0	0.0	0.0	0.0	0.0
680	2891.1166666666672	0.0	0.0	0.0	0.0	0.0	0.0
690	2870.688888888889	0.0	0.0	0.0	0.0	0.0	0.0
700	2903.3333333333335	0.0	0.0	0.0	0.0	0.0	0.0
710	2928.4277777777775	0.0	0.0	0.0	0.0	0.0	0.0
720	2884.177777777777	0.0	0.0	0.0	0.0	0.0	0.0
730	2931.1555555555547	0.0	0.0	0.0	0.0	0.0	0.0
740	2919.933333333334	0.0	0.0	0.0	0.0	0.0	0.0
750	2960.977777777778	0.0	0.0	0.0	0.0	0.0	0.0
760	2912.7	0.0	0.0	0.0	0.0	0.0	0.0
770	2944.727777777778	0.0	0.0	0.0	0.0	0.0	0.0
780	2957.238888888889	0.0	0.0	0.0	0.0	0.0	0.0
790	2971.311111111111	0.0	0.0	0.0	0.0	0.0	0.0
800	2942.088888888889	0.0	0.0	0.0	0.0	0.0	0.0
810	3025.0666666666666	0.0	0.0	0.0	0.0	0.0	0.0
820	2976.7055555555557	0.0	0.0	0.0	0.0	0.0	0.0
830	2991.4388888888893	0.0	0.0	0.0	0.0	0.0	0.0
840	2984.277777777778	0.0	0.0	0.0	0.0	0.0	0.0
850	2986.7999999999997	0.0	0.0	0.0	0.0	0.0	0.0
860	3091.333333333333	0.0	0.0	0.0	0.0	0.0	0.0
870	3054.4722222222213	0.0	0.0	0.0	0.0	0.0	0.0
880	2973.572222222222	0.0	0.0	0.0	0.0	0.0	0.0
890	3059.8111111111116	0.0	0.0	0.0	0.0	0.0	0.0
900	3048.4	0.0	0.0	0.0	0.0	0.0	0.0
910	3107.288888888889	0.0	0.0	0.0	0.0	0.0	0.0
920	3088.822222222222	0.0	0.0	0.0	0.0	0.0	0.0
930	3067.7555555555564	0.0	0.0	0.0	0.0	0.0	0.0
940	3078.4444444444443	0.0	0.0	0.0	0.0	0.0	0.0
950	3102.3500000000004	0.0	0.0	0.0	0.0	0.0	0.0
960	3064.3	0.0	0.0	0.0	0.0	0.0	0.0
970	3075.377777777778	0.0	0.0	0.0	0.0	0.0	0.0
980	3088.583333333334	0.0	0.0	0.0	0.0	0.0	0.0
990	3133.494444444445	0.0	0.0	0.0	0.0	0.0	0.0
1000	3104.4222222222224	0.0	0.0	0.0	0.0	0.0	0.0
