0	267.3333333333333	0.0	0.0	0.0	0.0	0.0	0.0
10	1830.8333333333333	220.0	436.0	87.0	162.0	26.0	58.0
20	1936.6666666666667	150.0	581.0	69.0	115.0	32.0	35.0
30	2127.6666666666665	247.0	444.0	136.0	124.0	9.0	123.0
40	2254.3333333333335	171.0	670.0	48.0	162.0	36.0	9.0
50	1930.6666666666667	92.0	165.0	38.0	58.0	4.0	34.0
60	2054.0	120.0	188.0	75.0	58.0	13.0	62.0
70	2212.0	0.0	0.0	0.0	0.0	0.0	0.0
80	2375.5	0.0	0.0	0.0	0.0	0.0	0.0
90	2295.5	0.0	0.0	0.0	0.0	0.0	0.0
100	2229.8333333333335	0.0	0.0	0.0	0.0	0.0	0.0
110	2472.3333333333335	0.0	0.0	0.0	0.0	0.0	0.0
120	2378.5	0.0	0.0	0.0	0.0	0.0	0.0
130	2257.0	0.0	0.0	0.0	0.0	0.0	0.0
140	2232.1666666666665	0.0	0.0	0.0	0.0	0.0	0.0
150	2493.3333333333335	0.0	0.0	0.0	0.0	0.0	0.0
160	2338.3333333333335	0.0	0.0	0.0	0.0	0.0	0.0
170	2352.3333333333335	0.0	0.0	0.0	0.0	0.0	0.0
180	2289.6666666666665	0.0	0.0	0.0	0.0	0.0	0.0
190	2610.8333333333335	0.0	0.0	0.0	0.0	0.0	0.0
200	2301.8333333333335	0.0	0.0	0.0	0.0	0.0	0.0
210	2452.0	0.0	0.0	0.0	0.0	0.0	0.0
220	2450.5	0.0	0.0	0.0	0.0	0.0	0.0
230	2500.6666666666665	0.0	0.0	0.0	0.0	0.0	0.0
240	2564.1666666666665	0.0	0.0	0.0	0.0	0.0	0.0
250	2304.5	0.0	0.0	0.0	0.0	0.0	0.0
260	2483.8333333333335	0.0	0.0	0.0	0.0	0.0	0.0
270	2532.5	0.0	0.0	0.0	0.0	0.0	0.0
280	2499.6666666666665	0.0	0.0	0.0	0.0	0.0	0.0
290	2257.6666666666665	0.0	0.0	0.0	0.0	0.0	0.0
300	2475.0	0.0	0.0	0.0	0.0	0.0	0.0
310	2445.8333333333335	0.0	0.0	0.0	0.0	0.0	0.0
320	2662.8333333333335	0.0	0.0	0.0	0.0	0.0	0.0
330	2693.8333333333335	0.0	0.0	0.0	0.0	0.0	0.0
340	2688.3333333333335	0.0	0.0	0.0	0.0	0.0	0.0
350	2686.0	0.0	0.0	0.0	0.0	0.0	0.0
360	2742.1666666666665	0.0	0.0	0.0	0.0	0.0	0.0
370	2683.3333333333335	0.0	0.0	0.0	0.0	0.0	0.0
380	2757.0	0.0	0.0	0.0	0.0	0.0	0.0
390	2547.5	0.0	0.0	0.0	0.0	0.0	0.0
400	2700.6666666666665	0.0	0.0	0.0	0.0	0.0	0.0
410	2746.8333333333335	0.0	0.0	0.0	0.0	0.0	0.0
420	2839.5	0.0	0.0	0.0	0.0	0.0	0.0
430	2846.0	0.0	0.0	0.0	0.0	0.0	0.0
440	2598.6666666666665	0.0	0.0	0.0	0.0	0.0	0.0
450	2882.0	0.0	0.0	0.0	0.0	0.0	0.0
460	2669.0	0.0	0.0	0.0	0.0	0.0	0.0
470	2505.5	0.0	0.0	0.0	0.0	0.0	0.0
480	2655.3333333333335	0.0	0.0	0.0	0.0	0.0	0.0
490	2679.5	0.0	0.0	0.0	0.0	0.0	0.0
500	2895.5	0.0	0.0	0.0	0.0	0.0	0.0
510	2629.8333333333335	0.0	0.0	0.0	0.0	0.0	0.0
520	2793.6666666666665	0.0	0.0	0.0	0.0	0.0	0.0
530	2760.1666666666665	0.0	0.0	0.0	0.0	0.0	0.0
540	2611.1666666666665	0.0	0.0	0.0	0.0	0.0	0.0
550	2532.0	0.0	0.0	0.0	0.0	0.0	0.0
560	2674.1666666666665	0.0	0.0	0.0	0.0	0.0	0.0
570	2832.0	0.0	0.0	0.0	0.0	0.0	0.0
580	2678.0	0.0	0.0	0.0	0.0	0.0	0.0
590	2770.5	0.0	0.0	0.0	0.0	0.0	0.0
600	2848.3333333333335	0.0	0.0	0.0	0.0	0.0	0.0
610	2558.8333333333335	0.0	0.0	0.0	0.0	0.0	0.0
620	2798.5	0.0	0.0	0.0	0.0	0.0	0.0
630	2743.0	0.0	0.0	0.0	0.0	0.0	0.0
640	2861.5	0.0	0.0	0.0	0.0	0.0	0.0
650	2770.5	0.0	0.0	0.0	0.0	0.0	0.0
660	2632.1666666666665	0.0	0.0	0.0	0.0	0.0	0.0
670	2670.6666666666665	0.0	0.0	0.0	0.0	0.0	0.0
680	2922.3333333333335	0.0	0.0	0.0	0.0	0.0	0.0
690	2832.8333333333335	0.0	0.0	0.0	0.0	0.0	0.0
700	2676.3333333333335	0.0	0.0	0.0	0.0	0.0	0.0
710	3002.0	0.0	0.0	0.0	0.0	0.0	0.0
720	2943.3333333333335	0.0	0.0	0.0	0.0	0.0	0.0
730	2993.8333333333335	0.0	0.0	0.0	0.0	0.0	0.0
740	2972.1666666666665	0.0	0.0	0.0	0.0	0.0	0.0
750	2848.5	0.0	0.0	0.0	0.0	0.0	0.0
760	3134.1666666666665	0.0	0.0	0.0	0.0	0.0	0.0
770	2870.1666666666665	0.0	0.0	0.0	0.0	0.0	0.0
780	2607.3333333333335	0.0	0.0	0.0	0.0	0.0	0.0
790	2986.0	0.0	0.0	0.0	0.0	0.0	0.0
800	2964.3333333333335	0.0	0.0	0.0	0.0	0.0	0.0
810	2933.6666666666665	0.0	0.0	0.0	0.0	0.0	0.0
820	2974.3333333333335	0.0	0.0	0.0	0.0	0.0	0.0
830	2768.5	0.0	0.0	0.0	0.0	0.0	0.0
840	2778.0	0.0	0.0	0.0	0.0	0.0	0.0
850	2695.0	0.0	0.0	0.0	0.0	0.0	0.0
860	3166.3333333333335	0.0	0.0	0.0	0.0	0.0	0.0
870	2760.0	0.0	0.0	0.0	0.0	0.0	0.0
880	2674.3333333333335	0.0	0.0	0.0	0.0	0.0	0.0
890	2917.1666666666665	0.0	0.0	0.0	0.0	0.0	0.0
900	2760.3333333333335	0.0	0.0	0.0	0.0	0.0	0.0
910	3245.1666666666665	0.0	0.0	0.0	0.0	0.0	0.0
920	3180.5	0.0	0.0	0.0	0.0	0.0	0.0
930	3279.8333333333335	0.0	0.0	0.0	0.0	0.0	0.0
940	3129.8333333333335	0.0	0.0	0.0	0.0	0.0	0.0
950	2711.8333333333335	0.0	0.0	0.0	0.0	0.0	0.0
960	2949.3333333333335	0.0	0.0	0.0	0.0	0.0	0.0
970	2853.8333333333335	0.0	0.0	0.0	0.0	0.0	0.0
980	2833.1666666666665	0.0	0.0	0.0	0.0	0.0	0.0
990	3023.1666666666665	0.0	0.0	0.0	0.0	0.0	0.0
1000	2941.6666666666665	0.0	0.0	0.0	0.0	0.0	0.0
