0	274.3333333333333	0.0	0.0	0.0	0.0	0.0	0.0
10	1802.3333333333333	206.0	525.0	69.0	162.0	25.0	44.0
20	1761.8333333333333	313.0	697.0	119.0	257.0	57.0	56.0
30	2034.0	115.0	321.0	26.0	103.0	14.0	12.0
40	1830.0	118.0	574.0	38.0	104.0	20.0	14.0
50	1890.0	172.0	454.0	76.0	113.0	15.0	59.0
60	2138.8333333333335	76.0	228.0	28.0	54.0	6.0	22.0
70	1943.0	0.0	0.0	0.0	0.0	0.0	0.0
80	1936.3333333333333	0.0	0.0	0.0	0.0	0.0	0.0
90	1993.1666666666667	0.0	0.0	0.0	0.0	0.0	0.0
100	2273.0	0.0	0.0	0.0	0.0	0.0	0.0
110	2196.6666666666665	0.0	0.0	0.0	0.0	0.0	0.0
120	2247.5	0.0	0.0	0.0	0.0	0.0	0.0
130	2365.8333333333335	0.0	0.0	0.0	0.0	0.0	0.0
140	2098.8333333333335	0.0	0.0	0.0	0.0	0.0	0.0
150	2328.1666666666665	0.0	0.0	0.0	0.0	0.0	0.0
160	2283.5	0.0	0.0	0.0	0.0	0.0	0.0
170	2288.1666666666665	0.0	0.0	0.0	0.0	0.0	0.0
180	2117.6666666666665	0.0	0.0	0.0	0.0	0.0	0.0
190	2361.3333333333335	0.0	0.0	0.0	0.0	0.0	0.0
200	2566.5	0.0	0.0	0.0	0.0	0.0	0.0
210	2709.8333333333335	0.0	0.0	0.0	0.0	0.0	0.0
220	2577.6666666666665	0.0	0.0	0.0	0.0	0.0	0.0
230	2534.5	0.0	0.0	0.0	0.0	0.0	0.0
240	2571.3333333333335	0.0	0.0	0.0	0.0	0.0	0.0
250	2543.3333333333335	0.0	0.0	0.0	0.0	0.0	0.0
260	2593.0	0.0	0.0	0.0	0.0	0.0	0.0
270	2594.0	0.0	0.0	0.0	0.0	0.0	0.0
280	2626.1666666666665	0.0	0.0	0.0	0.0	0.0	0.0
290	2524.0	0.0	0.0	0.0	0.0	0.0	0.0
300	2509.1666666666665	0.0	0.0	0.0	0.0	0.0	0.0
310	2735.6666666666665	0.0	0.0	0.0	0.0	0.0	0.0
320	2525.5	0.0	0.0	0.0	0.0	0.0	0.0
330	2654.5	0.0	0.0	0.0	0.0	0.0	0.0
340	2763.1666666666665	0.0	0.0	0.0	0.0	0.0	0.0
350	2622.3333333333335	0.0	0.0	0.0	0.0	0.0	0.0
360	2790.6666666666665	0.0	0.0	0.0	0.0	0.0	0.0
370	2645.5	0.0	0.0	0.0	0.0	0.0	0.0
380	2508.1666666666665	0.0	0.0	0.0	0.0	0.0	0.0
390	2749.5	0.0	0.0	0.0	0.0	0.0	0.0
400	2663.0	0.0	0.0	0.0	0.0	0.0	0.0
410	2694.6666666666665	0.0	0.0	0.0	0.0	0.0	0.0
420	2931.0	0.0	0.0	0.0	0.0	0.0	0.0
430	2792.0	0.0	0.0	0.0	0.0	0.0	0.0
440	2539.3333333333335	0.0	0.0	0.0	0.0	0.0	0.0
450	2676.0	0.0	0.0	0.0	0.0	0.0	0.0
460	2761.3333333333335	0.0	0.0	0.0	0.0	0.0	0.0
470	2600.8333333333335	0.0	0.0	0.0	0.0	0.0	0.0
480	2668.6666666666665	0.0	0.0	0.0	0.0	0.0	0.0
490	2751.3333333333335	0.0	0.0	0.0	0.0	0.0	0.0
500	2711.0	0.0	0.0	0.0	0.0	0.0	0.0
510	2769.5	0.0	0.0	0.0	0.0	0.0	0.0
520	2722.5	0.0	0.0	0.0	0.0	0.0	0.0
530	2527.0	0.0	0.0	0.0	0.0	0.0	0.0
540	2652.0	0.0	0.0	0.0	0.0	0.0	0.0
550	2418.5	0.0	0.0	0.0	0.0	0.0	0.0
560	2753.3333333333335	0.0	0.0	0.0	0.0	0.0	0.0
570	3091.0	0.0	0.0	0.0	0.0	0.0	0.0
580	2950.0	0.0	0.0	0.0	0.0	0.0	0.0
590	2701.8333333333335	0.0	0.0	0.0	0.0	0.0	0.0
600	2707.6666666666665	0.0	0.0	0.0	0.0	0.0	0.0
610	2572.6666666666665	0.0	0.0	0.0	0.0	0.0	0.0
620	2621.3333333333335	0.0	0.0	0.0	0.0	0.0	0.0
630	2778.8333333333335	0.0	0.0	0.0	0.0	0.0	0.0
640	2914.6666666666665	0.0	0.0	0.0	0.0	0.0	0.0
650	2813.8333333333335	0.0	0.0	0.0	0.0	0.0	0.0
660	2645.5	0.0	0.0	0.0	0.0	0.0	0.0
670	2939.6666666666665	0.0	0.0	0.0	0.0	0.0	0.0
680	2925.5	0.0	0.0	0.0	0.0	0.0	0.0
690	3235.0	0.0	0.0	0.0	0.0	0.0	0.0
700	2894.8333333333335	0.0	0.0	0.0	0.0	0.0	0.0
710	2982.1666666666665	0.0	0.0	0.0	0.0	0.0	0.0
720	2653.8333333333335	0.0	0.0	0.0	0.0	0.0	0.0
730	3066.0	0.0	0.0	0.0	0.0	0.0	0.0
740	3195.3333333333335	0.0	0.0	0.0	0.0	0.0	0.0
750	3379.8333333333335	0.0	0.0	0.0	0.0	0.0	0.0
760	2892.0	0.0	0.0	0.0	0.0	0.0	0.0
770	2723.8333333333335	0.0	0.0	0.0	0.0	0.0	0.0
780	2794.5	0.0	0.0	0.0	0.0	0.0	0.0
790	2900.0	0.0	0.0	0.0	0.0	0.0	0.0
800	3050.6666666666665	0.0	0.0	0.0	0.0	0.0	0.0
810	2981.3333333333335	0.0	0.0	0.0	0.0	0.0	0.0
820	3050.3333333333335	0.0	0.0	0.0	0.0	0.0	0.0
830	2854.8333333333335	0.0	0.0	0.0	0.0	0.0	0.0
840	2780.8333333333335	0.0	0.0	0.0	0.0	0.0	0.0
850	3035.1666666666665	0.0	0.0	0.0	0.0	0.0	0.0
860	3232.3333333333335	0.0	0.0	0.0	0.0	0.0	0.0
870	3074.0	0.0	0.0	0.0	0.0	0.0	0.0
880	3358.0	0.0	0.0	0.0	0.0	0.0	0.0
890	3294.0	0.0	0.0	0.0	0.0	0.0	0.0
900	3083.3333333333335	0.0	0.0	0.0	0.0	0.0	0.0
910	3077.0	0.0	0.0	0.0	0.0	0.0	0.0
920	3060.5	0.0	0.0	0.0	0.0	0.0	0.0
930	2934.0	0.0	0.0	0.0	0.0	0.0	0.0
940	3072.6666666666665	0.0	0.0	0.0	0.0	0.0	0.0
950	3008.6666666666665	0.0	0.0	0.0	0.0	0.0	0.0
960	2998.1666666666665	0.0	0.0	0.0	0.0	0.0	0.0
970	3282.0	0.0	0.0	0.0	0.0	0.0	0.0
980	3144.0	0.0	0.0	0.0	0.0	0.0	0.0
990	3255.5	0.0	0.0	0.0	0.0	0.0	0.0
1000	3225.5	0.0	0.0	0.0	0.0	0.0	0.0
