0	262.0	0.0	0.0	0.0	0.0	0.0	0.0
10	2131.0	138.0	630.0	30.0	126.0	15.0	12.0
20	1800.0	324.0	590.0	94.0	265.0	34.0	59.0
30	1784.0	172.0	413.0	108.0	77.0	6.0	95.0
40	1843.5	165.0	438.0	57.0	135.0	17.0	30.0
50	1989.1666666666667	201.0	280.0	151.0	116.0	66.0	85.0
60	2195.1666666666665	0.0	0.0	0.0	0.0	0.0	0.0
70	1958.0	0.0	0.0	0.0	0.0	0.0	0.0
80	2341.0	0.0	0.0	0.0	0.0	0.0	0.0
90	2275.6666666666665	0.0	0.0	0.0	0.0	0.0	0.0
100	2078.0	0.0	0.0	0.0	0.0	0.0	0.0
110	2050.3333333333335	0.0	0.0	0.0	0.0	0.0	0.0
120	2140.0	0.0	0.0	0.0	0.0	0.0	0.0
130	2357.8333333333335	0.0	0.0	0.0	0.0	0.0	0.0
140	2285.5	0.0	0.0	0.0	0.0	0.0	0.0
150	2252.6666666666665	0.0	0.0	0.0	0.0	0.0	0.0
160	2163.3333333333335	0.0	0.0	0.0	0.0	0.0	0.0
170	2187.8333333333335	0.0	0.0	0.0	0.0	0.0	0.0
180	2197.1666666666665	0.0	0.0	0.0	0.0	0.0	0.0
190	2130.1666666666665	0.0	0.0	0.0	0.0	0.0	0.0
200	2508.6666666666665	0.0	0.0	0.0	0.0	0.0	0.0
210	2341.1666666666665	0.0	0.0	0.0	0.0	0.0	0.0
220	2423.8333333333335	0.0	0.0	0.0	0.0	0.0	0.0
230	2151.3333333333335	0.0	0.0	0.0	0.0	0.0	0.0
240	2461.8333333333335	0.0	0.0	0.0	0.0	0.0	0.0
250	2412.6666666666665	0.0	0.0	0.0	0.0	0.0	0.0
260	2347.1666666666665	0.0	0.0	0.0	0.0	0.0	0.0
270	2394.5	0.0	0.0	0.0	0.0	0.0	0.0
280	2658.1666666666665	0.0	0.0	0.0	0.0	0.0	0.0
290	2696.5	0.0	0.0	0.0	0.0	0.0	0.0
300	2873.6666666666665	0.0	0.0	0.0	0.0	0.0	0.0
310	2294.6666666666665	0.0	0.0	0.0	0.0	0.0	0.0
320	2506.0	0.0	0.0	0.0	0.0	0.0	0.0
330	2489.0	0.0	0.0	0.0	0.0	0.0	0.0
340	2717.0	0.0	0.0	0.0	0.0	0.0	0.0
350	2653.5	0.0	0.0	0.0	0.0	0.0	0.0
360	2513.8333333333335	0.0	0.0	0.0	0.0	0.0	0.0
370	2527.1666666666665	0.0	0.0	0.0	0.0	0.0	0.0
380	2552.1666666666665	0.0	0.0	0.0	0.0	0.0	0.0
390	2578.0	0.0	0.0	0.0	0.0	0.0	0.0
400	2567.5	0.0	0.0	0.0	0.0	0.0	0.0
410	2614.8333333333335	0.0	0.0	0.0	0.0	0.0	0.0
420	2738.6666666666665	0.0	0.0	0.0	0.0	0.0	0.0
430	2637.5	0.0	0.0	0.0	0.0	0.0	0.0
440	2421.3333333333335	0.0	0.0	0.0	0.0	0.0	0.0
450	2741.6666666666665	0.0	0.0	0.0	0.0	0.0	0.0
460	2726.5	0.0	0.0	0.0	0.0	0.0	0.0
470	2807.5	0.0	0.0	0.0	0.0	0.0	0.0
480	2825.3333333333335	0.0	0.0	0.0	0.0	0.0	0.0
490	3040.6666666666665	0.0	0.0	0.0	0.0	0.0	0.0
500	2679.6666666666665	0.0	0.0	0.0	0.0	0.0	0.0
510	2965.8333333333335	0.0	0.0	0.0	0.0	0.0	0.0
520	2819.0	0.0	0.0	0.0	0.0	0.0	0.0
530	2621.6666666666665	0.0	0.0	0.0	0.0	0.0	0.0
540	2637.6666666666665	0.0	0.0	0.0	0.0	0.0	0.0
550	2916.5	0.0	0.0	0.0	0.0	0.0	0.0
560	2921.3333333333335	0.0	0.0	0.0	0.0	0.0	0.0
570	2759.1666666666665	0.0	0.0	0.0	0.0	0.0	0.0
580	3065.5	0.0	0.0	0.0	0.0	0.0	0.0
590	3080.1666666666665	0.0	0.0	0.0	0.0	0.0	0.0
600	2865.6666666666665	0.0	0.0	0.0	0.0	0.0	0.0
610	2801.6666666666665	0.0	0.0	0.0	0.0	0.0	0.0
620	2735.8333333333335	0.0	0.0	0.0	0.0	0.0	0.0
630	2605.3333333333335	0.0	0.0	0.0	0.0	0.0	0.0
640	2780.5	0.0	0.0	0.0	0.0	0.0	0.0
650	3042.3333333333335	0.0	0.0	0.0	0.0	0.0	0.0
660	2947.3333333333335	0.0	0.0	0.0	0.0	0.0	0.0
670	2664.0	0.0	0.0	0.0	0.0	0.0	0.0
680	2643.1666666666665	0.0	0.0	0.0	0.0	0.0	0.0
690	3016.3333333333335	0.0	0.0	0.0	0.0	0.0	0.0
700	3191.3333333333335	0.0	0.0	0.0	0.0	0.0	0.0
710	3159.5	0.0	0.0	0.0	0.0	0.0	0.0
720	2917.8333333333335	0.0	0.0	0.0	0.0	0.0	0.0
730	3227.5	0.0	0.0	0.0	0.0	0.0	0.0
740	2777.8333333333335	0.0	0.0	0.0	0.0	0.0	0.0
750	3109.3333333333335	0.0	0.0	0.0	0.0	0.0	0.0
760	2698.0	0.0	0.0	0.0	0.0	0.0	0.0
770	2895.8333333333335	0.0	0.0	0.0	0.0	0.0	0.0
780	3244.3333333333335	0.0	0.0	0.0	0.0	0.0	0.0
790	3396.3333333333335	0.0	0.0	0.0	0.0	0.0	0.0
800	2609.6666666666665	0.0	0.0	0.0	0.0	0.0	0.0
810	2882.3333333333335	0.0	0.0	0.0	0.0	0.0	0.0
820	2934.8333333333335	0.0	0.0	0.0	0.0	0.0	0.0
830	3114.8333333333335	0.0	0.0	0.0	0.0	0.0	0.0
840	2991.5	0.0	0.0	0.0	0.0	0.0	0.0
850	3009.3333333333335	0.0	0.0	0.0	0.0	0.0	0.0
860	3271.5	0.0	0.0	0.0	0.0	0.0	0.0
870	3232.5	0.0	0.0	0.0	0.0	0.0	0.0
880	3236.8333333333335	0.0	0.0	0.0	0.0	0.0	0.0
890	3321.1666666666665	0.0	0.0	0.0	0.0	0.0	0.0
900	3181.0	0.0	0.0	0.0	0.0	0.0	0.0
910	3155.0	0.0	0.0	0.0	0.0	0.0	0.0
920	3091.5	0.0	0.0	0.0	0.0	0.0	0.0
930	3029.0	0.0	0.0	0.0	0.0	0.0	0.0
940	3248.5	0.0	0.0	0.0	0.0	0.0	0.0
950	2877.1666666666665	0.0	0.0	0.0	0.0	0.0	0.0
960	3334.8333333333335	0.0	0.0	0.0	0.0	0.0	0.0
970	2939.5	0.0	0.0	0.0	0.0	0.0	0.0
980	2855.1666666666665	0.0	0.0	0.0	0.0	0.0	0.0
990	3229.5	0.0	0.0	0.0	0.0	0.0	0.0
1000	3048.6666666666665	0.0	0.0	0.0	0.0	0.0	0.0
