0	224.0	0.0	0.0
10	2036.3333333333333	40.0	8420.0
20	2093.1666666666665	58.0	7895.0
30	1663.3333333333333	68.0	10246.0
40	2220.6666666666665	168.0	12407.0
50	2402.1666666666665	80.0	11094.0
60	2334.1666666666665	56.0	12018.0
70	2512.5	40.0	7556.0
80	2581.6666666666665	61.0	12435.0
90	2423.3333333333335	90.0	12460.0
100	2201.8333333333335	48.0	11460.0
110	2219.3333333333335	33.0	12560.0
120	2353.1666666666665	13.0	6392.0
130	2252.6666666666665	12.0	7578.0
140	2699.6666666666665	22.0	9842.0
150	2455.5	19.0	10716.0
160	2904.8333333333335	18.0	10549.0
170	2751.0	16.0	12030.0
180	3136.3333333333335	23.0	11535.0
190	3179.8333333333335	24.0	10492.0
200	3313.6666666666665	30.0	11187.0
210	3574.3333333333335	26.0	9085.0
220	3184.3333333333335	29.0	12273.0
230	3509.6666666666665	25.0	9608.0
240	3338.1666666666665	1.0	12293.0
250	3449.5	0.0	11044.0
260	3702.6666666666665	0.0	9064.0
270	3857.1666666666665	0.0	10940.0
280	3475.8333333333335	0.0	7406.0
290	3193.6666666666665	0.0	13572.0
300	3643.5	0.0	10204.0
310	3086.5	0.0	9865.0
320	3654.8333333333335	0.0	11311.0
330	4020.6666666666665	0.0	10504.0
340	3846.3333333333335	0.0	9579.0
350	3090.6666666666665	0.0	11707.0
360	3259.6666666666665	0.0	11180.0
370	3511.8333333333335	0.0	11583.0
380	3648.3333333333335	0.0	10537.0
390	3445.3333333333335	0.0	11049.0
400	4102.833333333333	0.0	7728.0
410	3303.1666666666665	0.0	12800.0
420	3574.8333333333335	0.0	10804.0
430	3356.5	0.0	13606.0
440	3416.8333333333335	0.0	7757.0
450	3050.8333333333335	0.0	10575.0
460	3632.6666666666665	0.0	11831.0
470	3835.6666666666665	0.0	13115.0
480	3828.3333333333335	0.0	13888.0
490	3899.3333333333335	0.0	10566.0
500	4092.0	0.0	12802.0
510	3968.0	0.0	10111.0
520	3628.5	0.0	11134.0
530	3850.3333333333335	0.0	10905.0
540	3640.0	0.0	12474.0
550	3629.8333333333335	0.0	13013.0
560	3850.6666666666665	0.0	11109.0
570	3855.3333333333335	0.0	13949.0
580	3698.5	0.0	9750.0
590	3340.8333333333335	0.0	9155.0
600	3593.8333333333335	0.0	11767.0
610	3950.3333333333335	0.0	9650.0
620	3952.3333333333335	0.0	9902.0
630	4059.0	0.0	10748.0
640	3428.8333333333335	0.0	8955.0
650	3786.8333333333335	0.0	8243.0
660	3332.6666666666665	0.0	12586.0
670	3825.3333333333335	0.0	11561.0
680	3854.1666666666665	0.0	9574.0
690	3263.8333333333335	0.0	9056.0
700	3891.5	0.0	11621.0
710	3487.8333333333335	0.0	10310.0
720	3867.6666666666665	0.0	12484.0
730	3966.6666666666665	0.0	12318.0
740	3701.8333333333335	0.0	10515.0
750	3653.3333333333335	0.0	8368.0
760	3850.3333333333335	0.0	9099.0
770	3426.8333333333335	0.0	7605.0
780	3813.8333333333335	0.0	9096.0
790	3813.5	0.0	9944.0
800	3918.8333333333335	0.0	12469.0
810	3544.0	0.0	12508.0
820	3965.6666666666665	0.0	10615.0
830	3689.0	0.0	13050.0
840	3672.6666666666665	0.0	13374.0
850	3708.6666666666665	0.0	9157.0
860	3744.1666666666665	0.0	10149.0
870	3870.6666666666665	0.0	10324.0
880	3586.8333333333335	0.0	8820.0
890	3682.6666666666665	0.0	11544.0
900	3685.6666666666665	0.0	10078.0
910	3955.3333333333335	0.0	11998.0
920	4003.3333333333335	0.0	11784.0
930	3754.3333333333335	0.0	12138.0
940	3956.1666666666665	0.0	11502.0
950	3927.1666666666665	0.0	12401.0
960	3867.0	0.0	12848.0
970	3490.1666666666665	0.0	11001.0
980	3638.6666666666665	0.0	10556.0
990	3994.0	0.0	8839.0
1000	3924.0	0.0	12170.0
