0	265.0	0.0	0.0
10	1990.5	32.0	8781.0
20	2070.1666666666665	64.0	7257.0
30	2188.1666666666665	53.0	10764.0
40	2104.6666666666665	91.0	10170.0
50	2198.1666666666665	129.0	8745.0
60	2125.6666666666665	42.0	10081.0
70	2177.5	78.0	8139.0
80	2250.3333333333335	62.0	9991.0
90	2273.5	58.0	9203.0
100	2452.8333333333335	55.0	9546.0
110	2510.5	67.0	9327.0
120	2636.8333333333335	45.0	10576.0
130	2169.1666666666665	37.0	12087.0
140	2562.1666666666665	43.0	11295.0
150	2724.3333333333335	21.0	8796.0
160	2896.1666666666665	20.0	11132.0
170	2388.6666666666665	21.0	10651.0
180	2830.3333333333335	24.0	10888.0
190	2723.0	21.0	8812.0
200	2789.3333333333335	17.0	8536.0
210	3386.5	17.0	8878.0
220	2753.8333333333335	3.0	12290.0
230	3295.3333333333335	0.0	10514.0
240	3401.6666666666665	0.0	9850.0
250	3779.1666666666665	0.0	12541.0
260	3322.5	0.0	13641.0
270	3336.1666666666665	0.0	10631.0
280	3296.8333333333335	0.0	7934.0
290	3326.0	0.0	12146.0
300	3006.0	0.0	8268.0
310	3266.8333333333335	0.0	13928.0
320	3302.8333333333335	0.0	9453.0
330	3362.1666666666665	0.0	10653.0
340	2991.8333333333335	0.0	10190.0
350	3707.6666666666665	0.0	10214.0
360	3167.5	0.0	9469.0
370	3671.3333333333335	0.0	9209.0
380	4041.3333333333335	0.0	9891.0
390	3760.8333333333335	0.0	10099.0
400	3734.6666666666665	0.0	11172.0
410	3768.0	0.0	13034.0
420	3539.0	0.0	12973.0
430	3356.5	0.0	8160.0
440	3654.1666666666665	0.0	11539.0
450	4041.8333333333335	0.0	11212.0
460	3966.1666666666665	0.0	8261.0
470	3317.3333333333335	0.0	9359.0
480	3653.3333333333335	0.0	10427.0
490	3874.6666666666665	0.0	11175.0
500	3686.3333333333335	0.0	11602.0
510	4210.333333333333	0.0	12084.0
520	3653.5	0.0	11722.0
530	3447.8333333333335	0.0	9490.0
540	3600.5	0.0	10839.0
550	3966.3333333333335	0.0	10600.0
560	3604.6666666666665	0.0	11493.0
570	3368.8333333333335	0.0	13171.0
580	3331.8333333333335	0.0	8811.0
590	3547.5	0.0	13915.0
600	3693.5	0.0	10473.0
610	4022.5	0.0	11462.0
620	3719.8333333333335	0.0	11690.0
630	3618.5	0.0	12242.0
640	4060.0	0.0	12062.0
650	3666.6666666666665	0.0	11160.0
660	3364.6666666666665	0.0	11084.0
670	3598.1666666666665	0.0	8786.0
680	3373.6666666666665	0.0	11709.0
690	3814.8333333333335	0.0	9026.0
700	3536.3333333333335	0.0	10363.0
710	3590.0	0.0	11137.0
720	3930.0	0.0	11215.0
730	3841.8333333333335	0.0	11528.0
740	3689.1666666666665	0.0	10985.0
750	3693.5	0.0	8760.0
760	3689.0	0.0	10492.0
770	3633.1666666666665	0.0	11582.0
780	3691.0	0.0	10389.0
790	3712.1666666666665	0.0	9164.0
800	3564.1666666666665	0.0	12320.0
810	3704.6666666666665	0.0	12366.0
820	3737.5	0.0	10690.0
830	3030.6666666666665	0.0	11381.0
840	3753.3333333333335	0.0	9754.0
850	3830.3333333333335	0.0	12492.0
860	3784.1666666666665	0.0	10181.0
870	3740.3333333333335	0.0	12203.0
880	3809.5	0.0	10023.0
890	3790.1666666666665	0.0	7134.0
900	3493.1666666666665	0.0	10096.0
910	3923.0	0.0	9991.0
920	3790.0	0.0	10927.0
930	3856.0	0.0	12274.0
940	3791.6666666666665	0.0	9925.0
950	3858.6666666666665	0.0	7164.0
960	3982.0	0.0	9284.0
970	3809.5	0.0	12130.0
980	3678.6666666666665	0.0	10954.0
990	4043.0	0.0	10470.0
1000	3779.5	0.0	11358.0
