0	242.0	0.0	0.0
10	2029.3333333333333	136.0	10399.0
20	1828.0	116.0	12513.0
30	2258.3333333333335	43.0	8060.0
40	2130.3333333333335	55.0	9718.0
50	2016.8333333333333	89.0	10768.0
60	2283.3333333333335	23.0	8508.0
70	2488.6666666666665	86.0	9765.0
80	2269.6666666666665	36.0	10811.0
90	2442.5	58.0	8528.0
100	2480.0	78.0	9687.0
110	2484.5	20.0	9285.0
120	2452.8333333333335	42.0	10627.0
130	2040.1666666666667	51.0	10369.0
140	2603.1666666666665	21.0	8576.0
150	2965.3333333333335	32.0	10002.0
160	2609.8333333333335	19.0	9733.0
170	2451.6666666666665	13.0	8691.0
180	2957.6666666666665	38.0	9909.0
190	3250.1666666666665	15.0	9262.0
200	3058.3333333333335	29.0	12449.0
210	3031.0	0.0	10760.0
220	3143.8333333333335	0.0	14534.0
230	2876.3333333333335	0.0	14663.0
240	3326.8333333333335	0.0	11646.0
250	3417.6666666666665	0.0	10313.0
260	3244.1666666666665	0.0	6872.0
270	3236.6666666666665	0.0	11292.0
280	3564.0	0.0	12941.0
290	3379.3333333333335	0.0	9684.0
300	3558.3333333333335	0.0	11216.0
310	3164.8333333333335	0.0	8254.0
320	2830.5	0.0	8650.0
330	3303.8333333333335	0.0	10202.0
340	3399.1666666666665	0.0	10720.0
350	3947.6666666666665	0.0	8524.0
360	3250.3333333333335	0.0	15037.0
370	3313.1666666666665	0.0	9401.0
380	3467.5	0.0	11466.0
390	3131.6666666666665	0.0	13400.0
400	3261.0	0.0	11592.0
410	3742.1666666666665	0.0	13412.0
420	3651.3333333333335	0.0	9831.0
430	3695.8333333333335	0.0	9195.0
440	3165.6666666666665	0.0	13470.0
450	3520.5	0.0	9381.0
460	3800.3333333333335	0.0	10149.0
470	3667.6666666666665	0.0	12483.0
480	2682.0	0.0	11597.0
490	3469.8333333333335	0.0	7839.0
500	3845.5	0.0	11281.0
510	3807.1666666666665	0.0	11124.0
520	3716.6666666666665	0.0	12104.0
530	3650.8333333333335	0.0	10206.0
540	4019.3333333333335	0.0	13470.0
550	3394.0	0.0	10077.0
560	3437.5	0.0	9455.0
570	3770.1666666666665	0.0	11493.0
580	3280.0	0.0	11192.0
590	3594.1666666666665	0.0	12589.0
600	3488.0	0.0	12840.0
610	3615.3333333333335	0.0	13676.0
620	3866.5	0.0	7583.0
630	3658.8333333333335	0.0	10474.0
640	3985.3333333333335	0.0	6753.0
650	3758.5	0.0	12027.0
660	3889.6666666666665	0.0	9943.0
670	3945.8333333333335	0.0	8748.0
680	3620.1666666666665	0.0	10073.0
690	3829.8333333333335	0.0	8782.0
700	3799.6666666666665	0.0	10759.0
710	3471.6666666666665	0.0	11425.0
720	3550.5	0.0	7528.0
730	3852.8333333333335	0.0	11070.0
740	4024.1666666666665	0.0	8785.0
750	3695.6666666666665	0.0	11616.0
760	3911.5	0.0	12937.0
770	3670.8333333333335	0.0	9130.0
780	3926.1666666666665	0.0	12971.0
790	3764.3333333333335	0.0	10817.0
800	4120.666666666667	0.0	11202.0
810	3415.1666666666665	0.0	9078.0
820	4114.5	0.0	10628.0
830	3763.6666666666665	0.0	12091.0
840	3231.1666666666665	0.0	9972.0
850	4031.0	0.0	13475.0
860	3624.5	0.0	9304.0
870	3646.8333333333335	0.0	11830.0
880	3720.5	0.0	9173.0
890	3756.8333333333335	0.0	11132.0
900	3786.0	0.0	9251.0
910	4035.0	0.0	7249.0
920	3763.8333333333335	0.0	9527.0
930	3907.8333333333335	0.0	8080.0
940	3878.8333333333335	0.0	9706.0
950	4028.1666666666665	0.0	9329.0
960	3678.0	0.0	9342.0
970	3256.6666666666665	0.0	12277.0
980	3833.8333333333335	0.0	11246.0
990	3893.1666666666665	0.0	8348.0
1000	3701.5	0.0	9382.0
