0	259.8777777777778	0.0
10	70.0	0.0
20	70.0	0.0
30	70.0	0.0
40	70.0	0.0
50	70.0	0.0
60	70.0	0.0
70	70.02222222222221	0.0
80	70.72222222222221	0.0
90	75.18888888888887	0.0
100	86.09999999999998	0.0
110	153.09999999999994	0.0
120	210.14444444444442	0.03333333333333333
130	192.8222222222222	0.0
140	212.25555555555556	0.0
150	204.58888888888887	0.0
160	262.1888888888888	0.03333333333333333
170	235.32222222222217	0.0
180	272.8111111111111	0.0
190	257.29999999999995	0.1
200	286.86666666666673	0.03333333333333333
210	299.03333333333325	0.06666666666666667
220	318.8500000000001	0.06666666666666667
230	330.4	0.23333333333333334
240	362.6222222222222	0.26666666666666666
250	378.9222222222223	0.2
260	417.5888888888889	0.06666666666666667
270	480.6833333333333	0.23333333333333334
280	469.6333333333333	0.2
290	507.58888888888885	0.2
300	699.5777777777778	0.1
310	832.5444444444445	0.2
320	925.8888888888888	0.2
330	1142.9	0.2
340	1330.2222222222224	0.3333333333333333
350	1371.927777777778	0.3
360	1599.8	0.1
370	1847.3444444444442	0.3333333333333333
380	1840.5888888888885	0.3333333333333333
390	1899.2611111111112	0.4
400	1946.0333333333333	0.16666666666666666
410	2051.677777777777	0.23333333333333334
420	2010.9777777777776	0.26666666666666666
430	2054.7277777777776	0.3
440	2122.3888888888887	0.23333333333333334
450	2175.933333333333	0.23333333333333334
460	2259.344444444445	0.36666666666666664
470	2159.1388888888887	0.7
480	2127.8722222222223	0.2
490	2211.8111111111116	0.3333333333333333
500	2183.0333333333333	0.23333333333333334
510	1997.322222222222	0.3
520	1948.383333333334	0.43333333333333335
530	2026.8055555555554	0.4666666666666667
540	2060.616666666667	0.2
550	2055.7499999999995	0.36666666666666664
560	1995.2222222222222	0.5666666666666667
570	2046.838888888889	0.4666666666666667
580	1985.0999999999997	0.5666666666666667
590	2058.8111111111107	0.26666666666666666
600	2095.177777777778	0.6666666666666666
610	1956.4444444444446	0.26666666666666666
620	2055.4444444444443	0.13333333333333333
630	2026.8444444444444	0.36666666666666664
640	1993.5111111111107	0.6333333333333333
650	2050.916666666667	0.23333333333333334
660	2105.7722222222224	0.2
670	2124.8777777777777	0.36666666666666664
680	2033.6333333333334	0.4666666666666667
690	2096.3166666666666	0.4666666666666667
700	2100.0000000000005	0.5
710	2050.138888888889	0.23333333333333334
720	2064.0555555555547	0.3
730	2150.016666666667	0.6
740	2128.2055555555557	0.3
750	2126.688888888889	0.36666666666666664
760	2268.877777777778	0.6333333333333333
770	2196.6444444444446	0.43333333333333335
780	2245.7166666666667	0.13333333333333333
790	2232.622222222222	0.36666666666666664
800	2216.2166666666667	0.4
810	2213.9555555555557	0.4
820	2270.7833333333333	0.43333333333333335
830	2180.605555555555	0.36666666666666664
840	2254.9777777777776	0.26666666666666666
850	2217.5333333333333	0.5
860	2324.0	0.26666666666666666
870	2271.8277777777776	0.5
880	2222.9444444444443	0.36666666666666664
890	2292.172222222223	0.26666666666666666
900	2183.433333333333	0.6
910	2279.988888888889	0.4
920	2282.011111111111	0.4666666666666667
930	2303.1722222222224	0.36666666666666664
940	2328.45	0.36666666666666664
950	2290.394444444444	0.2
960	2281.9611111111103	0.26666666666666666
970	2263.683333333333	0.5
980	2287.8999999999996	0.23333333333333334
990	2204.6055555555554	0.16666666666666666
1000	2287.866666666667	0.23333333333333334
