0	255.66666666666666	0.0
10	70.0	0.0
20	70.0	0.0
30	70.0	0.0
40	70.0	0.0
50	70.0	0.0
60	70.0	0.0
70	70.0	0.0
80	70.0	0.0
90	71.0	0.0
100	75.66666666666667	0.0
110	76.33333333333333	0.0
120	80.33333333333333	0.0
130	74.0	0.0
140	362.3333333333333	0.0
150	242.66666666666666	0.0
160	156.33333333333334	0.0
170	144.33333333333334	0.0
180	614.3333333333334	0.0
190	303.0	0.0
200	318.6666666666667	0.0
210	290.6666666666667	0.0
220	205.66666666666666	0.0
230	393.6666666666667	1.0
240	346.6666666666667	1.0
250	386.6666666666667	0.0
260	623.0	0.0
270	710.0	1.0
280	766.3333333333334	1.0
290	480.6666666666667	0.0
300	1807.0	0.0
310	1352.1666666666667	0.0
320	2482.3333333333335	0.0
330	2214.0	0.0
340	2476.1666666666665	0.0
350	2410.8333333333335	1.0
360	2107.3333333333335	0.0
370	2385.3333333333335	0.0
380	2498.3333333333335	1.0
390	2402.6666666666665	0.0
400	2373.5	0.0
410	2269.0	0.0
420	2392.5	0.0
430	2291.3333333333335	0.0
440	2188.5	0.0
450	2243.6666666666665	0.0
460	2377.0	0.0
470	2498.1666666666665	0.0
480	2396.0	0.0
490	2420.5	0.0
500	2166.3333333333335	0.0
510	2446.0	0.0
520	2307.3333333333335	0.0
530	2360.6666666666665	0.0
540	1930.6666666666667	0.0
550	2140.1666666666665	1.0
560	1667.5	0.0
570	1708.1666666666667	0.0
580	2059.3333333333335	0.0
590	1897.1666666666667	0.0
600	2075.5	2.0
610	1993.5	0.0
620	1989.0	0.0
630	1823.5	1.0
640	1872.6666666666667	0.0
650	1755.0	3.0
660	2553.3333333333335	0.0
670	2379.6666666666665	0.0
680	1704.3333333333333	0.0
690	2480.0	0.0
700	2511.0	0.0
710	2273.6666666666665	0.0
720	2327.3333333333335	0.0
730	1595.3333333333333	0.0
740	2305.6666666666665	0.0
750	2632.6666666666665	1.0
760	2197.8333333333335	3.0
770	2290.5	4.0
780	2438.1666666666665	0.0
790	2055.5	1.0
800	1752.8333333333333	1.0
810	1972.3333333333333	0.0
820	2103.6666666666665	0.0
830	1966.6666666666667	0.0
840	1688.6666666666667	0.0
850	2439.3333333333335	0.0
860	2400.1666666666665	0.0
870	2363.0	0.0
880	2422.3333333333335	0.0
890	2084.8333333333335	0.0
900	2177.5	1.0
910	1938.0	0.0
920	2029.5	0.0
930	2132.6666666666665	0.0
940	2396.0	1.0
950	2346.6666666666665	0.0
960	2303.1666666666665	0.0
970	2363.0	0.0
980	2466.0	0.0
990	2290.8333333333335	0.0
1000	2499.6666666666665	0.0
