0	292.0	0.0
10	70.0	0.0
20	70.0	0.0
30	70.0	0.0
40	70.0	0.0
50	70.0	0.0
60	70.0	0.0
70	70.0	0.0
80	73.0	0.0
90	74.66666666666667	0.0
100	82.66666666666667	0.0
110	72.33333333333333	0.0
120	213.33333333333334	0.0
130	85.33333333333333	0.0
140	336.3333333333333	0.0
150	372.6666666666667	0.0
160	385.0	0.0
170	222.0	0.0
180	331.6666666666667	0.0
190	355.3333333333333	0.0
200	108.0	0.0
210	232.0	0.0
220	244.33333333333334	0.0
230	314.0	1.0
240	376.6666666666667	0.0
250	284.0	0.0
260	377.6666666666667	0.0
270	384.3333333333333	0.0
280	325.3333333333333	1.0
290	482.0	0.0
300	710.0	0.0
310	850.3333333333334	0.0
320	1240.3333333333333	0.0
330	1281.3333333333333	1.0
340	1519.0	0.0
350	1739.0	0.0
360	1865.5	0.0
370	1773.1666666666667	0.0
380	1464.8333333333333	0.0
390	2076.8333333333335	1.0
400	1868.3333333333333	0.0
410	1552.6666666666667	0.0
420	1109.0	1.0
430	1407.6666666666667	1.0
440	1914.0	0.0
450	1895.5	0.0
460	2027.5	0.0
470	1438.6666666666667	0.0
480	2422.1666666666665	1.0
490	2294.5	0.0
500	2198.3333333333335	0.0
510	1749.1666666666667	0.0
520	1585.0	1.0
530	2163.6666666666665	1.0
540	2133.3333333333335	0.0
550	1715.6666666666667	1.0
560	2220.1666666666665	0.0
570	2109.3333333333335	0.0
580	2033.6666666666667	1.0
590	2184.6666666666665	0.0
600	2160.8333333333335	1.0
610	2136.3333333333335	0.0
620	1849.6666666666667	0.0
630	1680.5	1.0
640	1613.0	0.0
650	1962.6666666666667	0.0
660	1925.0	0.0
670	1983.1666666666667	0.0
680	1690.1666666666667	1.0
690	1799.1666666666667	0.0
700	1671.3333333333333	1.0
710	2083.0	0.0
720	1890.1666666666667	0.0
730	2441.5	0.0
740	2373.3333333333335	0.0
750	2453.0	0.0
760	2210.3333333333335	0.0
770	2336.5	0.0
780	2379.0	0.0
790	2067.6666666666665	1.0
800	2517.5	0.0
810	2357.8333333333335	0.0
820	2319.6666666666665	0.0
830	2353.6666666666665	0.0
840	2351.0	0.0
850	2363.1666666666665	0.0
860	2056.5	0.0
870	2309.6666666666665	0.0
880	2551.3333333333335	0.0
890	2570.6666666666665	0.0
900	2037.6666666666667	0.0
910	2391.0	0.0
920	1765.3333333333333	0.0
930	2100.1666666666665	0.0
940	2201.6666666666665	1.0
950	1934.3333333333333	0.0
960	1671.0	0.0
970	1703.6666666666667	0.0
980	1675.3333333333333	1.0
990	1805.6666666666667	0.0
1000	2463.3333333333335	1.0
