0	255.33333333333334	0.0
10	70.0	0.0
20	70.0	0.0
30	70.0	0.0
40	70.0	0.0
50	70.0	0.0
60	70.0	0.0
70	70.0	0.0
80	70.0	0.0
90	71.66666666666667	0.0
100	74.33333333333333	0.0
110	73.33333333333333	0.0
120	270.0	0.0
130	177.33333333333334	0.0
140	478.3333333333333	0.0
150	143.66666666666666	0.0
160	179.33333333333334	0.0
170	154.33333333333334	0.0
180	290.0	0.0
190	289.6666666666667	0.0
200	122.0	0.0
210	217.66666666666666	0.0
220	222.0	0.0
230	320.3333333333333	0.0
240	279.0	0.0
250	295.3333333333333	1.0
260	282.3333333333333	0.0
270	371.0	0.0
280	356.6666666666667	0.0
290	500.6666666666667	1.0
300	637.6666666666666	0.0
310	646.0	0.0
320	1398.8333333333333	0.0
330	1538.6666666666667	0.0
340	1722.8333333333333	0.0
350	1411.0	1.0
360	1234.6666666666667	0.0
370	2197.8333333333335	0.0
380	2005.3333333333333	0.0
390	1619.0	0.0
400	2393.1666666666665	1.0
410	1993.6666666666667	2.0
420	1591.3333333333333	0.0
430	1401.6666666666667	0.0
440	2275.6666666666665	0.0
450	2553.1666666666665	0.0
460	2525.6666666666665	1.0
470	2455.0	2.0
480	2173.6666666666665	0.0
490	2435.3333333333335	0.0
500	2557.6666666666665	0.0
510	2752.0	0.0
520	2468.6666666666665	0.0
530	2609.1666666666665	0.0
540	2331.3333333333335	0.0
550	2448.6666666666665	0.0
560	1696.5	1.0
570	2377.8333333333335	0.0
580	2142.3333333333335	1.0
590	2505.3333333333335	1.0
600	2258.5	0.0
610	1855.0	0.0
620	2055.8333333333335	0.0
630	1677.0	0.0
640	1860.0	3.0
650	1706.0	0.0
660	2372.0	0.0
670	1569.6666666666667	0.0
680	2212.1666666666665	2.0
690	2005.0	2.0
700	2170.3333333333335	1.0
710	2177.0	1.0
720	1779.3333333333333	0.0
730	2191.6666666666665	1.0
740	2105.3333333333335	0.0
750	2029.5	2.0
760	2769.3333333333335	0.0
770	1968.6666666666667	0.0
780	2175.6666666666665	0.0
790	2642.6666666666665	0.0
800	2201.6666666666665	0.0
810	2112.0	1.0
820	2305.8333333333335	1.0
830	2065.0	1.0
840	2257.1666666666665	0.0
850	1699.6666666666667	1.0
860	2316.8333333333335	1.0
870	1569.6666666666667	0.0
880	2196.3333333333335	0.0
890	2663.6666666666665	0.0
900	1972.1666666666667	0.0
910	2544.1666666666665	0.0
920	2489.3333333333335	0.0
930	2569.6666666666665	0.0
940	2405.5	0.0
950	2492.6666666666665	0.0
960	2445.6666666666665	0.0
970	1705.6666666666667	0.0
980	2053.6666666666665	1.0
990	1734.3333333333333	0.0
1000	2310.0	3.0
