0	286.6666666666667	0.0	0.0	0.0	0.0	0.0	0.0
10	1934.6666666666667	152.0	1203.0	115.0	143.0	90.0	9.0
20	1803.3333333333333	242.0	1591.0	225.0	143.0	118.0	99.0
30	1798.3333333333333	149.0	426.0	136.0	32.0	18.0	117.0
40	1993.6666666666667	97.0	1023.0	100.0	62.0	52.0	35.0
50	2196.0	298.0	1110.0	273.0	160.0	96.0	138.0
60	2225.6666666666665	62.0	94.0	56.0	48.0	13.0	14.0
70	2333.0	0.0	0.0	0.0	0.0	0.0	0.0
80	2262.3333333333335	0.0	0.0	0.0	0.0	0.0	0.0
90	2273.5	0.0	0.0	0.0	0.0	0.0	0.0
100	2294.3333333333335	0.0	0.0	0.0	0.0	0.0	0.0
110	2262.0	0.0	0.0	0.0	0.0	0.0	0.0
120	2311.3333333333335	0.0	0.0	0.0	0.0	0.0	0.0
130	2601.0	0.0	0.0	0.0	0.0	0.0	0.0
140	2493.3333333333335	0.0	0.0	0.0	0.0	0.0	0.0
150	2438.0	0.0	0.0	0.0	0.0	0.0	0.0
160	2686.8333333333335	0.0	0.0	0.0	0.0	0.0	0.0
170	2334.0	0.0	0.0	0.0	0.0	0.0	0.0
180	2444.3333333333335	0.0	0.0	0.0	0.0	0.0	0.0
190	2336.8333333333335	0.0	0.0	0.0	0.0	0.0	0.0
200	2463.6666666666665	0.0	0.0	0.0	0.0	0.0	0.0
210	2182.0	0.0	0.0	0.0	0.0	0.0	0.0
220	2716.1666666666665	0.0	0.0	0.0	0.0	0.0	0.0
230	2758.8333333333335	0.0	0.0	0.0	0.0	0.0	0.0
240	2739.6666666666665	0.0	0.0	0.0	0.0	0.0	0.0
250	2629.8333333333335	0.0	0.0	0.0	0.0	0.0	0.0
260	2707.1666666666665	0.0	0.0	0.0	0.0	0.0	0.0
270	2805.6666666666665	0.0	0.0	0.0	0.0	0.0	0.0
280	2492.1666666666665	0.0	0.0	0.0	0.0	0.0	0.0
290	2320.3333333333335	0.0	0.0	0.0	0.0	0.0	0.0
300	2540.5	0.0	0.0	0.0	0.0	0.0	0.0
310	2621.8333333333335	0.0	0.0	0.0	0.0	0.0	0.0
320	2926.6666666666665	0.0	0.0	0.0	0.0	0.0	0.0
330	2735.3333333333335	0.0	0.0	0.0	0.0	0.0	0.0
340	2674.3333333333335	0.0	0.0	0.0	0.0	0.0	0.0
350	2887.3333333333335	0.0	0.0	0.0	0.0	0.0	0.0
360	2702.1666666666665	0.0	0.0	0.0	0.0	0.0	0.0
370	2803.8333333333335	0.0	0.0	0.0	0.0	0.0	0.0
380	2699.6666666666665	0.0	0.0	0.0	0.0	0.0	0.0
390	2672.0	0.0	0.0	0.0	0.0	0.0	0.0
400	3071.5	0.0	0.0	0.0	0.0	0.0	0.0
410	2784.0	0.0	0.0	0.0	0.0	0.0	0.0
420	3078.8333333333335	0.0	0.0	0.0	0.0	0.0	0.0
430	3043.6666666666665	0.0	0.0	0.0	0.0	0.0	0.0
440	3196.8333333333335	0.0	0.0	0.0	0.0	0.0	0.0
450	2735.0	0.0	0.0	0.0	0.0	0.0	0.0
460	3010.8333333333335	0.0	0.0	0.0	0.0	0.0	0.0
470	2935.3333333333335	0.0	0.0	0.0	0.0	0.0	0.0
480	3688.6666666666665	0.0	0.0	0.0	0.0	0.0	0.0
490	3687.6666666666665	0.0	0.0	0.0	0.0	0.0	0.0
500	3140.1666666666665	0.0	0.0	0.0	0.0	0.0	0.0
510	3601.0	0.0	0.0	0.0	0.0	0.0	0.0
520	3684.8333333333335	0.0	0.0	0.0	0.0	0.0	0.0
530	3148.1666666666665	0.0	0.0	0.0	0.0	0.0	0.0
540	3503.8333333333335	0.0	0.0	0.0	0.0	0.0	0.0
550	3050.8333333333335	0.0	0.0	0.0	0.0	0.0	0.0
560	3480.1666666666665	0.0	0.0	0.0	0.0	0.0	0.0
570	3533.8333333333335	0.0	0.0	0.0	0.0	0.0	0.0
580	3214.5	0.0	0.0	0.0	0.0	0.0	0.0
590	3978.5	0.0	0.0	0.0	0.0	0.0	0.0
600	3562.5	0.0	0.0	0.0	0.0	0.0	0.0
610	3935.8333333333335	0.0	0.0	0.0	0.0	0.0	0.0
620	3832.8333333333335	0.0	0.0	0.0	0.0	0.0	0.0
630	3395.6666666666665	0.0	0.0	0.0	0.0	0.0	0.0
640	3734.3333333333335	0.0	0.0	0.0	0.0	0.0	0.0
650	3416.5	0.0	0.0	0.0	0.0	0.0	0.0
660	3803.8333333333335	0.0	0.0	0.0	0.0	0.0	0.0
670	3950.3333333333335	0.0	0.0	0.0	0.0	0.0	0.0
680	3765.3333333333335	0.0	0.0	0.0	0.0	0.0	0.0
690	3920.8333333333335	0.0	0.0	0.0	0.0	0.0	0.0
700	3861.8333333333335	0.0	0.0	0.0	0.0	0.0	0.0
710	3996.6666666666665	0.0	0.0	0.0	0.0	0.0	0.0
720	3729.8333333333335	0.0	0.0	0.0	0.0	0.0	0.0
730	4242.333333333333	0.0	0.0	0.0	0.0	0.0	0.0
740	3521.1666666666665	0.0	0.0	0.0	0.0	0.0	0.0
750	3641.6666666666665	0.0	0.0	0.0	0.0	0.0	0.0
760	3777.3333333333335	0.0	0.0	0.0	0.0	0.0	0.0
770	3679.8333333333335	0.0	0.0	0.0	0.0	0.0	0.0
780	3898.8333333333335	0.0	0.0	0.0	0.0	0.0	0.0
790	3943.0	0.0	0.0	0.0	0.0	0.0	0.0
800	3625.1666666666665	0.0	0.0	0.0	0.0	0.0	0.0
810	3854.6666666666665	0.0	0.0	0.0	0.0	0.0	0.0
820	3856.1666666666665	0.0	0.0	0.0	0.0	0.0	0.0
830	3438.6666666666665	0.0	0.0	0.0	0.0	0.0	0.0
840	3928.6666666666665	0.0	0.0	0.0	0.0	0.0	0.0
850	3509.3333333333335	0.0	0.0	0.0	0.0	0.0	0.0
860	3966.1666666666665	0.0	0.0	0.0	0.0	0.0	0.0
870	3947.1666666666665	0.0	0.0	0.0	0.0	0.0	0.0
880	4039.5	0.0	0.0	0.0	0.0	0.0	0.0
890	4061.6666666666665	0.0	0.0	0.0	0.0	0.0	0.0
900	3742.6666666666665	0.0	0.0	0.0	0.0	0.0	0.0
910	3640.5	0.0	0.0	0.0	0.0	0.0	0.0
920	3728.6666666666665	0.0	0.0	0.0	0.0	0.0	0.0
930	3534.0	0.0	0.0	0.0	0.0	0.0	0.0
940	3416.1666666666665	0.0	0.0	0.0	0.0	0.0	0.0
950	3969.3333333333335	0.0	0.0	0.0	0.0	0.0	0.0
960	3955.6666666666665	0.0	0.0	0.0	0.0	0.0	0.0
970	3949.1666666666665	0.0	0.0	0.0	0.0	0.0	0.0
980	3585.3333333333335	0.0	0.0	0.0	0.0	0.0	0.0
990	3931.6666666666665	0.0	0.0	0.0	0.0	0.0	0.0
1000	3616.6666666666665	0.0	0.0	0.0	0.0	0.0	0.0
