0	256.0	0.0	0.0	0.0	0.0	0.0	0.0
10	1983.5	218.0	543.0	172.0	136.0	53.0	82.0
20	1953.1666666666667	205.0	1281.0	215.0	134.0	106.0	71.0
30	1996.3333333333333	161.0	1296.0	216.0	142.0	191.0	19.0
40	1871.6666666666667	93.0	1075.0	115.0	79.0	101.0	14.0
50	2079.8333333333335	121.0	1105.0	155.0	77.0	94.0	44.0
60	2233.5	111.0	910.0	132.0	62.0	75.0	49.0
70	1763.5	91.0	97.0	57.0	57.0	20.0	34.0
80	2415.0	0.0	0.0	0.0	0.0	0.0	0.0
90	2318.0	0.0	0.0	0.0	0.0	0.0	0.0
100	2322.8333333333335	0.0	0.0	0.0	0.0	0.0	0.0
110	2404.5	0.0	0.0	0.0	0.0	0.0	0.0
120	2459.0	0.0	0.0	0.0	0.0	0.0	0.0
130	2651.3333333333335	0.0	0.0	0.0	0.0	0.0	0.0
140	2494.5	0.0	0.0	0.0	0.0	0.0	0.0
150	2439.8333333333335	0.0	0.0	0.0	0.0	0.0	0.0
160	2450.8333333333335	0.0	0.0	0.0	0.0	0.0	0.0
170	2869.6666666666665	0.0	0.0	0.0	0.0	0.0	0.0
180	2687.8333333333335	0.0	0.0	0.0	0.0	0.0	0.0
190	2693.6666666666665	0.0	0.0	0.0	0.0	0.0	0.0
200	2282.0	0.0	0.0	0.0	0.0	0.0	0.0
210	2449.5	0.0	0.0	0.0	0.0	0.0	0.0
220	2454.6666666666665	0.0	0.0	0.0	0.0	0.0	0.0
230	2754.8333333333335	0.0	0.0	0.0	0.0	0.0	0.0
240	2805.8333333333335	0.0	0.0	0.0	0.0	0.0	0.0
250	2601.1666666666665	0.0	0.0	0.0	0.0	0.0	0.0
260	2685.8333333333335	0.0	0.0	0.0	0.0	0.0	0.0
270	2744.1666666666665	0.0	0.0	0.0	0.0	0.0	0.0
280	2745.0	0.0	0.0	0.0	0.0	0.0	0.0
290	2376.1666666666665	0.0	0.0	0.0	0.0	0.0	0.0
300	2902.3333333333335	0.0	0.0	0.0	0.0	0.0	0.0
310	3106.5	0.0	0.0	0.0	0.0	0.0	0.0
320	2964.0	0.0	0.0	0.0	0.0	0.0	0.0
330	3264.3333333333335	0.0	0.0	0.0	0.0	0.0	0.0
340	3286.0	0.0	0.0	0.0	0.0	0.0	0.0
350	2592.3333333333335	0.0	0.0	0.0	0.0	0.0	0.0
360	2829.5	0.0	0.0	0.0	0.0	0.0	0.0
370	3462.0	0.0	0.0	0.0	0.0	0.0	0.0
380	3484.3333333333335	0.0	0.0	0.0	0.0	0.0	0.0
390	3326.5	0.0	0.0	0.0	0.0	0.0	0.0
400	2947.3333333333335	0.0	0.0	0.0	0.0	0.0	0.0
410	3452.8333333333335	0.0	0.0	0.0	0.0	0.0	0.0
420	3659.3333333333335	0.0	0.0	0.0	0.0	0.0	0.0
430	3079.6666666666665	0.0	0.0	0.0	0.0	0.0	0.0
440	3260.1666666666665	0.0	0.0	0.0	0.0	0.0	0.0
450	3424.0	0.0	0.0	0.0	0.0	0.0	0.0
460	3108.1666666666665	0.0	0.0	0.0	0.0	0.0	0.0
470	2906.1666666666665	0.0	0.0	0.0	0.0	0.0	0.0
480	3226.5	0.0	0.0	0.0	0.0	0.0	0.0
490	3176.8333333333335	0.0	0.0	0.0	0.0	0.0	0.0
500	3299.8333333333335	0.0	0.0	0.0	0.0	0.0	0.0
510	3379.8333333333335	0.0	0.0	0.0	0.0	0.0	0.0
520	3176.3333333333335	0.0	0.0	0.0	0.0	0.0	0.0
530	3388.6666666666665	0.0	0.0	0.0	0.0	0.0	0.0
540	3150.0	0.0	0.0	0.0	0.0	0.0	0.0
550	3557.0	0.0	0.0	0.0	0.0	0.0	0.0
560	3796.6666666666665	0.0	0.0	0.0	0.0	0.0	0.0
570	3538.6666666666665	0.0	0.0	0.0	0.0	0.0	0.0
580	3291.6666666666665	0.0	0.0	0.0	0.0	0.0	0.0
590	3330.5	0.0	0.0	0.0	0.0	0.0	0.0
600	3653.3333333333335	0.0	0.0	0.0	0.0	0.0	0.0
610	3135.0	0.0	0.0	0.0	0.0	0.0	0.0
620	3539.3333333333335	0.0	0.0	0.0	0.0	0.0	0.0
630	2774.5	0.0	0.0	0.0	0.0	0.0	0.0
640	3322.3333333333335	0.0	0.0	0.0	0.0	0.0	0.0
650	3384.1666666666665	0.0	0.0	0.0	0.0	0.0	0.0
660	3345.6666666666665	0.0	0.0	0.0	0.0	0.0	0.0
670	3210.3333333333335	0.0	0.0	0.0	0.0	0.0	0.0
680	3641.5	0.0	0.0	0.0	0.0	0.0	0.0
690	3517.1666666666665	0.0	0.0	0.0	0.0	0.0	0.0
700	3499.5	0.0	0.0	0.0	0.0	0.0	0.0
710	3194.6666666666665	0.0	0.0	0.0	0.0	0.0	0.0
720	4089.6666666666665	0.0	0.0	0.0	0.0	0.0	0.0
730	3861.6666666666665	0.0	0.0	0.0	0.0	0.0	0.0
740	3900.0	0.0	0.0	0.0	0.0	0.0	0.0
750	3721.6666666666665	0.0	0.0	0.0	0.0	0.0	0.0
760	3771.5	0.0	0.0	0.0	0.0	0.0	0.0
770	3612.5	0.0	0.0	0.0	0.0	0.0	0.0
780	3850.6666666666665	0.0	0.0	0.0	0.0	0.0	0.0
790	3505.0	0.0	0.0	0.0	0.0	0.0	0.0
800	3498.8333333333335	0.0	0.0	0.0	0.0	0.0	0.0
810	3681.5	0.0	0.0	0.0	0.0	0.0	0.0
820	3609.1666666666665	0.0	0.0	0.0	0.0	0.0	0.0
830	3829.3333333333335	0.0	0.0	0.0	0.0	0.0	0.0
840	3250.5	0.0	0.0	0.0	0.0	0.0	0.0
850	3705.1666666666665	0.0	0.0	0.0	0.0	0.0	0.0
860	3923.1666666666665	0.0	0.0	0.0	0.0	0.0	0.0
870	3820.8333333333335	0.0	0.0	0.0	0.0	0.0	0.0
880	3808.6666666666665	0.0	0.0	0.0	0.0	0.0	0.0
890	3795.5	0.0	0.0	0.0	0.0	0.0	0.0
900	3778.1666666666665	0.0	0.0	0.0	0.0	0.0	0.0
910	3662.8333333333335	0.0	0.0	0.0	0.0	0.0	0.0
920	3738.0	0.0	0.0	0.0	0.0	0.0	0.0
930	3479.5	0.0	0.0	0.0	0.0	0.0	0.0
940	3946.8333333333335	0.0	0.0	0.0	0.0	0.0	0.0
950	3421.6666666666665	0.0	0.0	0.0	0.0	0.0	0.0
960	3592.6666666666665	0.0	0.0	0.0	0.0	0.0	0.0
970	3782.8333333333335	0.0	0.0	0.0	0.0	0.0	0.0
980	3958.3333333333335	0.0	0.0	0.0	0.0	0.0	0.0
990	3357.5	0.0	0.0	0.0	0.0	0.0	0.0
1000	3060.8333333333335	0.0	0.0	0.0	0.0	0.0	0.0
