0	286.6666666666667	0.0
10	70.0	0.0
20	70.0	0.0
30	70.0	0.0
40	70.0	0.0
50	70.0	0.0
60	70.0	0.0
70	70.0	0.0
80	70.0	0.0
90	70.0	0.0
100	70.0	0.0
110	70.0	0.0
120	70.0	0.0
130	70.0	0.0
140	70.0	0.0
150	70.0	0.0
160	70.0	0.0
170	70.0	0.0
180	70.66666666666667	0.0
190	71.0	0.0
200	71.33333333333333	0.0
210	70.66666666666667	11.0
220	72.66666666666667	0.0
230	72.66666666666667	0.0
240	76.0	12.0
250	139.0	0.0
260	111.66666666666667	0.0
270	244.33333333333334	5.0
280	155.0	0.0
290	157.0	17.0
300	178.33333333333334	0.0
310	274.3333333333333	0.0
320	162.0	0.0
330	147.33333333333334	16.0
340	163.0	0.0
350	147.0	0.0
360	178.0	0.0
370	146.33333333333334	12.0
380	139.33333333333334	15.0
390	189.33333333333334	0.0
400	262.6666666666667	13.0
410	550.0	12.0
420	533.0	1.0
430	805.6666666666666	0.0
440	616.6666666666666	1.0
450	919.0	54.0
460	974.3333333333334	2.0
470	976.6666666666666	5.0
480	811.3333333333334	0.0
490	991.6666666666666	28.0
500	1122.6666666666667	7.0
510	971.0	61.0
520	1214.6666666666667	21.0
530	1389.0	13.0
540	1502.6666666666667	57.0
550	1959.6666666666667	59.0
560	2042.3333333333333	36.0
570	2441.3333333333335	95.0
580	2327.6666666666665	65.0
590	1735.0	76.0
600	1983.1666666666667	19.0
610	1920.0	8.0
620	2122.0	4.0
630	2101.8333333333335	29.0
640	2256.6666666666665	13.0
650	2172.1666666666665	1.0
660	2549.5	16.0
670	2161.6666666666665	13.0
680	2291.6666666666665	1.0
690	2264.6666666666665	32.0
700	2265.1666666666665	13.0
710	2274.0	47.0
720	2463.3333333333335	25.0
730	2387.0	22.0
740	2698.3333333333335	54.0
750	2509.8333333333335	9.0
760	2755.8333333333335	0.0
770	2636.8333333333335	0.0
780	2799.8333333333335	0.0
790	2515.6666666666665	0.0
800	2579.6666666666665	0.0
810	2634.0	0.0
820	2877.5	0.0
830	2896.0	0.0
840	2750.3333333333335	0.0
850	2653.1666666666665	0.0
860	2657.5	0.0
870	2626.5	0.0
880	2517.3333333333335	0.0
890	2213.1666666666665	0.0
900	2612.3333333333335	0.0
910	2666.0	0.0
920	2972.0	0.0
930	2070.1666666666665	0.0
940	2702.5	0.0
950	2670.8333333333335	0.0
960	2692.1666666666665	0.0
970	2665.6666666666665	0.0
980	2560.3333333333335	0.0
990	2842.6666666666665	0.0
1000	2341.3333333333335	0.0
