0	266.6666666666667	0.0
10	70.0	0.0
20	70.0	0.0
30	70.0	0.0
40	70.0	0.0
50	70.0	0.0
60	70.0	0.0
70	70.0	0.0
80	70.0	0.0
90	70.0	0.0
100	70.0	0.0
110	70.0	0.0
120	70.0	0.0
130	70.0	0.0
140	70.0	0.0
150	70.0	0.0
160	70.0	0.0
170	70.0	0.0
180	70.0	0.0
190	70.0	0.0
200	72.66666666666667	0.0
210	82.33333333333333	0.0
220	71.66666666666667	0.0
230	84.33333333333333	0.0
240	105.66666666666667	0.0
250	108.66666666666667	0.0
260	352.0	0.0
270	168.0	6.0
280	166.0	0.0
290	171.66666666666666	0.0
300	130.0	0.0
310	165.0	0.0
320	139.0	9.0
330	138.66666666666666	5.0
340	139.33333333333334	0.0
350	180.0	0.0
360	177.33333333333334	0.0
370	193.66666666666666	0.0
380	130.0	0.0
390	207.66666666666666	2.0
400	205.66666666666666	15.0
410	236.33333333333334	4.0
420	379.0	63.0
430	490.0	18.0
440	817.6666666666666	5.0
450	805.3333333333334	30.0
460	986.6666666666666	87.0
470	1083.0	6.0
480	1130.6666666666667	18.0
490	953.3333333333334	76.0
500	1295.3333333333333	46.0
510	1650.5	24.0
520	1718.3333333333333	137.0
530	1872.1666666666667	91.0
540	1457.6666666666667	86.0
550	1755.3333333333333	50.0
560	1867.3333333333333	10.0
570	2496.6666666666665	9.0
580	1992.3333333333333	171.0
590	1960.3333333333333	32.0
600	2207.3333333333335	0.0
610	2089.3333333333335	0.0
620	1877.0	0.0
630	2031.0	0.0
640	2617.1666666666665	0.0
650	2103.6666666666665	0.0
660	1813.3333333333333	0.0
670	2119.3333333333335	0.0
680	2261.6666666666665	0.0
690	2541.6666666666665	0.0
700	2518.3333333333335	0.0
710	2519.3333333333335	0.0
720	2385.0	0.0
730	2476.1666666666665	0.0
740	2313.3333333333335	0.0
750	2642.6666666666665	0.0
760	2266.5	0.0
770	2648.0	0.0
780	2310.0	0.0
790	2578.0	0.0
800	2523.8333333333335	0.0
810	2594.6666666666665	0.0
820	2587.1666666666665	0.0
830	2654.6666666666665	0.0
840	2532.0	0.0
850	2637.1666666666665	0.0
860	2554.3333333333335	0.0
870	2517.5	0.0
880	2342.3333333333335	0.0
890	2617.3333333333335	0.0
900	2522.6666666666665	0.0
910	2655.0	0.0
920	2791.6666666666665	0.0
930	2335.5	0.0
940	2563.1666666666665	0.0
950	2486.3333333333335	0.0
960	2452.0	0.0
970	2505.1666666666665	0.0
980	2502.3333333333335	0.0
990	2446.3333333333335	0.0
1000	2554.0	0.0
