0	269.0	0.0
10	70.0	0.0
20	70.0	0.0
30	70.0	0.0
40	70.0	0.0
50	70.0	0.0
60	70.0	0.0
70	70.0	0.0
80	70.0	0.0
90	70.0	0.0
100	70.0	0.0
110	70.0	0.0
120	70.0	0.0
130	70.0	0.0
140	70.0	0.0
150	70.0	0.0
160	70.0	0.0
170	70.66666666666667	0.0
180	70.0	0.0
190	70.33333333333333	0.0
200	72.0	0.0
210	75.0	0.0
220	72.0	0.0
230	73.66666666666667	0.0
240	100.33333333333333	0.0
250	106.33333333333333	45.0
260	163.0	0.0
270	148.33333333333334	6.0
280	130.0	8.0
290	155.66666666666666	0.0
300	130.0	0.0
310	146.0	27.0
320	139.0	0.0
330	144.33333333333334	0.0
340	130.0	2.0
350	162.0	5.0
360	167.66666666666666	12.0
370	202.0	1.0
380	148.0	9.0
390	380.3333333333333	1.0
400	528.6666666666666	11.0
410	472.0	9.0
420	448.3333333333333	14.0
430	813.0	34.0
440	502.6666666666667	13.0
450	710.0	4.0
460	1031.5	1.0
470	1275.0	27.0
480	1542.0	15.0
490	1570.6666666666667	33.0
500	1543.0	59.0
510	1692.3333333333333	50.0
520	1758.3333333333333	28.0
530	2398.1666666666665	11.0
540	2047.3333333333333	194.0
550	1913.0	22.0
560	2553.6666666666665	18.0
570	2288.6666666666665	152.0
580	1757.0	7.0
590	2083.5	91.0
600	2165.0	5.0
610	2583.6666666666665	2.0
620	2413.6666666666665	28.0
630	2232.0	9.0
640	2312.3333333333335	47.0
650	2176.3333333333335	0.0
660	2313.6666666666665	0.0
670	2321.6666666666665	0.0
680	2290.0	0.0
690	2601.0	0.0
700	2458.5	0.0
710	2493.6666666666665	0.0
720	2325.5	0.0
730	2720.3333333333335	0.0
740	2494.1666666666665	0.0
750	2370.6666666666665	0.0
760	2947.8333333333335	0.0
770	2542.3333333333335	0.0
780	2642.0	0.0
790	2518.3333333333335	0.0
800	2815.0	0.0
810	2871.6666666666665	0.0
820	2649.0	0.0
830	2634.3333333333335	0.0
840	2749.3333333333335	0.0
850	2529.6666666666665	0.0
860	2505.6666666666665	0.0
870	2373.0	0.0
880	2434.6666666666665	0.0
890	2475.0	0.0
900	2360.0	0.0
910	2357.3333333333335	0.0
920	2480.0	0.0
930	2602.0	0.0
940	2818.8333333333335	0.0
950	2684.0	0.0
960	2483.0	0.0
970	2518.0	0.0
980	2416.3333333333335	0.0
990	2775.5	0.0
1000	2354.3333333333335	0.0
