0	277.0	0.0
10	70.0	0.0
20	70.0	0.0
30	70.0	0.0
40	70.0	0.0
50	70.0	0.0
60	70.0	0.0
70	70.0	0.0
80	70.0	0.0
90	70.0	0.0
100	70.0	0.0
110	70.0	0.0
120	70.0	0.0
130	70.0	0.0
140	70.0	0.0
150	70.0	0.0
160	70.0	0.0
170	70.0	0.0
180	70.66666666666667	0.0
190	70.33333333333333	0.0
200	76.66666666666667	0.0
210	73.33333333333333	0.0
220	73.0	0.0
230	70.0	0.0
240	130.0	0.0
250	119.66666666666667	0.0
260	149.33333333333334	5.0
270	137.66666666666666	17.0
280	270.6666666666667	0.0
290	173.66666666666666	1.0
300	130.0	10.0
310	148.66666666666666	15.0
320	138.0	2.0
330	130.33333333333334	0.0
340	198.0	12.0
350	146.0	0.0
360	214.66666666666666	57.0
370	131.0	36.0
380	161.66666666666666	0.0
390	131.0	23.0
400	196.33333333333334	3.0
410	726.6666666666666	37.0
420	789.3333333333334	1.0
430	1011.6666666666666	12.0
440	1059.3333333333333	17.0
450	1622.1666666666667	48.0
460	1500.3333333333333	81.0
470	1702.0	36.0
480	1912.3333333333333	53.0
490	1847.0	60.0
500	2082.3333333333335	64.0
510	2163.0	24.0
520	2410.6666666666665	27.0
530	2204.1666666666665	40.0
540	2077.6666666666665	7.0
550	2042.3333333333333	14.0
560	2176.6666666666665	50.0
570	2108.6666666666665	13.0
580	2395.3333333333335	17.0
590	2328.0	17.0
600	2210.0	56.0
610	2247.6666666666665	145.0
620	2187.0	0.0
630	2371.6666666666665	0.0
640	2518.3333333333335	0.0
650	2368.6666666666665	0.0
660	2361.8333333333335	0.0
670	2950.0	0.0
680	2589.1666666666665	0.0
690	2358.5	0.0
700	2440.6666666666665	0.0
710	2371.0	0.0
720	2500.6666666666665	0.0
730	2617.6666666666665	0.0
740	2586.3333333333335	0.0
750	2666.6666666666665	0.0
760	2713.5	0.0
770	2540.6666666666665	0.0
780	2460.3333333333335	0.0
790	2576.3333333333335	0.0
800	2344.0	0.0
810	2558.6666666666665	0.0
820	2750.6666666666665	0.0
830	2402.6666666666665	0.0
840	2479.0	0.0
850	2454.1666666666665	0.0
860	2520.6666666666665	0.0
870	2499.5	0.0
880	2670.1666666666665	0.0
890	2438.3333333333335	0.0
900	2636.1666666666665	0.0
910	2720.0	0.0
920	2554.0	0.0
930	2779.6666666666665	0.0
940	2834.6666666666665	0.0
950	2575.6666666666665	0.0
960	2676.6666666666665	0.0
970	2546.6666666666665	0.0
980	2780.8333333333335	0.0
990	2834.3333333333335	0.0
1000	2515.8333333333335	0.0
