0	267.3333333333333	0.0
10	70.0	0.0
20	70.0	0.0
30	70.0	0.0
40	70.0	0.0
50	70.0	0.0
60	70.0	0.0
70	70.0	0.0
80	70.0	0.0
90	70.0	0.0
100	70.0	0.0
110	70.0	0.0
120	70.0	0.0
130	70.0	0.0
140	70.0	0.0
150	70.0	0.0
160	70.0	0.0
170	70.0	0.0
180	70.66666666666667	0.0
190	71.0	0.0
200	70.66666666666667	0.0
210	70.33333333333333	0.0
220	71.66666666666667	0.0
230	80.33333333333333	0.0
240	116.66666666666667	0.0
250	164.0	0.0
260	278.0	5.0
270	336.6666666666667	0.0
280	180.0	7.0
290	162.66666666666666	0.0
300	138.0	0.0
310	155.33333333333334	0.0
320	147.0	0.0
330	146.0	0.0
340	171.0	1.0
350	146.0	0.0
360	174.66666666666666	0.0
370	182.66666666666666	33.0
380	449.6666666666667	4.0
390	475.6666666666667	65.0
400	627.3333333333334	33.0
410	782.6666666666666	1.0
420	983.6666666666666	0.0
430	1244.0	3.0
440	1240.0	54.0
450	1553.3333333333333	40.0
460	1871.6666666666667	32.0
470	2299.6666666666665	32.0
480	2375.3333333333335	93.0
490	1385.0	113.0
500	2175.6666666666665	15.0
510	1772.0	57.0
520	1791.3333333333333	30.0
530	2182.6666666666665	61.0
540	1810.0	8.0
550	2077.5	5.0
560	2262.6666666666665	20.0
570	1998.6666666666667	10.0
580	2382.3333333333335	24.0
590	2173.6666666666665	49.0
600	2473.0	36.0
610	2273.0	36.0
620	2373.3333333333335	24.0
630	2580.6666666666665	43.0
640	2363.0	16.0
650	2519.0	2.0
660	2685.8333333333335	48.0
670	2863.3333333333335	0.0
680	2741.0	0.0
690	2406.5	0.0
700	2447.6666666666665	0.0
710	2279.3333333333335	0.0
720	2607.0	0.0
730	2522.6666666666665	0.0
740	2679.0	0.0
750	2644.3333333333335	0.0
760	2612.3333333333335	0.0
770	2614.0	0.0
780	2508.8333333333335	0.0
790	2585.1666666666665	0.0
800	2541.5	0.0
810	2347.0	0.0
820	2522.0	0.0
830	2669.6666666666665	0.0
840	2587.3333333333335	0.0
850	2503.0	0.0
860	2450.3333333333335	0.0
870	1976.0	0.0
880	2383.0	0.0
890	2316.8333333333335	0.0
900	2518.8333333333335	0.0
910	2597.3333333333335	0.0
920	2481.3333333333335	0.0
930	2752.3333333333335	0.0
940	2687.5	0.0
950	2802.6666666666665	0.0
960	2610.0	0.0
970	2535.3333333333335	0.0
980	2574.0	0.0
990	2562.6666666666665	0.0
1000	2144.1666666666665	0.0
