0	247.33333333333334	0.0
10	121.0	540.0
20	101.66666666666667	255.0
30	141.66666666666666	205.0
40	131.66666666666666	0.0
50	659.3333333333334	0.0
60	136.66666666666666	0.0
70	673.6666666666666	0.0
80	534.6666666666666	0.0
90	1003.6666666666666	0.0
100	1023.3333333333334	0.0
110	1010.6666666666666	0.0
120	1141.6666666666667	0.0
130	1178.3333333333333	0.0
140	1479.0	0.0
150	1403.6666666666667	0.0
160	1485.6666666666667	0.0
170	1688.3333333333333	0.0
180	2067.0	0.0
190	1871.3333333333333	0.0
200	2058.6666666666665	0.0
210	2189.6666666666665	0.0
220	2146.0	0.0
230	1945.3333333333333	0.0
240	2233.0	0.0
250	2227.0	0.0
260	2309.3333333333335	0.0
270	1858.0	0.0
280	2260.3333333333335	0.0
290	2205.3333333333335	0.0
300	2278.3333333333335	0.0
310	2048.0	0.0
320	2237.5	0.0
330	2115.3333333333335	0.0
340	2202.3333333333335	0.0
350	2558.3333333333335	0.0
360	2514.3333333333335	0.0
370	2336.6666666666665	0.0
380	2362.6666666666665	0.0
390	2734.6666666666665	0.0
400	2680.6666666666665	0.0
410	2774.0	0.0
420	2202.1666666666665	0.0
430	2573.0	0.0
440	2563.1666666666665	0.0
450	2467.3333333333335	0.0
460	2622.3333333333335	0.0
470	2414.3333333333335	0.0
480	2568.0	0.0
490	2524.0	0.0
500	2579.5	0.0
510	2414.6666666666665	0.0
520	2679.5	0.0
530	2484.6666666666665	0.0
540	2498.3333333333335	0.0
550	2428.6666666666665	0.0
560	2468.3333333333335	0.0
570	2323.3333333333335	0.0
580	2652.3333333333335	0.0
590	2502.6666666666665	0.0
600	2540.3333333333335	0.0
610	2540.0	0.0
620	2553.6666666666665	0.0
630	2302.0	0.0
640	2558.0	0.0
650	2145.0	0.0
660	2148.1666666666665	0.0
670	2469.1666666666665	0.0
680	2758.0	0.0
690	2346.3333333333335	0.0
700	2804.6666666666665	0.0
710	2718.3333333333335	0.0
720	3068.1666666666665	0.0
730	2902.5	0.0
740	2499.0	0.0
750	2693.0	0.0
760	2049.3333333333335	0.0
770	2503.5	0.0
780	2822.8333333333335	0.0
790	2896.0	0.0
800	2853.0	0.0
810	2746.5	0.0
820	2508.3333333333335	0.0
830	3081.1666666666665	0.0
840	2483.8333333333335	0.0
850	2807.6666666666665	0.0
860	2798.6666666666665	0.0
870	2866.5	0.0
880	2485.0	0.0
890	2844.3333333333335	0.0
900	2468.0	0.0
910	2756.0	0.0
920	2748.3333333333335	0.0
930	2727.3333333333335	0.0
940	2936.5	0.0
950	2094.6666666666665	0.0
960	2409.0	0.0
970	2443.3333333333335	0.0
980	1790.3333333333333	0.0
990	2350.6666666666665	0.0
1000	2702.1666666666665	0.0
