0	252.33333333333334	0.0
10	72.33333333333333	315.0
20	81.66666666666667	448.0
30	82.33333333333333	237.0
40	72.66666666666667	0.0
50	70.66666666666667	0.0
60	70.0	0.0
70	70.0	0.0
80	70.0	0.0
90	70.0	0.0
100	70.0	0.0
110	70.0	0.0
120	70.0	0.0
130	71.0	0.0
140	100.0	0.0
150	124.33333333333333	0.0
160	118.0	0.0
170	187.33333333333334	0.0
180	127.33333333333333	0.0
190	428.0	0.0
200	432.3333333333333	0.0
210	302.3333333333333	0.0
220	1327.6666666666667	0.0
230	1840.6666666666667	0.0
240	324.3333333333333	0.0
250	502.3333333333333	0.0
260	1169.3333333333333	0.0
270	1026.0	0.0
280	1167.0	0.0
290	1787.3333333333333	0.0
300	1847.6666666666667	0.0
310	1415.3333333333333	0.0
320	1235.6666666666667	0.0
330	1292.3333333333333	0.0
340	1550.6666666666667	0.0
350	1748.3333333333333	0.0
360	1418.0	0.0
370	1539.0	0.0
380	1936.0	0.0
390	2148.0	0.0
400	1982.0	0.0
410	2213.1666666666665	0.0
420	2253.0	0.0
430	2349.3333333333335	0.0
440	2227.3333333333335	0.0
450	2558.0	0.0
460	2638.8333333333335	0.0
470	2559.6666666666665	0.0
480	2691.0	0.0
490	2618.3333333333335	0.0
500	2481.5	0.0
510	2617.8333333333335	0.0
520	2190.0	0.0
530	2885.6666666666665	0.0
540	2452.3333333333335	0.0
550	2347.6666666666665	0.0
560	2526.5	0.0
570	2643.5	0.0
580	2655.1666666666665	0.0
590	2455.3333333333335	0.0
600	2591.3333333333335	0.0
610	2603.5	0.0
620	2666.6666666666665	0.0
630	2508.0	0.0
640	2579.6666666666665	0.0
650	2512.8333333333335	0.0
660	2881.5	0.0
670	2393.1666666666665	0.0
680	2521.0	0.0
690	2437.3333333333335	0.0
700	2720.0	0.0
710	2495.3333333333335	0.0
720	2654.3333333333335	0.0
730	2544.0	0.0
740	2596.1666666666665	0.0
750	2526.6666666666665	0.0
760	2440.3333333333335	0.0
770	2468.0	0.0
780	2518.1666666666665	0.0
790	2579.6666666666665	0.0
800	2538.5	0.0
810	2044.6666666666667	0.0
820	2132.5	0.0
830	2653.0	0.0
840	2111.1666666666665	0.0
850	1662.3333333333333	0.0
860	2287.6666666666665	0.0
870	1940.6666666666667	0.0
880	1911.6666666666667	0.0
890	2781.3333333333335	0.0
900	1887.1666666666667	0.0
910	2020.0	0.0
920	2357.0	0.0
930	2066.6666666666665	0.0
940	1795.3333333333333	0.0
950	2075.6666666666665	0.0
960	1676.8333333333333	0.0
970	1825.6666666666667	0.0
980	2218.3333333333335	0.0
990	2582.3333333333335	0.0
1000	2618.8333333333335	0.0
