0	237.33333333333334	0.0
10	142.66666666666666	447.0
20	100.66666666666667	385.0
30	100.66666666666667	168.0
40	90.33333333333333	0.0
50	92.66666666666667	0.0
60	98.33333333333333	0.0
70	97.33333333333333	0.0
80	93.33333333333333	0.0
90	92.33333333333333	0.0
100	93.66666666666667	0.0
110	194.66666666666666	0.0
120	186.33333333333334	0.0
130	147.0	0.0
140	1311.3333333333333	0.0
150	536.6666666666666	0.0
160	240.33333333333334	0.0
170	204.66666666666666	0.0
180	1614.0	0.0
190	1264.6666666666667	0.0
200	1161.3333333333333	0.0
210	1626.3333333333333	0.0
220	1765.3333333333333	0.0
230	2111.3333333333335	0.0
240	2072.6666666666665	0.0
250	2374.6666666666665	0.0
260	2191.6666666666665	0.0
270	1997.6666666666667	0.0
280	2040.3333333333333	0.0
290	2077.3333333333335	0.0
300	2245.3333333333335	0.0
310	2066.3333333333335	0.0
320	1984.6666666666667	0.0
330	2429.1666666666665	0.0
340	2216.6666666666665	0.0
350	1986.0	0.0
360	2068.5	0.0
370	2342.8333333333335	0.0
380	2355.3333333333335	0.0
390	2446.6666666666665	0.0
400	2159.0	0.0
410	2438.8333333333335	0.0
420	2509.1666666666665	0.0
430	2497.5	0.0
440	2631.6666666666665	0.0
450	2594.8333333333335	0.0
460	2838.3333333333335	0.0
470	2521.6666666666665	0.0
480	2387.3333333333335	0.0
490	2327.8333333333335	0.0
500	2341.0	0.0
510	2559.0	0.0
520	2460.6666666666665	0.0
530	2422.6666666666665	0.0
540	2577.1666666666665	0.0
550	2570.1666666666665	0.0
560	2712.3333333333335	0.0
570	2639.0	0.0
580	2691.0	0.0
590	2438.3333333333335	0.0
600	2737.3333333333335	0.0
610	2398.5	0.0
620	2673.1666666666665	0.0
630	2463.0	0.0
640	2640.3333333333335	0.0
650	2517.0	0.0
660	2477.6666666666665	0.0
670	2495.3333333333335	0.0
680	2404.8333333333335	0.0
690	2312.0	0.0
700	2424.6666666666665	0.0
710	2557.0	0.0
720	2256.3333333333335	0.0
730	2648.1666666666665	0.0
740	2582.8333333333335	0.0
750	2033.0	0.0
760	2155.3333333333335	0.0
770	2466.6666666666665	0.0
780	2042.6666666666667	0.0
790	2521.6666666666665	0.0
800	2067.5	0.0
810	2123.6666666666665	0.0
820	2355.6666666666665	0.0
830	2478.8333333333335	0.0
840	1785.1666666666667	0.0
850	2484.3333333333335	0.0
860	2439.8333333333335	0.0
870	1910.1666666666667	0.0
880	2408.6666666666665	0.0
890	2407.8333333333335	0.0
900	2236.3333333333335	0.0
910	1603.6666666666667	0.0
920	2318.0	0.0
930	2374.0	0.0
940	2296.6666666666665	0.0
950	2263.1666666666665	0.0
960	2512.5	0.0
970	1885.5	0.0
980	1883.0	0.0
990	2062.1666666666665	0.0
1000	2430.0	0.0
