0	265.32222222222225	0.0	0.0
10	2043.9277777777775	0.0	8858.366666666667
20	2037.822222222222	0.8333333333333334	8292.733333333334
30	2086.661111111111	3.7333333333333334	8774.066666666668
40	2110.861111111111	19.5	8828.7
50	2092.6888888888884	38.7	8702.266666666666
60	2182.1999999999994	46.0	9406.1
70	2235.822222222222	45.03333333333333	9151.9
80	2241.2888888888892	33.03333333333333	9450.5
90	2333.7944444444443	21.3	9734.0
100	2402.0944444444444	9.0	9555.933333333332
110	2398.0444444444443	8.633333333333333	9271.666666666666
120	2430.772222222222	2.7333333333333334	9175.133333333333
130	2491.288888888889	3.3333333333333335	8844.566666666668
140	2459.5666666666666	3.1666666666666665	8680.1
150	2524.2	3.433333333333333	9228.466666666667
160	2537.005555555556	2.8333333333333335	9875.333333333334
170	2517.6999999999994	1.7333333333333334	9267.233333333334
180	2603.7000000000003	1.9333333333333333	9761.866666666667
190	2556.8555555555554	3.066666666666667	8803.7
200	2554.0888888888885	2.1	9363.933333333332
210	2500.311111111111	2.0	8686.133333333333
220	2595.15	2.466666666666667	9347.233333333334
230	2543.9333333333334	2.566666666666667	8899.233333333334
240	2548.083333333334	2.3666666666666667	8852.633333333333
250	2615.1277777777773	2.2	9474.766666666666
260	2575.1833333333334	2.7	9733.933333333332
270	2660.6388888888896	2.4	9236.9
280	2644.0833333333335	2.2666666666666666	9687.7
290	2747.494444444444	3.5	9208.933333333332
300	2690.916666666667	3.066666666666667	9593.733333333334
310	2803.144444444444	2.6333333333333333	9453.6
320	2883.7666666666673	2.3666666666666667	9540.133333333333
330	2910.461111111112	4.8	9807.033333333333
340	2999.394444444444	2.1	9277.1
350	2949.7166666666667	4.433333333333334	9907.866666666667
360	3060.0999999999995	3.466666666666667	9395.866666666667
370	3055.922222222222	4.133333333333334	10363.9
380	3228.516666666666	3.9	9725.333333333334
390	3132.2	5.233333333333333	10119.2
400	3143.194444444444	4.9	10315.1
410	3267.2111111111108	5.066666666666666	10295.666666666666
420	3259.316666666667	6.966666666666667	10519.3
430	3314.627777777778	6.733333333333333	10016.933333333332
440	3332.305555555555	6.966666666666667	10131.7
450	3322.872222222222	9.033333333333333	10942.466666666667
460	3438.6	9.766666666666667	10923.733333333334
470	3258.838888888889	9.433333333333334	10542.733333333334
480	3533.4611111111103	8.633333333333333	10811.7
490	3335.922222222222	9.366666666666667	10641.3
500	3468.816666666666	10.2	10540.733333333334
510	3417.7611111111114	13.5	11322.233333333334
520	3414.8055555555557	15.066666666666666	11174.5
530	3509.61111111111	12.4	10474.966666666667
540	3443.511111111111	14.6	10774.5
550	3544.85	14.033333333333333	11038.2
560	3570.438888888889	17.566666666666666	11571.8
570	3497.5944444444444	19.1	11049.6
580	3622.955555555556	18.566666666666666	10687.166666666666
590	3548.8833333333328	17.966666666666665	10402.4
600	3702.661111111112	19.566666666666666	11059.033333333333
610	3635.666666666666	18.266666666666666	10613.433333333332
620	3666.244444444445	20.433333333333334	10988.166666666666
630	3671.5722222222225	24.4	11156.6
640	3776.3611111111118	23.366666666666667	11578.633333333333
650	3694.311111111111	22.866666666666667	11247.033333333333
660	3741.6388888888896	23.366666666666667	11164.066666666668
670	3745.4666666666662	24.633333333333333	11248.433333333332
680	3714.933333333333	21.366666666666667	11097.7
690	3680.733333333333	17.766666666666666	10617.5
700	3667.6277777777777	20.9	11358.4
710	3745.0277777777787	21.533333333333335	11150.133333333333
720	3706.494444444445	23.133333333333333	11264.433333333332
730	3785.261111111111	20.4	10966.366666666667
740	3655.744444444445	21.533333333333335	10956.466666666667
750	3735.433333333334	21.333333333333332	10880.4
760	3743.3611111111113	19.333333333333332	10699.066666666668
770	3711.472222222222	16.166666666666668	11145.6
780	3735.3055555555557	12.4	10445.933333333332
790	3717.655555555555	11.766666666666667	11042.366666666667
800	3732.877777777778	10.766666666666667	10388.9
810	3809.2777777777787	8.2	10588.5
820	3791.7444444444454	8.066666666666666	10272.7
830	3738.405555555556	6.066666666666666	10540.833333333334
840	3782.4499999999994	6.2	10640.233333333334
850	3765.3166666666666	2.466666666666667	10257.166666666666
860	3803.7000000000003	1.5	9943.966666666667
870	3763.255555555556	1.8666666666666667	10242.5
880	3793.688888888888	1.8333333333333333	10260.166666666666
890	3752.044444444444	1.2	10114.766666666666
900	3778.027777777778	1.1666666666666667	10276.066666666668
910	3758.4444444444457	0.8	10177.1
920	3731.0666666666666	1.3	10387.1
930	3774.5500000000006	2.033333333333333	10713.5
940	3797.1000000000004	2.2666666666666666	10220.4
950	3802.6833333333334	1.1666666666666667	9954.066666666668
960	3763.816666666666	0.0	10266.066666666668
970	3828.9777777777786	0.0	10698.2
980	3791.8611111111113	0.0	9790.8
990	3803.916666666667	0.0	10113.233333333334
1000	3811.755555555555	0.0	10464.166666666666
