0	276.3333333333333	0.0	0.0
10	2207.5	0.0	8982.0
20	2271.8333333333335	1.0	8948.0
30	1836.8333333333333	1.0	7175.0
40	1987.8333333333333	3.0	7631.0
50	2032.1666666666667	20.0	7730.0
60	2186.6666666666665	88.0	7551.0
70	2346.0	16.0	8170.0
80	2230.3333333333335	22.0	9685.0
90	2228.5	0.0	6856.0
100	2343.6666666666665	0.0	8698.0
110	2197.6666666666665	2.0	6752.0
120	2281.3333333333335	2.0	7901.0
130	2201.0	7.0	8052.0
140	2415.3333333333335	12.0	9454.0
150	2660.5	1.0	9907.0
160	2321.6666666666665	2.0	10065.0
170	2453.5	0.0	7699.0
180	2644.1666666666665	0.0	9667.0
190	2752.5	0.0	8337.0
200	2356.6666666666665	0.0	11454.0
210	2387.3333333333335	1.0	9218.0
220	2139.5	0.0	8834.0
230	2430.3333333333335	10.0	11806.0
240	2311.6666666666665	2.0	6563.0
250	2902.1666666666665	3.0	11123.0
260	2561.6666666666665	0.0	9079.0
270	2658.0	3.0	9712.0
280	1813.6666666666667	2.0	10192.0
290	2593.1666666666665	0.0	4815.0
300	2319.0	11.0	10974.0
310	2740.1666666666665	1.0	10705.0
320	2701.1666666666665	3.0	6560.0
330	2717.1666666666665	0.0	7248.0
340	2546.1666666666665	1.0	7680.0
350	2578.3333333333335	3.0	11108.0
360	2789.1666666666665	3.0	8314.0
370	2625.1666666666665	1.0	11869.0
380	3173.0	1.0	7692.0
390	3301.5	1.0	8986.0
400	2770.1666666666665	1.0	11832.0
410	2869.6666666666665	0.0	9151.0
420	3481.0	7.0	9250.0
430	3291.5	4.0	8912.0
440	2786.0	9.0	12905.0
450	3437.3333333333335	8.0	11457.0
460	3980.0	0.0	10026.0
470	3578.1666666666665	10.0	11503.0
480	3548.8333333333335	6.0	8788.0
490	3077.1666666666665	9.0	13882.0
500	3515.1666666666665	8.0	8015.0
510	2949.8333333333335	15.0	11293.0
520	3356.0	10.0	8582.0
530	3824.3333333333335	11.0	10174.0
540	2881.8333333333335	8.0	8011.0
550	3507.1666666666665	17.0	12037.0
560	2971.3333333333335	11.0	12706.0
570	3002.6666666666665	21.0	12474.0
580	3051.0	32.0	10613.0
590	3251.6666666666665	11.0	9004.0
600	3714.3333333333335	16.0	9852.0
610	3762.8333333333335	16.0	9946.0
620	3659.5	24.0	12208.0
630	3331.6666666666665	29.0	10928.0
640	3771.3333333333335	36.0	12743.0
650	3814.5	26.0	14671.0
660	4118.5	32.0	11660.0
670	3703.6666666666665	35.0	10070.0
680	3925.1666666666665	25.0	12965.0
690	3687.5	19.0	9245.0
700	3905.8333333333335	25.0	10509.0
710	3817.1666666666665	31.0	12663.0
720	3609.8333333333335	46.0	10004.0
730	3796.6666666666665	34.0	8079.0
740	3848.1666666666665	45.0	11599.0
750	3893.0	29.0	11600.0
760	3706.1666666666665	34.0	14045.0
770	3655.8333333333335	27.0	12173.0
780	3934.6666666666665	30.0	11767.0
790	3666.6666666666665	20.0	11944.0
800	4057.6666666666665	0.0	9607.0
810	3812.1666666666665	0.0	9630.0
820	3981.1666666666665	0.0	10500.0
830	3331.6666666666665	0.0	11306.0
840	3696.3333333333335	0.0	9867.0
850	3914.1666666666665	0.0	9022.0
860	3883.6666666666665	0.0	7429.0
870	3732.0	0.0	11548.0
880	4165.333333333333	0.0	10179.0
890	3852.8333333333335	0.0	9877.0
900	3736.0	0.0	11298.0
910	3794.3333333333335	0.0	11741.0
920	3746.3333333333335	0.0	10246.0
930	3259.6666666666665	0.0	10158.0
940	3859.0	0.0	12390.0
950	3780.3333333333335	0.0	12878.0
960	3858.0	0.0	7982.0
970	3907.6666666666665	0.0	10606.0
980	3672.1666666666665	0.0	8417.0
990	3800.8333333333335	0.0	13434.0
1000	3861.8333333333335	0.0	12852.0
