0	239.0	0.0	0.0
10	1943.3333333333333	0.0	8120.0
20	1946.1666666666667	0.0	9197.0
30	2077.8333333333335	2.0	9656.0
40	2116.1666666666665	13.0	8094.0
50	2105.1666666666665	8.0	8068.0
60	2304.5	46.0	10066.0
70	2290.3333333333335	38.0	9651.0
80	2198.5	69.0	10631.0
90	2548.8333333333335	70.0	12301.0
100	2466.0	0.0	9280.0
110	2561.3333333333335	4.0	9224.0
120	2231.3333333333335	0.0	8045.0
130	2546.0	4.0	7815.0
140	2473.8333333333335	1.0	9035.0
150	2520.3333333333335	1.0	7264.0
160	2354.3333333333335	2.0	10220.0
170	2647.3333333333335	1.0	8930.0
180	2634.8333333333335	3.0	11222.0
190	2785.8333333333335	13.0	9799.0
200	2296.1666666666665	7.0	6446.0
210	2407.8333333333335	3.0	6453.0
220	2552.3333333333335	2.0	7898.0
230	2787.1666666666665	6.0	9865.0
240	2359.5	2.0	10746.0
250	2819.8333333333335	6.0	12233.0
260	2608.6666666666665	3.0	10532.0
270	3285.5	5.0	10070.0
280	3001.3333333333335	7.0	14486.0
290	3144.8333333333335	4.0	10633.0
300	2816.6666666666665	1.0	9753.0
310	3456.5	1.0	10873.0
320	3327.3333333333335	0.0	11033.0
330	3286.0	9.0	11411.0
340	3629.1666666666665	5.0	10690.0
350	3386.8333333333335	18.0	13245.0
360	3452.3333333333335	9.0	8238.0
370	3512.1666666666665	6.0	11647.0
380	3612.6666666666665	18.0	11711.0
390	3143.5	9.0	12571.0
400	3107.0	8.0	12060.0
410	3897.6666666666665	4.0	11232.0
420	3679.0	11.0	11844.0
430	3654.5	16.0	14444.0
440	3440.8333333333335	10.0	9321.0
450	4005.6666666666665	24.0	14063.0
460	3845.5	31.0	13874.0
470	3809.3333333333335	19.0	11590.0
480	3737.0	21.0	11847.0
490	3682.1666666666665	25.0	12384.0
500	3706.8333333333335	16.0	10904.0
510	3584.6666666666665	49.0	14222.0
520	3592.8333333333335	27.0	12282.0
530	3911.5	24.0	8995.0
540	3963.0	19.0	11736.0
550	3462.1666666666665	10.0	9624.0
560	4055.6666666666665	30.0	13752.0
570	3547.3333333333335	34.0	11391.0
580	3878.1666666666665	31.0	12972.0
590	3508.8333333333335	51.0	12546.0
600	3837.0	25.0	14483.0
610	3767.8333333333335	41.0	12225.0
620	3968.8333333333335	35.0	11002.0
630	3525.1666666666665	43.0	11329.0
640	3769.8333333333335	0.0	14148.0
650	3471.3333333333335	0.0	10712.0
660	3659.0	0.0	10349.0
670	3967.0	0.0	6900.0
680	3758.0	0.0	10751.0
690	3859.0	0.0	9170.0
700	3592.1666666666665	0.0	10918.0
710	3658.6666666666665	0.0	11433.0
720	3956.1666666666665	0.0	9498.0
730	3666.0	0.0	10207.0
740	3517.5	0.0	13074.0
750	3946.6666666666665	0.0	10854.0
760	4044.6666666666665	0.0	8532.0
770	3581.0	0.0	12365.0
780	3780.0	0.0	12422.0
790	3817.1666666666665	0.0	10459.0
800	3615.0	0.0	8767.0
810	3709.6666666666665	0.0	8790.0
820	3716.6666666666665	0.0	11968.0
830	3468.6666666666665	0.0	10717.0
840	3318.5	0.0	11368.0
850	4050.5	0.0	9434.0
860	3562.8333333333335	0.0	8855.0
870	3608.5	0.0	7959.0
880	3614.3333333333335	0.0	15036.0
890	3743.1666666666665	0.0	9110.0
900	3528.5	0.0	9061.0
910	3621.6666666666665	0.0	8092.0
920	3567.1666666666665	0.0	9962.0
930	3731.3333333333335	0.0	11909.0
940	3889.8333333333335	0.0	9417.0
950	3811.6666666666665	0.0	11972.0
960	3952.3333333333335	0.0	9767.0
970	3970.1666666666665	0.0	12567.0
980	3856.5	0.0	12195.0
990	3816.5	0.0	10971.0
1000	3575.0	0.0	11059.0
