0	239.0	0.0	0.0
10	2009.0	0.0	8318.0
20	1969.5	0.0	8266.0
30	2079.5	5.0	9532.0
40	2192.8333333333335	13.0	11333.0
50	2072.0	5.0	7726.0
60	2147.5	3.0	8712.0
70	2178.5	11.0	9444.0
80	2441.0	25.0	9019.0
90	2230.1666666666665	41.0	7827.0
100	2416.5	19.0	9434.0
110	2300.5	10.0	6811.0
120	2421.3333333333335	2.0	8690.0
130	2551.5	2.0	6717.0
140	2372.1666666666665	0.0	7329.0
150	2581.1666666666665	9.0	9491.0
160	2742.5	1.0	9820.0
170	2523.3333333333335	1.0	11550.0
180	2856.1666666666665	0.0	8240.0
190	2637.5	2.0	8286.0
200	2826.1666666666665	2.0	7805.0
210	2292.0	2.0	8794.0
220	2877.1666666666665	0.0	11714.0
230	2790.5	0.0	9121.0
240	2700.6666666666665	4.0	7996.0
250	2568.1666666666665	0.0	8880.0
260	2662.3333333333335	22.0	11143.0
270	2804.3333333333335	3.0	5691.0
280	2713.3333333333335	2.0	7193.0
290	2784.5	8.0	9583.0
300	2611.8333333333335	0.0	9102.0
310	2865.8333333333335	2.0	13748.0
320	2498.1666666666665	2.0	7227.0
330	3233.8333333333335	1.0	9285.0
340	2955.1666666666665	3.0	11160.0
350	3202.1666666666665	2.0	7341.0
360	2983.1666666666665	5.0	6965.0
370	2517.1666666666665	1.0	9302.0
380	2803.0	2.0	7985.0
390	3426.8333333333335	3.0	6789.0
400	2582.6666666666665	7.0	13763.0
410	3179.1666666666665	1.0	8820.0
420	2762.1666666666665	4.0	10274.0
430	3590.3333333333335	9.0	11133.0
440	2943.1666666666665	7.0	11681.0
450	2944.5	8.0	9971.0
460	3284.5	9.0	12610.0
470	2978.3333333333335	3.0	11848.0
480	3618.5	6.0	6737.0
490	3036.8333333333335	11.0	10667.0
500	2983.8333333333335	12.0	11562.0
510	3669.5	1.0	11931.0
520	2984.3333333333335	21.0	12097.0
530	3547.5	10.0	7407.0
540	3255.0	12.0	11192.0
550	3545.3333333333335	4.0	13235.0
560	3705.5	11.0	8569.0
570	3414.5	17.0	11244.0
580	3796.8333333333335	12.0	10458.0
590	3743.5	18.0	11736.0
600	4008.3333333333335	17.0	12187.0
610	3950.8333333333335	14.0	8253.0
620	3569.3333333333335	15.0	9791.0
630	3363.1666666666665	15.0	10053.0
640	3820.6666666666665	13.0	9170.0
650	3959.3333333333335	13.0	8917.0
660	3916.8333333333335	27.0	9718.0
670	3831.3333333333335	19.0	9894.0
680	3829.1666666666665	21.0	11065.0
690	3602.0	35.0	11898.0
700	3680.0	34.0	11752.0
710	4028.6666666666665	21.0	10164.0
720	3807.8333333333335	32.0	11620.0
730	3681.1666666666665	44.0	11369.0
740	3928.3333333333335	43.0	11508.0
750	3964.0	50.0	10264.0
760	3828.3333333333335	50.0	10476.0
770	3611.8333333333335	51.0	9977.0
780	3584.8333333333335	54.0	9141.0
790	3878.8333333333335	36.0	11982.0
800	3541.0	0.0	10194.0
810	3817.1666666666665	0.0	12034.0
820	3550.0	0.0	10282.0
830	3709.6666666666665	0.0	11819.0
840	3628.3333333333335	0.0	9752.0
850	3472.0	0.0	10730.0
860	3979.6666666666665	0.0	8360.0
870	4001.0	0.0	9576.0
880	3812.1666666666665	0.0	11364.0
890	3727.5	0.0	9642.0
900	3828.1666666666665	0.0	9682.0
910	3669.6666666666665	0.0	8395.0
920	3941.1666666666665	0.0	9811.0
930	3751.5	0.0	9030.0
940	3963.3333333333335	0.0	8027.0
950	3563.0	0.0	9595.0
960	3620.6666666666665	0.0	9136.0
970	3897.0	0.0	11692.0
980	3419.6666666666665	0.0	8101.0
990	3940.5	0.0	9603.0
1000	4095.3333333333335	0.0	13579.0
