0	256.1555555555555	0.0	0.0	0.0	0.0	0.0	0.0
10	70.0	0.06666666666666667	0.03333333333333333	0.06666666666666667	0.0	0.0	0.06666666666666667
20	70.0	0.13333333333333333	0.1	0.13333333333333333	0.0	0.0	0.13333333333333333
30	70.0	0.9333333333333333	0.8	0.13333333333333333	0.8	0.0	0.13333333333333333
40	70.0	0.06666666666666667	0.03333333333333333	0.06666666666666667	0.0	0.0	0.06666666666666667
50	70.0	0.0	0.0	0.0	0.0	0.0	0.0
60	70.0	0.03333333333333333	0.0	0.03333333333333333	0.0	0.0	0.03333333333333333
70	70.02222222222221	0.0	0.0	0.0	0.0	0.0	0.0
80	70.9888888888889	0.03333333333333333	0.0	0.03333333333333333	0.0	0.0	0.03333333333333333
90	73.7	0.7333333333333333	0.36666666666666664	0.5	0.23333333333333334	0.0	0.5
100	88.98888888888885	0.26666666666666666	0.13333333333333333	0.26666666666666666	0.0	0.0	0.26666666666666666
110	172.86666666666667	2.3	10.4	2.066666666666667	0.5666666666666667	0.23333333333333334	1.7333333333333334
120	222.25555555555556	2.433333333333333	5.566666666666666	2.033333333333333	0.6	0.13333333333333333	1.8333333333333333
130	222.84444444444443	2.2	9.666666666666666	1.6333333333333333	0.7666666666666667	0.13333333333333333	1.4333333333333333
140	242.27777777777774	0.8	8.766666666666667	0.16666666666666666	0.7666666666666667	0.1	0.03333333333333333
150	267.1	1.4333333333333333	11.466666666666667	1.0666666666666667	0.6333333333333333	0.26666666666666666	0.8
160	309.53333333333325	2.5	16.366666666666667	1.9	1.2333333333333334	0.6333333333333333	1.2666666666666666
170	331.3444444444444	1.3666666666666667	21.2	0.9333333333333333	1.1	0.6666666666666666	0.26666666666666666
180	429.28333333333336	1.1333333333333333	15.066666666666666	0.5333333333333333	1.0	0.4	0.13333333333333333
190	520.2666666666667	1.3333333333333333	19.133333333333333	0.9	1.0333333333333334	0.6	0.3
200	764.1722222222222	1.3333333333333333	26.833333333333332	1.1666666666666667	1.0	0.8	0.3333333333333333
210	943.0388888888888	1.3333333333333333	35.4	1.0	1.1333333333333333	0.8	0.2
220	1096.6333333333334	3.933333333333333	44.833333333333336	3.8	1.2333333333333334	1.0333333333333334	2.7
230	1383.2111111111112	3.4	31.266666666666666	3.6333333333333333	0.7333333333333333	0.9666666666666667	2.6666666666666665
240	1601.85	2.8333333333333335	44.13333333333333	3.433333333333333	0.8666666666666667	1.4333333333333333	1.9666666666666666
250	1933.0166666666667	2.2333333333333334	44.46666666666667	2.8666666666666667	0.6333333333333333	1.2	1.6
260	2037.6000000000001	2.5	61.43333333333333	3.2333333333333334	0.7	1.4333333333333333	1.8
270	2125.8444444444444	8.533333333333333	79.7	9.766666666666667	1.0666666666666667	2.2333333333333334	7.466666666666667
280	2194.2	4.6	72.83333333333333	6.466666666666667	0.5	2.3666666666666667	4.1
290	2238.505555555555	6.633333333333334	62.666666666666664	8.266666666666667	0.5333333333333333	2.1333333333333333	6.1
300	2291.2166666666667	6.433333333333334	66.63333333333334	7.5	0.7	1.7333333333333334	5.733333333333333
310	2300.366666666667	1.7333333333333334	71.03333333333333	4.1	0.26666666666666666	2.566666666666667	1.4666666666666666
320	2361.6111111111113	2.7666666666666666	74.43333333333334	4.166666666666667	0.4666666666666667	1.8333333333333333	2.3
330	2319.022222222222	3.066666666666667	96.7	5.2	0.5	2.6	2.566666666666667
340	2321.55	8.633333333333333	69.8	10.266666666666667	0.43333333333333335	2.033333333333333	8.2
350	2384.65	1.8666666666666667	57.93333333333333	3.1333333333333333	0.23333333333333334	1.4333333333333333	1.6333333333333333
360	2289.961111111111	2.966666666666667	61.7	4.6	0.3333333333333333	1.9333333333333333	2.6333333333333333
370	2363.7777777777783	2.5	67.03333333333333	4.433333333333334	0.2	2.1	2.3
380	2333.483333333334	2.4	68.23333333333333	4.4	0.3	2.2666666666666666	2.1
390	2305.2	1.8666666666666667	54.2	3.6	0.1	1.8333333333333333	1.7666666666666666
400	2384.8111111111116	1.7333333333333334	76.53333333333333	3.533333333333333	0.06666666666666667	1.8666666666666667	1.6666666666666667
410	2261.727777777778	1.3333333333333333	59.53333333333333	2.466666666666667	0.23333333333333334	1.3333333333333333	1.1
420	2266.861111111111	0.8666666666666667	64.53333333333333	2.533333333333333	0.16666666666666666	1.8333333333333333	0.7
430	2128.7833333333333	1.1333333333333333	65.73333333333333	2.5	0.3	1.6666666666666667	0.8333333333333334
440	2113.4444444444443	3.5	63.766666666666666	4.866666666666666	0.5	1.8333333333333333	3.0
450	2110.0555555555557	2.933333333333333	79.26666666666667	4.3	0.5333333333333333	1.8666666666666667	2.4
460	2094.2722222222224	3.6666666666666665	93.2	5.9	0.5333333333333333	2.7333333333333334	3.1333333333333333
470	2061.4333333333334	1.6666666666666667	93.93333333333334	4.166666666666667	0.4666666666666667	2.9	1.2
480	2024.7833333333333	3.466666666666667	68.83333333333333	4.9	0.4	1.8333333333333333	3.066666666666667
490	2089.616666666667	3.2666666666666666	65.56666666666666	4.6	0.5333333333333333	1.8666666666666667	2.7333333333333334
500	2067.238888888889	3.2	95.63333333333334	5.266666666666667	0.7	2.6666666666666665	2.5
510	2103.6888888888893	4.533333333333333	76.03333333333333	5.866666666666666	0.9666666666666667	2.2	3.566666666666667
520	2060.1944444444443	1.9	87.2	3.533333333333333	0.7666666666666667	2.4	1.1333333333333333
530	2060.3888888888887	3.2	84.76666666666667	4.733333333333333	0.7333333333333333	2.2666666666666666	2.466666666666667
540	2002.4388888888889	2.4	85.23333333333333	4.3	0.9	2.8	1.5
550	2025.077777777778	2.033333333333333	86.5	3.7	0.9	2.566666666666667	1.1333333333333333
560	2042.9555555555557	1.7666666666666666	104.5	4.033333333333333	1.0	3.2333333333333334	0.7666666666666667
570	2047.0666666666668	2.033333333333333	117.6	4.7	1.0	3.6333333333333333	1.0333333333333334
580	2108.2944444444443	1.6333333333333333	93.06666666666666	3.1666666666666665	0.8666666666666667	2.4	0.7666666666666667
590	2059.6944444444443	2.2333333333333334	88.43333333333334	3.8	0.8	2.3333333333333335	1.4333333333333333
600	2103.188888888889	1.6333333333333333	111.36666666666666	3.7	1.1	3.066666666666667	0.5333333333333333
610	2189.616666666667	2.3666666666666667	100.16666666666667	4.6	0.8666666666666667	3.066666666666667	1.5
620	2081.7666666666664	2.8666666666666667	101.73333333333333	4.9	0.6666666666666666	2.7	2.2
630	2204.1	2.4	109.43333333333334	5.1	0.7666666666666667	3.433333333333333	1.6333333333333333
640	2186.3444444444444	3.4	76.83333333333333	4.8	0.6333333333333333	2.0	2.7666666666666666
650	2117.027777777778	2.2	120.0	5.133333333333334	0.9	3.7666666666666666	1.3
660	2178.2888888888892	2.033333333333333	85.23333333333333	4.2	0.3	2.466666666666667	1.7333333333333334
670	2240.2888888888897	1.3666666666666667	89.96666666666667	3.566666666666667	0.3333333333333333	2.466666666666667	1.0333333333333334
680	2191.0444444444443	1.1333333333333333	67.4	3.2666666666666666	0.2	2.3333333333333335	0.9333333333333333
690	2131.244444444444	1.9	104.16666666666667	4.633333333333334	0.5333333333333333	3.2	1.3666666666666667
700	2239.483333333333	2.9	61.63333333333333	4.3	0.36666666666666664	1.7666666666666666	2.533333333333333
710	2238.2833333333333	1.0333333333333334	71.66666666666667	2.7333333333333334	0.16666666666666666	1.8666666666666667	0.8666666666666667
720	2237.7611111111105	1.3333333333333333	84.06666666666666	3.6333333333333333	0.3333333333333333	2.6	1.0
730	2237.3333333333335	1.5	71.3	3.2	0.4	2.066666666666667	1.1
740	2218.7111111111108	2.3333333333333335	105.76666666666667	5.3	0.7333333333333333	3.6666666666666665	1.6
750	2206.777777777777	1.6333333333333333	93.46666666666667	3.8	0.5666666666666667	2.7333333333333334	1.0666666666666667
760	2295.861111111111	1.1	84.53333333333333	3.033333333333333	0.4666666666666667	2.4	0.6333333333333333
770	2157.3722222222227	1.9666666666666666	109.73333333333333	4.433333333333334	0.43333333333333335	2.8666666666666667	1.5333333333333334
780	2253.022222222222	2.8	86.93333333333334	4.966666666666667	0.1	2.2333333333333334	2.7
790	2247.755555555556	1.5333333333333334	87.7	3.433333333333333	0.6	2.5	0.9333333333333333
800	2232.2888888888892	1.5333333333333334	81.7	3.2666666666666666	0.16666666666666666	1.9	1.3666666666666667
810	2275.0944444444453	2.1333333333333333	107.5	4.8	0.2	2.8	1.9333333333333333
820	2288.2055555555557	2.533333333333333	75.73333333333333	4.533333333333333	0.23333333333333334	2.1333333333333333	2.3
830	2318.483333333333	1.3666666666666667	103.3	4.166666666666667	0.2	2.933333333333333	1.1666666666666667
840	2317.983333333334	1.8666666666666667	88.0	4.033333333333333	0.3333333333333333	2.5	1.5333333333333334
850	2219.3388888888894	4.1	90.6	6.6	0.26666666666666666	2.7666666666666666	3.8333333333333335
860	2250.288888888889	0.9333333333333333	81.3	2.7666666666666666	0.23333333333333334	2.033333333333333	0.7
870	2152.7833333333333	1.3666666666666667	101.9	4.0	0.26666666666666666	2.8333333333333335	1.1
880	2227.9777777777776	1.3666666666666667	78.03333333333333	3.3666666666666667	0.3	2.2333333333333334	1.0666666666666667
890	2224.488888888888	1.6	77.06666666666666	3.7666666666666666	0.13333333333333333	2.2666666666666666	1.4666666666666666
900	2329.6277777777777	1.2333333333333334	75.56666666666666	2.9	0.2	1.8666666666666667	1.0333333333333334
910	2268.922222222222	1.3	89.9	3.8666666666666667	0.5	3.033333333333333	0.8
920	2264.7166666666676	1.1666666666666667	71.13333333333334	2.933333333333333	0.23333333333333334	1.9666666666666666	0.9333333333333333
930	2267.25	1.3333333333333333	104.43333333333334	3.9	0.4	2.933333333333333	0.9333333333333333
940	2335.2888888888892	1.3333333333333333	97.63333333333334	3.533333333333333	0.36666666666666664	2.5	0.9666666666666667
950	2283.55	4.3	96.73333333333333	6.666666666666667	0.4666666666666667	2.7666666666666666	3.8333333333333335
960	2221.7000000000003	2.3333333333333335	96.4	4.233333333333333	0.5	2.3666666666666667	1.8333333333333333
970	2248.2222222222217	0.9333333333333333	86.2	3.3666666666666667	0.2	2.6	0.7333333333333333
980	2272.3777777777786	1.7333333333333334	116.36666666666666	4.733333333333333	0.26666666666666666	3.2666666666666666	1.4666666666666666
990	2267.15	2.8	91.4	5.0	0.16666666666666666	2.3666666666666667	2.6333333333333333
1000	2204.9555555555553	1.3666666666666667	107.2	4.333333333333333	0.2	3.1333333333333333	1.1666666666666667
