0	300.3333333333333	0.0	0.0	0.0	0.0	0.0	0.0
10	70.0	0.0	0.0	0.0	0.0	0.0	0.0
20	70.0	0.0	0.0	0.0	0.0	0.0	0.0
30	70.0	0.0	0.0	0.0	0.0	0.0	0.0
40	70.0	0.0	0.0	0.0	0.0	0.0	0.0
50	70.0	0.0	0.0	0.0	0.0	0.0	0.0
60	70.0	0.0	0.0	0.0	0.0	0.0	0.0
70	70.0	0.0	0.0	0.0	0.0	0.0	0.0
80	70.66666666666667	0.0	0.0	0.0	0.0	0.0	0.0
90	72.66666666666667	0.0	0.0	0.0	0.0	0.0	0.0
100	139.66666666666666	0.0	0.0	0.0	0.0	0.0	0.0
110	80.0	0.0	1.0	0.0	0.0	0.0	0.0
120	113.0	0.0	0.0	0.0	0.0	0.0	0.0
130	352.3333333333333	0.0	0.0	0.0	0.0	0.0	0.0
140	119.33333333333333	1.0	1.0	0.0	1.0	0.0	0.0
150	610.0	0.0	0.0	0.0	0.0	0.0	0.0
160	330.6666666666667	2.0	23.0	2.0	1.0	1.0	1.0
170	216.33333333333334	3.0	53.0	2.0	3.0	2.0	0.0
180	106.0	3.0	37.0	2.0	3.0	2.0	0.0
190	269.3333333333333	0.0	0.0	0.0	0.0	0.0	0.0
200	440.6666666666667	1.0	6.0	0.0	1.0	0.0	0.0
210	731.3333333333334	1.0	28.0	2.0	1.0	2.0	0.0
220	733.0	4.0	80.0	3.0	1.0	0.0	3.0
230	1389.6666666666667	0.0	35.0	2.0	0.0	2.0	0.0
240	1858.3333333333333	0.0	0.0	0.0	0.0	0.0	0.0
250	2379.6666666666665	1.0	49.0	0.0	1.0	0.0	0.0
260	2153.0	5.0	68.0	6.0	1.0	2.0	4.0
270	2109.5	1.0	304.0	6.0	1.0	5.0	0.0
280	2255.0	0.0	5.0	0.0	0.0	0.0	0.0
290	2315.0	0.0	7.0	0.0	0.0	0.0	0.0
300	2432.3333333333335	4.0	59.0	6.0	1.0	2.0	3.0
310	2199.3333333333335	0.0	29.0	1.0	0.0	1.0	0.0
320	2379.5	0.0	7.0	0.0	0.0	0.0	0.0
330	2283.0	2.0	51.0	0.0	2.0	0.0	0.0
340	2711.1666666666665	0.0	25.0	1.0	0.0	1.0	0.0
350	2403.3333333333335	1.0	3.0	1.0	0.0	0.0	1.0
360	2376.0	2.0	56.0	3.0	2.0	3.0	0.0
370	2163.3333333333335	0.0	9.0	0.0	0.0	0.0	0.0
380	2288.3333333333335	0.0	204.0	13.0	0.0	13.0	0.0
390	2458.0	1.0	23.0	3.0	0.0	2.0	1.0
400	2762.0	0.0	16.0	1.0	0.0	1.0	0.0
410	1799.0	1.0	148.0	4.0	0.0	3.0	1.0
420	2324.6666666666665	1.0	39.0	2.0	0.0	1.0	1.0
430	2148.6666666666665	8.0	70.0	8.0	3.0	3.0	5.0
440	2215.1666666666665	2.0	59.0	0.0	2.0	0.0	0.0
450	1849.3333333333333	3.0	101.0	3.0	2.0	2.0	1.0
460	1944.1666666666667	3.0	119.0	5.0	3.0	5.0	0.0
470	2365.5	4.0	140.0	3.0	4.0	3.0	0.0
480	1566.3333333333333	0.0	52.0	3.0	0.0	3.0	0.0
490	1939.1666666666667	2.0	68.0	2.0	1.0	1.0	1.0
500	1510.6666666666667	4.0	123.0	6.0	3.0	5.0	1.0
510	2129.8333333333335	3.0	82.0	4.0	2.0	2.0	1.0
520	1499.6666666666667	3.0	51.0	6.0	0.0	3.0	3.0
530	1630.1666666666667	0.0	40.0	1.0	0.0	1.0	0.0
540	1731.1666666666667	2.0	125.0	7.0	2.0	7.0	0.0
550	2164.3333333333335	4.0	140.0	10.0	2.0	8.0	2.0
560	2237.0	4.0	151.0	6.0	4.0	6.0	0.0
570	1936.5	1.0	22.0	0.0	1.0	0.0	0.0
580	1683.6666666666667	2.0	109.0	2.0	1.0	1.0	1.0
590	1808.6666666666667	4.0	145.0	7.0	3.0	6.0	1.0
600	1996.3333333333333	2.0	94.0	5.0	2.0	4.0	0.0
610	2177.1666666666665	5.0	195.0	6.0	1.0	2.0	4.0
620	1856.0	3.0	104.0	2.0	2.0	1.0	1.0
630	1732.6666666666667	1.0	74.0	5.0	0.0	4.0	1.0
640	2269.6666666666665	0.0	33.0	0.0	0.0	0.0	0.0
650	2078.3333333333335	1.0	92.0	4.0	1.0	3.0	0.0
660	2609.5	1.0	49.0	5.0	0.0	4.0	1.0
670	2306.3333333333335	2.0	108.0	6.0	1.0	4.0	1.0
680	2333.5	1.0	90.0	5.0	0.0	4.0	1.0
690	2361.3333333333335	0.0	68.0	2.0	0.0	2.0	0.0
700	2351.6666666666665	0.0	14.0	0.0	0.0	0.0	0.0
710	2586.8333333333335	1.0	30.0	2.0	0.0	1.0	1.0
720	2607.6666666666665	0.0	62.0	2.0	0.0	2.0	0.0
730	2457.5	1.0	0.0	1.0	0.0	0.0	1.0
740	2748.6666666666665	0.0	36.0	2.0	0.0	2.0	0.0
750	2418.6666666666665	0.0	0.0	0.0	0.0	0.0	0.0
760	2387.0	0.0	123.0	2.0	0.0	2.0	0.0
770	2198.6666666666665	0.0	23.0	1.0	0.0	1.0	0.0
780	2340.0	0.0	16.0	1.0	0.0	1.0	0.0
790	2416.6666666666665	0.0	172.0	5.0	0.0	5.0	0.0
800	2286.6666666666665	2.0	93.0	6.0	0.0	4.0	2.0
810	2406.0	1.0	155.0	3.0	0.0	2.0	1.0
820	2373.3333333333335	0.0	66.0	2.0	0.0	2.0	0.0
830	2507.8333333333335	2.0	200.0	4.0	0.0	2.0	2.0
840	2338.1666666666665	2.0	44.0	4.0	0.0	2.0	2.0
850	2511.6666666666665	2.0	75.0	5.0	0.0	3.0	2.0
860	2508.1666666666665	1.0	53.0	2.0	0.0	1.0	1.0
870	2322.3333333333335	0.0	20.0	2.0	0.0	2.0	0.0
880	2335.6666666666665	0.0	1.0	0.0	0.0	0.0	0.0
890	2387.0	0.0	40.0	3.0	0.0	3.0	0.0
900	2187.6666666666665	0.0	87.0	2.0	0.0	2.0	0.0
910	2208.0	3.0	133.0	9.0	1.0	7.0	2.0
920	2432.0	1.0	46.0	1.0	0.0	0.0	1.0
930	2127.0	0.0	13.0	1.0	0.0	1.0	0.0
940	2676.3333333333335	2.0	88.0	3.0	0.0	1.0	2.0
950	2575.6666666666665	0.0	34.0	1.0	0.0	1.0	0.0
960	2745.3333333333335	0.0	95.0	4.0	0.0	4.0	0.0
970	2166.8333333333335	0.0	127.0	1.0	0.0	1.0	0.0
980	2543.3333333333335	0.0	172.0	5.0	0.0	5.0	0.0
990	2147.6666666666665	0.0	75.0	2.0	0.0	2.0	0.0
1000	2417.6666666666665	2.0	98.0	8.0	0.0	6.0	2.0
