0	262.0	0.0	0.0	0.0	0.0	0.0	0.0
10	70.0	0.0	0.0	0.0	0.0	0.0	0.0
20	70.0	0.0	0.0	0.0	0.0	0.0	0.0
30	70.0	0.0	0.0	0.0	0.0	0.0	0.0
40	70.0	0.0	0.0	0.0	0.0	0.0	0.0
50	70.0	0.0	0.0	0.0	0.0	0.0	0.0
60	70.0	0.0	0.0	0.0	0.0	0.0	0.0
70	70.0	0.0	0.0	0.0	0.0	0.0	0.0
80	74.0	0.0	0.0	0.0	0.0	0.0	0.0
90	72.33333333333333	0.0	0.0	0.0	0.0	0.0	0.0
100	98.0	0.0	0.0	0.0	0.0	0.0	0.0
110	164.66666666666666	0.0	0.0	0.0	0.0	0.0	0.0
120	373.0	2.0	32.0	0.0	2.0	0.0	0.0
130	348.0	0.0	0.0	0.0	0.0	0.0	0.0
140	278.3333333333333	2.0	12.0	0.0	2.0	0.0	0.0
150	304.6666666666667	1.0	7.0	2.0	1.0	2.0	0.0
160	388.0	1.0	7.0	0.0	1.0	0.0	0.0
170	162.0	1.0	26.0	0.0	1.0	0.0	0.0
180	157.66666666666666	2.0	10.0	1.0	2.0	1.0	0.0
190	374.6666666666667	1.0	12.0	1.0	1.0	1.0	0.0
200	241.33333333333334	0.0	1.0	0.0	0.0	0.0	0.0
210	298.6666666666667	3.0	51.0	0.0	3.0	0.0	0.0
220	394.0	1.0	30.0	1.0	1.0	1.0	0.0
230	1012.3333333333334	2.0	41.0	2.0	2.0	2.0	0.0
240	1211.0	0.0	32.0	0.0	0.0	0.0	0.0
250	2131.0	1.0	54.0	2.0	1.0	2.0	0.0
260	2437.0	0.0	8.0	0.0	0.0	0.0	0.0
270	2276.6666666666665	1.0	15.0	2.0	0.0	1.0	1.0
280	1973.3333333333333	0.0	56.0	0.0	0.0	0.0	0.0
290	2234.3333333333335	2.0	60.0	5.0	0.0	3.0	2.0
300	2459.5	0.0	0.0	1.0	0.0	1.0	0.0
310	2341.6666666666665	2.0	105.0	6.0	0.0	4.0	2.0
320	2073.1666666666665	1.0	87.0	3.0	0.0	2.0	1.0
330	2043.6666666666667	22.0	78.0	22.0	1.0	1.0	21.0
340	2218.0	0.0	58.0	3.0	0.0	3.0	0.0
350	2378.1666666666665	1.0	87.0	4.0	0.0	3.0	1.0
360	1639.6666666666667	1.0	62.0	3.0	0.0	2.0	1.0
370	1930.3333333333333	1.0	233.0	11.0	1.0	10.0	0.0
380	2379.1666666666665	0.0	22.0	2.0	0.0	2.0	0.0
390	2595.0	0.0	44.0	1.0	0.0	1.0	0.0
400	2486.0	0.0	23.0	2.0	0.0	2.0	0.0
410	2577.8333333333335	3.0	18.0	3.0	0.0	0.0	3.0
420	2383.8333333333335	1.0	33.0	1.0	0.0	0.0	1.0
430	1795.1666666666667	1.0	43.0	2.0	0.0	1.0	1.0
440	1856.6666666666667	1.0	34.0	2.0	0.0	1.0	1.0
450	2167.8333333333335	2.0	51.0	4.0	0.0	2.0	2.0
460	2152.3333333333335	20.0	175.0	20.0	1.0	1.0	19.0
470	2628.5	5.0	126.0	12.0	1.0	7.0	4.0
480	1741.6666666666667	0.0	1.0	0.0	0.0	0.0	0.0
490	2087.0	0.0	0.0	0.0	0.0	0.0	0.0
500	1847.3333333333333	1.0	108.0	2.0	1.0	2.0	0.0
510	2520.6666666666665	1.0	41.0	4.0	0.0	3.0	1.0
520	2459.6666666666665	2.0	30.0	3.0	0.0	1.0	2.0
530	2577.6666666666665	1.0	58.0	3.0	0.0	2.0	1.0
540	1365.3333333333333	0.0	118.0	2.0	0.0	2.0	0.0
550	2225.8333333333335	0.0	25.0	0.0	0.0	0.0	0.0
560	1736.6666666666667	1.0	32.0	3.0	0.0	2.0	1.0
570	1772.3333333333333	6.0	289.0	11.0	1.0	6.0	5.0
580	2234.8333333333335	8.0	119.0	14.0	0.0	6.0	8.0
590	2197.0	0.0	0.0	0.0	0.0	0.0	0.0
600	2240.1666666666665	2.0	177.0	4.0	2.0	4.0	0.0
610	2017.5	15.0	109.0	16.0	2.0	3.0	13.0
620	1834.6666666666667	4.0	184.0	8.0	2.0	6.0	2.0
630	1995.3333333333333	4.0	261.0	13.0	1.0	10.0	3.0
640	1974.1666666666667	4.0	80.0	7.0	1.0	4.0	3.0
650	1657.8333333333333	2.0	173.0	6.0	1.0	5.0	1.0
660	2200.0	9.0	102.0	11.0	1.0	3.0	8.0
670	2416.0	0.0	0.0	0.0	0.0	0.0	0.0
680	2068.1666666666665	1.0	59.0	2.0	0.0	1.0	1.0
690	2571.1666666666665	2.0	116.0	6.0	0.0	4.0	2.0
700	2390.6666666666665	2.0	43.0	3.0	0.0	1.0	2.0
710	2686.8333333333335	2.0	51.0	2.0	0.0	0.0	2.0
720	2436.3333333333335	0.0	61.0	2.0	0.0	2.0	0.0
730	2137.8333333333335	0.0	51.0	0.0	0.0	0.0	0.0
740	2647.1666666666665	0.0	1.0	0.0	0.0	0.0	0.0
750	2363.3333333333335	0.0	38.0	1.0	0.0	1.0	0.0
760	2415.6666666666665	2.0	44.0	3.0	0.0	1.0	2.0
770	1791.8333333333333	2.0	40.0	3.0	0.0	1.0	2.0
780	2243.5	2.0	110.0	3.0	0.0	1.0	2.0
790	1860.1666666666667	2.0	48.0	3.0	0.0	1.0	2.0
800	1764.3333333333333	1.0	63.0	3.0	0.0	2.0	1.0
810	2512.1666666666665	1.0	22.0	2.0	0.0	1.0	1.0
820	2445.5	6.0	167.0	9.0	1.0	3.0	5.0
830	2823.5	7.0	88.0	7.0	0.0	0.0	7.0
840	2590.6666666666665	1.0	33.0	1.0	0.0	0.0	1.0
850	2387.0	1.0	123.0	3.0	0.0	2.0	1.0
860	2556.0	0.0	63.0	2.0	0.0	2.0	0.0
870	2595.3333333333335	1.0	175.0	8.0	1.0	7.0	0.0
880	1937.3333333333333	0.0	31.0	2.0	0.0	2.0	0.0
890	1825.8333333333333	3.0	81.0	6.0	0.0	3.0	3.0
900	2568.0	2.0	4.0	2.0	0.0	0.0	2.0
910	2291.6666666666665	1.0	37.0	1.0	1.0	1.0	0.0
920	1809.0	0.0	73.0	1.0	0.0	1.0	0.0
930	2685.6666666666665	1.0	110.0	4.0	0.0	3.0	1.0
940	2779.0	1.0	115.0	4.0	0.0	3.0	1.0
950	2101.0	0.0	203.0	7.0	0.0	7.0	0.0
960	1898.8333333333333	0.0	37.0	1.0	0.0	1.0	0.0
970	2507.6666666666665	1.0	58.0	4.0	1.0	4.0	0.0
980	2141.8333333333335	0.0	45.0	0.0	0.0	0.0	0.0
990	1967.0	10.0	166.0	12.0	1.0	3.0	9.0
1000	1803.6666666666667	2.0	246.0	9.0	0.0	7.0	2.0
