0	237.33333333333334	0.0	0.0	0.0	0.0	0.0	0.0
10	70.0	0.0	0.0	0.0	0.0	0.0	0.0
20	70.0	0.0	0.0	0.0	0.0	0.0	0.0
30	70.0	0.0	0.0	0.0	0.0	0.0	0.0
40	70.0	0.0	0.0	0.0	0.0	0.0	0.0
50	70.0	0.0	0.0	0.0	0.0	0.0	0.0
60	70.0	0.0	0.0	0.0	0.0	0.0	0.0
70	70.0	0.0	0.0	0.0	0.0	0.0	0.0
80	70.0	0.0	0.0	0.0	0.0	0.0	0.0
90	79.66666666666667	0.0	0.0	0.0	0.0	0.0	0.0
100	71.66666666666667	0.0	0.0	0.0	0.0	0.0	0.0
110	110.66666666666667	0.0	0.0	0.0	0.0	0.0	0.0
120	78.33333333333333	0.0	0.0	0.0	0.0	0.0	0.0
130	256.3333333333333	0.0	0.0	0.0	0.0	0.0	0.0
140	334.0	1.0	1.0	0.0	1.0	0.0	0.0
150	309.3333333333333	0.0	0.0	1.0	0.0	1.0	0.0
160	290.6666666666667	1.0	27.0	0.0	1.0	0.0	0.0
170	276.6666666666667	1.0	19.0	9.0	1.0	9.0	0.0
180	163.33333333333334	3.0	1.0	2.0	2.0	0.0	1.0
190	155.0	30.0	40.0	26.0	13.0	8.0	17.0
200	320.6666666666667	0.0	0.0	1.0	0.0	1.0	0.0
210	150.66666666666666	19.0	51.0	15.0	13.0	9.0	6.0
220	284.0	29.0	17.0	29.0	4.0	1.0	25.0
230	447.0	85.0	136.0	81.0	24.0	19.0	61.0
240	907.0	15.0	122.0	22.0	2.0	9.0	13.0
250	1189.6666666666667	44.0	66.0	44.0	4.0	4.0	40.0
260	1548.3333333333333	0.0	307.0	15.0	0.0	15.0	0.0
270	2354.1666666666665	3.0	313.0	15.0	1.0	13.0	2.0
280	2082.3333333333335	1.0	286.0	24.0	0.0	23.0	1.0
290	2114.3333333333335	3.0	198.0	10.0	1.0	8.0	2.0
300	2384.3333333333335	2.0	126.0	15.0	0.0	13.0	2.0
310	2145.6666666666665	10.0	165.0	30.0	0.0	20.0	10.0
320	2315.3333333333335	2.0	365.0	13.0	0.0	11.0	2.0
330	2527.0	2.0	152.0	28.0	1.0	27.0	1.0
340	2114.0	2.0	254.0	22.0	1.0	20.0	1.0
350	2293.0	2.0	184.0	24.0	1.0	23.0	1.0
360	2378.6666666666665	9.0	297.0	11.0	8.0	9.0	1.0
370	2321.3333333333335	2.0	170.0	8.0	2.0	8.0	0.0
380	2520.0	0.0	205.0	4.0	0.0	4.0	0.0
390	2468.0	0.0	195.0	12.0	0.0	12.0	0.0
400	2411.3333333333335	3.0	378.0	19.0	0.0	16.0	3.0
410	2568.6666666666665	4.0	112.0	8.0	1.0	5.0	3.0
420	2474.6666666666665	4.0	229.0	49.0	2.0	47.0	2.0
430	2494.3333333333335	1.0	80.0	3.0	0.0	2.0	1.0
440	994.0	0.0	0.0	1.0	0.0	1.0	0.0
450	1471.6666666666667	34.0	144.0	37.0	1.0	4.0	33.0
460	1506.1666666666667	42.0	101.0	56.0	0.0	14.0	42.0
470	1800.1666666666667	6.0	83.0	11.0	1.0	6.0	5.0
480	1374.8333333333333	0.0	217.0	17.0	0.0	17.0	0.0
490	2008.1666666666667	13.0	147.0	26.0	1.0	14.0	12.0
500	1387.8333333333333	19.0	195.0	25.0	1.0	7.0	18.0
510	1430.1666666666667	32.0	161.0	35.0	0.0	3.0	32.0
520	2090.6666666666665	9.0	25.0	15.0	1.0	7.0	8.0
530	1772.8333333333333	6.0	194.0	12.0	1.0	7.0	5.0
540	1876.8333333333333	21.0	68.0	20.0	10.0	9.0	11.0
550	1781.3333333333333	6.0	149.0	11.0	1.0	6.0	5.0
560	1949.1666666666667	21.0	144.0	35.0	0.0	14.0	21.0
570	1879.3333333333333	43.0	85.0	50.0	2.0	9.0	41.0
580	1713.3333333333333	4.0	248.0	18.0	2.0	16.0	2.0
590	1944.8333333333333	1.0	372.0	23.0	1.0	23.0	0.0
600	1758.5	3.0	180.0	11.0	3.0	10.0	0.0
610	2083.0	13.0	170.0	17.0	3.0	6.0	10.0
620	1298.0	12.0	141.0	15.0	0.0	3.0	12.0
630	2468.5	1.0	123.0	13.0	0.0	12.0	1.0
640	2561.3333333333335	18.0	190.0	25.0	2.0	9.0	16.0
650	2029.0	33.0	367.0	50.0	1.0	18.0	32.0
660	1635.8333333333333	2.0	175.0	5.0	1.0	4.0	1.0
670	2260.6666666666665	65.0	76.0	63.0	5.0	3.0	60.0
680	2374.6666666666665	40.0	204.0	48.0	0.0	8.0	40.0
690	2378.1666666666665	4.0	227.0	7.0	1.0	3.0	3.0
700	2295.0	1.0	238.0	11.0	0.0	10.0	1.0
710	2655.1666666666665	6.0	183.0	14.0	1.0	8.0	5.0
720	2420.3333333333335	1.0	83.0	4.0	1.0	3.0	0.0
730	2278.8333333333335	1.0	175.0	14.0	0.0	13.0	1.0
740	2290.3333333333335	5.0	188.0	5.0	5.0	5.0	0.0
750	2645.3333333333335	1.0	95.0	5.0	0.0	4.0	1.0
760	2403.3333333333335	1.0	197.0	4.0	0.0	3.0	1.0
770	2601.6666666666665	26.0	158.0	28.0	2.0	4.0	24.0
780	2402.5	0.0	183.0	8.0	0.0	8.0	0.0
790	2364.5	6.0	234.0	26.0	3.0	22.0	3.0
800	2465.3333333333335	4.0	111.0	5.0	2.0	3.0	2.0
810	2517.6666666666665	0.0	195.0	4.0	0.0	4.0	0.0
820	1914.3333333333333	4.0	107.0	9.0	0.0	5.0	4.0
830	1923.8333333333333	3.0	173.0	8.0	2.0	7.0	1.0
840	2002.1666666666667	2.0	65.0	4.0	1.0	2.0	1.0
850	2016.0	7.0	284.0	24.0	6.0	19.0	1.0
860	2024.3333333333333	1.0	130.0	13.0	1.0	13.0	0.0
870	2457.1666666666665	2.0	170.0	18.0	1.0	17.0	1.0
880	2357.3333333333335	0.0	111.0	9.0	0.0	9.0	0.0
890	2312.3333333333335	20.0	116.0	32.0	2.0	14.0	18.0
900	2040.8333333333333	18.0	235.0	26.0	0.0	8.0	18.0
910	2119.8333333333335	0.0	104.0	4.0	0.0	4.0	0.0
920	1819.6666666666667	0.0	84.0	9.0	0.0	9.0	0.0
930	2625.5	2.0	171.0	6.0	1.0	5.0	1.0
940	1962.3333333333333	7.0	230.0	10.0	0.0	3.0	7.0
950	2040.5	9.0	230.0	17.0	8.0	11.0	1.0
960	2418.3333333333335	21.0	271.0	24.0	2.0	5.0	19.0
970	2539.3333333333335	1.0	115.0	4.0	0.0	3.0	1.0
980	2528.1666666666665	0.0	115.0	1.0	0.0	1.0	0.0
990	2559.8333333333335	6.0	322.0	13.0	1.0	8.0	5.0
1000	2213.0	0.0	72.0	1.0	0.0	1.0	0.0
