0	258.3333333333333	0.0	0.0	0.0	0.0	0.0	0.0
10	70.0	0.0	0.0	0.0	0.0	0.0	0.0
20	70.0	0.0	0.0	0.0	0.0	0.0	0.0
30	70.0	0.0	0.0	0.0	0.0	0.0	0.0
40	70.0	0.0	0.0	0.0	0.0	0.0	0.0
50	70.0	0.0	0.0	0.0	0.0	0.0	0.0
60	70.0	0.0	0.0	0.0	0.0	0.0	0.0
70	70.33333333333333	0.0	0.0	0.0	0.0	0.0	0.0
80	70.33333333333333	0.0	0.0	0.0	0.0	0.0	0.0
90	71.0	0.0	0.0	0.0	0.0	0.0	0.0
100	98.33333333333333	0.0	0.0	0.0	0.0	0.0	0.0
110	83.66666666666667	0.0	0.0	0.0	0.0	0.0	0.0
120	188.0	1.0	19.0	7.0	1.0	7.0	0.0
130	241.33333333333334	0.0	0.0	0.0	0.0	0.0	0.0
140	187.33333333333334	2.0	2.0	0.0	2.0	0.0	0.0
150	356.3333333333333	0.0	0.0	0.0	0.0	0.0	0.0
160	129.33333333333334	0.0	0.0	2.0	0.0	2.0	0.0
170	413.6666666666667	0.0	0.0	1.0	0.0	1.0	0.0
180	621.6666666666666	18.0	26.0	18.0	0.0	0.0	18.0
190	462.0	0.0	0.0	0.0	0.0	0.0	0.0
200	166.0	43.0	75.0	34.0	15.0	6.0	28.0
210	326.0	2.0	6.0	5.0	1.0	4.0	1.0
220	679.3333333333334	84.0	108.0	66.0	19.0	0.0	65.0
230	350.0	7.0	12.0	11.0	6.0	10.0	1.0
240	1341.3333333333333	10.0	103.0	10.0	1.0	1.0	9.0
250	678.0	66.0	183.0	71.0	2.0	7.0	64.0
260	1274.6666666666667	1.0	177.0	20.0	0.0	19.0	1.0
270	2192.6666666666665	7.0	160.0	12.0	0.0	5.0	7.0
280	2537.0	3.0	133.0	21.0	0.0	18.0	3.0
290	2492.3333333333335	1.0	278.0	26.0	0.0	25.0	1.0
300	2369.6666666666665	14.0	179.0	40.0	2.0	28.0	12.0
310	2010.0	20.0	225.0	25.0	0.0	5.0	20.0
320	2409.6666666666665	1.0	295.0	24.0	1.0	24.0	0.0
330	2767.6666666666665	4.0	316.0	12.0	1.0	9.0	3.0
340	2336.6666666666665	0.0	171.0	14.0	0.0	14.0	0.0
350	2480.8333333333335	12.0	424.0	27.0	0.0	15.0	12.0
360	2229.3333333333335	3.0	488.0	35.0	0.0	32.0	3.0
370	2400.3333333333335	0.0	324.0	13.0	0.0	13.0	0.0
380	2247.3333333333335	71.0	442.0	92.0	2.0	22.0	69.0
390	1997.3333333333333	10.0	467.0	21.0	0.0	11.0	10.0
400	2450.3333333333335	4.0	223.0	11.0	0.0	7.0	4.0
410	1654.5	18.0	268.0	26.0	1.0	9.0	17.0
420	1957.5	4.0	226.0	11.0	3.0	10.0	1.0
430	1855.3333333333333	0.0	498.0	26.0	0.0	26.0	0.0
440	2021.0	1.0	53.0	0.0	1.0	0.0	0.0
450	2516.1666666666665	8.0	155.0	8.0	4.0	4.0	4.0
460	2405.0	1.0	204.0	6.0	0.0	5.0	1.0
470	2391.3333333333335	5.0	349.0	11.0	2.0	6.0	3.0
480	2570.5	1.0	208.0	14.0	0.0	13.0	1.0
490	2412.6666666666665	24.0	209.0	39.0	1.0	16.0	23.0
500	2390.8333333333335	1.0	290.0	26.0	0.0	25.0	1.0
510	2310.0	1.0	204.0	5.0	0.0	4.0	1.0
520	2421.6666666666665	4.0	162.0	10.0	0.0	6.0	4.0
530	2407.1666666666665	4.0	385.0	18.0	2.0	16.0	2.0
540	2308.0	1.0	101.0	7.0	0.0	6.0	1.0
550	2484.0	9.0	310.0	38.0	1.0	30.0	8.0
560	2540.6666666666665	30.0	88.0	31.0	1.0	2.0	29.0
570	2340.6666666666665	2.0	202.0	26.0	1.0	25.0	1.0
580	2076.5	1.0	72.0	8.0	0.0	7.0	1.0
590	1969.6666666666667	12.0	300.0	27.0	1.0	15.0	11.0
600	1978.3333333333333	2.0	264.0	10.0	0.0	8.0	2.0
610	1859.6666666666667	65.0	241.0	72.0	3.0	10.0	62.0
620	2039.0	74.0	263.0	81.0	3.0	10.0	71.0
630	2281.0	4.0	256.0	29.0	0.0	25.0	4.0
640	1395.3333333333333	12.0	240.0	31.0	1.0	20.0	11.0
650	2418.0	6.0	265.0	16.0	0.0	10.0	6.0
660	2167.0	14.0	212.0	23.0	1.0	9.0	13.0
670	2382.3333333333335	6.0	273.0	18.0	0.0	12.0	6.0
680	2328.3333333333335	1.0	276.0	12.0	1.0	12.0	0.0
690	2183.0	7.0	245.0	14.0	1.0	7.0	6.0
700	2519.3333333333335	3.0	194.0	10.0	0.0	7.0	3.0
710	2600.8333333333335	38.0	117.0	52.0	1.0	15.0	37.0
720	2508.5	34.0	133.0	36.0	2.0	4.0	32.0
730	2204.0	1.0	174.0	20.0	1.0	19.0	0.0
740	1827.0	0.0	149.0	8.0	0.0	8.0	0.0
750	2009.3333333333333	7.0	169.0	17.0	3.0	13.0	4.0
760	1685.5	21.0	424.0	36.0	2.0	17.0	19.0
770	2390.0	0.0	85.0	6.0	0.0	6.0	0.0
780	2257.3333333333335	5.0	364.0	33.0	0.0	28.0	5.0
790	2319.6666666666665	1.0	479.0	31.0	0.0	30.0	1.0
800	1802.8333333333333	2.0	451.0	18.0	1.0	17.0	1.0
810	1909.0	7.0	125.0	11.0	0.0	4.0	7.0
820	2425.0	0.0	68.0	1.0	0.0	1.0	0.0
830	2801.5	1.0	247.0	10.0	1.0	10.0	0.0
840	2496.6666666666665	0.0	62.0	2.0	0.0	2.0	0.0
850	2530.6666666666665	1.0	94.0	11.0	0.0	10.0	1.0
860	2366.3333333333335	8.0	453.0	17.0	1.0	10.0	7.0
870	2590.0	0.0	202.0	5.0	0.0	5.0	0.0
880	2608.0	1.0	181.0	5.0	0.0	4.0	1.0
890	2241.8333333333335	0.0	267.0	13.0	0.0	13.0	0.0
900	2447.5	8.0	426.0	24.0	4.0	20.0	4.0
910	1920.8333333333333	1.0	233.0	19.0	0.0	18.0	1.0
920	2292.0	5.0	294.0	17.0	0.0	12.0	5.0
930	2072.8333333333335	2.0	446.0	29.0	0.0	27.0	2.0
940	2320.5	13.0	245.0	26.0	0.0	13.0	13.0
950	2229.6666666666665	0.0	311.0	28.0	0.0	28.0	0.0
960	1889.5	114.0	209.0	122.0	13.0	13.0	101.0
970	1957.1666666666667	17.0	231.0	24.0	2.0	9.0	15.0
980	1754.3333333333333	2.0	118.0	5.0	1.0	4.0	1.0
990	1916.5	0.0	110.0	5.0	0.0	5.0	0.0
1000	2004.1666666666667	6.0	111.0	9.0	0.0	3.0	6.0
