0	263.6666666666667	0.0
10	1747.1666666666667	1000.0
20	1945.0	0.0
30	1682.0	0.0
40	2218.5	0.0
50	2038.5	0.0
60	2135.5	0.0
70	2002.6666666666667	0.0
80	2312.0	0.0
90	2120.6666666666665	0.0
100	2403.1666666666665	0.0
110	2222.8333333333335	0.0
120	2190.1666666666665	0.0
130	2389.1666666666665	0.0
140	2554.6666666666665	0.0
150	2548.8333333333335	0.0
160	2617.1666666666665	0.0
170	2556.5	0.0
180	2847.6666666666665	0.0
190	2638.6666666666665	0.0
200	1933.6666666666667	0.0
210	2414.1666666666665	0.0
220	2218.0	0.0
230	2737.3333333333335	0.0
240	2548.8333333333335	0.0
250	2503.5	0.0
260	2377.0	0.0
270	2890.6666666666665	0.0
280	2894.5	0.0
290	2758.8333333333335	0.0
300	2471.6666666666665	0.0
310	2600.8333333333335	0.0
320	2621.1666666666665	0.0
330	3201.1666666666665	0.0
340	3306.8333333333335	0.0
350	2866.5	0.0
360	3017.3333333333335	0.0
370	2806.6666666666665	0.0
380	2889.8333333333335	0.0
390	3119.5	0.0
400	3178.3333333333335	0.0
410	2710.0	0.0
420	3649.0	0.0
430	2966.5	0.0
440	3497.8333333333335	0.0
450	3393.3333333333335	0.0
460	3778.6666666666665	0.0
470	3378.0	0.0
480	3227.6666666666665	0.0
490	3830.3333333333335	0.0
500	3477.0	0.0
510	3750.0	0.0
520	3296.6666666666665	0.0
530	3459.6666666666665	0.0
540	3190.0	0.0
550	3622.5	0.0
560	3387.0	0.0
570	3822.1666666666665	0.0
580	3566.8333333333335	0.0
590	3393.6666666666665	0.0
600	3165.3333333333335	0.0
610	3393.0	0.0
620	3711.6666666666665	0.0
630	3604.5	0.0
640	3754.1666666666665	0.0
650	4046.5	0.0
660	3644.6666666666665	0.0
670	3513.5	0.0
680	3725.1666666666665	0.0
690	3397.0	0.0
700	3794.3333333333335	0.0
710	3957.3333333333335	0.0
720	3925.1666666666665	0.0
730	3656.6666666666665	0.0
740	3807.3333333333335	0.0
750	3528.8333333333335	0.0
760	3736.1666666666665	0.0
770	3598.6666666666665	0.0
780	3657.1666666666665	0.0
790	3868.6666666666665	0.0
800	3410.3333333333335	0.0
810	3745.1666666666665	0.0
820	3813.0	0.0
830	3587.0	0.0
840	3969.0	0.0
850	4115.666666666667	0.0
860	3831.8333333333335	0.0
870	3657.1666666666665	0.0
880	3709.1666666666665	0.0
890	3697.3333333333335	0.0
900	3619.5	0.0
910	3837.6666666666665	0.0
920	3752.1666666666665	0.0
930	3529.8333333333335	0.0
940	3814.5	0.0
950	3846.0	0.0
960	4206.166666666667	0.0
970	3690.3333333333335	0.0
980	3648.5	0.0
990	3739.0	0.0
1000	3489.0	0.0
