0	251.66666666666666	0.0
10	1970.3333333333333	1000.0
20	1770.8333333333333	0.0
30	1861.0	0.0
40	1938.8333333333333	0.0
50	2004.0	0.0
60	2317.8333333333335	0.0
70	2143.6666666666665	0.0
80	1933.5	0.0
90	2241.3333333333335	0.0
100	2170.6666666666665	0.0
110	2138.0	0.0
120	2328.0	0.0
130	2345.5	0.0
140	2313.1666666666665	0.0
150	2540.0	0.0
160	2643.6666666666665	0.0
170	2211.0	0.0
180	2349.1666666666665	0.0
190	2543.0	0.0
200	2344.8333333333335	0.0
210	2359.3333333333335	0.0
220	2410.6666666666665	0.0
230	2569.1666666666665	0.0
240	2691.1666666666665	0.0
250	2205.5	0.0
260	2733.8333333333335	0.0
270	2817.1666666666665	0.0
280	2759.8333333333335	0.0
290	3206.1666666666665	0.0
300	2707.8333333333335	0.0
310	3195.5	0.0
320	2893.1666666666665	0.0
330	2383.6666666666665	0.0
340	2982.5	0.0
350	2550.0	0.0
360	3107.3333333333335	0.0
370	3020.6666666666665	0.0
380	3196.3333333333335	0.0
390	2674.3333333333335	0.0
400	2747.8333333333335	0.0
410	3310.1666666666665	0.0
420	2960.6666666666665	0.0
430	3373.3333333333335	0.0
440	3286.8333333333335	0.0
450	3130.1666666666665	0.0
460	3377.6666666666665	0.0
470	3332.1666666666665	0.0
480	3632.5	0.0
490	3493.5	0.0
500	3681.3333333333335	0.0
510	3603.6666666666665	0.0
520	3466.0	0.0
530	3835.1666666666665	0.0
540	3582.6666666666665	0.0
550	3586.8333333333335	0.0
560	3930.0	0.0
570	2919.8333333333335	0.0
580	3453.1666666666665	0.0
590	3675.0	0.0
600	3745.1666666666665	0.0
610	3355.0	0.0
620	3435.8333333333335	0.0
630	3550.3333333333335	0.0
640	4052.8333333333335	0.0
650	3723.5	0.0
660	3368.6666666666665	0.0
670	3379.8333333333335	0.0
680	3663.3333333333335	0.0
690	4098.833333333333	0.0
700	3786.0	0.0
710	3417.8333333333335	0.0
720	3827.0	0.0
730	3784.0	0.0
740	3896.8333333333335	0.0
750	3591.1666666666665	0.0
760	3875.6666666666665	0.0
770	3677.1666666666665	0.0
780	3398.3333333333335	0.0
790	3685.8333333333335	0.0
800	4061.3333333333335	0.0
810	3787.0	0.0
820	3739.8333333333335	0.0
830	3586.0	0.0
840	3940.1666666666665	0.0
850	3610.3333333333335	0.0
860	3725.3333333333335	0.0
870	3955.0	0.0
880	4035.3333333333335	0.0
890	3827.0	0.0
900	3695.5	0.0
910	4001.1666666666665	0.0
920	3841.0	0.0
930	4007.1666666666665	0.0
940	3862.5	0.0
950	3539.8333333333335	0.0
960	3580.0	0.0
970	3783.6666666666665	0.0
980	3719.1666666666665	0.0
990	3979.8333333333335	0.0
1000	3468.0	0.0
