0	257.6666666666667	0.0
10	2053.6666666666665	1000.0
20	2208.0	0.0
30	2124.5	0.0
40	1919.3333333333333	0.0
50	2204.1666666666665	0.0
60	2128.6666666666665	0.0
70	2053.0	0.0
80	1956.3333333333333	0.0
90	2239.5	0.0
100	2110.8333333333335	0.0
110	2171.6666666666665	0.0
120	2203.8333333333335	0.0
130	2158.8333333333335	0.0
140	2315.5	0.0
150	2397.1666666666665	0.0
160	2347.8333333333335	0.0
170	2455.0	0.0
180	2473.3333333333335	0.0
190	2734.0	0.0
200	2554.3333333333335	0.0
210	2381.6666666666665	0.0
220	2178.0	0.0
230	2510.6666666666665	0.0
240	2176.0	0.0
250	2217.6666666666665	0.0
260	2508.1666666666665	0.0
270	2353.1666666666665	0.0
280	2722.5	0.0
290	2366.5	0.0
300	2396.0	0.0
310	2102.5	0.0
320	2263.3333333333335	0.0
330	2492.0	0.0
340	2761.0	0.0
350	2424.8333333333335	0.0
360	3141.1666666666665	0.0
370	2558.8333333333335	0.0
380	3001.1666666666665	0.0
390	2787.6666666666665	0.0
400	2778.0	0.0
410	3187.5	0.0
420	3585.1666666666665	0.0
430	3312.3333333333335	0.0
440	3141.1666666666665	0.0
450	2633.8333333333335	0.0
460	2912.8333333333335	0.0
470	3373.0	0.0
480	3363.8333333333335	0.0
490	3642.8333333333335	0.0
500	3022.6666666666665	0.0
510	3632.0	0.0
520	3444.3333333333335	0.0
530	3727.1666666666665	0.0
540	3560.5	0.0
550	3552.5	0.0
560	4087.8333333333335	0.0
570	3943.6666666666665	0.0
580	3057.5	0.0
590	3489.5	0.0
600	3286.6666666666665	0.0
610	4011.5	0.0
620	3602.6666666666665	0.0
630	3731.3333333333335	0.0
640	3880.3333333333335	0.0
650	3601.8333333333335	0.0
660	3476.5	0.0
670	3128.3333333333335	0.0
680	3496.1666666666665	0.0
690	3145.3333333333335	0.0
700	3339.1666666666665	0.0
710	3690.0	0.0
720	3091.1666666666665	0.0
730	3629.1666666666665	0.0
740	4038.5	0.0
750	2739.6666666666665	0.0
760	3875.3333333333335	0.0
770	3624.0	0.0
780	3873.6666666666665	0.0
790	4004.6666666666665	0.0
800	3525.8333333333335	0.0
810	3386.1666666666665	0.0
820	3626.5	0.0
830	3682.0	0.0
840	3520.1666666666665	0.0
850	3550.1666666666665	0.0
860	3978.5	0.0
870	3374.8333333333335	0.0
880	3677.0	0.0
890	3711.8333333333335	0.0
900	3740.6666666666665	0.0
910	3770.5	0.0
920	3732.5	0.0
930	3802.0	0.0
940	3858.8333333333335	0.0
950	3922.5	0.0
960	3773.1666666666665	0.0
970	3820.3333333333335	0.0
980	3733.6666666666665	0.0
990	3892.5	0.0
1000	4083.6666666666665	0.0
