0	263.6666666666667	0.0
10	2035.0	1000.0
20	2016.8333333333333	0.0
30	2273.3333333333335	0.0
40	2230.5	0.0
50	1974.3333333333333	0.0
60	2135.0	0.0
70	1978.8333333333333	0.0
80	2236.1666666666665	0.0
90	2382.6666666666665	0.0
100	2490.3333333333335	0.0
110	2361.0	0.0
120	2414.0	0.0
130	2596.0	0.0
140	2609.1666666666665	0.0
150	2672.3333333333335	0.0
160	2416.8333333333335	0.0
170	2529.8333333333335	0.0
180	2468.1666666666665	0.0
190	2719.1666666666665	0.0
200	2009.6666666666667	0.0
210	2640.3333333333335	0.0
220	2050.0	0.0
230	2269.1666666666665	0.0
240	2811.3333333333335	0.0
250	2813.3333333333335	0.0
260	2758.8333333333335	0.0
270	2533.1666666666665	0.0
280	2469.3333333333335	0.0
290	2619.6666666666665	0.0
300	2881.0	0.0
310	2891.6666666666665	0.0
320	3068.3333333333335	0.0
330	2923.3333333333335	0.0
340	2492.6666666666665	0.0
350	2681.1666666666665	0.0
360	2642.3333333333335	0.0
370	2543.3333333333335	0.0
380	2625.0	0.0
390	3092.0	0.0
400	2818.8333333333335	0.0
410	2962.8333333333335	0.0
420	2633.0	0.0
430	2939.3333333333335	0.0
440	2617.1666666666665	0.0
450	3002.5	0.0
460	3139.0	0.0
470	2913.3333333333335	0.0
480	2737.1666666666665	0.0
490	2587.0	0.0
500	3108.0	0.0
510	3129.5	0.0
520	3238.1666666666665	0.0
530	3179.0	0.0
540	3831.8333333333335	0.0
550	3235.3333333333335	0.0
560	3578.6666666666665	0.0
570	3522.5	0.0
580	3066.3333333333335	0.0
590	3266.3333333333335	0.0
600	3286.6666666666665	0.0
610	2982.8333333333335	0.0
620	3373.8333333333335	0.0
630	3496.0	0.0
640	2925.8333333333335	0.0
650	3487.1666666666665	0.0
660	3314.0	0.0
670	3978.1666666666665	0.0
680	3838.0	0.0
690	3717.0	0.0
700	3227.5	0.0
710	3511.0	0.0
720	3587.1666666666665	0.0
730	3590.8333333333335	0.0
740	3563.1666666666665	0.0
750	3783.6666666666665	0.0
760	3287.1666666666665	0.0
770	3518.8333333333335	0.0
780	3936.3333333333335	0.0
790	3636.6666666666665	0.0
800	3857.6666666666665	0.0
810	3766.5	0.0
820	3961.1666666666665	0.0
830	3864.6666666666665	0.0
840	3920.6666666666665	0.0
850	4073.3333333333335	0.0
860	3151.8333333333335	0.0
870	3866.1666666666665	0.0
880	3222.5	0.0
890	3738.1666666666665	0.0
900	3755.8333333333335	0.0
910	3553.3333333333335	0.0
920	3507.6666666666665	0.0
930	3750.5	0.0
940	3643.3333333333335	0.0
950	3908.0	0.0
960	3915.3333333333335	0.0
970	3396.3333333333335	0.0
980	3915.6666666666665	0.0
990	3636.1666666666665	0.0
1000	3239.0	0.0
