0	260.06666666666666	0.0
10	1948.6166666666666	102.8
20	2024.761111111111	103.9
30	2039.3166666666668	89.33333333333333
40	2055.994444444444	104.66666666666667
50	2071.6277777777777	80.1
60	2074.8444444444444	92.83333333333333
70	2141.716666666667	87.3
80	2125.822222222222	108.26666666666667
90	2161.9055555555556	80.96666666666667
100	2189.344444444445	67.0
110	2246.9388888888884	51.6
120	2209.672222222223	15.966666666666667
130	2245.7055555555553	5.533333333333333
140	2241.366666666667	3.6666666666666665
150	2287.277777777778	4.633333333333334
160	2298.877777777778	1.4333333333333333
170	2301.2388888888886	0.0
180	2342.927777777778	0.0
190	2340.5444444444443	0.0
200	2349.0888888888885	0.0
210	2362.511111111111	0.0
220	2360.8222222222225	0.0
230	2405.6277777777777	0.0
240	2419.0888888888885	0.0
250	2450.7111111111108	0.0
260	2470.338888888889	0.0
270	2453.5222222222224	0.0
280	2474.0833333333335	0.0
290	2492.5111111111114	0.0
300	2501.6777777777775	0.0
310	2478.8555555555563	0.0
320	2500.4999999999995	0.0
330	2548.2833333333333	0.0
340	2560.1722222222215	0.0
350	2516.8555555555554	0.0
360	2596.361111111111	0.0
370	2566.111111111111	0.0
380	2556.2833333333333	0.0
390	2612.805555555555	0.0
400	2587.072222222222	0.0
410	2609.011111111111	0.0
420	2615.6111111111113	0.0
430	2616.2	0.0
440	2623.75	0.0
450	2624.0999999999995	0.0
460	2679.072222222222	0.0
470	2682.25	0.0
480	2676.1888888888884	0.0
490	2694.244444444445	0.0
500	2697.811111111111	0.0
510	2713.255555555556	0.0
520	2732.227777777778	0.0
530	2719.5444444444447	0.0
540	2681.7055555555557	0.0
550	2722.505555555556	0.0
560	2727.638888888889	0.0
570	2722.772222222223	0.0
580	2737.922222222222	0.0
590	2737.9055555555547	0.0
600	2793.2888888888892	0.0
610	2813.922222222222	0.0
620	2725.416666666667	0.0
630	2786.0388888888892	0.0
640	2806.538888888889	0.0
650	2815.816666666667	0.0
660	2796.3888888888887	0.0
670	2823.7222222222217	0.0
680	2816.122222222222	0.0
690	2828.0999999999995	0.0
700	2773.8166666666666	0.0
710	2792.3611111111113	0.0
720	2877.088888888889	0.0
730	2853.8833333333328	0.0
740	2859.294444444444	0.0
750	2891.933333333333	0.0
760	2936.438888888889	0.0
770	2865.8	0.0
780	2889.4277777777784	0.0
790	2901.161111111111	0.0
800	2927.9666666666667	0.0
810	2883.844444444445	0.0
820	2909.833333333334	0.0
830	2926.4555555555557	0.0
840	2995.816666666666	0.0
850	2920.9555555555553	0.0
860	2928.1222222222223	0.0
870	2986.1777777777775	0.0
880	2969.5722222222234	0.0
890	2951.983333333334	0.0
900	2977.038888888888	0.0
910	2965.0555555555543	0.0
920	2985.772222222222	0.0
930	2960.3166666666666	0.0
940	3040.7444444444436	0.0
950	3014.2277777777786	0.0
960	3029.466666666666	0.0
970	3002.283333333333	0.0
980	3012.6722222222224	0.0
990	3049.733333333333	0.0
1000	3102.9888888888895	0.0
