0	245.66666666666666	0.0
10	1917.3333333333333	25.0
20	2013.5	110.0
30	2059.5	140.0
40	2188.5	126.0
50	2080.1666666666665	54.0
60	2096.8333333333335	266.0
70	2106.8333333333335	68.0
80	2176.1666666666665	114.0
90	2282.6666666666665	74.0
100	2206.1666666666665	23.0
110	2164.6666666666665	0.0
120	2343.6666666666665	0.0
130	2192.3333333333335	0.0
140	2143.5	0.0
150	2347.3333333333335	0.0
160	2174.0	0.0
170	2138.1666666666665	0.0
180	2109.1666666666665	0.0
190	2271.6666666666665	0.0
200	2405.1666666666665	0.0
210	2437.8333333333335	0.0
220	2150.0	0.0
230	2358.5	0.0
240	2441.5	0.0
250	2354.6666666666665	0.0
260	2522.3333333333335	0.0
270	2507.5	0.0
280	2184.6666666666665	0.0
290	2800.1666666666665	0.0
300	2448.8333333333335	0.0
310	2345.1666666666665	0.0
320	2584.5	0.0
330	2369.8333333333335	0.0
340	2499.0	0.0
350	2702.1666666666665	0.0
360	2387.3333333333335	0.0
370	2548.6666666666665	0.0
380	2416.3333333333335	0.0
390	2722.3333333333335	0.0
400	2630.5	0.0
410	2549.6666666666665	0.0
420	2736.6666666666665	0.0
430	2557.0	0.0
440	2737.3333333333335	0.0
450	2544.3333333333335	0.0
460	2657.0	0.0
470	3043.8333333333335	0.0
480	2487.0	0.0
490	2574.6666666666665	0.0
500	2786.0	0.0
510	2515.1666666666665	0.0
520	2634.0	0.0
530	2611.3333333333335	0.0
540	2835.8333333333335	0.0
550	2505.1666666666665	0.0
560	2818.8333333333335	0.0
570	2572.8333333333335	0.0
580	2710.5	0.0
590	2716.5	0.0
600	2641.3333333333335	0.0
610	2886.3333333333335	0.0
620	2760.8333333333335	0.0
630	2817.1666666666665	0.0
640	2972.6666666666665	0.0
650	2442.1666666666665	0.0
660	2396.0	0.0
670	2868.5	0.0
680	2917.5	0.0
690	2688.8333333333335	0.0
700	2867.1666666666665	0.0
710	2678.5	0.0
720	2633.8333333333335	0.0
730	2962.5	0.0
740	2770.3333333333335	0.0
750	2870.8333333333335	0.0
760	2686.0	0.0
770	3056.0	0.0
780	2958.1666666666665	0.0
790	2917.1666666666665	0.0
800	2862.6666666666665	0.0
810	2818.5	0.0
820	2756.0	0.0
830	2912.0	0.0
840	2915.3333333333335	0.0
850	3005.6666666666665	0.0
860	2869.1666666666665	0.0
870	2708.0	0.0
880	3022.5	0.0
890	2888.8333333333335	0.0
900	2992.8333333333335	0.0
910	2929.5	0.0
920	2713.8333333333335	0.0
930	2970.5	0.0
940	3272.3333333333335	0.0
950	3111.5	0.0
960	2815.0	0.0
970	2941.1666666666665	0.0
980	3026.8333333333335	0.0
990	2939.3333333333335	0.0
1000	3173.6666666666665	0.0
