0	280.0	0.0
10	1981.8333333333333	130.0
20	1499.1666666666667	116.0
30	2104.0	46.0
40	1905.6666666666667	86.0
50	2048.8333333333335	174.0
60	2260.1666666666665	159.0
70	2110.3333333333335	10.0
80	2070.8333333333335	138.0
90	2314.1666666666665	141.0
100	2312.3333333333335	0.0
110	2164.3333333333335	0.0
120	2333.0	0.0
130	2178.0	0.0
140	2343.8333333333335	0.0
150	2405.1666666666665	0.0
160	2497.1666666666665	0.0
170	2262.8333333333335	0.0
180	2330.3333333333335	0.0
190	2333.1666666666665	0.0
200	2227.1666666666665	0.0
210	2296.0	0.0
220	2340.3333333333335	0.0
230	2319.5	0.0
240	2299.1666666666665	0.0
250	2539.6666666666665	0.0
260	2363.8333333333335	0.0
270	2400.1666666666665	0.0
280	2260.8333333333335	0.0
290	2416.1666666666665	0.0
300	2828.3333333333335	0.0
310	2352.8333333333335	0.0
320	2311.6666666666665	0.0
330	2610.0	0.0
340	2663.1666666666665	0.0
350	2263.3333333333335	0.0
360	2802.5	0.0
370	2350.1666666666665	0.0
380	2643.6666666666665	0.0
390	2690.5	0.0
400	2700.3333333333335	0.0
410	2523.5	0.0
420	2591.6666666666665	0.0
430	2593.0	0.0
440	2708.6666666666665	0.0
450	2711.8333333333335	0.0
460	2913.6666666666665	0.0
470	2429.5	0.0
480	2569.3333333333335	0.0
490	2733.1666666666665	0.0
500	2732.5	0.0
510	2604.0	0.0
520	2710.3333333333335	0.0
530	2514.0	0.0
540	2800.3333333333335	0.0
550	2860.1666666666665	0.0
560	2720.3333333333335	0.0
570	2879.6666666666665	0.0
580	2714.0	0.0
590	2746.0	0.0
600	2825.8333333333335	0.0
610	2661.1666666666665	0.0
620	2927.6666666666665	0.0
630	2840.3333333333335	0.0
640	3071.0	0.0
650	2835.1666666666665	0.0
660	2779.8333333333335	0.0
670	3049.3333333333335	0.0
680	2763.5	0.0
690	2590.8333333333335	0.0
700	2677.6666666666665	0.0
710	2897.1666666666665	0.0
720	2750.6666666666665	0.0
730	2927.1666666666665	0.0
740	2819.8333333333335	0.0
750	2640.5	0.0
760	2987.3333333333335	0.0
770	2754.1666666666665	0.0
780	2720.0	0.0
790	2583.5	0.0
800	2949.6666666666665	0.0
810	2659.6666666666665	0.0
820	2778.3333333333335	0.0
830	2862.3333333333335	0.0
840	3042.0	0.0
850	2988.1666666666665	0.0
860	2409.8333333333335	0.0
870	2820.8333333333335	0.0
880	3090.8333333333335	0.0
890	2941.6666666666665	0.0
900	2993.3333333333335	0.0
910	2837.0	0.0
920	3051.6666666666665	0.0
930	2785.3333333333335	0.0
940	2963.0	0.0
950	2938.3333333333335	0.0
960	2901.6666666666665	0.0
970	2865.1666666666665	0.0
980	3222.0	0.0
990	2947.5	0.0
1000	2942.0	0.0
