0	249.33333333333334	0.0
10	2039.0	99.0
20	2217.5	184.0
30	2103.6666666666665	70.0
40	1936.8333333333333	64.0
50	2112.1666666666665	25.0
60	2190.0	59.0
70	2151.0	67.0
80	2198.1666666666665	130.0
90	2085.3333333333335	154.0
100	2131.6666666666665	76.0
110	2371.6666666666665	56.0
120	2206.3333333333335	16.0
130	2186.0	0.0
140	2319.3333333333335	0.0
150	2331.5	0.0
160	2358.0	0.0
170	2171.5	0.0
180	2250.5	0.0
190	2360.8333333333335	0.0
200	2302.3333333333335	0.0
210	2322.6666666666665	0.0
220	2538.3333333333335	0.0
230	2273.3333333333335	0.0
240	2525.3333333333335	0.0
250	2398.1666666666665	0.0
260	2391.8333333333335	0.0
270	2494.8333333333335	0.0
280	2502.6666666666665	0.0
290	2387.8333333333335	0.0
300	2526.8333333333335	0.0
310	2523.6666666666665	0.0
320	2545.1666666666665	0.0
330	2482.6666666666665	0.0
340	2479.0	0.0
350	2533.5	0.0
360	2349.6666666666665	0.0
370	2527.8333333333335	0.0
380	2556.0	0.0
390	2463.1666666666665	0.0
400	2772.5	0.0
410	2611.6666666666665	0.0
420	2893.3333333333335	0.0
430	2881.0	0.0
440	2550.0	0.0
450	2794.6666666666665	0.0
460	2785.1666666666665	0.0
470	2747.5	0.0
480	2674.6666666666665	0.0
490	2552.0	0.0
500	2685.0	0.0
510	2447.6666666666665	0.0
520	2617.3333333333335	0.0
530	2716.6666666666665	0.0
540	2717.0	0.0
550	2808.5	0.0
560	2792.3333333333335	0.0
570	2820.5	0.0
580	2810.3333333333335	0.0
590	2773.1666666666665	0.0
600	2841.6666666666665	0.0
610	3154.0	0.0
620	2918.6666666666665	0.0
630	2960.6666666666665	0.0
640	2632.3333333333335	0.0
650	2835.1666666666665	0.0
660	2978.5	0.0
670	2802.3333333333335	0.0
680	2765.5	0.0
690	2906.1666666666665	0.0
700	2964.5	0.0
710	2816.0	0.0
720	3059.8333333333335	0.0
730	2637.6666666666665	0.0
740	2802.3333333333335	0.0
750	2972.5	0.0
760	3106.5	0.0
770	2874.6666666666665	0.0
780	3178.5	0.0
790	2660.6666666666665	0.0
800	2879.6666666666665	0.0
810	2954.6666666666665	0.0
820	3306.5	0.0
830	3052.6666666666665	0.0
840	2896.6666666666665	0.0
850	3101.5	0.0
860	3062.3333333333335	0.0
870	3251.3333333333335	0.0
880	3052.8333333333335	0.0
890	3217.6666666666665	0.0
900	2830.6666666666665	0.0
910	3116.1666666666665	0.0
920	2784.8333333333335	0.0
930	2978.5	0.0
940	3350.1666666666665	0.0
950	3014.3333333333335	0.0
960	2854.1666666666665	0.0
970	3007.5	0.0
980	3017.5	0.0
990	3367.0	0.0
1000	3272.8333333333335	0.0
