0	239.0	0.0
10	1932.6666666666667	66.0
20	1951.3333333333333	172.0
30	2117.0	12.0
40	2117.5	127.0
50	2123.1666666666665	56.0
60	1993.3333333333333	82.0
70	2077.0	166.0
80	2032.5	100.0
90	2096.1666666666665	40.0
100	1959.5	115.0
110	2080.3333333333335	64.0
120	2126.0	0.0
130	2072.5	0.0
140	2252.0	0.0
150	2396.0	0.0
160	2446.5	0.0
170	2301.0	0.0
180	2526.3333333333335	0.0
190	2350.3333333333335	0.0
200	2356.1666666666665	0.0
210	2353.1666666666665	0.0
220	2498.3333333333335	0.0
230	2391.6666666666665	0.0
240	2403.1666666666665	0.0
250	2319.0	0.0
260	2411.3333333333335	0.0
270	2332.1666666666665	0.0
280	2616.0	0.0
290	2409.5	0.0
300	2477.6666666666665	0.0
310	2515.8333333333335	0.0
320	2655.5	0.0
330	2671.1666666666665	0.0
340	2339.6666666666665	0.0
350	2594.0	0.0
360	2795.6666666666665	0.0
370	2675.8333333333335	0.0
380	2456.5	0.0
390	2804.3333333333335	0.0
400	2575.5	0.0
410	2695.8333333333335	0.0
420	2626.5	0.0
430	2548.8333333333335	0.0
440	2575.0	0.0
450	2560.3333333333335	0.0
460	2751.1666666666665	0.0
470	2696.3333333333335	0.0
480	2754.8333333333335	0.0
490	2821.3333333333335	0.0
500	2734.8333333333335	0.0
510	2676.8333333333335	0.0
520	2646.0	0.0
530	2783.0	0.0
540	2409.5	0.0
550	2437.8333333333335	0.0
560	2743.8333333333335	0.0
570	2587.8333333333335	0.0
580	2722.8333333333335	0.0
590	2638.0	0.0
600	2726.3333333333335	0.0
610	2475.3333333333335	0.0
620	2755.6666666666665	0.0
630	2793.3333333333335	0.0
640	2682.1666666666665	0.0
650	2677.0	0.0
660	2861.8333333333335	0.0
670	2711.8333333333335	0.0
680	2527.3333333333335	0.0
690	2596.0	0.0
700	2584.1666666666665	0.0
710	2597.6666666666665	0.0
720	2843.8333333333335	0.0
730	2894.1666666666665	0.0
740	2667.8333333333335	0.0
750	2651.0	0.0
760	2977.3333333333335	0.0
770	2406.1666666666665	0.0
780	2837.8333333333335	0.0
790	2918.8333333333335	0.0
800	2740.5	0.0
810	2827.3333333333335	0.0
820	3014.3333333333335	0.0
830	2617.0	0.0
840	3018.6666666666665	0.0
850	2435.6666666666665	0.0
860	2666.6666666666665	0.0
870	2985.3333333333335	0.0
880	2990.6666666666665	0.0
890	3150.0	0.0
900	3149.1666666666665	0.0
910	2609.6666666666665	0.0
920	2653.1666666666665	0.0
930	2902.8333333333335	0.0
940	3000.6666666666665	0.0
950	3030.3333333333335	0.0
960	3125.1666666666665	0.0
970	3008.0	0.0
980	2533.6666666666665	0.0
990	2906.3333333333335	0.0
1000	2910.3333333333335	0.0
