0	233.0	0.0
10	1980.8333333333333	0.0
20	2053.0	170.0
30	2063.6666666666665	121.0
40	2162.1666666666665	133.0
50	2077.8333333333335	42.0
60	2092.8333333333335	57.0
70	2193.3333333333335	59.0
80	2031.6666666666667	151.0
90	1942.5	31.0
100	2113.3333333333335	70.0
110	2360.8333333333335	140.0
120	2233.0	26.0
130	2372.5	0.0
140	2305.0	0.0
150	2110.3333333333335	0.0
160	2352.5	0.0
170	2330.1666666666665	0.0
180	2407.0	0.0
190	2190.6666666666665	0.0
200	2288.1666666666665	0.0
210	2380.0	0.0
220	2252.1666666666665	0.0
230	2506.3333333333335	0.0
240	2296.1666666666665	0.0
250	2608.6666666666665	0.0
260	2521.1666666666665	0.0
270	2522.5	0.0
280	2451.0	0.0
290	2567.3333333333335	0.0
300	2342.8333333333335	0.0
310	2607.3333333333335	0.0
320	2701.6666666666665	0.0
330	2697.3333333333335	0.0
340	2692.6666666666665	0.0
350	2514.3333333333335	0.0
360	2368.8333333333335	0.0
370	2489.1666666666665	0.0
380	2586.5	0.0
390	2609.3333333333335	0.0
400	2542.8333333333335	0.0
410	2543.0	0.0
420	2411.3333333333335	0.0
430	2727.8333333333335	0.0
440	2681.0	0.0
450	2451.1666666666665	0.0
460	2750.1666666666665	0.0
470	2499.1666666666665	0.0
480	2752.0	0.0
490	2736.5	0.0
500	2654.8333333333335	0.0
510	3006.6666666666665	0.0
520	2611.6666666666665	0.0
530	2794.1666666666665	0.0
540	2704.6666666666665	0.0
550	2782.1666666666665	0.0
560	2959.5	0.0
570	2782.0	0.0
580	2661.0	0.0
590	2865.3333333333335	0.0
600	2955.6666666666665	0.0
610	2864.3333333333335	0.0
620	2748.5	0.0
630	2883.5	0.0
640	2888.0	0.0
650	3008.0	0.0
660	2761.0	0.0
670	2798.6666666666665	0.0
680	2906.5	0.0
690	2985.1666666666665	0.0
700	2636.3333333333335	0.0
710	3173.0	0.0
720	2910.6666666666665	0.0
730	2768.3333333333335	0.0
740	3060.8333333333335	0.0
750	3001.1666666666665	0.0
760	3022.0	0.0
770	2784.1666666666665	0.0
780	2829.1666666666665	0.0
790	2967.6666666666665	0.0
800	3022.3333333333335	0.0
810	2757.6666666666665	0.0
820	2781.5	0.0
830	2613.6666666666665	0.0
840	2914.0	0.0
850	2984.1666666666665	0.0
860	2758.6666666666665	0.0
870	3255.3333333333335	0.0
880	2951.6666666666665	0.0
890	2998.1666666666665	0.0
900	2914.8333333333335	0.0
910	3064.8333333333335	0.0
920	3199.8333333333335	0.0
930	2893.6666666666665	0.0
940	3122.1666666666665	0.0
950	3264.5	0.0
960	3331.5	0.0
970	3186.3333333333335	0.0
980	3230.8333333333335	0.0
990	2797.0	0.0
1000	3132.6666666666665	0.0
