0	292.0	0.0	0.0	0.0	0.0	0.0	0.0
10	2040.8333333333333	567.0	1818.0	205.0	507.0	133.0	60.0
20	1963.3333333333333	433.0	1611.0	191.0	338.0	91.0	95.0
30	1891.8333333333333	0.0	0.0	0.0	0.0	0.0	0.0
40	2075.6666666666665	0.0	0.0	0.0	0.0	0.0	0.0
50	1974.0	0.0	0.0	0.0	0.0	0.0	0.0
60	2425.6666666666665	0.0	0.0	0.0	0.0	0.0	0.0
70	2248.3333333333335	0.0	0.0	0.0	0.0	0.0	0.0
80	2339.1666666666665	0.0	0.0	0.0	0.0	0.0	0.0
90	2412.6666666666665	0.0	0.0	0.0	0.0	0.0	0.0
100	2298.3333333333335	0.0	0.0	0.0	0.0	0.0	0.0
110	2651.5	0.0	0.0	0.0	0.0	0.0	0.0
120	2415.1666666666665	0.0	0.0	0.0	0.0	0.0	0.0
130	2417.1666666666665	0.0	0.0	0.0	0.0	0.0	0.0
140	2634.8333333333335	0.0	0.0	0.0	0.0	0.0	0.0
150	2522.6666666666665	0.0	0.0	0.0	0.0	0.0	0.0
160	2499.1666666666665	0.0	0.0	0.0	0.0	0.0	0.0
170	2709.3333333333335	0.0	0.0	0.0	0.0	0.0	0.0
180	2451.0	0.0	0.0	0.0	0.0	0.0	0.0
190	3036.6666666666665	0.0	0.0	0.0	0.0	0.0	0.0
200	2896.8333333333335	0.0	0.0	0.0	0.0	0.0	0.0
210	2492.3333333333335	0.0	0.0	0.0	0.0	0.0	0.0
220	2324.0	0.0	0.0	0.0	0.0	0.0	0.0
230	2771.0	0.0	0.0	0.0	0.0	0.0	0.0
240	2223.0	0.0	0.0	0.0	0.0	0.0	0.0
250	2671.8333333333335	0.0	0.0	0.0	0.0	0.0	0.0
260	2264.3333333333335	0.0	0.0	0.0	0.0	0.0	0.0
270	2960.6666666666665	0.0	0.0	0.0	0.0	0.0	0.0
280	3082.3333333333335	0.0	0.0	0.0	0.0	0.0	0.0
290	2494.8333333333335	0.0	0.0	0.0	0.0	0.0	0.0
300	2330.5	0.0	0.0	0.0	0.0	0.0	0.0
310	3166.5	0.0	0.0	0.0	0.0	0.0	0.0
320	2950.6666666666665	0.0	0.0	0.0	0.0	0.0	0.0
330	2300.3333333333335	0.0	0.0	0.0	0.0	0.0	0.0
340	2739.5	0.0	0.0	0.0	0.0	0.0	0.0
350	3129.8333333333335	0.0	0.0	0.0	0.0	0.0	0.0
360	3301.1666666666665	0.0	0.0	0.0	0.0	0.0	0.0
370	2947.5	0.0	0.0	0.0	0.0	0.0	0.0
380	2977.1666666666665	0.0	0.0	0.0	0.0	0.0	0.0
390	3147.8333333333335	0.0	0.0	0.0	0.0	0.0	0.0
400	3657.0	0.0	0.0	0.0	0.0	0.0	0.0
410	2706.1666666666665	0.0	0.0	0.0	0.0	0.0	0.0
420	3298.0	0.0	0.0	0.0	0.0	0.0	0.0
430	3251.6666666666665	0.0	0.0	0.0	0.0	0.0	0.0
440	3167.8333333333335	0.0	0.0	0.0	0.0	0.0	0.0
450	2992.5	0.0	0.0	0.0	0.0	0.0	0.0
460	3502.8333333333335	0.0	0.0	0.0	0.0	0.0	0.0
470	3626.3333333333335	0.0	0.0	0.0	0.0	0.0	0.0
480	3725.5	0.0	0.0	0.0	0.0	0.0	0.0
490	3159.1666666666665	0.0	0.0	0.0	0.0	0.0	0.0
500	3296.6666666666665	0.0	0.0	0.0	0.0	0.0	0.0
510	3325.5	0.0	0.0	0.0	0.0	0.0	0.0
520	3241.1666666666665	0.0	0.0	0.0	0.0	0.0	0.0
530	3599.5	0.0	0.0	0.0	0.0	0.0	0.0
540	3696.3333333333335	0.0	0.0	0.0	0.0	0.0	0.0
550	3414.1666666666665	0.0	0.0	0.0	0.0	0.0	0.0
560	3334.8333333333335	0.0	0.0	0.0	0.0	0.0	0.0
570	3697.8333333333335	0.0	0.0	0.0	0.0	0.0	0.0
580	3770.0	0.0	0.0	0.0	0.0	0.0	0.0
590	3693.8333333333335	0.0	0.0	0.0	0.0	0.0	0.0
600	3648.0	0.0	0.0	0.0	0.0	0.0	0.0
610	3286.6666666666665	0.0	0.0	0.0	0.0	0.0	0.0
620	3043.8333333333335	0.0	0.0	0.0	0.0	0.0	0.0
630	2965.6666666666665	0.0	0.0	0.0	0.0	0.0	0.0
640	2966.3333333333335	0.0	0.0	0.0	0.0	0.0	0.0
650	3977.1666666666665	0.0	0.0	0.0	0.0	0.0	0.0
660	4071.1666666666665	0.0	0.0	0.0	0.0	0.0	0.0
670	3607.6666666666665	0.0	0.0	0.0	0.0	0.0	0.0
680	3720.1666666666665	0.0	0.0	0.0	0.0	0.0	0.0
690	3813.3333333333335	0.0	0.0	0.0	0.0	0.0	0.0
700	3920.3333333333335	0.0	0.0	0.0	0.0	0.0	0.0
710	4057.6666666666665	0.0	0.0	0.0	0.0	0.0	0.0
720	4003.6666666666665	0.0	0.0	0.0	0.0	0.0	0.0
730	4033.1666666666665	0.0	0.0	0.0	0.0	0.0	0.0
740	3860.8333333333335	0.0	0.0	0.0	0.0	0.0	0.0
750	3801.0	0.0	0.0	0.0	0.0	0.0	0.0
760	3914.0	0.0	0.0	0.0	0.0	0.0	0.0
770	2900.8333333333335	0.0	0.0	0.0	0.0	0.0	0.0
780	3758.6666666666665	0.0	0.0	0.0	0.0	0.0	0.0
790	3672.5	0.0	0.0	0.0	0.0	0.0	0.0
800	3901.8333333333335	0.0	0.0	0.0	0.0	0.0	0.0
810	3831.0	0.0	0.0	0.0	0.0	0.0	0.0
820	3805.0	0.0	0.0	0.0	0.0	0.0	0.0
830	3632.0	0.0	0.0	0.0	0.0	0.0	0.0
840	4046.3333333333335	0.0	0.0	0.0	0.0	0.0	0.0
850	3869.8333333333335	0.0	0.0	0.0	0.0	0.0	0.0
860	3597.8333333333335	0.0	0.0	0.0	0.0	0.0	0.0
870	3933.5	0.0	0.0	0.0	0.0	0.0	0.0
880	3890.5	0.0	0.0	0.0	0.0	0.0	0.0
890	3665.1666666666665	0.0	0.0	0.0	0.0	0.0	0.0
900	3794.3333333333335	0.0	0.0	0.0	0.0	0.0	0.0
910	3531.5	0.0	0.0	0.0	0.0	0.0	0.0
920	3440.1666666666665	0.0	0.0	0.0	0.0	0.0	0.0
930	3782.3333333333335	0.0	0.0	0.0	0.0	0.0	0.0
940	3799.0	0.0	0.0	0.0	0.0	0.0	0.0
950	3402.8333333333335	0.0	0.0	0.0	0.0	0.0	0.0
960	3777.8333333333335	0.0	0.0	0.0	0.0	0.0	0.0
970	3945.5	0.0	0.0	0.0	0.0	0.0	0.0
980	3424.8333333333335	0.0	0.0	0.0	0.0	0.0	0.0
990	3635.0	0.0	0.0	0.0	0.0	0.0	0.0
1000	3713.1666666666665	0.0	0.0	0.0	0.0	0.0	0.0
