0	254.0	0.0	0.0	0.0	0.0	0.0	0.0
10	1894.1666666666667	636.0	2196.0	211.0	514.0	83.0	122.0
20	1778.6666666666667	364.0	1025.0	156.0	301.0	89.0	63.0
30	2019.0	0.0	0.0	0.0	0.0	0.0	0.0
40	1962.6666666666667	0.0	0.0	0.0	0.0	0.0	0.0
50	1944.3333333333333	0.0	0.0	0.0	0.0	0.0	0.0
60	2282.0	0.0	0.0	0.0	0.0	0.0	0.0
70	2268.6666666666665	0.0	0.0	0.0	0.0	0.0	0.0
80	2262.0	0.0	0.0	0.0	0.0	0.0	0.0
90	2487.3333333333335	0.0	0.0	0.0	0.0	0.0	0.0
100	2258.8333333333335	0.0	0.0	0.0	0.0	0.0	0.0
110	2637.3333333333335	0.0	0.0	0.0	0.0	0.0	0.0
120	2769.3333333333335	0.0	0.0	0.0	0.0	0.0	0.0
130	2748.3333333333335	0.0	0.0	0.0	0.0	0.0	0.0
140	2401.3333333333335	0.0	0.0	0.0	0.0	0.0	0.0
150	2521.1666666666665	0.0	0.0	0.0	0.0	0.0	0.0
160	2421.1666666666665	0.0	0.0	0.0	0.0	0.0	0.0
170	2067.5	0.0	0.0	0.0	0.0	0.0	0.0
180	2565.6666666666665	0.0	0.0	0.0	0.0	0.0	0.0
190	2463.5	0.0	0.0	0.0	0.0	0.0	0.0
200	2699.0	0.0	0.0	0.0	0.0	0.0	0.0
210	2505.8333333333335	0.0	0.0	0.0	0.0	0.0	0.0
220	3010.3333333333335	0.0	0.0	0.0	0.0	0.0	0.0
230	2551.6666666666665	0.0	0.0	0.0	0.0	0.0	0.0
240	2875.6666666666665	0.0	0.0	0.0	0.0	0.0	0.0
250	2935.0	0.0	0.0	0.0	0.0	0.0	0.0
260	2783.1666666666665	0.0	0.0	0.0	0.0	0.0	0.0
270	2885.6666666666665	0.0	0.0	0.0	0.0	0.0	0.0
280	2947.5	0.0	0.0	0.0	0.0	0.0	0.0
290	2309.0	0.0	0.0	0.0	0.0	0.0	0.0
300	2311.3333333333335	0.0	0.0	0.0	0.0	0.0	0.0
310	2856.0	0.0	0.0	0.0	0.0	0.0	0.0
320	2835.8333333333335	0.0	0.0	0.0	0.0	0.0	0.0
330	2620.5	0.0	0.0	0.0	0.0	0.0	0.0
340	2822.3333333333335	0.0	0.0	0.0	0.0	0.0	0.0
350	3013.0	0.0	0.0	0.0	0.0	0.0	0.0
360	2698.1666666666665	0.0	0.0	0.0	0.0	0.0	0.0
370	2830.6666666666665	0.0	0.0	0.0	0.0	0.0	0.0
380	3491.5	0.0	0.0	0.0	0.0	0.0	0.0
390	2884.5	0.0	0.0	0.0	0.0	0.0	0.0
400	3717.1666666666665	0.0	0.0	0.0	0.0	0.0	0.0
410	2411.3333333333335	0.0	0.0	0.0	0.0	0.0	0.0
420	3383.0	0.0	0.0	0.0	0.0	0.0	0.0
430	3761.5	0.0	0.0	0.0	0.0	0.0	0.0
440	3593.0	0.0	0.0	0.0	0.0	0.0	0.0
450	3750.0	0.0	0.0	0.0	0.0	0.0	0.0
460	3349.0	0.0	0.0	0.0	0.0	0.0	0.0
470	3307.6666666666665	0.0	0.0	0.0	0.0	0.0	0.0
480	3854.5	0.0	0.0	0.0	0.0	0.0	0.0
490	3373.6666666666665	0.0	0.0	0.0	0.0	0.0	0.0
500	3496.8333333333335	0.0	0.0	0.0	0.0	0.0	0.0
510	3528.1666666666665	0.0	0.0	0.0	0.0	0.0	0.0
520	3246.0	0.0	0.0	0.0	0.0	0.0	0.0
530	4116.833333333333	0.0	0.0	0.0	0.0	0.0	0.0
540	3303.8333333333335	0.0	0.0	0.0	0.0	0.0	0.0
550	3550.1666666666665	0.0	0.0	0.0	0.0	0.0	0.0
560	3757.5	0.0	0.0	0.0	0.0	0.0	0.0
570	3851.8333333333335	0.0	0.0	0.0	0.0	0.0	0.0
580	3965.5	0.0	0.0	0.0	0.0	0.0	0.0
590	3349.5	0.0	0.0	0.0	0.0	0.0	0.0
600	3780.3333333333335	0.0	0.0	0.0	0.0	0.0	0.0
610	3592.1666666666665	0.0	0.0	0.0	0.0	0.0	0.0
620	3940.6666666666665	0.0	0.0	0.0	0.0	0.0	0.0
630	3249.8333333333335	0.0	0.0	0.0	0.0	0.0	0.0
640	3746.3333333333335	0.0	0.0	0.0	0.0	0.0	0.0
650	3911.0	0.0	0.0	0.0	0.0	0.0	0.0
660	3452.0	0.0	0.0	0.0	0.0	0.0	0.0
670	3449.0	0.0	0.0	0.0	0.0	0.0	0.0
680	3913.1666666666665	0.0	0.0	0.0	0.0	0.0	0.0
690	3883.6666666666665	0.0	0.0	0.0	0.0	0.0	0.0
700	3710.0	0.0	0.0	0.0	0.0	0.0	0.0
710	3822.0	0.0	0.0	0.0	0.0	0.0	0.0
720	3658.6666666666665	0.0	0.0	0.0	0.0	0.0	0.0
730	3522.0	0.0	0.0	0.0	0.0	0.0	0.0
740	4031.6666666666665	0.0	0.0	0.0	0.0	0.0	0.0
750	3970.8333333333335	0.0	0.0	0.0	0.0	0.0	0.0
760	3804.0	0.0	0.0	0.0	0.0	0.0	0.0
770	3318.0	0.0	0.0	0.0	0.0	0.0	0.0
780	3950.0	0.0	0.0	0.0	0.0	0.0	0.0
790	3735.0	0.0	0.0	0.0	0.0	0.0	0.0
800	3881.0	0.0	0.0	0.0	0.0	0.0	0.0
810	3862.6666666666665	0.0	0.0	0.0	0.0	0.0	0.0
820	3776.6666666666665	0.0	0.0	0.0	0.0	0.0	0.0
830	3178.6666666666665	0.0	0.0	0.0	0.0	0.0	0.0
840	3758.8333333333335	0.0	0.0	0.0	0.0	0.0	0.0
850	3522.3333333333335	0.0	0.0	0.0	0.0	0.0	0.0
860	3558.3333333333335	0.0	0.0	0.0	0.0	0.0	0.0
870	3605.0	0.0	0.0	0.0	0.0	0.0	0.0
880	3731.5	0.0	0.0	0.0	0.0	0.0	0.0
890	3919.8333333333335	0.0	0.0	0.0	0.0	0.0	0.0
900	3364.3333333333335	0.0	0.0	0.0	0.0	0.0	0.0
910	3642.6666666666665	0.0	0.0	0.0	0.0	0.0	0.0
920	4003.5	0.0	0.0	0.0	0.0	0.0	0.0
930	3816.8333333333335	0.0	0.0	0.0	0.0	0.0	0.0
940	3642.0	0.0	0.0	0.0	0.0	0.0	0.0
950	3444.0	0.0	0.0	0.0	0.0	0.0	0.0
960	3792.0	0.0	0.0	0.0	0.0	0.0	0.0
970	3635.3333333333335	0.0	0.0	0.0	0.0	0.0	0.0
980	3855.8333333333335	0.0	0.0	0.0	0.0	0.0	0.0
990	3997.5	0.0	0.0	0.0	0.0	0.0	0.0
1000	3815.8333333333335	0.0	0.0	0.0	0.0	0.0	0.0
