0	274.0	0.0	0.0	0.0	0.0	0.0	0.0
10	1953.8333333333333	659.0	2354.0	223.0	616.0	166.0	43.0
20	2028.0	341.0	1039.0	141.0	278.0	77.0	63.0
30	2054.1666666666665	0.0	0.0	0.0	0.0	0.0	0.0
40	2068.6666666666665	0.0	0.0	0.0	0.0	0.0	0.0
50	1969.0	0.0	0.0	0.0	0.0	0.0	0.0
60	2246.1666666666665	0.0	0.0	0.0	0.0	0.0	0.0
70	2369.3333333333335	0.0	0.0	0.0	0.0	0.0	0.0
80	2581.1666666666665	0.0	0.0	0.0	0.0	0.0	0.0
90	2064.1666666666665	0.0	0.0	0.0	0.0	0.0	0.0
100	2186.1666666666665	0.0	0.0	0.0	0.0	0.0	0.0
110	2235.1666666666665	0.0	0.0	0.0	0.0	0.0	0.0
120	1948.3333333333333	0.0	0.0	0.0	0.0	0.0	0.0
130	2001.6666666666667	0.0	0.0	0.0	0.0	0.0	0.0
140	2212.3333333333335	0.0	0.0	0.0	0.0	0.0	0.0
150	2155.1666666666665	0.0	0.0	0.0	0.0	0.0	0.0
160	2426.8333333333335	0.0	0.0	0.0	0.0	0.0	0.0
170	2917.0	0.0	0.0	0.0	0.0	0.0	0.0
180	2658.8333333333335	0.0	0.0	0.0	0.0	0.0	0.0
190	2725.0	0.0	0.0	0.0	0.0	0.0	0.0
200	2682.1666666666665	0.0	0.0	0.0	0.0	0.0	0.0
210	2844.8333333333335	0.0	0.0	0.0	0.0	0.0	0.0
220	2626.1666666666665	0.0	0.0	0.0	0.0	0.0	0.0
230	2934.3333333333335	0.0	0.0	0.0	0.0	0.0	0.0
240	2722.8333333333335	0.0	0.0	0.0	0.0	0.0	0.0
250	3007.8333333333335	0.0	0.0	0.0	0.0	0.0	0.0
260	2600.5	0.0	0.0	0.0	0.0	0.0	0.0
270	3013.0	0.0	0.0	0.0	0.0	0.0	0.0
280	2531.3333333333335	0.0	0.0	0.0	0.0	0.0	0.0
290	3195.0	0.0	0.0	0.0	0.0	0.0	0.0
300	2593.8333333333335	0.0	0.0	0.0	0.0	0.0	0.0
310	3118.0	0.0	0.0	0.0	0.0	0.0	0.0
320	2590.1666666666665	0.0	0.0	0.0	0.0	0.0	0.0
330	3444.8333333333335	0.0	0.0	0.0	0.0	0.0	0.0
340	3166.1666666666665	0.0	0.0	0.0	0.0	0.0	0.0
350	3255.0	0.0	0.0	0.0	0.0	0.0	0.0
360	3207.3333333333335	0.0	0.0	0.0	0.0	0.0	0.0
370	2958.1666666666665	0.0	0.0	0.0	0.0	0.0	0.0
380	2611.5	0.0	0.0	0.0	0.0	0.0	0.0
390	3197.5	0.0	0.0	0.0	0.0	0.0	0.0
400	3122.3333333333335	0.0	0.0	0.0	0.0	0.0	0.0
410	2994.0	0.0	0.0	0.0	0.0	0.0	0.0
420	3025.1666666666665	0.0	0.0	0.0	0.0	0.0	0.0
430	3577.0	0.0	0.0	0.0	0.0	0.0	0.0
440	2764.3333333333335	0.0	0.0	0.0	0.0	0.0	0.0
450	3577.5	0.0	0.0	0.0	0.0	0.0	0.0
460	3736.1666666666665	0.0	0.0	0.0	0.0	0.0	0.0
470	3261.1666666666665	0.0	0.0	0.0	0.0	0.0	0.0
480	3196.5	0.0	0.0	0.0	0.0	0.0	0.0
490	3478.5	0.0	0.0	0.0	0.0	0.0	0.0
500	3948.6666666666665	0.0	0.0	0.0	0.0	0.0	0.0
510	3705.0	0.0	0.0	0.0	0.0	0.0	0.0
520	3363.0	0.0	0.0	0.0	0.0	0.0	0.0
530	3224.5	0.0	0.0	0.0	0.0	0.0	0.0
540	3868.1666666666665	0.0	0.0	0.0	0.0	0.0	0.0
550	3672.0	0.0	0.0	0.0	0.0	0.0	0.0
560	3713.1666666666665	0.0	0.0	0.0	0.0	0.0	0.0
570	3683.3333333333335	0.0	0.0	0.0	0.0	0.0	0.0
580	3499.6666666666665	0.0	0.0	0.0	0.0	0.0	0.0
590	3268.3333333333335	0.0	0.0	0.0	0.0	0.0	0.0
600	3549.0	0.0	0.0	0.0	0.0	0.0	0.0
610	3394.3333333333335	0.0	0.0	0.0	0.0	0.0	0.0
620	3762.5	0.0	0.0	0.0	0.0	0.0	0.0
630	3513.0	0.0	0.0	0.0	0.0	0.0	0.0
640	3478.5	0.0	0.0	0.0	0.0	0.0	0.0
650	3722.5	0.0	0.0	0.0	0.0	0.0	0.0
660	2983.0	0.0	0.0	0.0	0.0	0.0	0.0
670	3458.5	0.0	0.0	0.0	0.0	0.0	0.0
680	3948.5	0.0	0.0	0.0	0.0	0.0	0.0
690	3738.0	0.0	0.0	0.0	0.0	0.0	0.0
700	3447.0	0.0	0.0	0.0	0.0	0.0	0.0
710	3558.0	0.0	0.0	0.0	0.0	0.0	0.0
720	3698.1666666666665	0.0	0.0	0.0	0.0	0.0	0.0
730	3546.3333333333335	0.0	0.0	0.0	0.0	0.0	0.0
740	3781.3333333333335	0.0	0.0	0.0	0.0	0.0	0.0
750	4115.5	0.0	0.0	0.0	0.0	0.0	0.0
760	3500.3333333333335	0.0	0.0	0.0	0.0	0.0	0.0
770	3919.1666666666665	0.0	0.0	0.0	0.0	0.0	0.0
780	3942.8333333333335	0.0	0.0	0.0	0.0	0.0	0.0
790	3454.8333333333335	0.0	0.0	0.0	0.0	0.0	0.0
800	3582.5	0.0	0.0	0.0	0.0	0.0	0.0
810	3582.6666666666665	0.0	0.0	0.0	0.0	0.0	0.0
820	3488.0	0.0	0.0	0.0	0.0	0.0	0.0
830	4137.0	0.0	0.0	0.0	0.0	0.0	0.0
840	3825.8333333333335	0.0	0.0	0.0	0.0	0.0	0.0
850	3858.8333333333335	0.0	0.0	0.0	0.0	0.0	0.0
860	3458.6666666666665	0.0	0.0	0.0	0.0	0.0	0.0
870	3707.8333333333335	0.0	0.0	0.0	0.0	0.0	0.0
880	3974.3333333333335	0.0	0.0	0.0	0.0	0.0	0.0
890	4037.0	0.0	0.0	0.0	0.0	0.0	0.0
900	3807.6666666666665	0.0	0.0	0.0	0.0	0.0	0.0
910	3716.0	0.0	0.0	0.0	0.0	0.0	0.0
920	4012.1666666666665	0.0	0.0	0.0	0.0	0.0	0.0
930	3334.8333333333335	0.0	0.0	0.0	0.0	0.0	0.0
940	3798.1666666666665	0.0	0.0	0.0	0.0	0.0	0.0
950	4196.166666666667	0.0	0.0	0.0	0.0	0.0	0.0
960	3833.6666666666665	0.0	0.0	0.0	0.0	0.0	0.0
970	3504.3333333333335	0.0	0.0	0.0	0.0	0.0	0.0
980	4101.666666666667	0.0	0.0	0.0	0.0	0.0	0.0
990	3594.8333333333335	0.0	0.0	0.0	0.0	0.0	0.0
1000	3739.6666666666665	0.0	0.0	0.0	0.0	0.0	0.0
