0	232.33333333333334	0.0	0.0	0.0	0.0	0.0	0.0
10	1967.8333333333333	677.0	1878.0	347.0	504.0	172.0	173.0
20	1665.1666666666667	323.0	933.0	143.0	308.0	127.0	15.0
30	1993.5	0.0	0.0	0.0	0.0	0.0	0.0
40	2313.5	0.0	0.0	0.0	0.0	0.0	0.0
50	2477.3333333333335	0.0	0.0	0.0	0.0	0.0	0.0
60	2660.0	0.0	0.0	0.0	0.0	0.0	0.0
70	2476.1666666666665	0.0	0.0	0.0	0.0	0.0	0.0
80	2294.6666666666665	0.0	0.0	0.0	0.0	0.0	0.0
90	2483.0	0.0	0.0	0.0	0.0	0.0	0.0
100	2551.6666666666665	0.0	0.0	0.0	0.0	0.0	0.0
110	2661.1666666666665	0.0	0.0	0.0	0.0	0.0	0.0
120	2318.3333333333335	0.0	0.0	0.0	0.0	0.0	0.0
130	2523.3333333333335	0.0	0.0	0.0	0.0	0.0	0.0
140	2540.1666666666665	0.0	0.0	0.0	0.0	0.0	0.0
150	2228.5	0.0	0.0	0.0	0.0	0.0	0.0
160	2161.5	0.0	0.0	0.0	0.0	0.0	0.0
170	2546.8333333333335	0.0	0.0	0.0	0.0	0.0	0.0
180	2407.6666666666665	0.0	0.0	0.0	0.0	0.0	0.0
190	2971.6666666666665	0.0	0.0	0.0	0.0	0.0	0.0
200	2978.6666666666665	0.0	0.0	0.0	0.0	0.0	0.0
210	2806.3333333333335	0.0	0.0	0.0	0.0	0.0	0.0
220	2503.5	0.0	0.0	0.0	0.0	0.0	0.0
230	3030.0	0.0	0.0	0.0	0.0	0.0	0.0
240	2842.6666666666665	0.0	0.0	0.0	0.0	0.0	0.0
250	2693.0	0.0	0.0	0.0	0.0	0.0	0.0
260	3193.5	0.0	0.0	0.0	0.0	0.0	0.0
270	3037.6666666666665	0.0	0.0	0.0	0.0	0.0	0.0
280	2898.5	0.0	0.0	0.0	0.0	0.0	0.0
290	3168.1666666666665	0.0	0.0	0.0	0.0	0.0	0.0
300	3220.0	0.0	0.0	0.0	0.0	0.0	0.0
310	3636.5	0.0	0.0	0.0	0.0	0.0	0.0
320	3570.8333333333335	0.0	0.0	0.0	0.0	0.0	0.0
330	3558.1666666666665	0.0	0.0	0.0	0.0	0.0	0.0
340	3777.5	0.0	0.0	0.0	0.0	0.0	0.0
350	3953.8333333333335	0.0	0.0	0.0	0.0	0.0	0.0
360	3686.8333333333335	0.0	0.0	0.0	0.0	0.0	0.0
370	3609.1666666666665	0.0	0.0	0.0	0.0	0.0	0.0
380	3018.8333333333335	0.0	0.0	0.0	0.0	0.0	0.0
390	3251.1666666666665	0.0	0.0	0.0	0.0	0.0	0.0
400	3821.6666666666665	0.0	0.0	0.0	0.0	0.0	0.0
410	3373.1666666666665	0.0	0.0	0.0	0.0	0.0	0.0
420	3311.3333333333335	0.0	0.0	0.0	0.0	0.0	0.0
430	3498.1666666666665	0.0	0.0	0.0	0.0	0.0	0.0
440	3545.8333333333335	0.0	0.0	0.0	0.0	0.0	0.0
450	3811.6666666666665	0.0	0.0	0.0	0.0	0.0	0.0
460	3467.8333333333335	0.0	0.0	0.0	0.0	0.0	0.0
470	3366.3333333333335	0.0	0.0	0.0	0.0	0.0	0.0
480	3637.0	0.0	0.0	0.0	0.0	0.0	0.0
490	3578.8333333333335	0.0	0.0	0.0	0.0	0.0	0.0
500	3591.5	0.0	0.0	0.0	0.0	0.0	0.0
510	3265.0	0.0	0.0	0.0	0.0	0.0	0.0
520	3719.0	0.0	0.0	0.0	0.0	0.0	0.0
530	3555.6666666666665	0.0	0.0	0.0	0.0	0.0	0.0
540	3533.8333333333335	0.0	0.0	0.0	0.0	0.0	0.0
550	3793.5	0.0	0.0	0.0	0.0	0.0	0.0
560	3377.0	0.0	0.0	0.0	0.0	0.0	0.0
570	3282.3333333333335	0.0	0.0	0.0	0.0	0.0	0.0
580	3955.1666666666665	0.0	0.0	0.0	0.0	0.0	0.0
590	3410.6666666666665	0.0	0.0	0.0	0.0	0.0	0.0
600	3621.6666666666665	0.0	0.0	0.0	0.0	0.0	0.0
610	4123.166666666667	0.0	0.0	0.0	0.0	0.0	0.0
620	3750.1666666666665	0.0	0.0	0.0	0.0	0.0	0.0
630	3658.6666666666665	0.0	0.0	0.0	0.0	0.0	0.0
640	3720.1666666666665	0.0	0.0	0.0	0.0	0.0	0.0
650	3277.8333333333335	0.0	0.0	0.0	0.0	0.0	0.0
660	3366.8333333333335	0.0	0.0	0.0	0.0	0.0	0.0
670	3776.3333333333335	0.0	0.0	0.0	0.0	0.0	0.0
680	3840.3333333333335	0.0	0.0	0.0	0.0	0.0	0.0
690	3994.8333333333335	0.0	0.0	0.0	0.0	0.0	0.0
700	3634.6666666666665	0.0	0.0	0.0	0.0	0.0	0.0
710	3821.5	0.0	0.0	0.0	0.0	0.0	0.0
720	3895.3333333333335	0.0	0.0	0.0	0.0	0.0	0.0
730	3831.6666666666665	0.0	0.0	0.0	0.0	0.0	0.0
740	3847.8333333333335	0.0	0.0	0.0	0.0	0.0	0.0
750	3754.5	0.0	0.0	0.0	0.0	0.0	0.0
760	3586.8333333333335	0.0	0.0	0.0	0.0	0.0	0.0
770	3929.5	0.0	0.0	0.0	0.0	0.0	0.0
780	3785.6666666666665	0.0	0.0	0.0	0.0	0.0	0.0
790	3859.8333333333335	0.0	0.0	0.0	0.0	0.0	0.0
800	3665.0	0.0	0.0	0.0	0.0	0.0	0.0
810	3700.1666666666665	0.0	0.0	0.0	0.0	0.0	0.0
820	3860.1666666666665	0.0	0.0	0.0	0.0	0.0	0.0
830	3714.3333333333335	0.0	0.0	0.0	0.0	0.0	0.0
840	3766.8333333333335	0.0	0.0	0.0	0.0	0.0	0.0
850	3911.8333333333335	0.0	0.0	0.0	0.0	0.0	0.0
860	3869.8333333333335	0.0	0.0	0.0	0.0	0.0	0.0
870	3563.8333333333335	0.0	0.0	0.0	0.0	0.0	0.0
880	3712.5	0.0	0.0	0.0	0.0	0.0	0.0
890	3909.0	0.0	0.0	0.0	0.0	0.0	0.0
900	4024.5	0.0	0.0	0.0	0.0	0.0	0.0
910	3499.3333333333335	0.0	0.0	0.0	0.0	0.0	0.0
920	3701.6666666666665	0.0	0.0	0.0	0.0	0.0	0.0
930	3597.3333333333335	0.0	0.0	0.0	0.0	0.0	0.0
940	3651.3333333333335	0.0	0.0	0.0	0.0	0.0	0.0
950	3863.8333333333335	0.0	0.0	0.0	0.0	0.0	0.0
960	4131.166666666667	0.0	0.0	0.0	0.0	0.0	0.0
970	3999.0	0.0	0.0	0.0	0.0	0.0	0.0
980	3591.0	0.0	0.0	0.0	0.0	0.0	0.0
990	3704.0	0.0	0.0	0.0	0.0	0.0	0.0
1000	3812.8333333333335	0.0	0.0	0.0	0.0	0.0	0.0
