0	262.2111111111111	0.0
10	70.0	0.7666666666666667
20	70.0	4.1
30	70.0	0.0
40	70.0	2.3333333333333335
50	70.0	2.1
60	70.0	0.03333333333333333
70	70.0	0.0
80	70.0	2.1333333333333333
90	70.0	3.566666666666667
100	70.0	0.0
110	70.0	0.0
120	70.0	2.5
130	70.0	2.533333333333333
140	70.0	0.03333333333333333
150	70.0	0.0
160	70.02222222222221	0.23333333333333334
170	70.1111111111111	0.9666666666666667
180	70.55555555555553	0.5666666666666667
190	71.01111111111112	0.5333333333333333
200	71.72222222222221	1.0666666666666667
210	73.17777777777776	4.266666666666667
220	75.22222222222223	3.1666666666666665
230	84.37777777777777	1.5
240	112.55555555555556	2.5
250	150.65555555555554	1.0333333333333334
260	184.2222222222222	1.5666666666666667
270	192.96666666666667	1.7666666666666666
280	177.03333333333333	1.9666666666666666
290	173.4555555555556	1.0
300	175.24444444444444	1.0333333333333334
310	162.8777777777778	0.7333333333333333
320	160.4555555555555	1.5
330	161.5	0.9666666666666667
340	163.5444444444444	1.1666666666666667
350	169.16666666666669	0.9666666666666667
360	230.0	0.9666666666666667
370	217.44444444444446	1.3333333333333333
380	259.6666666666667	0.7
390	313.9444444444444	1.1666666666666667
400	393.0555555555556	1.6
410	449.9333333333332	2.1
420	539.0666666666667	1.5333333333333334
430	692.6555555555556	2.1333333333333333
440	784.0666666666665	2.433333333333333
450	841.138888888889	2.2666666666666666
460	980.5944444444445	3.933333333333333
470	1086.6444444444444	3.066666666666667
480	1197.138888888889	2.933333333333333
490	1199.6	3.5
500	1365.05	3.7
510	1416.9388888888889	3.8333333333333335
520	1489.2611111111112	5.133333333333334
530	1518.7833333333333	5.233333333333333
540	1566.1999999999996	5.0
550	1689.3333333333335	4.6
560	1710.7777777777778	7.1
570	1692.5777777777778	5.7
580	1816.4944444444443	5.233333333333333
590	1899.177777777778	5.2
600	1907.2333333333333	5.066666666666666
610	2000.2222222222222	6.833333333333333
620	1997.2444444444443	6.7
630	2044.3666666666666	4.9
640	2012.3388888888885	6.733333333333333
650	2138.5944444444444	5.166666666666667
660	2229.2944444444443	5.766666666666667
670	2178.5055555555555	7.5
680	2327.566666666666	7.366666666666666
690	2341.6388888888887	7.266666666666667
700	2377.8777777777777	7.8
710	2383.0722222222225	7.766666666666667
720	2372.222222222222	8.333333333333334
730	2398.333333333334	8.3
740	2444.194444444445	7.533333333333333
750	2511.5999999999995	7.333333333333333
760	2497.333333333334	7.3
770	2484.333333333334	8.666666666666666
780	2546.666666666667	6.233333333333333
790	2482.494444444444	7.966666666666667
800	2516.6277777777777	8.1
810	2504.977777777778	7.633333333333334
820	2536.533333333334	7.966666666666667
830	2498.9444444444443	9.0
840	2519.727777777777	7.466666666666667
850	2534.4555555555557	6.3
860	2559.444444444444	7.066666666666666
870	2599.0777777777776	9.333333333333334
880	2519.4999999999995	9.7
890	2540.1000000000004	8.2
900	2530.7722222222224	7.833333333333333
910	2550.6388888888887	7.766666666666667
920	2508.116666666667	7.2
930	2498.744444444444	9.533333333333333
940	2513.522222222223	8.433333333333334
950	2543.111111111111	8.3
960	2523.2944444444443	9.266666666666667
970	2520.594444444445	7.666666666666667
980	2432.027777777778	7.733333333333333
990	2442.005555555556	9.266666666666667
1000	2455.938888888889	7.766666666666667
