0	283.0	0.0
10	70.0	0.0
20	70.0	0.0
30	70.0	0.0
40	70.0	44.0
50	70.0	0.0
60	70.0	0.0
70	70.0	0.0
80	70.0	13.0
90	70.0	28.0
100	70.0	0.0
110	70.0	0.0
120	70.0	0.0
130	70.0	0.0
140	70.0	0.0
150	70.0	0.0
160	70.0	0.0
170	70.0	29.0
180	71.66666666666667	0.0
190	76.33333333333333	0.0
200	70.66666666666667	0.0
210	71.0	0.0
220	74.33333333333333	1.0
230	88.0	0.0
240	181.33333333333334	0.0
250	170.0	6.0
260	309.6666666666667	1.0
270	230.66666666666666	1.0
280	178.66666666666666	5.0
290	150.0	3.0
300	182.0	0.0
310	138.0	0.0
320	164.33333333333334	1.0
330	196.33333333333334	3.0
340	210.33333333333334	0.0
350	209.66666666666666	2.0
360	138.0	0.0
370	214.0	2.0
380	174.33333333333334	1.0
390	383.6666666666667	0.0
400	402.3333333333333	0.0
410	313.6666666666667	4.0
420	747.0	0.0
430	772.6666666666666	0.0
440	921.3333333333334	8.0
450	678.0	0.0
460	973.5	6.0
470	669.6666666666666	0.0
480	1446.3333333333333	3.0
490	1482.6666666666667	8.0
500	2032.0	7.0
510	1483.3333333333333	10.0
520	1781.1666666666667	4.0
530	1533.3333333333333	6.0
540	1762.6666666666667	1.0
550	2405.6666666666665	7.0
560	1999.1666666666667	7.0
570	1770.5	11.0
580	1896.0	7.0
590	1866.6666666666667	9.0
600	2071.0	4.0
610	2383.6666666666665	12.0
620	2068.3333333333335	8.0
630	2219.6666666666665	1.0
640	2048.6666666666665	3.0
650	2547.0	3.0
660	2338.3333333333335	6.0
670	2450.1666666666665	9.0
680	2584.5	5.0
690	2479.6666666666665	13.0
700	2624.8333333333335	8.0
710	2511.8333333333335	2.0
720	2510.5	12.0
730	2444.3333333333335	2.0
740	2441.6666666666665	3.0
750	2715.0	18.0
760	2613.0	4.0
770	2699.0	10.0
780	2772.8333333333335	4.0
790	2616.3333333333335	3.0
800	2564.1666666666665	1.0
810	2513.0	0.0
820	2443.6666666666665	10.0
830	2511.3333333333335	6.0
840	2544.3333333333335	6.0
850	2483.0	5.0
860	2410.0	5.0
870	2552.8333333333335	22.0
880	2663.1666666666665	9.0
890	2487.8333333333335	4.0
900	2519.5	2.0
910	2666.6666666666665	11.0
920	2659.3333333333335	1.0
930	2613.5	7.0
940	2522.1666666666665	8.0
950	2519.6666666666665	9.0
960	2481.6666666666665	7.0
970	2156.0	13.0
980	1279.6666666666667	4.0
990	1933.0	13.0
1000	1663.6666666666667	7.0
