0	230.0	0.0
10	2129.5	16.0
20	1966.6666666666667	50.0
30	1981.0	59.0
40	2035.3333333333333	47.0
50	2312.8333333333335	41.0
60	2194.5	46.0
70	2433.8333333333335	18.0
80	2576.6666666666665	14.0
90	2749.3333333333335	31.0
100	2698.6666666666665	28.0
110	2715.1666666666665	31.0
120	2637.6666666666665	19.0
130	2870.5	27.0
140	2459.0	36.0
150	2680.0	30.0
160	2618.6666666666665	14.0
170	2705.8333333333335	14.0
180	2891.1666666666665	37.0
190	2898.8333333333335	18.0
200	2684.1666666666665	21.0
210	2443.3333333333335	28.0
220	3130.5	44.0
230	3113.3333333333335	13.0
240	2687.1666666666665	27.0
250	2839.1666666666665	19.0
260	3136.1666666666665	9.0
270	2969.3333333333335	22.0
280	3065.6666666666665	23.0
290	2723.8333333333335	33.0
300	2873.5	30.0
310	3764.1666666666665	26.0
320	3044.5	17.0
330	3889.1666666666665	9.0
340	3616.3333333333335	20.0
350	3382.3333333333335	8.0
360	3438.0	25.0
370	3431.5	31.0
380	3420.6666666666665	19.0
390	3709.8333333333335	0.0
400	3560.8333333333335	0.0
410	3585.5	0.0
420	3747.8333333333335	0.0
430	3233.5	0.0
440	3085.0	0.0
450	3697.5	0.0
460	3847.8333333333335	0.0
470	3809.5	0.0
480	3186.3333333333335	0.0
490	3325.6666666666665	0.0
500	3823.5	0.0
510	3221.1666666666665	0.0
520	3048.6666666666665	0.0
530	3691.5	0.0
540	3550.3333333333335	0.0
550	3492.6666666666665	0.0
560	4030.8333333333335	0.0
570	3711.3333333333335	0.0
580	3907.8333333333335	0.0
590	3259.5	0.0
600	3793.5	0.0
610	4290.0	0.0
620	3697.8333333333335	0.0
630	3487.8333333333335	0.0
640	3743.6666666666665	0.0
650	3861.3333333333335	0.0
660	3816.8333333333335	0.0
670	3762.3333333333335	0.0
680	3800.3333333333335	0.0
690	3840.0	0.0
700	3696.6666666666665	0.0
710	3871.6666666666665	0.0
720	3793.8333333333335	0.0
730	4033.6666666666665	0.0
740	3886.1666666666665	0.0
750	3844.5	0.0
760	3873.0	0.0
770	4049.5	0.0
780	3648.8333333333335	0.0
790	3814.1666666666665	0.0
800	3798.3333333333335	0.0
810	3868.1666666666665	0.0
820	3616.6666666666665	0.0
830	3544.8333333333335	0.0
840	3734.1666666666665	0.0
850	3785.6666666666665	0.0
860	3892.3333333333335	0.0
870	3808.0	0.0
880	3702.8333333333335	0.0
890	3775.8333333333335	0.0
900	3616.8333333333335	0.0
910	3780.3333333333335	0.0
920	3658.1666666666665	0.0
930	3683.1666666666665	0.0
940	3577.3333333333335	0.0
950	3681.1666666666665	0.0
960	3520.6666666666665	0.0
970	4072.3333333333335	0.0
980	3979.6666666666665	0.0
990	3788.5	0.0
1000	3888.8333333333335	0.0
