0	230.66666666666666	0.0
10	1878.6666666666667	40.0
20	2008.6666666666667	44.0
30	2092.6666666666665	33.0
40	2012.0	36.0
50	2212.0	56.0
60	2462.3333333333335	38.0
70	2367.3333333333335	22.0
80	2545.0	21.0
90	2579.6666666666665	28.0
100	2487.6666666666665	25.0
110	2298.6666666666665	40.0
120	2617.3333333333335	25.0
130	2730.8333333333335	21.0
140	2791.8333333333335	41.0
150	2867.1666666666665	19.0
160	2540.6666666666665	39.0
170	2361.1666666666665	17.0
180	2896.3333333333335	39.0
190	2966.6666666666665	16.0
200	2717.8333333333335	50.0
210	3029.1666666666665	39.0
220	3169.8333333333335	42.0
230	2641.6666666666665	18.0
240	2387.1666666666665	42.0
250	2614.0	34.0
260	3254.3333333333335	22.0
270	3014.5	16.0
280	3547.6666666666665	16.0
290	3090.3333333333335	24.0
300	3293.3333333333335	16.0
310	3266.6666666666665	26.0
320	3160.6666666666665	24.0
330	3712.1666666666665	14.0
340	3540.5	17.0
350	3487.6666666666665	0.0
360	2947.1666666666665	0.0
370	3034.6666666666665	0.0
380	3630.5	0.0
390	3737.3333333333335	0.0
400	3241.6666666666665	0.0
410	3103.0	0.0
420	4011.0	0.0
430	4061.1666666666665	0.0
440	3778.6666666666665	0.0
450	3792.1666666666665	0.0
460	3649.3333333333335	0.0
470	3325.8333333333335	0.0
480	4183.5	0.0
490	3554.5	0.0
500	3877.0	0.0
510	2815.6666666666665	0.0
520	3677.6666666666665	0.0
530	3089.1666666666665	0.0
540	3627.1666666666665	0.0
550	3527.1666666666665	0.0
560	3790.1666666666665	0.0
570	3450.0	0.0
580	3718.0	0.0
590	3712.8333333333335	0.0
600	3847.3333333333335	0.0
610	3588.1666666666665	0.0
620	3694.0	0.0
630	3214.0	0.0
640	3422.5	0.0
650	3571.0	0.0
660	4067.0	0.0
670	3474.3333333333335	0.0
680	3784.6666666666665	0.0
690	3995.1666666666665	0.0
700	3752.0	0.0
710	3567.3333333333335	0.0
720	4070.8333333333335	0.0
730	3946.1666666666665	0.0
740	3720.3333333333335	0.0
750	3486.8333333333335	0.0
760	3536.1666666666665	0.0
770	3589.3333333333335	0.0
780	3746.1666666666665	0.0
790	3752.3333333333335	0.0
800	3768.1666666666665	0.0
810	3853.5	0.0
820	3648.0	0.0
830	3644.0	0.0
840	4011.0	0.0
850	3640.6666666666665	0.0
860	3823.8333333333335	0.0
870	3689.5	0.0
880	3978.8333333333335	0.0
890	3720.6666666666665	0.0
900	3595.5	0.0
910	3866.3333333333335	0.0
920	3618.6666666666665	0.0
930	3875.0	0.0
940	3960.1666666666665	0.0
950	3743.8333333333335	0.0
960	3805.0	0.0
970	3969.1666666666665	0.0
980	3545.0	0.0
990	3735.6666666666665	0.0
1000	3449.3333333333335	0.0
