0	272.6666666666667	0.0
10	2071.3333333333335	33.0
20	1940.6666666666667	40.0
30	2091.3333333333335	25.0
40	2236.3333333333335	22.0
50	2248.8333333333335	16.0
60	2431.6666666666665	34.0
70	2372.6666666666665	35.0
80	2228.5	19.0
90	2656.3333333333335	47.0
100	2614.6666666666665	29.0
110	2462.1666666666665	30.0
120	2442.6666666666665	27.0
130	2580.3333333333335	33.0
140	2670.6666666666665	29.0
150	2913.5	28.0
160	2091.5	27.0
170	2318.0	36.0
180	2800.0	50.0
190	3137.6666666666665	48.0
200	2708.8333333333335	16.0
210	2766.6666666666665	20.0
220	3378.6666666666665	35.0
230	2831.6666666666665	16.0
240	2920.5	29.0
250	3104.5	29.0
260	2998.5	23.0
270	3094.0	21.0
280	3490.8333333333335	25.0
290	3516.3333333333335	36.0
300	3582.1666666666665	27.0
310	2759.6666666666665	20.0
320	3270.8333333333335	17.0
330	3288.1666666666665	20.0
340	3524.8333333333335	8.0
350	3347.3333333333335	25.0
360	3535.1666666666665	25.0
370	3665.5	0.0
380	2904.8333333333335	0.0
390	3565.3333333333335	0.0
400	3207.0	0.0
410	3486.8333333333335	0.0
420	3297.8333333333335	0.0
430	3607.1666666666665	0.0
440	3067.3333333333335	0.0
450	3323.1666666666665	0.0
460	3732.5	0.0
470	3838.0	0.0
480	3890.0	0.0
490	3831.0	0.0
500	3299.8333333333335	0.0
510	3168.6666666666665	0.0
520	3420.5	0.0
530	3676.3333333333335	0.0
540	3836.1666666666665	0.0
550	3368.6666666666665	0.0
560	3645.8333333333335	0.0
570	3774.8333333333335	0.0
580	3615.0	0.0
590	3987.0	0.0
600	3475.0	0.0
610	3604.6666666666665	0.0
620	3745.5	0.0
630	3635.5	0.0
640	4071.0	0.0
650	3814.0	0.0
660	3929.8333333333335	0.0
670	3780.6666666666665	0.0
680	4086.6666666666665	0.0
690	3775.3333333333335	0.0
700	3493.5	0.0
710	3714.3333333333335	0.0
720	3933.1666666666665	0.0
730	3792.6666666666665	0.0
740	3758.3333333333335	0.0
750	3674.3333333333335	0.0
760	3725.3333333333335	0.0
770	3631.8333333333335	0.0
780	3851.0	0.0
790	3741.3333333333335	0.0
800	3855.1666666666665	0.0
810	4005.1666666666665	0.0
820	3873.1666666666665	0.0
830	3909.8333333333335	0.0
840	3703.0	0.0
850	3963.1666666666665	0.0
860	3767.0	0.0
870	3797.0	0.0
880	3646.5	0.0
890	3605.0	0.0
900	3747.1666666666665	0.0
910	4122.833333333333	0.0
920	3896.3333333333335	0.0
930	3851.1666666666665	0.0
940	3998.8333333333335	0.0
950	3690.0	0.0
960	3608.1666666666665	0.0
970	3574.0	0.0
980	3749.0	0.0
990	3870.5	0.0
1000	3719.0	0.0
