0	224.0	0.0
10	1901.6666666666667	41.0
20	1979.1666666666667	19.0
30	2067.8333333333335	36.0
40	2265.1666666666665	36.0
50	2241.1666666666665	32.0
60	2203.6666666666665	37.0
70	2423.8333333333335	24.0
80	2497.1666666666665	26.0
90	2426.3333333333335	18.0
100	2258.0	34.0
110	2694.0	38.0
120	2543.1666666666665	33.0
130	2758.6666666666665	54.0
140	2597.6666666666665	15.0
150	3046.5	25.0
160	2910.5	13.0
170	2567.1666666666665	41.0
180	2913.1666666666665	39.0
190	3181.8333333333335	33.0
200	2954.6666666666665	34.0
210	2690.0	17.0
220	2702.0	32.0
230	2655.8333333333335	11.0
240	2938.1666666666665	27.0
250	2886.0	30.0
260	2988.5	25.0
270	3102.5	23.0
280	2541.0	14.0
290	2858.5	16.0
300	2965.0	38.0
310	3113.5	7.0
320	3445.1666666666665	24.0
330	3220.6666666666665	11.0
340	3095.1666666666665	13.0
350	3396.0	20.0
360	3907.6666666666665	25.0
370	3334.6666666666665	15.0
380	4228.0	24.0
390	3520.1666666666665	0.0
400	3564.6666666666665	0.0
410	3307.1666666666665	0.0
420	3866.3333333333335	0.0
430	3148.5	0.0
440	3666.6666666666665	0.0
450	3485.6666666666665	0.0
460	3615.6666666666665	0.0
470	3956.8333333333335	0.0
480	3264.8333333333335	0.0
490	3713.8333333333335	0.0
500	3802.3333333333335	0.0
510	3657.6666666666665	0.0
520	3599.0	0.0
530	3544.8333333333335	0.0
540	3859.3333333333335	0.0
550	3619.5	0.0
560	3685.5	0.0
570	3664.0	0.0
580	3777.0	0.0
590	3433.6666666666665	0.0
600	3895.5	0.0
610	3650.1666666666665	0.0
620	3742.3333333333335	0.0
630	4009.3333333333335	0.0
640	4043.5	0.0
650	3924.5	0.0
660	4065.1666666666665	0.0
670	3702.8333333333335	0.0
680	3777.6666666666665	0.0
690	3275.5	0.0
700	3819.1666666666665	0.0
710	3850.1666666666665	0.0
720	3117.0	0.0
730	2792.0	0.0
740	3852.5	0.0
750	3355.8333333333335	0.0
760	3482.6666666666665	0.0
770	3374.8333333333335	0.0
780	3715.8333333333335	0.0
790	3791.6666666666665	0.0
800	3923.6666666666665	0.0
810	3957.0	0.0
820	3814.1666666666665	0.0
830	3801.1666666666665	0.0
840	3614.3333333333335	0.0
850	3912.6666666666665	0.0
860	3676.1666666666665	0.0
870	3642.0	0.0
880	3777.8333333333335	0.0
890	3641.5	0.0
900	3796.8333333333335	0.0
910	3733.5	0.0
920	3864.0	0.0
930	3914.1666666666665	0.0
940	3562.5	0.0
950	3725.8333333333335	0.0
960	3622.3333333333335	0.0
970	3642.0	0.0
980	3452.5	0.0
990	3807.0	0.0
1000	3952.6666666666665	0.0
