0	267.3333333333333	0.0
10	1988.5	16.0
20	2038.0	33.0
30	2103.3333333333335	29.0
40	2276.5	49.0
50	2383.6666666666665	27.0
60	2432.8333333333335	41.0
70	2599.0	54.0
80	2519.5	46.0
90	2477.1666666666665	42.0
100	2419.3333333333335	17.0
110	2471.3333333333335	30.0
120	2589.0	33.0
130	2715.5	4.0
140	2825.1666666666665	34.0
150	2557.1666666666665	33.0
160	2781.0	76.0
170	2836.0	52.0
180	2969.1666666666665	38.0
190	2861.6666666666665	15.0
200	2679.3333333333335	26.0
210	3299.0	52.0
220	2528.1666666666665	8.0
230	2009.5	52.0
240	2896.0	24.0
250	2368.1666666666665	20.0
260	3010.5	33.0
270	3198.1666666666665	17.0
280	2721.5	22.0
290	3216.1666666666665	25.0
300	2694.1666666666665	26.0
310	3685.6666666666665	18.0
320	3475.6666666666665	8.0
330	2994.1666666666665	0.0
340	3535.5	0.0
350	3597.6666666666665	0.0
360	3253.5	0.0
370	3195.3333333333335	0.0
380	3248.0	0.0
390	3293.5	0.0
400	3269.1666666666665	0.0
410	3377.6666666666665	0.0
420	3446.3333333333335	0.0
430	3591.3333333333335	0.0
440	3662.3333333333335	0.0
450	3524.6666666666665	0.0
460	3759.6666666666665	0.0
470	3276.0	0.0
480	3558.8333333333335	0.0
490	3522.3333333333335	0.0
500	3191.1666666666665	0.0
510	3726.0	0.0
520	3655.8333333333335	0.0
530	3262.0	0.0
540	3603.6666666666665	0.0
550	3248.6666666666665	0.0
560	3744.0	0.0
570	3627.1666666666665	0.0
580	3777.8333333333335	0.0
590	3312.1666666666665	0.0
600	3496.0	0.0
610	3437.3333333333335	0.0
620	3974.6666666666665	0.0
630	3610.6666666666665	0.0
640	3584.1666666666665	0.0
650	3654.1666666666665	0.0
660	3380.8333333333335	0.0
670	3964.0	0.0
680	3856.3333333333335	0.0
690	3598.3333333333335	0.0
700	3624.8333333333335	0.0
710	3729.1666666666665	0.0
720	3816.5	0.0
730	3783.5	0.0
740	3881.5	0.0
750	3891.5	0.0
760	3589.1666666666665	0.0
770	3789.8333333333335	0.0
780	3625.1666666666665	0.0
790	3342.6666666666665	0.0
800	4027.8333333333335	0.0
810	3704.5	0.0
820	3640.3333333333335	0.0
830	3813.0	0.0
840	3556.0	0.0
850	3784.5	0.0
860	4075.0	0.0
870	4204.5	0.0
880	3676.6666666666665	0.0
890	3833.1666666666665	0.0
900	3927.3333333333335	0.0
910	3670.3333333333335	0.0
920	3791.8333333333335	0.0
930	3519.0	0.0
940	3930.3333333333335	0.0
950	3556.3333333333335	0.0
960	3130.3333333333335	0.0
970	3449.8333333333335	0.0
980	3575.6666666666665	0.0
990	3929.5	0.0
1000	3401.8333333333335	0.0
