0	231.0	0.0
10	1984.3333333333333	24.0
20	1967.5	15.0
30	1895.3333333333333	64.0
40	2184.3333333333335	40.0
50	2132.1666666666665	40.0
60	2414.3333333333335	24.0
70	2415.6666666666665	23.0
80	2274.1666666666665	11.0
90	2392.8333333333335	30.0
100	2416.8333333333335	49.0
110	2575.3333333333335	35.0
120	2651.5	38.0
130	2424.8333333333335	22.0
140	2691.8333333333335	28.0
150	2718.0	21.0
160	2864.6666666666665	49.0
170	2495.3333333333335	36.0
180	2768.3333333333335	20.0
190	2810.8333333333335	39.0
200	2839.8333333333335	31.0
210	2982.3333333333335	28.0
220	2883.8333333333335	14.0
230	2800.3333333333335	35.0
240	2486.0	33.0
250	2778.5	35.0
260	3107.0	22.0
270	2902.5	22.0
280	2924.5	24.0
290	2860.3333333333335	27.0
300	3058.5	28.0
310	2906.1666666666665	32.0
320	3405.3333333333335	26.0
330	3453.6666666666665	27.0
340	3079.6666666666665	8.0
350	3270.0	0.0
360	3261.8333333333335	0.0
370	3008.5	0.0
380	3454.6666666666665	0.0
390	3221.1666666666665	0.0
400	3542.1666666666665	0.0
410	3894.0	0.0
420	3377.3333333333335	0.0
430	3346.3333333333335	0.0
440	3184.6666666666665	0.0
450	4060.0	0.0
460	3860.8333333333335	0.0
470	2862.0	0.0
480	3133.6666666666665	0.0
490	3489.3333333333335	0.0
500	3619.1666666666665	0.0
510	3695.3333333333335	0.0
520	3858.8333333333335	0.0
530	3474.3333333333335	0.0
540	4332.0	0.0
550	3487.8333333333335	0.0
560	3500.6666666666665	0.0
570	3928.8333333333335	0.0
580	3787.3333333333335	0.0
590	3782.8333333333335	0.0
600	3722.0	0.0
610	3353.6666666666665	0.0
620	3478.6666666666665	0.0
630	3661.1666666666665	0.0
640	3841.8333333333335	0.0
650	3700.3333333333335	0.0
660	3720.0	0.0
670	3743.3333333333335	0.0
680	3767.0	0.0
690	3581.0	0.0
700	3831.8333333333335	0.0
710	3855.5	0.0
720	3624.8333333333335	0.0
730	3956.1666666666665	0.0
740	3646.5	0.0
750	3855.1666666666665	0.0
760	3508.0	0.0
770	3791.3333333333335	0.0
780	3160.6666666666665	0.0
790	4036.1666666666665	0.0
800	3875.5	0.0
810	3191.1666666666665	0.0
820	3846.8333333333335	0.0
830	3811.0	0.0
840	3589.3333333333335	0.0
850	3782.1666666666665	0.0
860	3681.1666666666665	0.0
870	4035.0	0.0
880	3835.8333333333335	0.0
890	3838.8333333333335	0.0
900	4057.1666666666665	0.0
910	3446.6666666666665	0.0
920	3782.6666666666665	0.0
930	3530.6666666666665	0.0
940	3944.8333333333335	0.0
950	3775.3333333333335	0.0
960	3757.3333333333335	0.0
970	3950.3333333333335	0.0
980	3662.8333333333335	0.0
990	3835.1666666666665	0.0
1000	3631.0	0.0
