0	251.0	0.0
10	1688.0	1000.0
20	2113.3333333333335	0.0
30	2257.0	0.0
40	2227.0	0.0
50	2343.3333333333335	0.0
60	2534.5	0.0
70	2617.0	0.0
80	2594.6666666666665	0.0
90	2617.5	0.0
100	2326.6666666666665	0.0
110	2522.8333333333335	0.0
120	2472.8333333333335	0.0
130	2763.1666666666665	0.0
140	2400.3333333333335	0.0
150	2724.6666666666665	0.0
160	2705.3333333333335	0.0
170	2952.8333333333335	0.0
180	2967.5	0.0
190	3227.3333333333335	0.0
200	2414.8333333333335	0.0
210	2890.5	0.0
220	2718.1666666666665	0.0
230	2734.6666666666665	0.0
240	2358.3333333333335	0.0
250	2661.6666666666665	0.0
260	2992.5	0.0
270	2855.0	0.0
280	2693.8333333333335	0.0
290	2992.8333333333335	0.0
300	2355.3333333333335	0.0
310	2563.1666666666665	0.0
320	2642.0	0.0
330	3179.1666666666665	0.0
340	3244.6666666666665	0.0
350	3516.8333333333335	0.0
360	3367.1666666666665	0.0
370	3397.5	0.0
380	3407.8333333333335	0.0
390	2697.3333333333335	0.0
400	3143.0	0.0
410	3281.1666666666665	0.0
420	3580.6666666666665	0.0
430	3414.8333333333335	0.0
440	3339.8333333333335	0.0
450	3944.8333333333335	0.0
460	3523.6666666666665	0.0
470	3638.3333333333335	0.0
480	3741.0	0.0
490	3904.3333333333335	0.0
500	3490.5	0.0
510	3467.6666666666665	0.0
520	3248.5	0.0
530	3461.3333333333335	0.0
540	3500.0	0.0
550	4051.5	0.0
560	3312.6666666666665	0.0
570	3687.0	0.0
580	3648.5	0.0
590	3117.3333333333335	0.0
600	3262.5	0.0
610	3965.6666666666665	0.0
620	3568.1666666666665	0.0
630	4146.0	0.0
640	3883.0	0.0
650	3766.6666666666665	0.0
660	3868.6666666666665	0.0
670	3917.5	0.0
680	3529.1666666666665	0.0
690	3535.3333333333335	0.0
700	3550.5	0.0
710	3724.1666666666665	0.0
720	4169.0	0.0
730	3819.0	0.0
740	3917.5	0.0
750	3711.5	0.0
760	3999.0	0.0
770	3756.0	0.0
780	3684.1666666666665	0.0
790	3980.0	0.0
800	3684.6666666666665	0.0
810	3330.0	0.0
820	3781.0	0.0
830	4131.666666666667	0.0
840	3649.5	0.0
850	3665.6666666666665	0.0
860	3785.6666666666665	0.0
870	3955.6666666666665	0.0
880	3651.1666666666665	0.0
890	3984.0	0.0
900	3774.8333333333335	0.0
910	4165.0	0.0
920	3909.6666666666665	0.0
930	3831.8333333333335	0.0
940	3730.1666666666665	0.0
950	3876.0	0.0
960	3526.5	0.0
970	3697.5	0.0
980	3598.1666666666665	0.0
990	3876.0	0.0
1000	3878.1666666666665	0.0
