0	248.66666666666666	0.0
10	2041.5	1000.0
20	1971.0	0.0
30	2319.5	0.0
40	2256.3333333333335	0.0
50	2286.8333333333335	0.0
60	2214.3333333333335	0.0
70	2059.5	0.0
80	2441.3333333333335	0.0
90	2682.5	0.0
100	2485.0	0.0
110	2429.3333333333335	0.0
120	2196.3333333333335	0.0
130	2004.5	0.0
140	2557.0	0.0
150	2379.1666666666665	0.0
160	2733.6666666666665	0.0
170	2407.6666666666665	0.0
180	2325.5	0.0
190	2281.0	0.0
200	2233.6666666666665	0.0
210	2189.0	0.0
220	2295.6666666666665	0.0
230	3025.3333333333335	0.0
240	2208.6666666666665	0.0
250	2517.8333333333335	0.0
260	2364.0	0.0
270	2799.5	0.0
280	2995.6666666666665	0.0
290	2949.3333333333335	0.0
300	3033.1666666666665	0.0
310	2934.3333333333335	0.0
320	2888.1666666666665	0.0
330	3149.6666666666665	0.0
340	2675.6666666666665	0.0
350	3330.0	0.0
360	2716.5	0.0
370	2733.8333333333335	0.0
380	3377.1666666666665	0.0
390	2672.6666666666665	0.0
400	3189.3333333333335	0.0
410	3178.1666666666665	0.0
420	3798.6666666666665	0.0
430	3452.6666666666665	0.0
440	3808.1666666666665	0.0
450	3514.5	0.0
460	3144.6666666666665	0.0
470	3460.8333333333335	0.0
480	3040.5	0.0
490	3327.1666666666665	0.0
500	2934.6666666666665	0.0
510	3868.6666666666665	0.0
520	3432.0	0.0
530	3728.0	0.0
540	3957.3333333333335	0.0
550	3402.3333333333335	0.0
560	3476.1666666666665	0.0
570	3504.3333333333335	0.0
580	3330.1666666666665	0.0
590	3347.0	0.0
600	3470.6666666666665	0.0
610	3804.8333333333335	0.0
620	3363.5	0.0
630	3712.8333333333335	0.0
640	3422.1666666666665	0.0
650	3811.6666666666665	0.0
660	3340.6666666666665	0.0
670	3599.5	0.0
680	3883.6666666666665	0.0
690	3546.1666666666665	0.0
700	3453.6666666666665	0.0
710	3904.3333333333335	0.0
720	3902.3333333333335	0.0
730	3497.6666666666665	0.0
740	3346.8333333333335	0.0
750	3443.5	0.0
760	3491.6666666666665	0.0
770	3977.6666666666665	0.0
780	3724.6666666666665	0.0
790	3956.0	0.0
800	3586.5	0.0
810	3642.3333333333335	0.0
820	3764.8333333333335	0.0
830	3550.3333333333335	0.0
840	3875.6666666666665	0.0
850	3726.8333333333335	0.0
860	3918.6666666666665	0.0
870	3754.0	0.0
880	3834.5	0.0
890	3936.3333333333335	0.0
900	3905.1666666666665	0.0
910	3931.8333333333335	0.0
920	3673.3333333333335	0.0
930	3961.1666666666665	0.0
940	3874.6666666666665	0.0
950	3874.0	0.0
960	3728.5	0.0
970	3861.8333333333335	0.0
980	4062.5	0.0
990	3516.3333333333335	0.0
1000	4062.3333333333335	0.0
