0	275.0	0.0
10	70.66666666666667	397.0
20	70.0	506.0
30	70.0	97.0
40	70.0	0.0
50	139.0	0.0
60	930.0	0.0
70	1739.8333333333333	0.0
80	2048.3333333333335	0.0
90	2263.6666666666665	0.0
100	1886.0	0.0
110	2188.3333333333335	0.0
120	2330.6666666666665	0.0
130	2372.0	0.0
140	2363.0	0.0
150	2343.0	0.0
160	2485.1666666666665	0.0
170	2481.0	0.0
180	1952.0	0.0
190	2037.0	0.0
200	2370.8333333333335	0.0
210	1800.1666666666667	0.0
220	1838.3333333333333	0.0
230	2238.8333333333335	0.0
240	1971.3333333333333	0.0
250	2349.8333333333335	0.0
260	2307.6666666666665	0.0
270	1594.3333333333333	0.0
280	1883.8333333333333	0.0
290	2385.6666666666665	0.0
300	2564.6666666666665	0.0
310	2363.8333333333335	0.0
320	1837.6666666666667	0.0
330	2326.6666666666665	0.0
340	2159.5	0.0
350	2700.1666666666665	0.0
360	2421.3333333333335	0.0
370	2580.8333333333335	0.0
380	2191.0	0.0
390	2390.5	0.0
400	2392.6666666666665	0.0
410	2367.6666666666665	0.0
420	2590.1666666666665	0.0
430	1554.0	0.0
440	2275.0	0.0
450	2273.5	0.0
460	2038.3333333333333	0.0
470	2159.1666666666665	0.0
480	1931.3333333333333	0.0
490	1823.1666666666667	0.0
500	1674.1666666666667	0.0
510	1301.0	0.0
520	1765.8333333333333	0.0
530	1304.3333333333333	0.0
540	1299.0	0.0
550	1534.0	0.0
560	1838.0	0.0
570	2251.3333333333335	0.0
580	1897.5	0.0
590	2465.0	0.0
600	1555.0	0.0
610	2051.8333333333335	0.0
620	1946.3333333333333	0.0
630	2094.5	0.0
640	2427.3333333333335	0.0
650	2447.0	0.0
660	2356.6666666666665	0.0
670	2475.6666666666665	0.0
680	2396.1666666666665	0.0
690	2432.0	0.0
700	2216.6666666666665	0.0
710	2462.6666666666665	0.0
720	2274.0	0.0
730	2503.1666666666665	0.0
740	2121.1666666666665	0.0
750	2287.0	0.0
760	2134.1666666666665	0.0
770	2382.0	0.0
780	2251.6666666666665	0.0
790	2436.0	0.0
800	2374.5	0.0
810	2362.0	0.0
820	2408.1666666666665	0.0
830	1741.1666666666667	0.0
840	1974.3333333333333	0.0
850	1844.1666666666667	0.0
860	1700.3333333333333	0.0
870	1999.3333333333333	0.0
880	1782.8333333333333	0.0
890	2093.3333333333335	0.0
900	2200.5	0.0
910	1752.5	0.0
920	1968.8333333333333	0.0
930	2055.0	0.0
940	2163.0	0.0
950	1857.1666666666667	0.0
960	1710.0	0.0
970	1653.6666666666667	0.0
980	2122.1666666666665	0.0
990	1821.6666666666667	0.0
1000	2377.8333333333335	0.0
