0	254.0	0.0	0.0	0.0	0.0	0.0	0.0
10	70.0	0.0	0.0	0.0	0.0	0.0	0.0
20	70.0	0.0	0.0	0.0	0.0	0.0	0.0
30	70.0	0.0	0.0	0.0	0.0	0.0	0.0
40	70.0	0.0	0.0	0.0	0.0	0.0	0.0
50	70.0	0.0	0.0	0.0	0.0	0.0	0.0
60	70.0	0.0	0.0	0.0	0.0	0.0	0.0
70	70.0	0.0	0.0	0.0	0.0	0.0	0.0
80	70.0	0.0	0.0	0.0	0.0	0.0	0.0
90	83.0	0.0	0.0	0.0	0.0	0.0	0.0
100	73.33333333333333	0.0	0.0	0.0	0.0	0.0	0.0
110	258.0	0.0	0.0	0.0	0.0	0.0	0.0
120	93.66666666666667	0.0	0.0	0.0	0.0	0.0	0.0
130	172.0	0.0	0.0	0.0	0.0	0.0	0.0
140	238.66666666666666	0.0	0.0	0.0	0.0	0.0	0.0
150	72.66666666666667	0.0	0.0	0.0	0.0	0.0	0.0
160	126.0	0.0	0.0	2.0	0.0	2.0	0.0
170	191.0	0.0	0.0	0.0	0.0	0.0	0.0
180	210.66666666666666	0.0	0.0	0.0	0.0	0.0	0.0
190	162.33333333333334	1.0	23.0	3.0	1.0	3.0	0.0
200	336.6666666666667	0.0	0.0	2.0	0.0	2.0	0.0
210	145.0	2.0	60.0	30.0	2.0	29.0	0.0
220	302.3333333333333	1.0	22.0	4.0	1.0	3.0	0.0
230	384.0	0.0	0.0	1.0	0.0	1.0	0.0
240	369.6666666666667	14.0	43.0	13.0	14.0	6.0	0.0
250	533.6666666666666	1.0	19.0	2.0	1.0	2.0	0.0
260	348.0	3.0	17.0	3.0	2.0	2.0	1.0
270	480.3333333333333	5.0	7.0	5.0	0.0	0.0	5.0
280	527.6666666666666	1.0	27.0	0.0	1.0	0.0	0.0
290	383.0	11.0	48.0	12.0	1.0	2.0	10.0
300	1003.8333333333334	26.0	72.0	15.0	12.0	1.0	14.0
310	770.3333333333334	6.0	178.0	16.0	3.0	12.0	3.0
320	1171.3333333333333	11.0	26.0	12.0	1.0	2.0	10.0
330	1600.0	14.0	1.0	14.0	12.0	0.0	2.0
340	1703.5	0.0	7.0	2.0	0.0	2.0	0.0
350	1197.3333333333333	17.0	22.0	17.0	1.0	1.0	16.0
360	1686.0	1.0	79.0	5.0	1.0	4.0	0.0
370	1191.3333333333333	19.0	137.0	24.0	0.0	5.0	19.0
380	1680.6666666666667	23.0	53.0	24.0	0.0	1.0	23.0
390	1789.1666666666667	15.0	28.0	16.0	6.0	1.0	9.0
400	1789.3333333333333	2.0	120.0	10.0	0.0	8.0	2.0
410	687.0	12.0	30.0	15.0	0.0	3.0	12.0
420	1043.6666666666667	8.0	53.0	19.0	0.0	11.0	8.0
430	2117.6666666666665	3.0	33.0	6.0	0.0	3.0	3.0
440	1955.5	2.0	78.0	4.0	0.0	2.0	2.0
450	1522.0	23.0	76.0	29.0	0.0	6.0	23.0
460	1794.8333333333333	12.0	27.0	12.0	0.0	0.0	12.0
470	887.0	5.0	44.0	9.0	1.0	4.0	4.0
480	2104.0	5.0	126.0	10.0	0.0	5.0	5.0
490	1885.3333333333333	10.0	80.0	12.0	1.0	3.0	9.0
500	1576.0	12.0	24.0	18.0	0.0	6.0	12.0
510	1948.3333333333333	32.0	191.0	37.0	2.0	6.0	30.0
520	1393.5	0.0	51.0	3.0	0.0	3.0	0.0
530	1399.3333333333333	10.0	115.0	10.0	0.0	0.0	10.0
540	1837.3333333333333	1.0	130.0	9.0	0.0	8.0	1.0
550	1706.6666666666667	29.0	100.0	31.0	2.0	4.0	27.0
560	1804.6666666666667	47.0	125.0	50.0	2.0	4.0	45.0
570	1936.8333333333333	15.0	92.0	24.0	1.0	10.0	14.0
580	2294.6666666666665	2.0	70.0	3.0	1.0	2.0	1.0
590	2157.1666666666665	17.0	97.0	23.0	1.0	7.0	16.0
600	1820.3333333333333	4.0	112.0	12.0	0.0	8.0	4.0
610	1723.6666666666667	2.0	70.0	6.0	1.0	5.0	1.0
620	2008.0	16.0	110.0	17.0	2.0	3.0	14.0
630	1620.8333333333333	1.0	78.0	5.0	0.0	4.0	1.0
640	1892.0	1.0	118.0	5.0	0.0	4.0	1.0
650	1711.6666666666667	1.0	75.0	2.0	1.0	2.0	0.0
660	2015.6666666666667	0.0	128.0	7.0	0.0	7.0	0.0
670	1925.0	0.0	37.0	1.0	0.0	1.0	0.0
680	2164.5	0.0	110.0	11.0	0.0	11.0	0.0
690	2432.6666666666665	0.0	126.0	4.0	0.0	4.0	0.0
700	2477.6666666666665	1.0	120.0	4.0	1.0	4.0	0.0
710	2316.0	1.0	76.0	2.0	1.0	2.0	0.0
720	2355.3333333333335	2.0	114.0	3.0	0.0	1.0	2.0
730	2489.3333333333335	0.0	26.0	0.0	0.0	0.0	0.0
740	2496.3333333333335	19.0	76.0	24.0	1.0	6.0	18.0
750	2440.6666666666665	14.0	56.0	13.0	1.0	0.0	13.0
760	2177.6666666666665	0.0	64.0	1.0	0.0	1.0	0.0
770	2451.0	0.0	108.0	7.0	0.0	7.0	0.0
780	2552.3333333333335	1.0	198.0	8.0	0.0	7.0	1.0
790	2414.6666666666665	0.0	134.0	6.0	0.0	6.0	0.0
800	2445.0	0.0	143.0	4.0	0.0	4.0	0.0
810	2437.3333333333335	0.0	122.0	9.0	0.0	9.0	0.0
820	2577.3333333333335	3.0	29.0	5.0	0.0	2.0	3.0
830	2332.6666666666665	0.0	71.0	1.0	0.0	1.0	0.0
840	2389.0	2.0	141.0	10.0	0.0	8.0	2.0
850	2407.8333333333335	0.0	113.0	10.0	0.0	10.0	0.0
860	2024.6666666666667	2.0	55.0	11.0	1.0	10.0	1.0
870	1676.6666666666667	0.0	42.0	2.0	0.0	2.0	0.0
880	1757.1666666666667	48.0	162.0	47.0	6.0	4.0	42.0
890	2116.8333333333335	0.0	13.0	1.0	0.0	1.0	0.0
900	1741.6666666666667	13.0	94.0	20.0	0.0	7.0	13.0
910	1988.3333333333333	27.0	114.0	32.0	0.0	5.0	27.0
920	2089.1666666666665	0.0	278.0	4.0	0.0	4.0	0.0
930	2002.8333333333333	0.0	91.0	8.0	0.0	8.0	0.0
940	2077.0	2.0	117.0	9.0	1.0	8.0	1.0
950	1734.6666666666667	28.0	80.0	38.0	1.0	11.0	27.0
960	2079.1666666666665	0.0	62.0	5.0	0.0	5.0	0.0
970	2185.8333333333335	34.0	20.0	38.0	2.0	5.0	32.0
980	2074.1666666666665	0.0	270.0	9.0	0.0	9.0	0.0
990	1897.8333333333333	0.0	107.0	6.0	0.0	6.0	0.0
1000	2332.3333333333335	1.0	160.0	11.0	0.0	10.0	1.0
