0	255.66666666666666	0.0	0.0	0.0	0.0	0.0	0.0
10	70.0	0.0	0.0	0.0	0.0	0.0	0.0
20	70.0	0.0	0.0	0.0	0.0	0.0	0.0
30	70.0	0.0	0.0	0.0	0.0	0.0	0.0
40	70.0	0.0	0.0	0.0	0.0	0.0	0.0
50	70.0	0.0	0.0	0.0	0.0	0.0	0.0
60	70.0	0.0	0.0	0.0	0.0	0.0	0.0
70	70.66666666666667	0.0	0.0	0.0	0.0	0.0	0.0
80	70.66666666666667	0.0	0.0	0.0	0.0	0.0	0.0
90	70.33333333333333	0.0	0.0	0.0	0.0	0.0	0.0
100	98.0	0.0	0.0	0.0	0.0	0.0	0.0
110	110.33333333333333	0.0	0.0	0.0	0.0	0.0	0.0
120	146.33333333333334	0.0	0.0	0.0	0.0	0.0	0.0
130	86.33333333333333	1.0	4.0	6.0	0.0	5.0	1.0
140	256.3333333333333	0.0	0.0	0.0	0.0	0.0	0.0
150	340.0	0.0	0.0	0.0	0.0	0.0	0.0
160	210.33333333333334	2.0	28.0	3.0	2.0	2.0	0.0
170	171.66666666666666	0.0	0.0	0.0	0.0	0.0	0.0
180	214.0	1.0	33.0	7.0	0.0	6.0	1.0
190	430.0	0.0	0.0	1.0	0.0	1.0	0.0
200	221.0	1.0	27.0	2.0	1.0	2.0	0.0
210	450.0	0.0	0.0	0.0	0.0	0.0	0.0
220	260.6666666666667	10.0	23.0	12.0	0.0	2.0	10.0
230	410.6666666666667	0.0	0.0	0.0	0.0	0.0	0.0
240	296.3333333333333	4.0	26.0	6.0	1.0	3.0	3.0
250	357.0	7.0	39.0	9.0	1.0	3.0	6.0
260	661.0	31.0	37.0	30.0	6.0	5.0	25.0
270	627.6666666666666	17.0	16.0	19.0	1.0	3.0	16.0
280	1357.0	21.0	64.0	23.0	2.0	3.0	19.0
290	1857.0	22.0	37.0	24.0	0.0	2.0	22.0
300	2290.1666666666665	26.0	153.0	30.0	16.0	4.0	10.0
310	2643.6666666666665	3.0	344.0	13.0	0.0	10.0	3.0
320	2296.3333333333335	0.0	96.0	4.0	0.0	4.0	0.0
330	2375.1666666666665	0.0	35.0	11.0	0.0	11.0	0.0
340	2275.3333333333335	0.0	39.0	5.0	0.0	5.0	0.0
350	2538.6666666666665	0.0	106.0	11.0	0.0	11.0	0.0
360	2420.6666666666665	2.0	116.0	4.0	0.0	2.0	2.0
370	2226.3333333333335	7.0	81.0	17.0	0.0	10.0	7.0
380	2332.3333333333335	0.0	110.0	7.0	0.0	7.0	0.0
390	2373.5	10.0	183.0	19.0	0.0	9.0	10.0
400	2429.5	0.0	117.0	14.0	0.0	14.0	0.0
410	2357.0	1.0	105.0	3.0	1.0	3.0	0.0
420	2307.6666666666665	0.0	29.0	0.0	0.0	0.0	0.0
430	2389.6666666666665	0.0	91.0	9.0	0.0	9.0	0.0
440	2481.1666666666665	0.0	119.0	2.0	0.0	2.0	0.0
450	936.0	1.0	27.0	1.0	1.0	1.0	0.0
460	2264.1666666666665	1.0	158.0	17.0	0.0	16.0	1.0
470	2310.6666666666665	1.0	48.0	4.0	0.0	3.0	1.0
480	1488.3333333333333	0.0	31.0	2.0	0.0	2.0	0.0
490	1793.6666666666667	0.0	111.0	5.0	0.0	5.0	0.0
500	2006.0	11.0	100.0	15.0	0.0	4.0	11.0
510	1885.0	5.0	109.0	7.0	1.0	3.0	4.0
520	2052.6666666666665	11.0	199.0	22.0	2.0	11.0	9.0
530	1930.3333333333333	0.0	23.0	2.0	0.0	2.0	0.0
540	2577.1666666666665	14.0	111.0	19.0	0.0	5.0	14.0
550	2020.6666666666667	0.0	110.0	1.0	0.0	1.0	0.0
560	2230.6666666666665	1.0	125.0	6.0	0.0	5.0	1.0
570	1808.0	16.0	193.0	25.0	0.0	9.0	16.0
580	2503.1666666666665	2.0	22.0	4.0	2.0	3.0	0.0
590	1936.1666666666667	0.0	185.0	9.0	0.0	9.0	0.0
600	1679.0	0.0	131.0	3.0	0.0	3.0	0.0
610	2099.8333333333335	2.0	42.0	2.0	1.0	1.0	1.0
620	1728.3333333333333	24.0	76.0	27.0	0.0	3.0	24.0
630	2240.0	0.0	151.0	8.0	0.0	8.0	0.0
640	2017.6666666666667	0.0	68.0	5.0	0.0	5.0	0.0
650	1904.5	1.0	36.0	1.0	0.0	0.0	1.0
660	2455.6666666666665	23.0	105.0	26.0	0.0	3.0	23.0
670	2094.1666666666665	1.0	95.0	6.0	0.0	5.0	1.0
680	2192.6666666666665	0.0	24.0	0.0	0.0	0.0	0.0
690	2562.0	1.0	24.0	0.0	1.0	0.0	0.0
700	2336.6666666666665	0.0	90.0	1.0	0.0	1.0	0.0
710	2362.0	0.0	19.0	0.0	0.0	0.0	0.0
720	2444.0	36.0	98.0	34.0	2.0	0.0	34.0
730	1983.3333333333333	39.0	54.0	41.0	0.0	2.0	39.0
740	1808.0	0.0	59.0	2.0	0.0	2.0	0.0
750	2071.3333333333335	4.0	132.0	9.0	0.0	5.0	4.0
760	2089.3333333333335	18.0	116.0	21.0	1.0	4.0	17.0
770	2039.8333333333333	6.0	112.0	8.0	0.0	2.0	6.0
780	1772.1666666666667	9.0	144.0	25.0	0.0	16.0	9.0
790	2659.3333333333335	8.0	135.0	15.0	1.0	8.0	7.0
800	2305.3333333333335	21.0	188.0	31.0	1.0	11.0	20.0
810	2036.3333333333333	1.0	291.0	10.0	0.0	9.0	1.0
820	2151.0	0.0	72.0	7.0	0.0	7.0	0.0
830	1991.3333333333333	0.0	106.0	4.0	0.0	4.0	0.0
840	1987.0	0.0	100.0	4.0	0.0	4.0	0.0
850	2255.6666666666665	1.0	82.0	2.0	1.0	2.0	0.0
860	2170.5	1.0	94.0	1.0	0.0	0.0	1.0
870	1688.5	0.0	54.0	1.0	0.0	1.0	0.0
880	1885.8333333333333	2.0	101.0	11.0	0.0	9.0	2.0
890	2206.0	1.0	4.0	2.0	0.0	1.0	1.0
900	2361.6666666666665	0.0	78.0	6.0	0.0	6.0	0.0
910	1774.0	2.0	72.0	9.0	0.0	7.0	2.0
920	2471.6666666666665	1.0	123.0	5.0	0.0	4.0	1.0
930	2392.0	1.0	19.0	1.0	0.0	0.0	1.0
940	2599.0	0.0	80.0	5.0	0.0	5.0	0.0
950	2188.6666666666665	0.0	100.0	3.0	0.0	3.0	0.0
960	2289.0	0.0	15.0	0.0	0.0	0.0	0.0
970	2407.0	0.0	59.0	1.0	0.0	1.0	0.0
980	2125.0	1.0	84.0	5.0	1.0	5.0	0.0
990	2102.3333333333335	1.0	61.0	4.0	1.0	3.0	0.0
1000	2277.0	4.0	53.0	8.0	0.0	4.0	4.0
