0	232.33333333333334	0.0	0.0	0.0	0.0	0.0	0.0
10	70.0	0.0	0.0	0.0	0.0	0.0	0.0
20	70.0	0.0	0.0	0.0	0.0	0.0	0.0
30	70.0	0.0	0.0	0.0	0.0	0.0	0.0
40	70.0	0.0	0.0	0.0	0.0	0.0	0.0
50	70.0	0.0	0.0	0.0	0.0	0.0	0.0
60	70.0	0.0	0.0	0.0	0.0	0.0	0.0
70	70.0	0.0	0.0	0.0	0.0	0.0	0.0
80	70.0	0.0	0.0	0.0	0.0	0.0	0.0
90	71.33333333333333	0.0	0.0	0.0	0.0	0.0	0.0
100	73.0	0.0	0.0	0.0	0.0	0.0	0.0
110	75.66666666666667	0.0	0.0	0.0	0.0	0.0	0.0
120	193.66666666666666	0.0	0.0	0.0	0.0	0.0	0.0
130	152.0	0.0	0.0	0.0	0.0	0.0	0.0
140	185.33333333333334	0.0	0.0	0.0	0.0	0.0	0.0
150	197.66666666666666	27.0	18.0	11.0	16.0	0.0	11.0
160	95.66666666666667	19.0	7.0	12.0	7.0	0.0	12.0
170	186.66666666666666	0.0	0.0	1.0	0.0	1.0	0.0
180	168.66666666666666	0.0	0.0	0.0	0.0	0.0	0.0
190	151.66666666666666	0.0	0.0	0.0	0.0	0.0	0.0
200	567.3333333333334	0.0	0.0	0.0	0.0	0.0	0.0
210	348.3333333333333	38.0	13.0	37.0	2.0	1.0	36.0
220	381.3333333333333	6.0	5.0	5.0	6.0	1.0	0.0
230	397.6666666666667	1.0	18.0	2.0	1.0	2.0	0.0
240	546.6666666666666	29.0	38.0	27.0	3.0	1.0	26.0
250	1102.6666666666667	27.0	39.0	27.0	2.0	1.0	25.0
260	1363.3333333333333	2.0	48.0	5.0	2.0	4.0	0.0
270	1499.5	1.0	33.0	5.0	0.0	4.0	1.0
280	2567.8333333333335	5.0	111.0	11.0	1.0	7.0	4.0
290	2177.6666666666665	1.0	67.0	0.0	1.0	0.0	0.0
300	2293.6666666666665	1.0	149.0	12.0	0.0	11.0	1.0
310	2442.0	2.0	293.0	9.0	0.0	7.0	2.0
320	2396.5	0.0	168.0	5.0	0.0	5.0	0.0
330	2136.3333333333335	1.0	181.0	3.0	1.0	3.0	0.0
340	2258.0	0.0	140.0	8.0	0.0	8.0	0.0
350	2233.0	1.0	173.0	8.0	1.0	7.0	0.0
360	2129.6666666666665	31.0	60.0	36.0	0.0	5.0	31.0
370	2360.0	2.0	124.0	6.0	0.0	4.0	2.0
380	2296.3333333333335	4.0	109.0	4.0	4.0	4.0	0.0
390	2546.3333333333335	2.0	157.0	6.0	0.0	4.0	2.0
400	2679.5	0.0	125.0	3.0	0.0	3.0	0.0
410	1761.6666666666667	0.0	47.0	3.0	0.0	3.0	0.0
420	2208.3333333333335	97.0	161.0	98.0	2.0	3.0	95.0
430	2202.6666666666665	1.0	348.0	12.0	0.0	11.0	1.0
440	2675.6666666666665	1.0	348.0	6.0	0.0	5.0	1.0
450	2602.0	38.0	89.0	38.0	1.0	1.0	37.0
460	2576.3333333333335	0.0	111.0	19.0	0.0	19.0	0.0
470	2480.8333333333335	2.0	88.0	8.0	0.0	6.0	2.0
480	1578.0	0.0	67.0	2.0	0.0	2.0	0.0
490	2416.6666666666665	0.0	77.0	1.0	0.0	1.0	0.0
500	2468.5	1.0	159.0	9.0	0.0	8.0	1.0
510	2178.8333333333335	2.0	37.0	3.0	0.0	1.0	2.0
520	2351.1666666666665	9.0	127.0	18.0	1.0	10.0	8.0
530	1773.3333333333333	1.0	29.0	3.0	0.0	2.0	1.0
540	2058.5	0.0	26.0	2.0	0.0	2.0	0.0
550	1752.1666666666667	4.0	34.0	7.0	0.0	3.0	4.0
560	2231.1666666666665	0.0	111.0	3.0	0.0	3.0	0.0
570	1930.3333333333333	1.0	130.0	5.0	0.0	4.0	1.0
580	2457.6666666666665	2.0	95.0	4.0	0.0	2.0	2.0
590	2009.3333333333333	4.0	96.0	8.0	0.0	4.0	4.0
600	2048.0	0.0	39.0	6.0	0.0	6.0	0.0
610	2461.3333333333335	0.0	114.0	6.0	0.0	6.0	0.0
620	2318.3333333333335	0.0	129.0	3.0	0.0	3.0	0.0
630	2562.6666666666665	0.0	165.0	4.0	0.0	4.0	0.0
640	2388.5	1.0	188.0	1.0	1.0	1.0	0.0
650	2669.1666666666665	2.0	211.0	13.0	0.0	11.0	2.0
660	2518.0	1.0	153.0	3.0	0.0	2.0	1.0
670	2595.0	2.0	116.0	5.0	1.0	4.0	1.0
680	1778.6666666666667	0.0	42.0	4.0	0.0	4.0	0.0
690	2553.0	1.0	105.0	8.0	0.0	7.0	1.0
700	2557.1666666666665	0.0	76.0	8.0	0.0	8.0	0.0
710	2619.1666666666665	3.0	136.0	21.0	2.0	20.0	1.0
720	2517.1666666666665	15.0	63.0	13.0	3.0	1.0	12.0
730	1681.1666666666667	0.0	62.0	3.0	0.0	3.0	0.0
740	1928.6666666666667	19.0	156.0	24.0	0.0	5.0	19.0
750	2363.0	0.0	61.0	6.0	0.0	6.0	0.0
760	2217.3333333333335	20.0	62.0	21.0	1.0	1.0	19.0
770	2253.6666666666665	0.0	70.0	18.0	0.0	18.0	0.0
780	1746.6666666666667	0.0	167.0	5.0	0.0	5.0	0.0
790	2085.3333333333335	2.0	150.0	6.0	1.0	5.0	1.0
800	2441.8333333333335	1.0	94.0	5.0	0.0	4.0	1.0
810	1966.6666666666667	0.0	26.0	0.0	0.0	0.0	0.0
820	1932.1666666666667	1.0	25.0	5.0	0.0	4.0	1.0
830	1889.1666666666667	17.0	118.0	23.0	0.0	6.0	17.0
840	2420.5	0.0	37.0	2.0	0.0	2.0	0.0
850	2203.5	0.0	39.0	0.0	0.0	0.0	0.0
860	2454.6666666666665	2.0	137.0	2.0	2.0	2.0	0.0
870	2426.0	0.0	100.0	3.0	0.0	3.0	0.0
880	2453.8333333333335	0.0	39.0	2.0	0.0	2.0	0.0
890	2551.6666666666665	1.0	96.0	4.0	0.0	3.0	1.0
900	2437.3333333333335	13.0	94.0	36.0	0.0	23.0	13.0
910	2457.3333333333335	6.0	77.0	9.0	0.0	3.0	6.0
920	2286.3333333333335	1.0	51.0	6.0	1.0	5.0	0.0
930	2457.0	3.0	101.0	4.0	2.0	3.0	1.0
940	2665.5	0.0	32.0	2.0	0.0	2.0	0.0
950	2294.6666666666665	2.0	72.0	11.0	0.0	9.0	2.0
960	2368.1666666666665	0.0	101.0	2.0	0.0	2.0	0.0
970	2571.5	1.0	82.0	8.0	0.0	7.0	1.0
980	2070.5	17.0	98.0	18.0	1.0	2.0	16.0
990	2423.3333333333335	0.0	36.0	2.0	0.0	2.0	0.0
1000	2469.3333333333335	21.0	74.0	23.0	1.0	2.0	20.0
