0	261.3333333333333	0.0	0.0	0.0	0.0	0.0	0.0
10	70.0	0.0	0.0	0.0	0.0	0.0	0.0
20	70.0	0.0	0.0	0.0	0.0	0.0	0.0
30	70.0	0.0	0.0	0.0	0.0	0.0	0.0
40	70.0	0.0	0.0	0.0	0.0	0.0	0.0
50	70.0	0.0	0.0	0.0	0.0	0.0	0.0
60	70.0	0.0	0.0	0.0	0.0	0.0	0.0
70	70.0	0.0	0.0	0.0	0.0	0.0	0.0
80	70.33333333333333	0.0	0.0	0.0	0.0	0.0	0.0
90	75.0	0.0	0.0	0.0	0.0	0.0	0.0
100	92.66666666666667	0.0	0.0	0.0	0.0	0.0	0.0
110	91.66666666666667	0.0	0.0	0.0	0.0	0.0	0.0
120	334.3333333333333	0.0	0.0	0.0	0.0	0.0	0.0
130	119.33333333333333	4.0	1.0	3.0	1.0	0.0	3.0
140	350.3333333333333	0.0	0.0	0.0	0.0	0.0	0.0
150	93.33333333333333	0.0	0.0	1.0	0.0	1.0	0.0
160	450.0	0.0	0.0	0.0	0.0	0.0	0.0
170	80.33333333333333	0.0	26.0	0.0	0.0	0.0	0.0
180	549.5	0.0	0.0	0.0	0.0	0.0	0.0
190	81.0	18.0	105.0	28.0	2.0	12.0	16.0
200	380.3333333333333	0.0	0.0	0.0	0.0	0.0	0.0
210	569.0	0.0	0.0	0.0	0.0	0.0	0.0
220	1541.6666666666667	1.0	44.0	1.0	1.0	1.0	0.0
230	1195.3333333333333	2.0	29.0	2.0	0.0	0.0	2.0
240	2016.3333333333333	0.0	40.0	3.0	0.0	3.0	0.0
250	1976.3333333333333	0.0	65.0	2.0	0.0	2.0	0.0
260	1654.0	4.0	50.0	4.0	0.0	0.0	4.0
270	2573.0	19.0	127.0	20.0	0.0	1.0	19.0
280	1816.6666666666667	0.0	66.0	2.0	0.0	2.0	0.0
290	2603.0	8.0	58.0	10.0	0.0	2.0	8.0
300	2202.0	0.0	98.0	9.0	0.0	9.0	0.0
310	2338.0	0.0	21.0	6.0	0.0	6.0	0.0
320	2406.1666666666665	0.0	19.0	1.0	0.0	1.0	0.0
330	2444.1666666666665	0.0	112.0	4.0	0.0	4.0	0.0
340	2166.3333333333335	1.0	67.0	2.0	0.0	1.0	1.0
350	2532.1666666666665	0.0	52.0	1.0	0.0	1.0	0.0
360	2402.0	0.0	29.0	2.0	0.0	2.0	0.0
370	2603.6666666666665	0.0	32.0	3.0	0.0	3.0	0.0
380	2416.8333333333335	1.0	96.0	8.0	1.0	8.0	0.0
390	2381.8333333333335	0.0	93.0	9.0	0.0	9.0	0.0
400	1670.3333333333333	0.0	57.0	2.0	0.0	2.0	0.0
410	2462.6666666666665	0.0	45.0	0.0	0.0	0.0	0.0
420	2260.1666666666665	28.0	47.0	49.0	1.0	21.0	27.0
430	1913.5	0.0	112.0	4.0	0.0	4.0	0.0
440	1551.8333333333333	0.0	46.0	0.0	0.0	0.0	0.0
450	2662.8333333333335	2.0	97.0	5.0	0.0	3.0	2.0
460	1554.0	2.0	115.0	5.0	2.0	3.0	0.0
470	1729.3333333333333	33.0	60.0	37.0	1.0	5.0	32.0
480	1778.6666666666667	0.0	76.0	2.0	0.0	2.0	0.0
490	1910.5	2.0	35.0	6.0	0.0	4.0	2.0
500	2501.6666666666665	7.0	124.0	17.0	1.0	10.0	6.0
510	2508.5	0.0	50.0	2.0	0.0	2.0	0.0
520	2149.1666666666665	45.0	44.0	45.0	0.0	0.0	45.0
530	2614.3333333333335	0.0	122.0	4.0	0.0	4.0	0.0
540	2271.3333333333335	1.0	103.0	3.0	0.0	2.0	1.0
550	2234.0	1.0	82.0	5.0	0.0	4.0	1.0
560	2387.0	2.0	91.0	6.0	0.0	4.0	2.0
570	2251.8333333333335	1.0	123.0	0.0	1.0	0.0	0.0
580	2269.6666666666665	0.0	73.0	2.0	0.0	2.0	0.0
590	2146.5	0.0	79.0	2.0	0.0	2.0	0.0
600	2589.5	0.0	29.0	3.0	0.0	3.0	0.0
610	2119.6666666666665	2.0	152.0	4.0	1.0	3.0	1.0
620	2210.3333333333335	0.0	54.0	1.0	0.0	1.0	0.0
630	2525.6666666666665	0.0	57.0	1.0	0.0	1.0	0.0
640	1544.6666666666667	2.0	35.0	4.0	0.0	2.0	2.0
650	2273.0	7.0	10.0	7.0	0.0	0.0	7.0
660	2585.1666666666665	4.0	43.0	16.0	0.0	12.0	4.0
670	2246.6666666666665	1.0	81.0	10.0	1.0	9.0	0.0
680	1594.6666666666667	0.0	14.0	0.0	0.0	0.0	0.0
690	2040.8333333333333	10.0	81.0	13.0	1.0	4.0	9.0
700	2453.1666666666665	4.0	139.0	14.0	0.0	10.0	4.0
710	2111.5	26.0	133.0	28.0	1.0	2.0	25.0
720	2359.6666666666665	1.0	166.0	5.0	0.0	4.0	1.0
730	2217.8333333333335	1.0	301.0	12.0	0.0	11.0	1.0
740	2171.0	8.0	153.0	16.0	1.0	9.0	7.0
750	2195.5	19.0	337.0	27.0	3.0	10.0	16.0
760	2229.0	6.0	99.0	11.0	0.0	5.0	6.0
770	1756.0	9.0	3.0	12.0	0.0	3.0	9.0
780	2406.1666666666665	1.0	164.0	6.0	0.0	5.0	1.0
790	2577.0	1.0	70.0	2.0	0.0	1.0	1.0
800	2417.0	0.0	89.0	2.0	0.0	2.0	0.0
810	2344.3333333333335	0.0	74.0	11.0	0.0	11.0	0.0
820	2234.5	0.0	58.0	0.0	0.0	0.0	0.0
830	2390.3333333333335	1.0	65.0	5.0	1.0	5.0	0.0
840	2513.3333333333335	1.0	138.0	8.0	0.0	7.0	1.0
850	2485.8333333333335	0.0	66.0	2.0	0.0	2.0	0.0
860	2639.3333333333335	2.0	82.0	3.0	1.0	2.0	1.0
870	2610.6666666666665	0.0	67.0	6.0	0.0	6.0	0.0
880	2206.0	2.0	36.0	6.0	1.0	5.0	1.0
890	2383.5	0.0	51.0	2.0	0.0	2.0	0.0
900	2409.3333333333335	1.0	73.0	5.0	0.0	4.0	1.0
910	2216.6666666666665	3.0	32.0	7.0	0.0	4.0	3.0
920	1845.0	1.0	83.0	7.0	1.0	7.0	0.0
930	2173.5	2.0	141.0	10.0	0.0	8.0	2.0
940	2076.0	0.0	41.0	7.0	0.0	7.0	0.0
950	2426.6666666666665	18.0	167.0	27.0	1.0	10.0	17.0
960	2432.1666666666665	0.0	195.0	3.0	0.0	3.0	0.0
970	2436.8333333333335	19.0	95.0	28.0	0.0	9.0	19.0
980	2312.3333333333335	2.0	117.0	8.0	1.0	7.0	1.0
990	1308.6666666666667	3.0	79.0	9.0	0.0	6.0	3.0
1000	1621.5	2.0	160.0	12.0	0.0	10.0	2.0
