0	255.1666666666666	0.0	0.0	0.0	0.0	0.0	0.0
10	161.68888888888893	464.3666666666667	879.0333333333333	243.46666666666667	303.8	73.63333333333334	160.56666666666666
20	191.03333333333336	421.9	934.2	266.6666666666667	219.26666666666668	51.9	202.63333333333333
30	383.9999999999999	93.63333333333334	240.3	61.86666666666667	46.96666666666667	11.833333333333334	46.666666666666664
40	677.3111111111114	13.3	35.53333333333333	4.966666666666667	9.733333333333333	1.2666666666666666	3.566666666666667
50	1176.8444444444444	6.8	34.833333333333336	5.733333333333333	2.566666666666667	1.2	4.233333333333333
60	1399.5944444444442	0.0	0.0	0.0	0.0	0.0	0.0
70	1799.6833333333336	0.0	0.0	0.0	0.0	0.0	0.0
80	1840.761111111111	0.0	0.0	0.0	0.0	0.0	0.0
90	2064.5666666666666	0.0	0.0	0.0	0.0	0.0	0.0
100	2230.894444444444	0.0	0.0	0.0	0.0	0.0	0.0
110	2225.1777777777775	0.0	0.0	0.0	0.0	0.0	0.0
120	2311.0555555555557	0.0	0.0	0.0	0.0	0.0	0.0
130	2287.816666666666	0.0	0.0	0.0	0.0	0.0	0.0
140	2269.2277777777776	0.0	0.0	0.0	0.0	0.0	0.0
150	2287.777777777778	0.0	0.0	0.0	0.0	0.0	0.0
160	2317.338888888889	0.0	0.0	0.0	0.0	0.0	0.0
170	2320.1222222222223	0.0	0.0	0.0	0.0	0.0	0.0
180	2352.2555555555564	0.0	0.0	0.0	0.0	0.0	0.0
190	2375.494444444445	0.0	0.0	0.0	0.0	0.0	0.0
200	2345.4388888888884	0.0	0.0	0.0	0.0	0.0	0.0
210	2359.9555555555557	0.0	0.0	0.0	0.0	0.0	0.0
220	2337.461111111111	0.0	0.0	0.0	0.0	0.0	0.0
230	2318.961111111111	0.0	0.0	0.0	0.0	0.0	0.0
240	2276.711111111112	0.0	0.0	0.0	0.0	0.0	0.0
250	2274.5222222222224	0.0	0.0	0.0	0.0	0.0	0.0
260	2232.366666666667	0.0	0.0	0.0	0.0	0.0	0.0
270	2253.583333333334	0.0	0.0	0.0	0.0	0.0	0.0
280	2250.9055555555556	0.0	0.0	0.0	0.0	0.0	0.0
290	2184.394444444444	0.0	0.0	0.0	0.0	0.0	0.0
300	2134.9444444444443	0.0	0.0	0.0	0.0	0.0	0.0
310	2104.1944444444443	0.0	0.0	0.0	0.0	0.0	0.0
320	2103.416666666667	0.0	0.0	0.0	0.0	0.0	0.0
330	2104.5055555555555	0.0	0.0	0.0	0.0	0.0	0.0
340	2048.8111111111116	0.0	0.0	0.0	0.0	0.0	0.0
350	2104.805555555555	0.0	0.0	0.0	0.0	0.0	0.0
360	2126.272222222223	0.0	0.0	0.0	0.0	0.0	0.0
370	2104.361111111111	0.0	0.0	0.0	0.0	0.0	0.0
380	2045.0777777777773	0.0	0.0	0.0	0.0	0.0	0.0
390	2039.8611111111109	0.0	0.0	0.0	0.0	0.0	0.0
400	2072.333333333334	0.0	0.0	0.0	0.0	0.0	0.0
410	2012.5944444444438	0.0	0.0	0.0	0.0	0.0	0.0
420	2023.6277777777782	0.0	0.0	0.0	0.0	0.0	0.0
430	1979.288888888889	0.0	0.0	0.0	0.0	0.0	0.0
440	1982.8555555555554	0.0	0.0	0.0	0.0	0.0	0.0
450	2034.7944444444443	0.0	0.0	0.0	0.0	0.0	0.0
460	2065.0277777777774	0.0	0.0	0.0	0.0	0.0	0.0
470	2012.922222222222	0.0	0.0	0.0	0.0	0.0	0.0
480	1874.438888888889	0.0	0.0	0.0	0.0	0.0	0.0
490	2087.7944444444447	0.0	0.0	0.0	0.0	0.0	0.0
500	2073.061111111111	0.0	0.0	0.0	0.0	0.0	0.0
510	2029.9444444444443	0.0	0.0	0.0	0.0	0.0	0.0
520	2174.016666666667	0.0	0.0	0.0	0.0	0.0	0.0
530	2083.9444444444443	0.0	0.0	0.0	0.0	0.0	0.0
540	2055.1555555555556	0.0	0.0	0.0	0.0	0.0	0.0
550	2145.3	0.0	0.0	0.0	0.0	0.0	0.0
560	2215.6555555555556	0.0	0.0	0.0	0.0	0.0	0.0
570	2213.061111111111	0.0	0.0	0.0	0.0	0.0	0.0
580	2196.2	0.0	0.0	0.0	0.0	0.0	0.0
590	2232.3500000000004	0.0	0.0	0.0	0.0	0.0	0.0
600	2174.516666666667	0.0	0.0	0.0	0.0	0.0	0.0
610	2242.4444444444443	0.0	0.0	0.0	0.0	0.0	0.0
620	2215.7944444444443	0.0	0.0	0.0	0.0	0.0	0.0
630	2227.272222222222	0.0	0.0	0.0	0.0	0.0	0.0
640	2249.1444444444446	0.0	0.0	0.0	0.0	0.0	0.0
650	2211.5388888888897	0.0	0.0	0.0	0.0	0.0	0.0
660	2221.3333333333335	0.0	0.0	0.0	0.0	0.0	0.0
670	2279.7833333333333	0.0	0.0	0.0	0.0	0.0	0.0
680	2266.516666666667	0.0	0.0	0.0	0.0	0.0	0.0
690	2208.094444444445	0.0	0.0	0.0	0.0	0.0	0.0
700	2243.4166666666665	0.0	0.0	0.0	0.0	0.0	0.0
710	2187.616666666667	0.0	0.0	0.0	0.0	0.0	0.0
720	2267.7055555555553	0.0	0.0	0.0	0.0	0.0	0.0
730	2276.155555555555	0.0	0.0	0.0	0.0	0.0	0.0
740	2315.7722222222224	0.0	0.0	0.0	0.0	0.0	0.0
750	2274.5444444444447	0.0	0.0	0.0	0.0	0.0	0.0
760	2228.45	0.0	0.0	0.0	0.0	0.0	0.0
770	2258.944444444445	0.0	0.0	0.0	0.0	0.0	0.0
780	2248.4999999999995	0.0	0.0	0.0	0.0	0.0	0.0
790	2249.25	0.0	0.0	0.0	0.0	0.0	0.0
800	2333.75	0.0	0.0	0.0	0.0	0.0	0.0
810	2259.3499999999995	0.0	0.0	0.0	0.0	0.0	0.0
820	2165.222222222222	0.0	0.0	0.0	0.0	0.0	0.0
830	2153.344444444444	0.0	0.0	0.0	0.0	0.0	0.0
840	2224.922222222222	0.0	0.0	0.0	0.0	0.0	0.0
850	2198.4000000000005	0.0	0.0	0.0	0.0	0.0	0.0
860	2150.3277777777776	0.0	0.0	0.0	0.0	0.0	0.0
870	2292.183333333333	0.0	0.0	0.0	0.0	0.0	0.0
880	2161.994444444444	0.0	0.0	0.0	0.0	0.0	0.0
890	2195.8833333333328	0.0	0.0	0.0	0.0	0.0	0.0
900	2286.3777777777777	0.0	0.0	0.0	0.0	0.0	0.0
910	2341.611111111111	0.0	0.0	0.0	0.0	0.0	0.0
920	2286.0166666666673	0.0	0.0	0.0	0.0	0.0	0.0
930	2284.438888888889	0.0	0.0	0.0	0.0	0.0	0.0
940	2211.8	0.0	0.0	0.0	0.0	0.0	0.0
950	2206.1888888888884	0.0	0.0	0.0	0.0	0.0	0.0
960	2149.383333333333	0.0	0.0	0.0	0.0	0.0	0.0
970	2204.3722222222223	0.0	0.0	0.0	0.0	0.0	0.0
980	2333.811111111111	0.0	0.0	0.0	0.0	0.0	0.0
990	2194.7277777777786	0.0	0.0	0.0	0.0	0.0	0.0
1000	2241.1444444444437	0.0	0.0	0.0	0.0	0.0	0.0
