0	245.66666666666666	0.0
10	133.33333333333334	158.0
20	138.0	33.0
30	132.0	5.0
40	131.0	13.0
50	131.66666666666666	85.0
60	138.66666666666666	55.0
70	132.33333333333334	7.0
80	132.66666666666666	40.0
90	131.66666666666666	29.0
100	219.0	32.0
110	523.3333333333334	19.0
120	757.3333333333334	46.0
130	1114.3333333333333	50.0
140	1038.3333333333333	83.0
150	1432.0	49.0
160	1476.6666666666667	59.0
170	1556.0	46.0
180	1848.0	110.0
190	1893.0	68.0
200	1777.6666666666667	13.0
210	1901.3333333333333	0.0
220	2105.3333333333335	0.0
230	2150.3333333333335	0.0
240	1973.3333333333333	0.0
250	2138.0	0.0
260	2038.5	0.0
270	2007.0	0.0
280	1960.3333333333333	0.0
290	2295.1666666666665	0.0
300	2260.0	0.0
310	2157.3333333333335	0.0
320	2367.3333333333335	0.0
330	2050.6666666666665	0.0
340	2380.0	0.0
350	2463.6666666666665	0.0
360	2354.6666666666665	0.0
370	2492.8333333333335	0.0
380	2490.6666666666665	0.0
390	2347.3333333333335	0.0
400	2210.3333333333335	0.0
410	2702.6666666666665	0.0
420	2736.8333333333335	0.0
430	2584.3333333333335	0.0
440	2323.0	0.0
450	2445.5	0.0
460	2307.0	0.0
470	2520.3333333333335	0.0
480	2508.3333333333335	0.0
490	2491.6666666666665	0.0
500	2501.6666666666665	0.0
510	2450.3333333333335	0.0
520	2323.0	0.0
530	2588.1666666666665	0.0
540	2543.3333333333335	0.0
550	2334.3333333333335	0.0
560	2460.5	0.0
570	2683.8333333333335	0.0
580	2428.0	0.0
590	2017.0	0.0
600	2964.8333333333335	0.0
610	2653.1666666666665	0.0
620	1940.6666666666667	0.0
630	2463.1666666666665	0.0
640	2526.0	0.0
650	2754.8333333333335	0.0
660	2450.0	0.0
670	2436.0	0.0
680	2727.0	0.0
690	2514.6666666666665	0.0
700	2400.0	0.0
710	2763.0	0.0
720	2555.8333333333335	0.0
730	2739.1666666666665	0.0
740	2506.6666666666665	0.0
750	2569.3333333333335	0.0
760	2722.3333333333335	0.0
770	2687.3333333333335	0.0
780	2407.1666666666665	0.0
790	1877.6666666666667	0.0
800	1984.1666666666667	0.0
810	2192.0	0.0
820	2330.3333333333335	0.0
830	2052.5	0.0
840	2198.0	0.0
850	2090.3333333333335	0.0
860	1869.3333333333333	0.0
870	2468.8333333333335	0.0
880	2162.6666666666665	0.0
890	1976.6666666666667	0.0
900	2180.6666666666665	0.0
910	2200.3333333333335	0.0
920	2528.0	0.0
930	2605.6666666666665	0.0
940	2731.8333333333335	0.0
950	2695.3333333333335	0.0
960	2425.8333333333335	0.0
970	2791.3333333333335	0.0
980	2582.6666666666665	0.0
990	2438.3333333333335	0.0
1000	2660.5	0.0
