0	271.6666666666667	0.0
10	107.66666666666667	127.0
20	124.0	59.0
30	115.33333333333333	22.0
40	101.33333333333333	51.0
50	162.0	68.0
60	111.66666666666667	28.0
70	100.33333333333333	182.0
80	142.66666666666666	68.0
90	142.0	9.0
100	137.66666666666666	32.0
110	140.66666666666666	31.0
120	170.66666666666666	37.0
130	529.6666666666666	34.0
140	823.3333333333334	31.0
150	1117.3333333333333	17.0
160	801.3333333333334	37.0
170	891.0	11.0
180	972.3333333333334	46.0
190	1158.6666666666667	51.0
200	1393.3333333333333	40.0
210	1223.0	11.0
220	2211.3333333333335	8.0
230	1847.3333333333333	0.0
240	1789.6666666666667	0.0
250	2194.0	0.0
260	2319.3333333333335	0.0
270	2125.0	0.0
280	2243.5	0.0
290	2123.6666666666665	0.0
300	2438.6666666666665	0.0
310	2076.0	0.0
320	2527.1666666666665	0.0
330	2112.6666666666665	0.0
340	2250.8333333333335	0.0
350	2061.1666666666665	0.0
360	2096.0	0.0
370	2251.3333333333335	0.0
380	2162.6666666666665	0.0
390	2318.8333333333335	0.0
400	2465.6666666666665	0.0
410	2564.6666666666665	0.0
420	2306.1666666666665	0.0
430	2324.8333333333335	0.0
440	2181.5	0.0
450	2557.3333333333335	0.0
460	2545.0	0.0
470	2727.5	0.0
480	2617.6666666666665	0.0
490	2590.0	0.0
500	2830.8333333333335	0.0
510	2737.8333333333335	0.0
520	2502.5	0.0
530	2585.0	0.0
540	2548.6666666666665	0.0
550	2571.3333333333335	0.0
560	2496.1666666666665	0.0
570	2204.0	0.0
580	2513.3333333333335	0.0
590	2235.6666666666665	0.0
600	2447.3333333333335	0.0
610	2363.8333333333335	0.0
620	2552.0	0.0
630	2585.3333333333335	0.0
640	2345.3333333333335	0.0
650	2472.3333333333335	0.0
660	2403.5	0.0
670	2471.6666666666665	0.0
680	2381.0	0.0
690	2583.1666666666665	0.0
700	2276.3333333333335	0.0
710	2507.6666666666665	0.0
720	2511.5	0.0
730	2294.3333333333335	0.0
740	2443.3333333333335	0.0
750	1926.0	0.0
760	2609.0	0.0
770	2405.6666666666665	0.0
780	2544.3333333333335	0.0
790	2095.6666666666665	0.0
800	2024.3333333333333	0.0
810	2200.0	0.0
820	2040.8333333333333	0.0
830	2289.8333333333335	0.0
840	2536.3333333333335	0.0
850	1782.0	0.0
860	1964.3333333333333	0.0
870	2083.6666666666665	0.0
880	1829.0	0.0
890	1881.5	0.0
900	2030.5	0.0
910	1909.6666666666667	0.0
920	1921.0	0.0
930	1695.5	0.0
940	2182.6666666666665	0.0
950	1924.1666666666667	0.0
960	2095.6666666666665	0.0
970	1766.6666666666667	0.0
980	2071.3333333333335	0.0
990	2178.8333333333335	0.0
1000	2084.6666666666665	0.0
