0	315.0	0.0
10	70.0	144.0
20	70.33333333333333	143.0
30	70.66666666666667	139.0
40	70.0	159.0
50	70.0	232.0
60	70.0	183.0
70	70.0	0.0
80	70.0	0.0
90	70.0	0.0
100	70.0	0.0
110	70.0	0.0
120	70.0	0.0
130	70.0	0.0
140	70.0	0.0
150	70.0	0.0
160	70.0	0.0
170	70.0	0.0
180	70.66666666666667	0.0
190	71.0	0.0
200	123.66666666666667	0.0
210	120.0	0.0
220	396.3333333333333	0.0
230	292.0	0.0
240	153.66666666666666	0.0
250	155.33333333333334	0.0
260	146.0	0.0
270	210.33333333333334	0.0
280	170.33333333333334	0.0
290	320.0	0.0
300	203.0	0.0
310	248.33333333333334	0.0
320	604.0	0.0
330	804.3333333333334	0.0
340	1058.3333333333333	0.0
350	666.6666666666666	0.0
360	984.3333333333334	0.0
370	969.3333333333334	0.0
380	1416.0	0.0
390	1621.0	0.0
400	1388.6666666666667	0.0
410	1482.8333333333333	0.0
420	1435.0	0.0
430	2249.0	0.0
440	2316.3333333333335	0.0
450	1574.8333333333333	0.0
460	2047.0	0.0
470	2050.0	0.0
480	2118.0	0.0
490	2314.3333333333335	0.0
500	2067.6666666666665	0.0
510	2144.0	0.0
520	2186.6666666666665	0.0
530	2299.0	0.0
540	2180.0	0.0
550	2186.3333333333335	0.0
560	2090.3333333333335	0.0
570	2225.6666666666665	0.0
580	2218.5	0.0
590	2225.0	0.0
600	2295.0	0.0
610	2416.6666666666665	0.0
620	2647.8333333333335	0.0
630	2465.3333333333335	0.0
640	2207.8333333333335	0.0
650	2471.5	0.0
660	2506.1666666666665	0.0
670	2448.1666666666665	0.0
680	2723.6666666666665	0.0
690	2517.0	0.0
700	2559.8333333333335	0.0
710	2630.3333333333335	0.0
720	2775.6666666666665	0.0
730	2565.0	0.0
740	2600.6666666666665	0.0
750	2662.6666666666665	0.0
760	2781.0	0.0
770	2419.3333333333335	0.0
780	2646.5	0.0
790	2746.6666666666665	0.0
800	2380.6666666666665	0.0
810	2493.6666666666665	0.0
820	2699.8333333333335	0.0
830	2596.3333333333335	0.0
840	1769.0	0.0
850	2900.8333333333335	0.0
860	2630.6666666666665	0.0
870	2431.3333333333335	0.0
880	2633.0	0.0
890	2319.0	0.0
900	2469.5	0.0
910	2573.6666666666665	0.0
920	2589.3333333333335	0.0
930	2550.1666666666665	0.0
940	2493.8333333333335	0.0
950	2735.5	0.0
960	2706.8333333333335	0.0
970	2595.0	0.0
980	2574.6666666666665	0.0
990	2671.6666666666665	0.0
1000	2800.8333333333335	0.0
