0	265.3333333333333	0.0	0.0	0.0	0.0	0.0	0.0
10	1705.0	62.0	165.0	48.0	17.0	3.0	45.0
20	1795.0	24.0	216.0	4.0	23.0	3.0	1.0
30	1946.0	14.0	70.0	10.0	12.0	3.0	2.0
40	2020.8333333333333	22.0	139.0	7.0	19.0	3.0	3.0
50	2013.0	63.0	199.0	36.0	35.0	8.0	28.0
60	2051.1666666666665	65.0	163.0	43.0	28.0	5.0	37.0
70	2153.3333333333335	95.0	169.0	69.0	30.0	4.0	65.0
80	2211.1666666666665	19.0	193.0	6.0	19.0	5.0	0.0
90	2285.5	53.0	160.0	42.0	18.0	7.0	35.0
100	2345.5	51.0	197.0	15.0	41.0	3.0	10.0
110	2057.5	138.0	275.0	113.0	37.0	5.0	101.0
120	2192.6666666666665	27.0	61.0	10.0	21.0	3.0	6.0
130	2217.6666666666665	40.0	169.0	1.0	39.0	0.0	1.0
140	2319.0	40.0	219.0	5.0	39.0	4.0	1.0
150	2360.0	17.0	196.0	7.0	16.0	6.0	1.0
160	2406.3333333333335	36.0	318.0	9.0	36.0	8.0	0.0
170	2186.8333333333335	108.0	221.0	83.0	32.0	7.0	76.0
180	2469.3333333333335	38.0	184.0	6.0	38.0	6.0	0.0
190	2620.1666666666665	33.0	140.0	20.0	20.0	6.0	13.0
200	2362.0	47.0	136.0	29.0	21.0	2.0	26.0
210	2637.0	8.0	33.0	1.0	7.0	0.0	1.0
220	2498.1666666666665	0.0	0.0	0.0	0.0	0.0	0.0
230	2368.5	0.0	0.0	0.0	0.0	0.0	0.0
240	2426.0	0.0	0.0	0.0	0.0	0.0	0.0
250	2417.0	0.0	0.0	0.0	0.0	0.0	0.0
260	2714.1666666666665	0.0	0.0	0.0	0.0	0.0	0.0
270	2358.1666666666665	0.0	0.0	0.0	0.0	0.0	0.0
280	2614.0	0.0	0.0	0.0	0.0	0.0	0.0
290	2528.0	0.0	0.0	0.0	0.0	0.0	0.0
300	2635.8333333333335	0.0	0.0	0.0	0.0	0.0	0.0
310	2529.0	0.0	0.0	0.0	0.0	0.0	0.0
320	2646.3333333333335	0.0	0.0	0.0	0.0	0.0	0.0
330	2749.8333333333335	0.0	0.0	0.0	0.0	0.0	0.0
340	2686.3333333333335	0.0	0.0	0.0	0.0	0.0	0.0
350	2650.3333333333335	0.0	0.0	0.0	0.0	0.0	0.0
360	2741.3333333333335	0.0	0.0	0.0	0.0	0.0	0.0
370	2672.8333333333335	0.0	0.0	0.0	0.0	0.0	0.0
380	2595.8333333333335	0.0	0.0	0.0	0.0	0.0	0.0
390	2729.5	0.0	0.0	0.0	0.0	0.0	0.0
400	3041.3333333333335	0.0	0.0	0.0	0.0	0.0	0.0
410	2694.0	0.0	0.0	0.0	0.0	0.0	0.0
420	2731.3333333333335	0.0	0.0	0.0	0.0	0.0	0.0
430	2916.1666666666665	0.0	0.0	0.0	0.0	0.0	0.0
440	2592.1666666666665	0.0	0.0	0.0	0.0	0.0	0.0
450	2943.8333333333335	0.0	0.0	0.0	0.0	0.0	0.0
460	2883.6666666666665	0.0	0.0	0.0	0.0	0.0	0.0
470	2682.5	0.0	0.0	0.0	0.0	0.0	0.0
480	2911.6666666666665	0.0	0.0	0.0	0.0	0.0	0.0
490	2704.3333333333335	0.0	0.0	0.0	0.0	0.0	0.0
500	2712.5	0.0	0.0	0.0	0.0	0.0	0.0
510	2812.0	0.0	0.0	0.0	0.0	0.0	0.0
520	2757.5	0.0	0.0	0.0	0.0	0.0	0.0
530	2878.8333333333335	0.0	0.0	0.0	0.0	0.0	0.0
540	2600.1666666666665	0.0	0.0	0.0	0.0	0.0	0.0
550	2702.0	0.0	0.0	0.0	0.0	0.0	0.0
560	2632.1666666666665	0.0	0.0	0.0	0.0	0.0	0.0
570	2877.6666666666665	0.0	0.0	0.0	0.0	0.0	0.0
580	2338.0	0.0	0.0	0.0	0.0	0.0	0.0
590	2473.0	0.0	0.0	0.0	0.0	0.0	0.0
600	2603.0	0.0	0.0	0.0	0.0	0.0	0.0
610	2802.5	0.0	0.0	0.0	0.0	0.0	0.0
620	2635.3333333333335	0.0	0.0	0.0	0.0	0.0	0.0
630	2934.8333333333335	0.0	0.0	0.0	0.0	0.0	0.0
640	2697.6666666666665	0.0	0.0	0.0	0.0	0.0	0.0
650	2853.8333333333335	0.0	0.0	0.0	0.0	0.0	0.0
660	2881.1666666666665	0.0	0.0	0.0	0.0	0.0	0.0
670	2969.6666666666665	0.0	0.0	0.0	0.0	0.0	0.0
680	2702.3333333333335	0.0	0.0	0.0	0.0	0.0	0.0
690	2972.1666666666665	0.0	0.0	0.0	0.0	0.0	0.0
700	2655.8333333333335	0.0	0.0	0.0	0.0	0.0	0.0
710	2758.5	0.0	0.0	0.0	0.0	0.0	0.0
720	2882.3333333333335	0.0	0.0	0.0	0.0	0.0	0.0
730	2594.5	0.0	0.0	0.0	0.0	0.0	0.0
740	2959.0	0.0	0.0	0.0	0.0	0.0	0.0
750	2977.5	0.0	0.0	0.0	0.0	0.0	0.0
760	2921.3333333333335	0.0	0.0	0.0	0.0	0.0	0.0
770	3116.5	0.0	0.0	0.0	0.0	0.0	0.0
780	2999.6666666666665	0.0	0.0	0.0	0.0	0.0	0.0
790	3130.8333333333335	0.0	0.0	0.0	0.0	0.0	0.0
800	2689.5	0.0	0.0	0.0	0.0	0.0	0.0
810	2915.5	0.0	0.0	0.0	0.0	0.0	0.0
820	2762.6666666666665	0.0	0.0	0.0	0.0	0.0	0.0
830	3043.0	0.0	0.0	0.0	0.0	0.0	0.0
840	2902.8333333333335	0.0	0.0	0.0	0.0	0.0	0.0
850	2709.3333333333335	0.0	0.0	0.0	0.0	0.0	0.0
860	3007.6666666666665	0.0	0.0	0.0	0.0	0.0	0.0
870	2944.0	0.0	0.0	0.0	0.0	0.0	0.0
880	2785.6666666666665	0.0	0.0	0.0	0.0	0.0	0.0
890	2964.3333333333335	0.0	0.0	0.0	0.0	0.0	0.0
900	2967.5	0.0	0.0	0.0	0.0	0.0	0.0
910	2788.8333333333335	0.0	0.0	0.0	0.0	0.0	0.0
920	2989.5	0.0	0.0	0.0	0.0	0.0	0.0
930	2749.8333333333335	0.0	0.0	0.0	0.0	0.0	0.0
940	3181.1666666666665	0.0	0.0	0.0	0.0	0.0	0.0
950	2811.6666666666665	0.0	0.0	0.0	0.0	0.0	0.0
960	3038.3333333333335	0.0	0.0	0.0	0.0	0.0	0.0
970	3148.3333333333335	0.0	0.0	0.0	0.0	0.0	0.0
980	2939.0	0.0	0.0	0.0	0.0	0.0	0.0
990	2920.5	0.0	0.0	0.0	0.0	0.0	0.0
1000	2956.8333333333335	0.0	0.0	0.0	0.0	0.0	0.0
