0	261.3333333333333	0.0	0.0	0.0	0.0	0.0	0.0
10	2087.1666666666665	58.0	113.0	47.0	21.0	5.0	37.0
20	1987.3333333333333	32.0	127.0	17.0	20.0	5.0	12.0
30	2083.6666666666665	35.0	221.0	11.0	34.0	8.0	1.0
40	1844.1666666666667	73.0	67.0	57.0	21.0	1.0	52.0
50	2306.8333333333335	122.0	313.0	89.0	53.0	8.0	69.0
60	2226.5	39.0	233.0	11.0	35.0	7.0	4.0
70	2229.6666666666665	22.0	224.0	8.0	21.0	7.0	1.0
80	2246.3333333333335	25.0	259.0	22.0	13.0	10.0	12.0
90	2092.6666666666665	24.0	217.0	24.0	10.0	10.0	14.0
100	2302.5	86.0	310.0	72.0	24.0	9.0	62.0
110	2147.5	51.0	110.0	32.0	24.0	5.0	27.0
120	2202.6666666666665	55.0	412.0	41.0	33.0	19.0	22.0
130	2466.1666666666665	94.0	457.0	31.0	71.0	8.0	23.0
140	2520.1666666666665	29.0	221.0	19.0	27.0	11.0	2.0
150	2556.1666666666665	68.0	194.0	37.0	38.0	6.0	30.0
160	2315.0	70.0	191.0	60.0	33.0	8.0	37.0
170	2477.3333333333335	25.0	201.0	13.0	20.0	7.0	5.0
180	2388.3333333333335	18.0	78.0	4.0	18.0	3.0	0.0
190	2427.8333333333335	32.0	179.0	18.0	20.0	6.0	12.0
200	2750.0	36.0	220.0	14.0	24.0	2.0	12.0
210	2643.3333333333335	6.0	28.0	0.0	6.0	0.0	0.0
220	2602.6666666666665	0.0	0.0	0.0	0.0	0.0	0.0
230	2681.3333333333335	0.0	0.0	0.0	0.0	0.0	0.0
240	2567.8333333333335	0.0	0.0	0.0	0.0	0.0	0.0
250	2737.6666666666665	0.0	0.0	0.0	0.0	0.0	0.0
260	2376.3333333333335	0.0	0.0	0.0	0.0	0.0	0.0
270	2534.0	0.0	0.0	0.0	0.0	0.0	0.0
280	2464.1666666666665	0.0	0.0	0.0	0.0	0.0	0.0
290	2663.6666666666665	0.0	0.0	0.0	0.0	0.0	0.0
300	2770.6666666666665	0.0	0.0	0.0	0.0	0.0	0.0
310	2941.3333333333335	0.0	0.0	0.0	0.0	0.0	0.0
320	2772.3333333333335	0.0	0.0	0.0	0.0	0.0	0.0
330	2469.1666666666665	0.0	0.0	0.0	0.0	0.0	0.0
340	2785.3333333333335	0.0	0.0	0.0	0.0	0.0	0.0
350	2866.6666666666665	0.0	0.0	0.0	0.0	0.0	0.0
360	2782.0	0.0	0.0	0.0	0.0	0.0	0.0
370	2909.6666666666665	0.0	0.0	0.0	0.0	0.0	0.0
380	2922.8333333333335	0.0	0.0	0.0	0.0	0.0	0.0
390	2795.6666666666665	0.0	0.0	0.0	0.0	0.0	0.0
400	2747.8333333333335	0.0	0.0	0.0	0.0	0.0	0.0
410	3065.1666666666665	0.0	0.0	0.0	0.0	0.0	0.0
420	2506.6666666666665	0.0	0.0	0.0	0.0	0.0	0.0
430	2764.3333333333335	0.0	0.0	0.0	0.0	0.0	0.0
440	2685.3333333333335	0.0	0.0	0.0	0.0	0.0	0.0
450	2845.6666666666665	0.0	0.0	0.0	0.0	0.0	0.0
460	2678.3333333333335	0.0	0.0	0.0	0.0	0.0	0.0
470	2973.8333333333335	0.0	0.0	0.0	0.0	0.0	0.0
480	2831.5	0.0	0.0	0.0	0.0	0.0	0.0
490	3039.8333333333335	0.0	0.0	0.0	0.0	0.0	0.0
500	3127.0	0.0	0.0	0.0	0.0	0.0	0.0
510	2865.1666666666665	0.0	0.0	0.0	0.0	0.0	0.0
520	3170.0	0.0	0.0	0.0	0.0	0.0	0.0
530	2995.5	0.0	0.0	0.0	0.0	0.0	0.0
540	2735.3333333333335	0.0	0.0	0.0	0.0	0.0	0.0
550	2865.1666666666665	0.0	0.0	0.0	0.0	0.0	0.0
560	3345.6666666666665	0.0	0.0	0.0	0.0	0.0	0.0
570	2828.0	0.0	0.0	0.0	0.0	0.0	0.0
580	3009.5	0.0	0.0	0.0	0.0	0.0	0.0
590	3120.5	0.0	0.0	0.0	0.0	0.0	0.0
600	3071.1666666666665	0.0	0.0	0.0	0.0	0.0	0.0
610	3305.3333333333335	0.0	0.0	0.0	0.0	0.0	0.0
620	3282.6666666666665	0.0	0.0	0.0	0.0	0.0	0.0
630	3155.3333333333335	0.0	0.0	0.0	0.0	0.0	0.0
640	3234.3333333333335	0.0	0.0	0.0	0.0	0.0	0.0
650	2872.0	0.0	0.0	0.0	0.0	0.0	0.0
660	3197.5	0.0	0.0	0.0	0.0	0.0	0.0
670	3455.6666666666665	0.0	0.0	0.0	0.0	0.0	0.0
680	3167.8333333333335	0.0	0.0	0.0	0.0	0.0	0.0
690	2783.8333333333335	0.0	0.0	0.0	0.0	0.0	0.0
700	3090.0	0.0	0.0	0.0	0.0	0.0	0.0
710	3078.8333333333335	0.0	0.0	0.0	0.0	0.0	0.0
720	3219.6666666666665	0.0	0.0	0.0	0.0	0.0	0.0
730	3058.8333333333335	0.0	0.0	0.0	0.0	0.0	0.0
740	2961.5	0.0	0.0	0.0	0.0	0.0	0.0
750	3183.8333333333335	0.0	0.0	0.0	0.0	0.0	0.0
760	3270.0	0.0	0.0	0.0	0.0	0.0	0.0
770	3346.8333333333335	0.0	0.0	0.0	0.0	0.0	0.0
780	3312.6666666666665	0.0	0.0	0.0	0.0	0.0	0.0
790	3335.5	0.0	0.0	0.0	0.0	0.0	0.0
800	3137.8333333333335	0.0	0.0	0.0	0.0	0.0	0.0
810	3303.5	0.0	0.0	0.0	0.0	0.0	0.0
820	3234.5	0.0	0.0	0.0	0.0	0.0	0.0
830	2997.8333333333335	0.0	0.0	0.0	0.0	0.0	0.0
840	3216.0	0.0	0.0	0.0	0.0	0.0	0.0
850	3273.5	0.0	0.0	0.0	0.0	0.0	0.0
860	2956.6666666666665	0.0	0.0	0.0	0.0	0.0	0.0
870	3239.3333333333335	0.0	0.0	0.0	0.0	0.0	0.0
880	3288.6666666666665	0.0	0.0	0.0	0.0	0.0	0.0
890	3262.0	0.0	0.0	0.0	0.0	0.0	0.0
900	3364.3333333333335	0.0	0.0	0.0	0.0	0.0	0.0
910	2920.5	0.0	0.0	0.0	0.0	0.0	0.0
920	3268.8333333333335	0.0	0.0	0.0	0.0	0.0	0.0
930	3258.8333333333335	0.0	0.0	0.0	0.0	0.0	0.0
940	3401.1666666666665	0.0	0.0	0.0	0.0	0.0	0.0
950	3201.1666666666665	0.0	0.0	0.0	0.0	0.0	0.0
960	3172.6666666666665	0.0	0.0	0.0	0.0	0.0	0.0
970	3494.6666666666665	0.0	0.0	0.0	0.0	0.0	0.0
980	3587.8333333333335	0.0	0.0	0.0	0.0	0.0	0.0
990	3273.5	0.0	0.0	0.0	0.0	0.0	0.0
1000	3186.1666666666665	0.0	0.0	0.0	0.0	0.0	0.0
