0	286.0	0.0	0.0	0.0	0.0	0.0	0.0
10	2027.1666666666667	99.0	203.0	54.0	49.0	3.0	50.0
20	2001.3333333333333	14.0	208.0	4.0	14.0	4.0	0.0
30	1988.6666666666667	36.0	319.0	15.0	33.0	12.0	3.0
40	2152.8333333333335	70.0	277.0	36.0	64.0	29.0	6.0
50	2105.1666666666665	21.0	211.0	4.0	20.0	3.0	1.0
60	2149.5	83.0	262.0	38.0	56.0	9.0	27.0
70	2088.1666666666665	33.0	198.0	9.0	32.0	6.0	1.0
80	2017.3333333333333	23.0	327.0	15.0	21.0	13.0	2.0
90	2187.5	26.0	239.0	18.0	10.0	2.0	16.0
100	2172.5	19.0	157.0	2.0	19.0	2.0	0.0
110	2299.0	44.0	360.0	21.0	33.0	10.0	11.0
120	2244.0	54.0	249.0	29.0	36.0	10.0	18.0
130	2229.1666666666665	20.0	200.0	9.0	18.0	7.0	2.0
140	2426.1666666666665	35.0	207.0	14.0	27.0	5.0	8.0
150	2227.5	21.0	106.0	12.0	14.0	2.0	7.0
160	2600.1666666666665	62.0	217.0	53.0	14.0	5.0	48.0
170	2579.1666666666665	21.0	330.0	14.0	16.0	9.0	5.0
180	2478.1666666666665	27.0	147.0	3.0	27.0	2.0	0.0
190	2412.6666666666665	64.0	171.0	33.0	32.0	1.0	32.0
200	2559.0	91.0	318.0	72.0	30.0	9.0	61.0
210	2682.3333333333335	24.0	145.0	8.0	22.0	4.0	2.0
220	2797.5	38.0	152.0	18.0	23.0	3.0	15.0
230	2446.0	6.0	195.0	4.0	4.0	2.0	2.0
240	2416.1666666666665	52.0	270.0	26.0	49.0	22.0	3.0
250	2537.3333333333335	17.0	112.0	9.0	10.0	2.0	7.0
260	2570.0	0.0	0.0	0.0	0.0	0.0	0.0
270	2230.1666666666665	0.0	0.0	0.0	0.0	0.0	0.0
280	2786.6666666666665	0.0	0.0	0.0	0.0	0.0	0.0
290	2723.0	0.0	0.0	0.0	0.0	0.0	0.0
300	2498.5	0.0	0.0	0.0	0.0	0.0	0.0
310	2641.1666666666665	0.0	0.0	0.0	0.0	0.0	0.0
320	2660.6666666666665	0.0	0.0	0.0	0.0	0.0	0.0
330	2523.5	0.0	0.0	0.0	0.0	0.0	0.0
340	2648.5	0.0	0.0	0.0	0.0	0.0	0.0
350	2817.5	0.0	0.0	0.0	0.0	0.0	0.0
360	2824.5	0.0	0.0	0.0	0.0	0.0	0.0
370	2546.3333333333335	0.0	0.0	0.0	0.0	0.0	0.0
380	2638.8333333333335	0.0	0.0	0.0	0.0	0.0	0.0
390	2663.3333333333335	0.0	0.0	0.0	0.0	0.0	0.0
400	2979.3333333333335	0.0	0.0	0.0	0.0	0.0	0.0
410	2686.6666666666665	0.0	0.0	0.0	0.0	0.0	0.0
420	2889.0	0.0	0.0	0.0	0.0	0.0	0.0
430	2596.3333333333335	0.0	0.0	0.0	0.0	0.0	0.0
440	2936.6666666666665	0.0	0.0	0.0	0.0	0.0	0.0
450	2932.5	0.0	0.0	0.0	0.0	0.0	0.0
460	2759.1666666666665	0.0	0.0	0.0	0.0	0.0	0.0
470	3009.5	0.0	0.0	0.0	0.0	0.0	0.0
480	2845.8333333333335	0.0	0.0	0.0	0.0	0.0	0.0
490	2594.0	0.0	0.0	0.0	0.0	0.0	0.0
500	2769.0	0.0	0.0	0.0	0.0	0.0	0.0
510	2679.3333333333335	0.0	0.0	0.0	0.0	0.0	0.0
520	3144.1666666666665	0.0	0.0	0.0	0.0	0.0	0.0
530	2701.5	0.0	0.0	0.0	0.0	0.0	0.0
540	3211.3333333333335	0.0	0.0	0.0	0.0	0.0	0.0
550	3144.1666666666665	0.0	0.0	0.0	0.0	0.0	0.0
560	2804.0	0.0	0.0	0.0	0.0	0.0	0.0
570	2558.3333333333335	0.0	0.0	0.0	0.0	0.0	0.0
580	2922.5	0.0	0.0	0.0	0.0	0.0	0.0
590	3164.0	0.0	0.0	0.0	0.0	0.0	0.0
600	2885.6666666666665	0.0	0.0	0.0	0.0	0.0	0.0
610	3122.8333333333335	0.0	0.0	0.0	0.0	0.0	0.0
620	3115.1666666666665	0.0	0.0	0.0	0.0	0.0	0.0
630	2936.3333333333335	0.0	0.0	0.0	0.0	0.0	0.0
640	3103.6666666666665	0.0	0.0	0.0	0.0	0.0	0.0
650	2876.5	0.0	0.0	0.0	0.0	0.0	0.0
660	3106.1666666666665	0.0	0.0	0.0	0.0	0.0	0.0
670	2838.1666666666665	0.0	0.0	0.0	0.0	0.0	0.0
680	2880.3333333333335	0.0	0.0	0.0	0.0	0.0	0.0
690	3292.6666666666665	0.0	0.0	0.0	0.0	0.0	0.0
700	3082.5	0.0	0.0	0.0	0.0	0.0	0.0
710	3116.8333333333335	0.0	0.0	0.0	0.0	0.0	0.0
720	3339.0	0.0	0.0	0.0	0.0	0.0	0.0
730	3181.0	0.0	0.0	0.0	0.0	0.0	0.0
740	2986.3333333333335	0.0	0.0	0.0	0.0	0.0	0.0
750	3111.6666666666665	0.0	0.0	0.0	0.0	0.0	0.0
760	3295.5	0.0	0.0	0.0	0.0	0.0	0.0
770	3056.8333333333335	0.0	0.0	0.0	0.0	0.0	0.0
780	3125.1666666666665	0.0	0.0	0.0	0.0	0.0	0.0
790	3263.0	0.0	0.0	0.0	0.0	0.0	0.0
800	3013.8333333333335	0.0	0.0	0.0	0.0	0.0	0.0
810	3194.1666666666665	0.0	0.0	0.0	0.0	0.0	0.0
820	3021.3333333333335	0.0	0.0	0.0	0.0	0.0	0.0
830	2870.3333333333335	0.0	0.0	0.0	0.0	0.0	0.0
840	3305.1666666666665	0.0	0.0	0.0	0.0	0.0	0.0
850	3234.6666666666665	0.0	0.0	0.0	0.0	0.0	0.0
860	3353.1666666666665	0.0	0.0	0.0	0.0	0.0	0.0
870	2978.0	0.0	0.0	0.0	0.0	0.0	0.0
880	3233.6666666666665	0.0	0.0	0.0	0.0	0.0	0.0
890	2977.8333333333335	0.0	0.0	0.0	0.0	0.0	0.0
900	3196.1666666666665	0.0	0.0	0.0	0.0	0.0	0.0
910	3508.1666666666665	0.0	0.0	0.0	0.0	0.0	0.0
920	3430.1666666666665	0.0	0.0	0.0	0.0	0.0	0.0
930	3131.0	0.0	0.0	0.0	0.0	0.0	0.0
940	3106.8333333333335	0.0	0.0	0.0	0.0	0.0	0.0
950	3290.0	0.0	0.0	0.0	0.0	0.0	0.0
960	3131.1666666666665	0.0	0.0	0.0	0.0	0.0	0.0
970	2998.8333333333335	0.0	0.0	0.0	0.0	0.0	0.0
980	3235.8333333333335	0.0	0.0	0.0	0.0	0.0	0.0
990	3187.0	0.0	0.0	0.0	0.0	0.0	0.0
1000	3494.0	0.0	0.0	0.0	0.0	0.0	0.0
