0	258.3333333333333	0.0	0.0
10	2040.0	928.0	13325.0
20	2155.5	72.0	7283.0
30	1950.0	0.0	8612.0
40	1912.3333333333333	0.0	10576.0
50	2113.6666666666665	0.0	8787.0
60	2038.1666666666667	0.0	9667.0
70	2190.3333333333335	0.0	8271.0
80	2057.6666666666665	0.0	8310.0
90	2158.0	0.0	7954.0
100	2386.8333333333335	0.0	7341.0
110	2256.6666666666665	0.0	9851.0
120	2199.0	0.0	6035.0
130	2212.1666666666665	0.0	8578.0
140	2285.0	0.0	8055.0
150	2151.0	0.0	9108.0
160	2274.6666666666665	0.0	8714.0
170	2144.3333333333335	0.0	7158.0
180	2408.8333333333335	0.0	5549.0
190	2299.6666666666665	0.0	9879.0
200	2359.0	0.0	10321.0
210	2504.3333333333335	0.0	9287.0
220	2447.6666666666665	0.0	6768.0
230	2197.0	0.0	8388.0
240	2459.8333333333335	0.0	12673.0
250	2407.6666666666665	0.0	7651.0
260	2448.5	0.0	9967.0
270	2287.5	0.0	9899.0
280	2606.3333333333335	0.0	8037.0
290	2553.0	0.0	5032.0
300	2445.0	0.0	11320.0
310	2330.5	0.0	5415.0
320	2359.5	0.0	7210.0
330	2696.0	0.0	9737.0
340	2486.6666666666665	0.0	8034.0
350	2423.3333333333335	0.0	7514.0
360	2306.1666666666665	0.0	7999.0
370	2126.3333333333335	0.0	8864.0
380	2699.0	0.0	11777.0
390	2507.8333333333335	0.0	7174.0
400	2627.3333333333335	0.0	5843.0
410	2514.6666666666665	0.0	9414.0
420	2679.3333333333335	0.0	9618.0
430	2529.6666666666665	0.0	8978.0
440	2496.3333333333335	0.0	8140.0
450	2690.6666666666665	0.0	9054.0
460	2657.6666666666665	0.0	10082.0
470	2381.3333333333335	0.0	7963.0
480	2720.0	0.0	9021.0
490	2554.3333333333335	0.0	8892.0
500	2473.1666666666665	0.0	5923.0
510	2610.3333333333335	0.0	10168.0
520	2824.8333333333335	0.0	8334.0
530	2495.3333333333335	0.0	6008.0
540	2659.8333333333335	0.0	7978.0
550	2642.8333333333335	0.0	8840.0
560	2648.5	0.0	10745.0
570	2581.1666666666665	0.0	10188.0
580	2647.8333333333335	0.0	7521.0
590	2711.1666666666665	0.0	8855.0
600	2500.0	0.0	10316.0
610	2582.5	0.0	4192.0
620	2451.5	0.0	8692.0
630	2477.8333333333335	0.0	6328.0
640	2652.1666666666665	0.0	7610.0
650	2641.1666666666665	0.0	10718.0
660	2751.5	0.0	9625.0
670	2573.1666666666665	0.0	6156.0
680	2543.1666666666665	0.0	11305.0
690	2793.6666666666665	0.0	9282.0
700	2472.1666666666665	0.0	9888.0
710	2526.0	0.0	9424.0
720	2766.8333333333335	0.0	5625.0
730	2888.3333333333335	0.0	11584.0
740	2890.6666666666665	0.0	11839.0
750	2652.8333333333335	0.0	7753.0
760	2781.5	0.0	10392.0
770	2730.5	0.0	8514.0
780	2793.5	0.0	12888.0
790	2773.3333333333335	0.0	8663.0
800	2853.8333333333335	0.0	10636.0
810	2833.0	0.0	10837.0
820	2736.3333333333335	0.0	7038.0
830	2822.1666666666665	0.0	9371.0
840	2672.6666666666665	0.0	7810.0
850	2734.0	0.0	10951.0
860	2625.6666666666665	0.0	10766.0
870	2686.6666666666665	0.0	9823.0
880	2905.0	0.0	10613.0
890	2639.0	0.0	10436.0
900	2949.3333333333335	0.0	9221.0
910	2691.1666666666665	0.0	11528.0
920	3010.5	0.0	8775.0
930	2902.0	0.0	7301.0
940	2979.1666666666665	0.0	9361.0
950	3174.0	0.0	10018.0
960	2990.1666666666665	0.0	8948.0
970	2837.1666666666665	0.0	8977.0
980	3009.1666666666665	0.0	8143.0
990	2841.8333333333335	0.0	8804.0
1000	2944.0	0.0	11589.0
