0	257.6666666666667	0.0	0.0
10	1822.0	333.0	7071.0
20	1728.1666666666667	359.0	7620.0
30	2120.6666666666665	308.0	12611.0
40	2148.1666666666665	0.0	7524.0
50	1851.1666666666667	0.0	8254.0
60	2099.0	0.0	10313.0
70	2146.1666666666665	0.0	10149.0
80	2028.5	0.0	9551.0
90	2030.0	0.0	6991.0
100	2205.3333333333335	0.0	9714.0
110	2043.1666666666667	0.0	9522.0
120	2135.8333333333335	0.0	9868.0
130	2291.6666666666665	0.0	8510.0
140	2372.1666666666665	0.0	9824.0
150	2122.8333333333335	0.0	7697.0
160	2231.6666666666665	0.0	7877.0
170	2391.1666666666665	0.0	9154.0
180	2476.8333333333335	0.0	9681.0
190	2392.0	0.0	11697.0
200	2265.5	0.0	11625.0
210	2387.8333333333335	0.0	9476.0
220	2325.6666666666665	0.0	7775.0
230	2523.3333333333335	0.0	7049.0
240	2364.8333333333335	0.0	9265.0
250	2616.8333333333335	0.0	6546.0
260	2655.8333333333335	0.0	7349.0
270	2419.6666666666665	0.0	8173.0
280	2575.1666666666665	0.0	6371.0
290	2374.5	0.0	7936.0
300	2507.6666666666665	0.0	9601.0
310	2486.6666666666665	0.0	10157.0
320	2483.0	0.0	10677.0
330	2499.6666666666665	0.0	9888.0
340	2505.5	0.0	9677.0
350	2557.6666666666665	0.0	7821.0
360	2791.6666666666665	0.0	9401.0
370	2477.0	0.0	9191.0
380	2517.8333333333335	0.0	9908.0
390	2741.6666666666665	0.0	7920.0
400	2735.0	0.0	9542.0
410	2595.3333333333335	0.0	11850.0
420	2794.6666666666665	0.0	9821.0
430	2736.8333333333335	0.0	13127.0
440	2867.8333333333335	0.0	11245.0
450	2813.6666666666665	0.0	11964.0
460	2764.6666666666665	0.0	8308.0
470	2844.3333333333335	0.0	11154.0
480	2906.6666666666665	0.0	12284.0
490	2432.8333333333335	0.0	12277.0
500	2929.8333333333335	0.0	7190.0
510	2768.3333333333335	0.0	14123.0
520	2767.6666666666665	0.0	7369.0
530	2738.0	0.0	7416.0
540	2748.3333333333335	0.0	7067.0
550	2793.3333333333335	0.0	8592.0
560	2970.3333333333335	0.0	11353.0
570	2758.1666666666665	0.0	6570.0
580	2877.3333333333335	0.0	7359.0
590	2752.5	0.0	7125.0
600	2610.6666666666665	0.0	10012.0
610	2693.3333333333335	0.0	10817.0
620	2617.0	0.0	8529.0
630	2794.1666666666665	0.0	9132.0
640	2617.3333333333335	0.0	8874.0
650	2872.0	0.0	9906.0
660	2809.1666666666665	0.0	11174.0
670	2710.0	0.0	6924.0
680	2693.3333333333335	0.0	9352.0
690	2733.1666666666665	0.0	8612.0
700	2630.3333333333335	0.0	11724.0
710	2862.3333333333335	0.0	9504.0
720	2751.5	0.0	11228.0
730	3038.6666666666665	0.0	11373.0
740	3068.3333333333335	0.0	8087.0
750	3127.5	0.0	8995.0
760	2857.8333333333335	0.0	9129.0
770	2938.6666666666665	0.0	11664.0
780	2920.1666666666665	0.0	9279.0
790	2973.1666666666665	0.0	8852.0
800	2959.8333333333335	0.0	9612.0
810	3199.8333333333335	0.0	9899.0
820	2965.0	0.0	11035.0
830	2845.6666666666665	0.0	9461.0
840	3061.0	0.0	9080.0
850	3165.5	0.0	9074.0
860	2958.0	0.0	12152.0
870	3057.6666666666665	0.0	11627.0
880	2942.1666666666665	0.0	10066.0
890	3294.1666666666665	0.0	10454.0
900	3177.3333333333335	0.0	9729.0
910	3180.6666666666665	0.0	9872.0
920	3055.3333333333335	0.0	11394.0
930	2982.0	0.0	7239.0
940	2942.6666666666665	0.0	10996.0
950	2910.1666666666665	0.0	10590.0
960	3111.3333333333335	0.0	9601.0
970	3210.6666666666665	0.0	10816.0
980	3336.1666666666665	0.0	10352.0
990	3158.1666666666665	0.0	7268.0
1000	2895.0	0.0	10478.0
