0	233.0	0.0
10	1697.6666666666667	1000.0
20	2149.1666666666665	0.0
30	2121.3333333333335	0.0
40	2083.5	0.0
50	2125.0	0.0
60	2264.5	0.0
70	2305.6666666666665	0.0
80	2063.6666666666665	0.0
90	2254.0	0.0
100	2010.3333333333333	0.0
110	2265.3333333333335	0.0
120	2329.6666666666665	0.0
130	2274.3333333333335	0.0
140	2322.6666666666665	0.0
150	2418.5	0.0
160	2228.8333333333335	0.0
170	2319.6666666666665	0.0
180	2371.6666666666665	0.0
190	2212.1666666666665	0.0
200	2454.1666666666665	0.0
210	2279.8333333333335	0.0
220	2325.0	0.0
230	2156.0	0.0
240	2420.5	0.0
250	2262.0	0.0
260	2396.0	0.0
270	2384.8333333333335	0.0
280	2460.1666666666665	0.0
290	2415.6666666666665	0.0
300	2473.5	0.0
310	2429.3333333333335	0.0
320	2472.1666666666665	0.0
330	2499.5	0.0
340	2522.1666666666665	0.0
350	2409.8333333333335	0.0
360	2621.6666666666665	0.0
370	2817.5	0.0
380	2798.1666666666665	0.0
390	2851.0	0.0
400	2642.8333333333335	0.0
410	2709.5	0.0
420	2646.1666666666665	0.0
430	2952.6666666666665	0.0
440	2710.3333333333335	0.0
450	2515.6666666666665	0.0
460	2758.8333333333335	0.0
470	2793.6666666666665	0.0
480	2685.1666666666665	0.0
490	2655.8333333333335	0.0
500	2671.8333333333335	0.0
510	2790.8333333333335	0.0
520	2918.0	0.0
530	2859.5	0.0
540	2707.1666666666665	0.0
550	2959.6666666666665	0.0
560	2640.0	0.0
570	2711.3333333333335	0.0
580	2705.5	0.0
590	2512.3333333333335	0.0
600	3010.3333333333335	0.0
610	2313.8333333333335	0.0
620	2610.0	0.0
630	2601.6666666666665	0.0
640	2821.1666666666665	0.0
650	2900.5	0.0
660	2958.3333333333335	0.0
670	2660.8333333333335	0.0
680	2714.0	0.0
690	2692.5	0.0
700	2832.0	0.0
710	2995.5	0.0
720	3025.8333333333335	0.0
730	2929.5	0.0
740	2605.0	0.0
750	2884.3333333333335	0.0
760	2558.0	0.0
770	3158.3333333333335	0.0
780	2825.0	0.0
790	3069.5	0.0
800	2705.0	0.0
810	2691.5	0.0
820	2623.5	0.0
830	2873.6666666666665	0.0
840	3089.0	0.0
850	3066.0	0.0
860	2953.0	0.0
870	2935.5	0.0
880	3244.1666666666665	0.0
890	3028.1666666666665	0.0
900	2942.3333333333335	0.0
910	3186.6666666666665	0.0
920	2909.8333333333335	0.0
930	3177.0	0.0
940	3158.8333333333335	0.0
950	2998.3333333333335	0.0
960	3020.6666666666665	0.0
970	2962.6666666666665	0.0
980	2928.1666666666665	0.0
990	3031.1666666666665	0.0
1000	3040.1666666666665	0.0
