0	279.3333333333333	0.0
10	2114.1666666666665	1000.0
20	2143.8333333333335	0.0
30	2231.8333333333335	0.0
40	2078.6666666666665	0.0
50	2034.1666666666667	0.0
60	2034.3333333333333	0.0
70	2233.3333333333335	0.0
80	2119.3333333333335	0.0
90	2221.5	0.0
100	2065.1666666666665	0.0
110	2139.1666666666665	0.0
120	2432.0	0.0
130	2007.6666666666667	0.0
140	2256.0	0.0
150	2261.6666666666665	0.0
160	2381.0	0.0
170	2398.5	0.0
180	2370.8333333333335	0.0
190	2312.1666666666665	0.0
200	2388.3333333333335	0.0
210	2447.6666666666665	0.0
220	2408.8333333333335	0.0
230	2347.3333333333335	0.0
240	2275.3333333333335	0.0
250	2402.8333333333335	0.0
260	2484.6666666666665	0.0
270	2374.3333333333335	0.0
280	2449.8333333333335	0.0
290	2480.0	0.0
300	2475.5	0.0
310	2656.6666666666665	0.0
320	2521.3333333333335	0.0
330	2434.8333333333335	0.0
340	2466.6666666666665	0.0
350	2604.1666666666665	0.0
360	2496.1666666666665	0.0
370	2785.1666666666665	0.0
380	2617.1666666666665	0.0
390	2610.0	0.0
400	2601.1666666666665	0.0
410	2798.1666666666665	0.0
420	2640.1666666666665	0.0
430	2544.8333333333335	0.0
440	2453.6666666666665	0.0
450	2478.0	0.0
460	2852.8333333333335	0.0
470	2591.1666666666665	0.0
480	2393.6666666666665	0.0
490	2574.5	0.0
500	2861.8333333333335	0.0
510	2637.6666666666665	0.0
520	2635.1666666666665	0.0
530	2648.6666666666665	0.0
540	2723.1666666666665	0.0
550	2859.6666666666665	0.0
560	2655.0	0.0
570	2780.1666666666665	0.0
580	2855.3333333333335	0.0
590	2804.8333333333335	0.0
600	3163.6666666666665	0.0
610	2416.0	0.0
620	2681.3333333333335	0.0
630	2902.1666666666665	0.0
640	3036.0	0.0
650	2778.5	0.0
660	2676.1666666666665	0.0
670	2622.5	0.0
680	2725.6666666666665	0.0
690	3074.5	0.0
700	2717.0	0.0
710	2845.5	0.0
720	2661.0	0.0
730	2965.8333333333335	0.0
740	2672.8333333333335	0.0
750	2867.5	0.0
760	2701.3333333333335	0.0
770	2842.3333333333335	0.0
780	2766.6666666666665	0.0
790	3032.1666666666665	0.0
800	3091.6666666666665	0.0
810	2846.5	0.0
820	2966.6666666666665	0.0
830	2770.0	0.0
840	3007.3333333333335	0.0
850	2796.8333333333335	0.0
860	2942.3333333333335	0.0
870	2848.3333333333335	0.0
880	2973.5	0.0
890	2700.1666666666665	0.0
900	2925.0	0.0
910	2923.8333333333335	0.0
920	3028.3333333333335	0.0
930	2935.5	0.0
940	3064.0	0.0
950	2833.5	0.0
960	3134.6666666666665	0.0
970	2933.1666666666665	0.0
980	3022.1666666666665	0.0
990	3150.6666666666665	0.0
1000	2889.5	0.0
