0	257.6666666666667	0.0
10	1927.0	1000.0
20	2091.3333333333335	0.0
30	1833.3333333333333	0.0
40	1860.8333333333333	0.0
50	2052.6666666666665	0.0
60	2025.0	0.0
70	2179.3333333333335	0.0
80	2039.0	0.0
90	2056.6666666666665	0.0
100	2242.6666666666665	0.0
110	2201.5	0.0
120	2128.5	0.0
130	2224.0	0.0
140	2134.3333333333335	0.0
150	2285.5	0.0
160	2219.6666666666665	0.0
170	2082.1666666666665	0.0
180	2051.3333333333335	0.0
190	2453.6666666666665	0.0
200	2191.8333333333335	0.0
210	2494.6666666666665	0.0
220	2279.6666666666665	0.0
230	2371.8333333333335	0.0
240	2475.6666666666665	0.0
250	2582.8333333333335	0.0
260	2368.3333333333335	0.0
270	2429.3333333333335	0.0
280	2656.8333333333335	0.0
290	2545.0	0.0
300	2623.3333333333335	0.0
310	2544.0	0.0
320	2391.1666666666665	0.0
330	2543.0	0.0
340	2576.3333333333335	0.0
350	2539.5	0.0
360	2594.8333333333335	0.0
370	2451.3333333333335	0.0
380	2449.6666666666665	0.0
390	2654.5	0.0
400	2629.5	0.0
410	2451.5	0.0
420	2384.8333333333335	0.0
430	2674.1666666666665	0.0
440	2662.6666666666665	0.0
450	2573.1666666666665	0.0
460	2892.1666666666665	0.0
470	2528.6666666666665	0.0
480	2636.8333333333335	0.0
490	2524.6666666666665	0.0
500	2642.8333333333335	0.0
510	2809.5	0.0
520	2859.0	0.0
530	2825.1666666666665	0.0
540	2775.3333333333335	0.0
550	2673.3333333333335	0.0
560	2592.5	0.0
570	2948.6666666666665	0.0
580	2811.5	0.0
590	2618.6666666666665	0.0
600	2957.6666666666665	0.0
610	2943.0	0.0
620	2970.1666666666665	0.0
630	2433.0	0.0
640	2821.0	0.0
650	2580.0	0.0
660	2788.5	0.0
670	2734.1666666666665	0.0
680	2859.6666666666665	0.0
690	2860.3333333333335	0.0
700	2757.3333333333335	0.0
710	3096.6666666666665	0.0
720	2821.3333333333335	0.0
730	2877.8333333333335	0.0
740	2997.5	0.0
750	2894.5	0.0
760	2844.8333333333335	0.0
770	3094.0	0.0
780	2739.1666666666665	0.0
790	2730.6666666666665	0.0
800	2961.8333333333335	0.0
810	2871.3333333333335	0.0
820	2799.0	0.0
830	3075.1666666666665	0.0
840	2956.5	0.0
850	3027.3333333333335	0.0
860	3160.3333333333335	0.0
870	3258.1666666666665	0.0
880	2900.5	0.0
890	3323.1666666666665	0.0
900	3263.6666666666665	0.0
910	2770.3333333333335	0.0
920	2979.3333333333335	0.0
930	3074.1666666666665	0.0
940	2946.8333333333335	0.0
950	3285.3333333333335	0.0
960	2947.8333333333335	0.0
970	3265.0	0.0
980	3039.6666666666665	0.0
990	2949.5	0.0
1000	2873.3333333333335	0.0
