0	294.0	0.0
10	1935.6666666666667	1000.0
20	2072.1666666666665	0.0
30	2011.6666666666667	0.0
40	2128.6666666666665	0.0
50	2142.8333333333335	0.0
60	2057.8333333333335	0.0
70	2142.1666666666665	0.0
80	2103.0	0.0
90	2158.8333333333335	0.0
100	2003.1666666666667	0.0
110	2030.1666666666667	0.0
120	2279.0	0.0
130	2253.0	0.0
140	2243.1666666666665	0.0
150	2282.3333333333335	0.0
160	2336.3333333333335	0.0
170	2334.3333333333335	0.0
180	2429.0	0.0
190	2307.1666666666665	0.0
200	2415.5	0.0
210	2454.0	0.0
220	2276.8333333333335	0.0
230	2288.8333333333335	0.0
240	2016.0	0.0
250	2438.3333333333335	0.0
260	2384.5	0.0
270	2461.0	0.0
280	2490.1666666666665	0.0
290	2461.3333333333335	0.0
300	2364.6666666666665	0.0
310	2593.5	0.0
320	2398.3333333333335	0.0
330	2499.6666666666665	0.0
340	2530.1666666666665	0.0
350	2476.1666666666665	0.0
360	2361.0	0.0
370	2388.5	0.0
380	2266.3333333333335	0.0
390	2471.6666666666665	0.0
400	2386.3333333333335	0.0
410	2276.0	0.0
420	2548.0	0.0
430	2311.6666666666665	0.0
440	2688.5	0.0
450	2622.0	0.0
460	2801.8333333333335	0.0
470	2860.0	0.0
480	2592.1666666666665	0.0
490	2594.1666666666665	0.0
500	2562.1666666666665	0.0
510	2644.3333333333335	0.0
520	2749.8333333333335	0.0
530	2645.6666666666665	0.0
540	2518.3333333333335	0.0
550	2492.3333333333335	0.0
560	2484.0	0.0
570	2667.3333333333335	0.0
580	2800.6666666666665	0.0
590	2698.0	0.0
600	2815.6666666666665	0.0
610	2619.5	0.0
620	2518.6666666666665	0.0
630	2616.6666666666665	0.0
640	2706.3333333333335	0.0
650	2611.1666666666665	0.0
660	2767.1666666666665	0.0
670	2609.3333333333335	0.0
680	2901.0	0.0
690	2716.1666666666665	0.0
700	2522.8333333333335	0.0
710	2731.3333333333335	0.0
720	2752.3333333333335	0.0
730	2840.6666666666665	0.0
740	2875.5	0.0
750	2756.0	0.0
760	2510.0	0.0
770	3137.6666666666665	0.0
780	2891.0	0.0
790	2903.1666666666665	0.0
800	2667.8333333333335	0.0
810	2923.0	0.0
820	3001.6666666666665	0.0
830	2948.5	0.0
840	3088.0	0.0
850	2916.6666666666665	0.0
860	2634.3333333333335	0.0
870	2816.1666666666665	0.0
880	2791.1666666666665	0.0
890	2770.3333333333335	0.0
900	2871.8333333333335	0.0
910	3168.8333333333335	0.0
920	2951.8333333333335	0.0
930	3062.8333333333335	0.0
940	3020.3333333333335	0.0
950	2896.0	0.0
960	2785.8333333333335	0.0
970	2854.1666666666665	0.0
980	2948.0	0.0
990	3263.1666666666665	0.0
1000	3055.8333333333335	0.0
