0	233.0	0.0	0.0
10	1977.1666666666667	0.0	8215.0
20	2110.1666666666665	0.0	10082.0
30	2127.6666666666665	59.0	10221.0
40	2000.6666666666667	255.0	13771.0
50	1992.6666666666667	686.0	11207.0
60	1866.8333333333333	0.0	10513.0
70	2014.1666666666667	0.0	8935.0
80	2201.8333333333335	0.0	6952.0
90	2040.3333333333333	0.0	10520.0
100	1760.8333333333333	0.0	10595.0
110	2289.5	0.0	10395.0
120	2214.1666666666665	0.0	8745.0
130	2369.6666666666665	0.0	10116.0
140	2431.0	0.0	10502.0
150	2317.0	0.0	6419.0
160	2478.6666666666665	0.0	9402.0
170	2097.0	0.0	8635.0
180	2447.0	0.0	9086.0
190	2363.0	0.0	12998.0
200	2569.0	0.0	9744.0
210	2552.8333333333335	0.0	11848.0
220	2603.1666666666665	0.0	9459.0
230	2238.3333333333335	0.0	11289.0
240	2242.3333333333335	0.0	8606.0
250	2432.1666666666665	0.0	12586.0
260	2647.3333333333335	0.0	14223.0
270	2599.3333333333335	0.0	6113.0
280	2378.0	0.0	9629.0
290	2663.5	0.0	8379.0
300	2388.1666666666665	0.0	7941.0
310	2645.8333333333335	0.0	7002.0
320	2775.3333333333335	0.0	8231.0
330	2716.8333333333335	0.0	8621.0
340	2651.1666666666665	0.0	8011.0
350	2567.5	0.0	10205.0
360	2692.1666666666665	0.0	9600.0
370	2667.6666666666665	0.0	11502.0
380	2592.6666666666665	0.0	9504.0
390	2918.8333333333335	0.0	7240.0
400	2880.5	0.0	6097.0
410	2869.6666666666665	0.0	10892.0
420	2967.5	0.0	10134.0
430	2945.1666666666665	0.0	10748.0
440	2782.6666666666665	0.0	8827.0
450	2910.3333333333335	0.0	7978.0
460	2836.3333333333335	0.0	9404.0
470	2908.8333333333335	0.0	8505.0
480	2667.1666666666665	0.0	7693.0
490	2758.6666666666665	0.0	9283.0
500	2847.6666666666665	0.0	8699.0
510	2979.0	0.0	10656.0
520	2600.3333333333335	0.0	9572.0
530	2932.8333333333335	0.0	12438.0
540	2393.3333333333335	0.0	9224.0
550	2809.1666666666665	0.0	7811.0
560	2850.0	0.0	10632.0
570	2902.3333333333335	0.0	10586.0
580	2993.1666666666665	0.0	8063.0
590	2839.3333333333335	0.0	9335.0
600	3003.8333333333335	0.0	11235.0
610	2918.3333333333335	0.0	12120.0
620	3061.6666666666665	0.0	10286.0
630	2732.0	0.0	7452.0
640	2739.5	0.0	13122.0
650	2901.8333333333335	0.0	7521.0
660	2983.0	0.0	10470.0
670	2890.5	0.0	11337.0
680	2941.8333333333335	0.0	9839.0
690	3067.8333333333335	0.0	10700.0
700	2995.6666666666665	0.0	10177.0
710	2952.6666666666665	0.0	8314.0
720	3029.1666666666665	0.0	7013.0
730	3017.0	0.0	9424.0
740	3309.1666666666665	0.0	10888.0
750	3230.3333333333335	0.0	9057.0
760	3207.3333333333335	0.0	12583.0
770	2831.3333333333335	0.0	9243.0
780	2862.6666666666665	0.0	8054.0
790	2975.1666666666665	0.0	10447.0
800	3132.8333333333335	0.0	11615.0
810	3205.5	0.0	10662.0
820	3086.8333333333335	0.0	11097.0
830	2903.1666666666665	0.0	8989.0
840	3207.0	0.0	11552.0
850	3078.8333333333335	0.0	9453.0
860	3077.6666666666665	0.0	11040.0
870	2861.6666666666665	0.0	9041.0
880	3062.8333333333335	0.0	7939.0
890	3069.8333333333335	0.0	9667.0
900	2912.6666666666665	0.0	8583.0
910	3092.6666666666665	0.0	9324.0
920	3113.1666666666665	0.0	8637.0
930	2999.5	0.0	7891.0
940	3460.5	0.0	8994.0
950	3101.0	0.0	5900.0
960	3237.8333333333335	0.0	10175.0
970	3134.5	0.0	9731.0
980	3201.6666666666665	0.0	11005.0
990	3220.6666666666665	0.0	9665.0
1000	3008.0	0.0	11326.0
