0	331.3333333333333	0.0	0.0
10	2159.5	0.0	6271.0
20	2101.3333333333335	0.0	9052.0
30	1907.6666666666667	31.0	7447.0
40	2131.1666666666665	173.0	9653.0
50	2144.6666666666665	296.0	11397.0
60	1855.6666666666667	499.0	12684.0
70	2103.5	1.0	8892.0
80	2186.0	0.0	9774.0
90	2212.5	0.0	7550.0
100	2116.6666666666665	0.0	9309.0
110	2223.0	0.0	6378.0
120	2211.8333333333335	0.0	11372.0
130	2260.0	0.0	8207.0
140	2329.3333333333335	0.0	8433.0
150	2345.8333333333335	0.0	8828.0
160	2405.6666666666665	0.0	9475.0
170	2138.3333333333335	0.0	7886.0
180	2398.5	0.0	7454.0
190	2173.6666666666665	0.0	6018.0
200	2274.0	0.0	11135.0
210	2618.0	0.0	11091.0
220	2498.1666666666665	0.0	8159.0
230	2294.6666666666665	0.0	12541.0
240	2534.3333333333335	0.0	8545.0
250	2423.3333333333335	0.0	7575.0
260	2308.3333333333335	0.0	10662.0
270	2529.0	0.0	9348.0
280	2412.3333333333335	0.0	8591.0
290	2851.3333333333335	0.0	9774.0
300	2393.8333333333335	0.0	8568.0
310	2422.6666666666665	0.0	10575.0
320	2677.1666666666665	0.0	8812.0
330	2714.5	0.0	8899.0
340	2514.5	0.0	7483.0
350	2887.5	0.0	10720.0
360	2817.6666666666665	0.0	10826.0
370	2606.1666666666665	0.0	7630.0
380	2493.6666666666665	0.0	8536.0
390	2672.5	0.0	13629.0
400	2875.1666666666665	0.0	8914.0
410	2770.1666666666665	0.0	9435.0
420	2609.0	0.0	9534.0
430	2549.3333333333335	0.0	9581.0
440	2654.6666666666665	0.0	10011.0
450	2756.8333333333335	0.0	6612.0
460	2886.0	0.0	9156.0
470	2553.8333333333335	0.0	10950.0
480	2932.0	0.0	9185.0
490	2631.0	0.0	12478.0
500	2777.8333333333335	0.0	9186.0
510	2900.8333333333335	0.0	11413.0
520	2652.5	0.0	10408.0
530	2622.1666666666665	0.0	8141.0
540	3084.1666666666665	0.0	8358.0
550	2707.6666666666665	0.0	7485.0
560	2822.3333333333335	0.0	9138.0
570	2865.3333333333335	0.0	9811.0
580	3038.1666666666665	0.0	7295.0
590	2923.1666666666665	0.0	11226.0
600	2968.0	0.0	12974.0
610	2825.5	0.0	9098.0
620	3087.8333333333335	0.0	10255.0
630	3040.0	0.0	11212.0
640	3017.5	0.0	9288.0
650	2996.5	0.0	9746.0
660	2769.6666666666665	0.0	6628.0
670	2878.0	0.0	8338.0
680	3034.8333333333335	0.0	8516.0
690	2961.1666666666665	0.0	7927.0
700	3009.1666666666665	0.0	7345.0
710	3000.5	0.0	11667.0
720	2820.0	0.0	7220.0
730	2776.3333333333335	0.0	7369.0
740	2874.6666666666665	0.0	10443.0
750	2954.1666666666665	0.0	10221.0
760	3221.6666666666665	0.0	9546.0
770	2952.8333333333335	0.0	12660.0
780	3196.5	0.0	9020.0
790	3118.5	0.0	9849.0
800	3343.3333333333335	0.0	8853.0
810	3191.6666666666665	0.0	11294.0
820	3031.8333333333335	0.0	12167.0
830	3188.1666666666665	0.0	9172.0
840	3322.6666666666665	0.0	7811.0
850	3132.6666666666665	0.0	10777.0
860	3116.1666666666665	0.0	10979.0
870	3111.6666666666665	0.0	9595.0
880	3140.0	0.0	10130.0
890	3132.5	0.0	6536.0
900	3094.8333333333335	0.0	13405.0
910	2956.5	0.0	7801.0
920	3187.1666666666665	0.0	9657.0
930	3288.6666666666665	0.0	6446.0
940	2718.0	0.0	11073.0
950	3117.3333333333335	0.0	11598.0
960	3398.3333333333335	0.0	7947.0
970	3144.5	0.0	9518.0
980	3198.1666666666665	0.0	11213.0
990	2934.3333333333335	0.0	7514.0
1000	3261.3333333333335	0.0	11604.0
