0	295.0	0.0	0.0	0.0	0.0	0.0	0.0
10	70.0	721.0	1601.0	446.0	431.0	131.0	290.0
20	70.0	279.0	373.0	153.0	142.0	9.0	137.0
30	70.0	0.0	0.0	0.0	0.0	0.0	0.0
40	70.0	0.0	0.0	0.0	0.0	0.0	0.0
50	70.0	0.0	0.0	0.0	0.0	0.0	0.0
60	70.0	0.0	0.0	0.0	0.0	0.0	0.0
70	70.0	0.0	0.0	0.0	0.0	0.0	0.0
80	70.0	0.0	0.0	0.0	0.0	0.0	0.0
90	70.0	0.0	0.0	0.0	0.0	0.0	0.0
100	70.0	0.0	0.0	0.0	0.0	0.0	0.0
110	70.33333333333333	0.0	0.0	0.0	0.0	0.0	0.0
120	71.33333333333333	0.0	0.0	0.0	0.0	0.0	0.0
130	144.66666666666666	0.0	0.0	0.0	0.0	0.0	0.0
140	97.0	0.0	0.0	0.0	0.0	0.0	0.0
150	502.0	0.0	0.0	0.0	0.0	0.0	0.0
160	126.33333333333333	0.0	0.0	0.0	0.0	0.0	0.0
170	254.33333333333334	0.0	0.0	0.0	0.0	0.0	0.0
180	197.0	0.0	0.0	0.0	0.0	0.0	0.0
190	218.33333333333334	0.0	0.0	0.0	0.0	0.0	0.0
200	271.6666666666667	0.0	0.0	0.0	0.0	0.0	0.0
210	641.0	0.0	0.0	0.0	0.0	0.0	0.0
220	708.0	0.0	0.0	0.0	0.0	0.0	0.0
230	600.3333333333334	0.0	0.0	0.0	0.0	0.0	0.0
240	817.3333333333334	0.0	0.0	0.0	0.0	0.0	0.0
250	702.3333333333334	0.0	0.0	0.0	0.0	0.0	0.0
260	1043.3333333333333	0.0	0.0	0.0	0.0	0.0	0.0
270	993.0	0.0	0.0	0.0	0.0	0.0	0.0
280	1061.6666666666667	0.0	0.0	0.0	0.0	0.0	0.0
290	1142.3333333333333	0.0	0.0	0.0	0.0	0.0	0.0
300	1136.3333333333333	0.0	0.0	0.0	0.0	0.0	0.0
310	1058.6666666666667	0.0	0.0	0.0	0.0	0.0	0.0
320	1564.0	0.0	0.0	0.0	0.0	0.0	0.0
330	1781.3333333333333	0.0	0.0	0.0	0.0	0.0	0.0
340	1681.0	0.0	0.0	0.0	0.0	0.0	0.0
350	1788.3333333333333	0.0	0.0	0.0	0.0	0.0	0.0
360	1973.0	0.0	0.0	0.0	0.0	0.0	0.0
370	2220.6666666666665	0.0	0.0	0.0	0.0	0.0	0.0
380	2084.0	0.0	0.0	0.0	0.0	0.0	0.0
390	2291.3333333333335	0.0	0.0	0.0	0.0	0.0	0.0
400	2103.6666666666665	0.0	0.0	0.0	0.0	0.0	0.0
410	1937.3333333333333	0.0	0.0	0.0	0.0	0.0	0.0
420	2386.3333333333335	0.0	0.0	0.0	0.0	0.0	0.0
430	2328.3333333333335	0.0	0.0	0.0	0.0	0.0	0.0
440	2288.3333333333335	0.0	0.0	0.0	0.0	0.0	0.0
450	2296.5	0.0	0.0	0.0	0.0	0.0	0.0
460	2180.1666666666665	0.0	0.0	0.0	0.0	0.0	0.0
470	2354.0	0.0	0.0	0.0	0.0	0.0	0.0
480	2128.6666666666665	0.0	0.0	0.0	0.0	0.0	0.0
490	2456.3333333333335	0.0	0.0	0.0	0.0	0.0	0.0
500	2449.5	0.0	0.0	0.0	0.0	0.0	0.0
510	2337.6666666666665	0.0	0.0	0.0	0.0	0.0	0.0
520	2385.3333333333335	0.0	0.0	0.0	0.0	0.0	0.0
530	2740.1666666666665	0.0	0.0	0.0	0.0	0.0	0.0
540	2541.1666666666665	0.0	0.0	0.0	0.0	0.0	0.0
550	2329.0	0.0	0.0	0.0	0.0	0.0	0.0
560	2427.0	0.0	0.0	0.0	0.0	0.0	0.0
570	2531.6666666666665	0.0	0.0	0.0	0.0	0.0	0.0
580	2583.3333333333335	0.0	0.0	0.0	0.0	0.0	0.0
590	2250.6666666666665	0.0	0.0	0.0	0.0	0.0	0.0
600	2520.0	0.0	0.0	0.0	0.0	0.0	0.0
610	2171.6666666666665	0.0	0.0	0.0	0.0	0.0	0.0
620	2661.0	0.0	0.0	0.0	0.0	0.0	0.0
630	2347.0	0.0	0.0	0.0	0.0	0.0	0.0
640	2233.0	0.0	0.0	0.0	0.0	0.0	0.0
650	2318.6666666666665	0.0	0.0	0.0	0.0	0.0	0.0
660	2656.0	0.0	0.0	0.0	0.0	0.0	0.0
670	2525.5	0.0	0.0	0.0	0.0	0.0	0.0
680	2649.6666666666665	0.0	0.0	0.0	0.0	0.0	0.0
690	2598.5	0.0	0.0	0.0	0.0	0.0	0.0
700	2603.0	0.0	0.0	0.0	0.0	0.0	0.0
710	2461.5	0.0	0.0	0.0	0.0	0.0	0.0
720	2493.8333333333335	0.0	0.0	0.0	0.0	0.0	0.0
730	2473.0	0.0	0.0	0.0	0.0	0.0	0.0
740	2489.3333333333335	0.0	0.0	0.0	0.0	0.0	0.0
750	2541.6666666666665	0.0	0.0	0.0	0.0	0.0	0.0
760	2553.0	0.0	0.0	0.0	0.0	0.0	0.0
770	2451.0	0.0	0.0	0.0	0.0	0.0	0.0
780	2663.3333333333335	0.0	0.0	0.0	0.0	0.0	0.0
790	2445.8333333333335	0.0	0.0	0.0	0.0	0.0	0.0
800	2626.8333333333335	0.0	0.0	0.0	0.0	0.0	0.0
810	2577.3333333333335	0.0	0.0	0.0	0.0	0.0	0.0
820	2476.5	0.0	0.0	0.0	0.0	0.0	0.0
830	2362.0	0.0	0.0	0.0	0.0	0.0	0.0
840	2686.6666666666665	0.0	0.0	0.0	0.0	0.0	0.0
850	2694.1666666666665	0.0	0.0	0.0	0.0	0.0	0.0
860	2449.3333333333335	0.0	0.0	0.0	0.0	0.0	0.0
870	2670.6666666666665	0.0	0.0	0.0	0.0	0.0	0.0
880	2623.8333333333335	0.0	0.0	0.0	0.0	0.0	0.0
890	2548.3333333333335	0.0	0.0	0.0	0.0	0.0	0.0
900	2682.0	0.0	0.0	0.0	0.0	0.0	0.0
910	2474.5	0.0	0.0	0.0	0.0	0.0	0.0
920	2043.0	0.0	0.0	0.0	0.0	0.0	0.0
930	2126.3333333333335	0.0	0.0	0.0	0.0	0.0	0.0
940	1797.0	0.0	0.0	0.0	0.0	0.0	0.0
950	2449.3333333333335	0.0	0.0	0.0	0.0	0.0	0.0
960	1555.1666666666667	0.0	0.0	0.0	0.0	0.0	0.0
970	2064.3333333333335	0.0	0.0	0.0	0.0	0.0	0.0
980	2642.1666666666665	0.0	0.0	0.0	0.0	0.0	0.0
990	2256.6666666666665	0.0	0.0	0.0	0.0	0.0	0.0
1000	1149.6666666666667	0.0	0.0	0.0	0.0	0.0	0.0
