0	236.66666666666666	0.0	0.0	0.0	0.0	0.0	0.0
10	78.66666666666667	1000.0	1818.0	616.0	526.0	126.0	474.0
20	70.66666666666667	0.0	0.0	0.0	0.0	0.0	0.0
30	70.0	0.0	0.0	0.0	0.0	0.0	0.0
40	70.0	0.0	0.0	0.0	0.0	0.0	0.0
50	70.0	0.0	0.0	0.0	0.0	0.0	0.0
60	70.0	0.0	0.0	0.0	0.0	0.0	0.0
70	70.0	0.0	0.0	0.0	0.0	0.0	0.0
80	70.0	0.0	0.0	0.0	0.0	0.0	0.0
90	70.0	0.0	0.0	0.0	0.0	0.0	0.0
100	70.0	0.0	0.0	0.0	0.0	0.0	0.0
110	70.33333333333333	0.0	0.0	0.0	0.0	0.0	0.0
120	70.0	0.0	0.0	0.0	0.0	0.0	0.0
130	76.33333333333333	0.0	0.0	0.0	0.0	0.0	0.0
140	101.33333333333333	0.0	0.0	0.0	0.0	0.0	0.0
150	90.66666666666667	0.0	0.0	0.0	0.0	0.0	0.0
160	279.6666666666667	0.0	0.0	0.0	0.0	0.0	0.0
170	190.33333333333334	0.0	0.0	0.0	0.0	0.0	0.0
180	136.0	0.0	0.0	0.0	0.0	0.0	0.0
190	868.6666666666666	0.0	0.0	0.0	0.0	0.0	0.0
200	301.0	0.0	0.0	0.0	0.0	0.0	0.0
210	480.0	0.0	0.0	0.0	0.0	0.0	0.0
220	670.3333333333334	0.0	0.0	0.0	0.0	0.0	0.0
230	1689.3333333333333	0.0	0.0	0.0	0.0	0.0	0.0
240	1594.0	0.0	0.0	0.0	0.0	0.0	0.0
250	1464.0	0.0	0.0	0.0	0.0	0.0	0.0
260	1675.3333333333333	0.0	0.0	0.0	0.0	0.0	0.0
270	1169.0	0.0	0.0	0.0	0.0	0.0	0.0
280	1975.0	0.0	0.0	0.0	0.0	0.0	0.0
290	1785.3333333333333	0.0	0.0	0.0	0.0	0.0	0.0
300	1790.3333333333333	0.0	0.0	0.0	0.0	0.0	0.0
310	2162.3333333333335	0.0	0.0	0.0	0.0	0.0	0.0
320	2099.0	0.0	0.0	0.0	0.0	0.0	0.0
330	2224.5	0.0	0.0	0.0	0.0	0.0	0.0
340	2031.3333333333333	0.0	0.0	0.0	0.0	0.0	0.0
350	1839.0	0.0	0.0	0.0	0.0	0.0	0.0
360	1708.0	0.0	0.0	0.0	0.0	0.0	0.0
370	2117.3333333333335	0.0	0.0	0.0	0.0	0.0	0.0
380	2265.6666666666665	0.0	0.0	0.0	0.0	0.0	0.0
390	2453.0	0.0	0.0	0.0	0.0	0.0	0.0
400	2516.3333333333335	0.0	0.0	0.0	0.0	0.0	0.0
410	2310.3333333333335	0.0	0.0	0.0	0.0	0.0	0.0
420	2376.0	0.0	0.0	0.0	0.0	0.0	0.0
430	2416.3333333333335	0.0	0.0	0.0	0.0	0.0	0.0
440	2353.1666666666665	0.0	0.0	0.0	0.0	0.0	0.0
450	2421.0	0.0	0.0	0.0	0.0	0.0	0.0
460	2332.8333333333335	0.0	0.0	0.0	0.0	0.0	0.0
470	2309.6666666666665	0.0	0.0	0.0	0.0	0.0	0.0
480	2646.8333333333335	0.0	0.0	0.0	0.0	0.0	0.0
490	2154.0	0.0	0.0	0.0	0.0	0.0	0.0
500	2033.0	0.0	0.0	0.0	0.0	0.0	0.0
510	2426.0	0.0	0.0	0.0	0.0	0.0	0.0
520	2741.3333333333335	0.0	0.0	0.0	0.0	0.0	0.0
530	2704.0	0.0	0.0	0.0	0.0	0.0	0.0
540	2748.0	0.0	0.0	0.0	0.0	0.0	0.0
550	2655.0	0.0	0.0	0.0	0.0	0.0	0.0
560	2475.0	0.0	0.0	0.0	0.0	0.0	0.0
570	2621.8333333333335	0.0	0.0	0.0	0.0	0.0	0.0
580	2681.0	0.0	0.0	0.0	0.0	0.0	0.0
590	2642.6666666666665	0.0	0.0	0.0	0.0	0.0	0.0
600	2716.8333333333335	0.0	0.0	0.0	0.0	0.0	0.0
610	2598.5	0.0	0.0	0.0	0.0	0.0	0.0
620	2451.5	0.0	0.0	0.0	0.0	0.0	0.0
630	2631.0	0.0	0.0	0.0	0.0	0.0	0.0
640	2527.5	0.0	0.0	0.0	0.0	0.0	0.0
650	2609.3333333333335	0.0	0.0	0.0	0.0	0.0	0.0
660	2561.8333333333335	0.0	0.0	0.0	0.0	0.0	0.0
670	2551.1666666666665	0.0	0.0	0.0	0.0	0.0	0.0
680	2444.8333333333335	0.0	0.0	0.0	0.0	0.0	0.0
690	2333.5	0.0	0.0	0.0	0.0	0.0	0.0
700	2359.8333333333335	0.0	0.0	0.0	0.0	0.0	0.0
710	2408.3333333333335	0.0	0.0	0.0	0.0	0.0	0.0
720	2702.1666666666665	0.0	0.0	0.0	0.0	0.0	0.0
730	2627.3333333333335	0.0	0.0	0.0	0.0	0.0	0.0
740	2601.3333333333335	0.0	0.0	0.0	0.0	0.0	0.0
750	2727.5	0.0	0.0	0.0	0.0	0.0	0.0
760	2546.3333333333335	0.0	0.0	0.0	0.0	0.0	0.0
770	2585.1666666666665	0.0	0.0	0.0	0.0	0.0	0.0
780	2387.6666666666665	0.0	0.0	0.0	0.0	0.0	0.0
790	2500.3333333333335	0.0	0.0	0.0	0.0	0.0	0.0
800	2712.5	0.0	0.0	0.0	0.0	0.0	0.0
810	2597.3333333333335	0.0	0.0	0.0	0.0	0.0	0.0
820	2519.6666666666665	0.0	0.0	0.0	0.0	0.0	0.0
830	2449.5	0.0	0.0	0.0	0.0	0.0	0.0
840	2327.8333333333335	0.0	0.0	0.0	0.0	0.0	0.0
850	2186.0	0.0	0.0	0.0	0.0	0.0	0.0
860	2295.3333333333335	0.0	0.0	0.0	0.0	0.0	0.0
870	2823.5	0.0	0.0	0.0	0.0	0.0	0.0
880	2754.0	0.0	0.0	0.0	0.0	0.0	0.0
890	2006.0	0.0	0.0	0.0	0.0	0.0	0.0
900	1995.0	0.0	0.0	0.0	0.0	0.0	0.0
910	2072.3333333333335	0.0	0.0	0.0	0.0	0.0	0.0
920	1952.0	0.0	0.0	0.0	0.0	0.0	0.0
930	1580.6666666666667	0.0	0.0	0.0	0.0	0.0	0.0
940	1829.1666666666667	0.0	0.0	0.0	0.0	0.0	0.0
950	2419.8333333333335	0.0	0.0	0.0	0.0	0.0	0.0
960	2414.3333333333335	0.0	0.0	0.0	0.0	0.0	0.0
970	1981.1666666666667	0.0	0.0	0.0	0.0	0.0	0.0
980	2288.8333333333335	0.0	0.0	0.0	0.0	0.0	0.0
990	2172.0	0.0	0.0	0.0	0.0	0.0	0.0
1000	1955.1666666666667	0.0	0.0	0.0	0.0	0.0	0.0
