0	242.66666666666666	0.0
10	70.0	0.0
20	70.0	0.0
30	70.0	0.0
40	70.0	0.0
50	70.0	0.0
60	70.0	0.0
70	70.0	0.0
80	70.0	0.0
90	70.0	0.0
100	74.66666666666667	0.0
110	76.66666666666667	0.0
120	285.6666666666667	0.0
130	345.0	0.0
140	273.3333333333333	0.0
150	251.66666666666666	2.0
160	359.3333333333333	0.0
170	178.33333333333334	29.0
180	274.6666666666667	0.0
190	565.3333333333334	0.0
200	398.3333333333333	0.0
210	312.6666666666667	0.0
220	375.0	84.0
230	309.0	0.0
240	304.0	23.0
250	586.0	6.0
260	748.3333333333334	15.0
270	565.6666666666666	0.0
280	675.6666666666666	0.0
290	616.6666666666666	107.0
300	1168.6666666666667	6.0
310	959.3333333333334	34.0
320	1539.0	58.0
330	1951.5	15.0
340	2533.0	1.0
350	2413.1666666666665	57.0
360	2442.1666666666665	90.0
370	2640.6666666666665	10.0
380	2574.6666666666665	12.0
390	2490.3333333333335	37.0
400	2374.6666666666665	24.0
410	2375.6666666666665	113.0
420	2517.6666666666665	7.0
430	2419.6666666666665	27.0
440	2241.0	65.0
450	2407.5	33.0
460	2507.0	33.0
470	2489.3333333333335	25.0
480	2367.6666666666665	44.0
490	2513.3333333333335	24.0
500	2078.0	19.0
510	2360.3333333333335	0.0
520	1302.3333333333333	0.0
530	1516.0	0.0
540	1640.8333333333333	0.0
550	1937.0	0.0
560	2119.1666666666665	0.0
570	2152.3333333333335	0.0
580	2066.5	0.0
590	1862.3333333333333	0.0
600	2088.3333333333335	0.0
610	2331.1666666666665	0.0
620	2050.3333333333335	0.0
630	2264.3333333333335	0.0
640	2031.5	0.0
650	1998.3333333333333	0.0
660	2420.1666666666665	0.0
670	1961.1666666666667	0.0
680	2411.3333333333335	0.0
690	2145.1666666666665	0.0
700	2335.6666666666665	0.0
710	2278.3333333333335	0.0
720	2205.6666666666665	0.0
730	2310.0	0.0
740	2022.6666666666667	0.0
750	2412.0	0.0
760	2305.8333333333335	0.0
770	2366.0	0.0
780	2449.3333333333335	0.0
790	2619.0	0.0
800	2245.6666666666665	0.0
810	2321.6666666666665	0.0
820	2323.1666666666665	0.0
830	2376.3333333333335	0.0
840	2402.6666666666665	0.0
850	2392.6666666666665	0.0
860	2446.3333333333335	0.0
870	2237.5	0.0
880	2289.5	0.0
890	2604.3333333333335	0.0
900	2281.0	0.0
910	2303.0	0.0
920	2540.6666666666665	0.0
930	2139.0	0.0
940	2396.6666666666665	0.0
950	2266.0	0.0
960	2628.6666666666665	0.0
970	2433.3333333333335	0.0
980	2322.0	0.0
990	2549.3333333333335	0.0
1000	2561.0	0.0
