0	274.6666666666667	0.0
10	70.0	0.0
20	70.0	0.0
30	70.0	0.0
40	70.0	0.0
50	70.0	0.0
60	70.0	0.0
70	70.0	0.0
80	70.66666666666667	0.0
90	79.0	0.0
100	102.0	0.0
110	368.3333333333333	0.0
120	264.3333333333333	1.0
130	72.0	0.0
140	101.0	0.0
150	178.0	0.0
160	185.0	0.0
170	422.0	22.0
180	331.0	0.0
190	167.33333333333334	2.0
200	375.6666666666667	0.0
210	351.0	0.0
220	294.6666666666667	0.0
230	378.3333333333333	87.0
240	364.3333333333333	0.0
250	487.3333333333333	0.0
260	782.3333333333334	2.0
270	1076.0	23.0
280	1254.3333333333333	52.0
290	1634.0	8.0
300	2060.8333333333335	30.0
310	2062.1666666666665	27.0
320	2387.0	81.0
330	2338.6666666666665	89.0
340	2590.6666666666665	71.0
350	2502.6666666666665	73.0
360	2294.5	26.0
370	2462.1666666666665	36.0
380	2686.0	30.0
390	2449.3333333333335	17.0
400	2131.5	21.0
410	2269.0	11.0
420	2498.0	9.0
430	2259.6666666666665	31.0
440	2298.3333333333335	3.0
450	2503.3333333333335	58.0
460	2472.6666666666665	6.0
470	2708.0	26.0
480	2535.6666666666665	4.0
490	1834.0	77.0
500	1852.1666666666667	59.0
510	2071.0	7.0
520	2021.6666666666667	11.0
530	2076.1666666666665	0.0
540	2115.6666666666665	0.0
550	1914.0	0.0
560	1985.6666666666667	0.0
570	2177.1666666666665	0.0
580	1817.6666666666667	0.0
590	2284.8333333333335	0.0
600	1558.3333333333333	0.0
610	1930.8333333333333	0.0
620	2181.3333333333335	0.0
630	2172.6666666666665	0.0
640	2312.8333333333335	0.0
650	2056.0	0.0
660	2365.6666666666665	0.0
670	2334.0	0.0
680	2605.3333333333335	0.0
690	2557.5	0.0
700	2488.6666666666665	0.0
710	2506.6666666666665	0.0
720	2802.1666666666665	0.0
730	2377.5	0.0
740	2450.6666666666665	0.0
750	2281.8333333333335	0.0
760	2301.3333333333335	0.0
770	2577.0	0.0
780	2540.0	0.0
790	2787.5	0.0
800	2376.6666666666665	0.0
810	2417.6666666666665	0.0
820	2557.5	0.0
830	2448.3333333333335	0.0
840	2576.6666666666665	0.0
850	1878.6666666666667	0.0
860	2193.1666666666665	0.0
870	2513.6666666666665	0.0
880	2482.1666666666665	0.0
890	1928.0	0.0
900	2261.6666666666665	0.0
910	1780.5	0.0
920	2457.8333333333335	0.0
930	2401.6666666666665	0.0
940	2439.5	0.0
950	1860.6666666666667	0.0
960	1921.8333333333333	0.0
970	1508.0	0.0
980	2108.5	0.0
990	2048.6666666666665	0.0
1000	1887.1666666666667	0.0
