0	263.0444444444445	0.0	0.0	0.0	0.0	0.0	0.0
10	1936.4444444444446	999.3333333333334	5138.3	613.8333333333334	848.0	457.8	151.33333333333334
20	1927.7111111111114	0.6666666666666666	5.6	0.4666666666666667	0.4	0.2	0.26666666666666666
30	2048.0000000000005	0.0	0.0	0.0	0.0	0.0	0.0
40	2066.3166666666666	0.0	0.0	0.0	0.0	0.0	0.0
50	2064.2833333333333	0.0	0.0	0.0	0.0	0.0	0.0
60	2071.744444444445	0.0	0.0	0.0	0.0	0.0	0.0
70	2092.344444444445	0.0	0.0	0.0	0.0	0.0	0.0
80	2094.3777777777773	0.0	0.0	0.0	0.0	0.0	0.0
90	2098.5277777777783	0.0	0.0	0.0	0.0	0.0	0.0
100	2091.3833333333328	0.0	0.0	0.0	0.0	0.0	0.0
110	2136.5444444444443	0.0	0.0	0.0	0.0	0.0	0.0
120	2145.6	0.0	0.0	0.0	0.0	0.0	0.0
130	2222.844444444444	0.0	0.0	0.0	0.0	0.0	0.0
140	2199.4555555555553	0.0	0.0	0.0	0.0	0.0	0.0
150	2204.111111111111	0.0	0.0	0.0	0.0	0.0	0.0
160	2259.1	0.0	0.0	0.0	0.0	0.0	0.0
170	2239.6833333333343	0.0	0.0	0.0	0.0	0.0	0.0
180	2291.9333333333334	0.0	0.0	0.0	0.0	0.0	0.0
190	2288.638888888889	0.0	0.0	0.0	0.0	0.0	0.0
200	2320.783333333333	0.0	0.0	0.0	0.0	0.0	0.0
210	2315.55	0.0	0.0	0.0	0.0	0.0	0.0
220	2337.5722222222225	0.0	0.0	0.0	0.0	0.0	0.0
230	2373.7500000000005	0.0	0.0	0.0	0.0	0.0	0.0
240	2350.0555555555557	0.0	0.0	0.0	0.0	0.0	0.0
250	2417.8777777777777	0.0	0.0	0.0	0.0	0.0	0.0
260	2402.3500000000004	0.0	0.0	0.0	0.0	0.0	0.0
270	2391.344444444445	0.0	0.0	0.0	0.0	0.0	0.0
280	2433.1055555555554	0.0	0.0	0.0	0.0	0.0	0.0
290	2464.6	0.0	0.0	0.0	0.0	0.0	0.0
300	2470.8	0.0	0.0	0.0	0.0	0.0	0.0
310	2505.9	0.0	0.0	0.0	0.0	0.0	0.0
320	2483.3500000000004	0.0	0.0	0.0	0.0	0.0	0.0
330	2504.666666666666	0.0	0.0	0.0	0.0	0.0	0.0
340	2505.3999999999996	0.0	0.0	0.0	0.0	0.0	0.0
350	2542.505555555555	0.0	0.0	0.0	0.0	0.0	0.0
360	2599.4055555555556	0.0	0.0	0.0	0.0	0.0	0.0
370	2576.1055555555554	0.0	0.0	0.0	0.0	0.0	0.0
380	2569.394444444444	0.0	0.0	0.0	0.0	0.0	0.0
390	2615.0222222222224	0.0	0.0	0.0	0.0	0.0	0.0
400	2621.588888888889	0.0	0.0	0.0	0.0	0.0	0.0
410	2672.7166666666662	0.0	0.0	0.0	0.0	0.0	0.0
420	2623.305555555555	0.0	0.0	0.0	0.0	0.0	0.0
430	2664.138888888889	0.0	0.0	0.0	0.0	0.0	0.0
440	2631.0500000000006	0.0	0.0	0.0	0.0	0.0	0.0
450	2650.1277777777777	0.0	0.0	0.0	0.0	0.0	0.0
460	2650.3	0.0	0.0	0.0	0.0	0.0	0.0
470	2651.444444444444	0.0	0.0	0.0	0.0	0.0	0.0
480	2635.772222222222	0.0	0.0	0.0	0.0	0.0	0.0
490	2668.855555555556	0.0	0.0	0.0	0.0	0.0	0.0
500	2668.0222222222224	0.0	0.0	0.0	0.0	0.0	0.0
510	2720.727777777777	0.0	0.0	0.0	0.0	0.0	0.0
520	2685.8888888888887	0.0	0.0	0.0	0.0	0.0	0.0
530	2689.5333333333338	0.0	0.0	0.0	0.0	0.0	0.0
540	2721.561111111111	0.0	0.0	0.0	0.0	0.0	0.0
550	2697.3722222222227	0.0	0.0	0.0	0.0	0.0	0.0
560	2716.8722222222227	0.0	0.0	0.0	0.0	0.0	0.0
570	2724.722222222222	0.0	0.0	0.0	0.0	0.0	0.0
580	2717.6166666666677	0.0	0.0	0.0	0.0	0.0	0.0
590	2712.8722222222223	0.0	0.0	0.0	0.0	0.0	0.0
600	2699.7111111111108	0.0	0.0	0.0	0.0	0.0	0.0
610	2745.911111111111	0.0	0.0	0.0	0.0	0.0	0.0
620	2774.35	0.0	0.0	0.0	0.0	0.0	0.0
630	2686.5388888888897	0.0	0.0	0.0	0.0	0.0	0.0
640	2700.2166666666662	0.0	0.0	0.0	0.0	0.0	0.0
650	2767.2499999999995	0.0	0.0	0.0	0.0	0.0	0.0
660	2736.3833333333337	0.0	0.0	0.0	0.0	0.0	0.0
670	2830.1444444444446	0.0	0.0	0.0	0.0	0.0	0.0
680	2826.444444444445	0.0	0.0	0.0	0.0	0.0	0.0
690	2843.1944444444443	0.0	0.0	0.0	0.0	0.0	0.0
700	2774.972222222222	0.0	0.0	0.0	0.0	0.0	0.0
710	2798.4499999999994	0.0	0.0	0.0	0.0	0.0	0.0
720	2833.8444444444444	0.0	0.0	0.0	0.0	0.0	0.0
730	2837.8	0.0	0.0	0.0	0.0	0.0	0.0
740	2838.138888888889	0.0	0.0	0.0	0.0	0.0	0.0
750	2870.0722222222225	0.0	0.0	0.0	0.0	0.0	0.0
760	2828.005555555556	0.0	0.0	0.0	0.0	0.0	0.0
770	2903.288888888889	0.0	0.0	0.0	0.0	0.0	0.0
780	2835.233333333333	0.0	0.0	0.0	0.0	0.0	0.0
790	2881.238888888889	0.0	0.0	0.0	0.0	0.0	0.0
800	2879.566666666666	0.0	0.0	0.0	0.0	0.0	0.0
810	2891.727777777778	0.0	0.0	0.0	0.0	0.0	0.0
820	2887.7055555555557	0.0	0.0	0.0	0.0	0.0	0.0
830	2887.1111111111113	0.0	0.0	0.0	0.0	0.0	0.0
840	2878.494444444444	0.0	0.0	0.0	0.0	0.0	0.0
850	2918.1166666666663	0.0	0.0	0.0	0.0	0.0	0.0
860	2898.0611111111107	0.0	0.0	0.0	0.0	0.0	0.0
870	2951.3333333333335	0.0	0.0	0.0	0.0	0.0	0.0
880	2906.5666666666666	0.0	0.0	0.0	0.0	0.0	0.0
890	2908.055555555555	0.0	0.0	0.0	0.0	0.0	0.0
900	2895.4333333333334	0.0	0.0	0.0	0.0	0.0	0.0
910	2958.3000000000006	0.0	0.0	0.0	0.0	0.0	0.0
920	3032.1555555555547	0.0	0.0	0.0	0.0	0.0	0.0
930	2947.9000000000005	0.0	0.0	0.0	0.0	0.0	0.0
940	3001.0722222222225	0.0	0.0	0.0	0.0	0.0	0.0
950	2973.0999999999995	0.0	0.0	0.0	0.0	0.0	0.0
960	2938.855555555556	0.0	0.0	0.0	0.0	0.0	0.0
970	3023.4166666666665	0.0	0.0	0.0	0.0	0.0	0.0
980	3068.266666666667	0.0	0.0	0.0	0.0	0.0	0.0
990	3057.038888888889	0.0	0.0	0.0	0.0	0.0	0.0
1000	3003.8277777777776	0.0	0.0	0.0	0.0	0.0	0.0
