0	259.3333333333333	0.0	0.0	0.0	0.0	0.0	0.0
10	2038.5	1000.0	5090.0	548.0	876.0	420.0	124.0
20	1922.0	0.0	0.0	0.0	0.0	0.0	0.0
30	2063.1666666666665	0.0	0.0	0.0	0.0	0.0	0.0
40	2090.1666666666665	0.0	0.0	0.0	0.0	0.0	0.0
50	2179.3333333333335	0.0	0.0	0.0	0.0	0.0	0.0
60	2106.0	0.0	0.0	0.0	0.0	0.0	0.0
70	2112.8333333333335	0.0	0.0	0.0	0.0	0.0	0.0
80	2117.6666666666665	0.0	0.0	0.0	0.0	0.0	0.0
90	2076.3333333333335	0.0	0.0	0.0	0.0	0.0	0.0
100	2068.6666666666665	0.0	0.0	0.0	0.0	0.0	0.0
110	2128.6666666666665	0.0	0.0	0.0	0.0	0.0	0.0
120	2116.6666666666665	0.0	0.0	0.0	0.0	0.0	0.0
130	2189.1666666666665	0.0	0.0	0.0	0.0	0.0	0.0
140	2093.0	0.0	0.0	0.0	0.0	0.0	0.0
150	2441.8333333333335	0.0	0.0	0.0	0.0	0.0	0.0
160	2304.6666666666665	0.0	0.0	0.0	0.0	0.0	0.0
170	2231.8333333333335	0.0	0.0	0.0	0.0	0.0	0.0
180	2238.3333333333335	0.0	0.0	0.0	0.0	0.0	0.0
190	2378.8333333333335	0.0	0.0	0.0	0.0	0.0	0.0
200	2204.1666666666665	0.0	0.0	0.0	0.0	0.0	0.0
210	2129.0	0.0	0.0	0.0	0.0	0.0	0.0
220	2141.0	0.0	0.0	0.0	0.0	0.0	0.0
230	2478.6666666666665	0.0	0.0	0.0	0.0	0.0	0.0
240	2292.8333333333335	0.0	0.0	0.0	0.0	0.0	0.0
250	2570.3333333333335	0.0	0.0	0.0	0.0	0.0	0.0
260	2385.3333333333335	0.0	0.0	0.0	0.0	0.0	0.0
270	2595.8333333333335	0.0	0.0	0.0	0.0	0.0	0.0
280	2398.5	0.0	0.0	0.0	0.0	0.0	0.0
290	2460.5	0.0	0.0	0.0	0.0	0.0	0.0
300	2622.6666666666665	0.0	0.0	0.0	0.0	0.0	0.0
310	2510.1666666666665	0.0	0.0	0.0	0.0	0.0	0.0
320	2454.3333333333335	0.0	0.0	0.0	0.0	0.0	0.0
330	2471.3333333333335	0.0	0.0	0.0	0.0	0.0	0.0
340	2708.5	0.0	0.0	0.0	0.0	0.0	0.0
350	2612.0	0.0	0.0	0.0	0.0	0.0	0.0
360	2609.1666666666665	0.0	0.0	0.0	0.0	0.0	0.0
370	2657.8333333333335	0.0	0.0	0.0	0.0	0.0	0.0
380	2396.8333333333335	0.0	0.0	0.0	0.0	0.0	0.0
390	2643.0	0.0	0.0	0.0	0.0	0.0	0.0
400	2462.8333333333335	0.0	0.0	0.0	0.0	0.0	0.0
410	2529.5	0.0	0.0	0.0	0.0	0.0	0.0
420	2700.3333333333335	0.0	0.0	0.0	0.0	0.0	0.0
430	2821.3333333333335	0.0	0.0	0.0	0.0	0.0	0.0
440	2499.6666666666665	0.0	0.0	0.0	0.0	0.0	0.0
450	2429.0	0.0	0.0	0.0	0.0	0.0	0.0
460	2625.3333333333335	0.0	0.0	0.0	0.0	0.0	0.0
470	2595.0	0.0	0.0	0.0	0.0	0.0	0.0
480	2520.5	0.0	0.0	0.0	0.0	0.0	0.0
490	2653.5	0.0	0.0	0.0	0.0	0.0	0.0
500	2377.6666666666665	0.0	0.0	0.0	0.0	0.0	0.0
510	2797.3333333333335	0.0	0.0	0.0	0.0	0.0	0.0
520	2540.0	0.0	0.0	0.0	0.0	0.0	0.0
530	2170.0	0.0	0.0	0.0	0.0	0.0	0.0
540	2751.8333333333335	0.0	0.0	0.0	0.0	0.0	0.0
550	2544.6666666666665	0.0	0.0	0.0	0.0	0.0	0.0
560	2729.6666666666665	0.0	0.0	0.0	0.0	0.0	0.0
570	2631.6666666666665	0.0	0.0	0.0	0.0	0.0	0.0
580	2565.6666666666665	0.0	0.0	0.0	0.0	0.0	0.0
590	2687.0	0.0	0.0	0.0	0.0	0.0	0.0
600	2623.3333333333335	0.0	0.0	0.0	0.0	0.0	0.0
610	2531.3333333333335	0.0	0.0	0.0	0.0	0.0	0.0
620	2465.6666666666665	0.0	0.0	0.0	0.0	0.0	0.0
630	2734.1666666666665	0.0	0.0	0.0	0.0	0.0	0.0
640	2655.5	0.0	0.0	0.0	0.0	0.0	0.0
650	2619.3333333333335	0.0	0.0	0.0	0.0	0.0	0.0
660	2956.1666666666665	0.0	0.0	0.0	0.0	0.0	0.0
670	2986.3333333333335	0.0	0.0	0.0	0.0	0.0	0.0
680	2881.1666666666665	0.0	0.0	0.0	0.0	0.0	0.0
690	2978.3333333333335	0.0	0.0	0.0	0.0	0.0	0.0
700	2723.3333333333335	0.0	0.0	0.0	0.0	0.0	0.0
710	2813.6666666666665	0.0	0.0	0.0	0.0	0.0	0.0
720	2837.3333333333335	0.0	0.0	0.0	0.0	0.0	0.0
730	3076.5	0.0	0.0	0.0	0.0	0.0	0.0
740	2648.8333333333335	0.0	0.0	0.0	0.0	0.0	0.0
750	2768.5	0.0	0.0	0.0	0.0	0.0	0.0
760	2781.8333333333335	0.0	0.0	0.0	0.0	0.0	0.0
770	2588.5	0.0	0.0	0.0	0.0	0.0	0.0
780	2833.0	0.0	0.0	0.0	0.0	0.0	0.0
790	2935.5	0.0	0.0	0.0	0.0	0.0	0.0
800	3033.8333333333335	0.0	0.0	0.0	0.0	0.0	0.0
810	2876.0	0.0	0.0	0.0	0.0	0.0	0.0
820	2798.6666666666665	0.0	0.0	0.0	0.0	0.0	0.0
830	2925.5	0.0	0.0	0.0	0.0	0.0	0.0
840	2886.1666666666665	0.0	0.0	0.0	0.0	0.0	0.0
850	2999.8333333333335	0.0	0.0	0.0	0.0	0.0	0.0
860	2996.6666666666665	0.0	0.0	0.0	0.0	0.0	0.0
870	2946.1666666666665	0.0	0.0	0.0	0.0	0.0	0.0
880	2841.5	0.0	0.0	0.0	0.0	0.0	0.0
890	3287.1666666666665	0.0	0.0	0.0	0.0	0.0	0.0
900	2921.8333333333335	0.0	0.0	0.0	0.0	0.0	0.0
910	3023.6666666666665	0.0	0.0	0.0	0.0	0.0	0.0
920	2749.0	0.0	0.0	0.0	0.0	0.0	0.0
930	2899.1666666666665	0.0	0.0	0.0	0.0	0.0	0.0
940	3177.3333333333335	0.0	0.0	0.0	0.0	0.0	0.0
950	2994.0	0.0	0.0	0.0	0.0	0.0	0.0
960	2826.8333333333335	0.0	0.0	0.0	0.0	0.0	0.0
970	3182.1666666666665	0.0	0.0	0.0	0.0	0.0	0.0
980	2980.6666666666665	0.0	0.0	0.0	0.0	0.0	0.0
990	3057.8333333333335	0.0	0.0	0.0	0.0	0.0	0.0
1000	2972.6666666666665	0.0	0.0	0.0	0.0	0.0	0.0
