0	239.0	0.0	0.0	0.0	0.0	0.0	0.0
10	1832.0	1000.0	4810.0	630.0	722.0	328.0	278.0
20	2029.8333333333333	0.0	0.0	0.0	0.0	0.0	0.0
30	2157.1666666666665	0.0	0.0	0.0	0.0	0.0	0.0
40	1968.8333333333333	0.0	0.0	0.0	0.0	0.0	0.0
50	1921.1666666666667	0.0	0.0	0.0	0.0	0.0	0.0
60	1881.1666666666667	0.0	0.0	0.0	0.0	0.0	0.0
70	2101.1666666666665	0.0	0.0	0.0	0.0	0.0	0.0
80	1940.0	0.0	0.0	0.0	0.0	0.0	0.0
90	2149.0	0.0	0.0	0.0	0.0	0.0	0.0
100	2113.0	0.0	0.0	0.0	0.0	0.0	0.0
110	2123.3333333333335	0.0	0.0	0.0	0.0	0.0	0.0
120	2023.6666666666667	0.0	0.0	0.0	0.0	0.0	0.0
130	2188.5	0.0	0.0	0.0	0.0	0.0	0.0
140	2213.8333333333335	0.0	0.0	0.0	0.0	0.0	0.0
150	2081.6666666666665	0.0	0.0	0.0	0.0	0.0	0.0
160	2198.8333333333335	0.0	0.0	0.0	0.0	0.0	0.0
170	2269.8333333333335	0.0	0.0	0.0	0.0	0.0	0.0
180	2282.3333333333335	0.0	0.0	0.0	0.0	0.0	0.0
190	2223.6666666666665	0.0	0.0	0.0	0.0	0.0	0.0
200	2236.0	0.0	0.0	0.0	0.0	0.0	0.0
210	2268.8333333333335	0.0	0.0	0.0	0.0	0.0	0.0
220	2368.1666666666665	0.0	0.0	0.0	0.0	0.0	0.0
230	2336.0	0.0	0.0	0.0	0.0	0.0	0.0
240	2211.1666666666665	0.0	0.0	0.0	0.0	0.0	0.0
250	2374.0	0.0	0.0	0.0	0.0	0.0	0.0
260	2270.8333333333335	0.0	0.0	0.0	0.0	0.0	0.0
270	2547.3333333333335	0.0	0.0	0.0	0.0	0.0	0.0
280	2656.5	0.0	0.0	0.0	0.0	0.0	0.0
290	2472.3333333333335	0.0	0.0	0.0	0.0	0.0	0.0
300	2540.6666666666665	0.0	0.0	0.0	0.0	0.0	0.0
310	2633.1666666666665	0.0	0.0	0.0	0.0	0.0	0.0
320	2573.1666666666665	0.0	0.0	0.0	0.0	0.0	0.0
330	2692.6666666666665	0.0	0.0	0.0	0.0	0.0	0.0
340	2363.3333333333335	0.0	0.0	0.0	0.0	0.0	0.0
350	2781.6666666666665	0.0	0.0	0.0	0.0	0.0	0.0
360	2604.6666666666665	0.0	0.0	0.0	0.0	0.0	0.0
370	2696.5	0.0	0.0	0.0	0.0	0.0	0.0
380	2497.1666666666665	0.0	0.0	0.0	0.0	0.0	0.0
390	2745.6666666666665	0.0	0.0	0.0	0.0	0.0	0.0
400	2765.0	0.0	0.0	0.0	0.0	0.0	0.0
410	2757.6666666666665	0.0	0.0	0.0	0.0	0.0	0.0
420	2656.0	0.0	0.0	0.0	0.0	0.0	0.0
430	2900.5	0.0	0.0	0.0	0.0	0.0	0.0
440	2341.3333333333335	0.0	0.0	0.0	0.0	0.0	0.0
450	2810.5	0.0	0.0	0.0	0.0	0.0	0.0
460	2818.8333333333335	0.0	0.0	0.0	0.0	0.0	0.0
470	2536.1666666666665	0.0	0.0	0.0	0.0	0.0	0.0
480	2653.1666666666665	0.0	0.0	0.0	0.0	0.0	0.0
490	2825.6666666666665	0.0	0.0	0.0	0.0	0.0	0.0
500	2853.5	0.0	0.0	0.0	0.0	0.0	0.0
510	2452.3333333333335	0.0	0.0	0.0	0.0	0.0	0.0
520	2677.8333333333335	0.0	0.0	0.0	0.0	0.0	0.0
530	2818.1666666666665	0.0	0.0	0.0	0.0	0.0	0.0
540	2655.6666666666665	0.0	0.0	0.0	0.0	0.0	0.0
550	2559.0	0.0	0.0	0.0	0.0	0.0	0.0
560	2641.5	0.0	0.0	0.0	0.0	0.0	0.0
570	2649.5	0.0	0.0	0.0	0.0	0.0	0.0
580	2535.0	0.0	0.0	0.0	0.0	0.0	0.0
590	2517.8333333333335	0.0	0.0	0.0	0.0	0.0	0.0
600	2628.6666666666665	0.0	0.0	0.0	0.0	0.0	0.0
610	2859.3333333333335	0.0	0.0	0.0	0.0	0.0	0.0
620	2779.1666666666665	0.0	0.0	0.0	0.0	0.0	0.0
630	2637.3333333333335	0.0	0.0	0.0	0.0	0.0	0.0
640	2795.1666666666665	0.0	0.0	0.0	0.0	0.0	0.0
650	2584.5	0.0	0.0	0.0	0.0	0.0	0.0
660	2783.1666666666665	0.0	0.0	0.0	0.0	0.0	0.0
670	2712.0	0.0	0.0	0.0	0.0	0.0	0.0
680	2645.0	0.0	0.0	0.0	0.0	0.0	0.0
690	2646.0	0.0	0.0	0.0	0.0	0.0	0.0
700	2751.1666666666665	0.0	0.0	0.0	0.0	0.0	0.0
710	2810.3333333333335	0.0	0.0	0.0	0.0	0.0	0.0
720	2696.5	0.0	0.0	0.0	0.0	0.0	0.0
730	2835.8333333333335	0.0	0.0	0.0	0.0	0.0	0.0
740	2973.1666666666665	0.0	0.0	0.0	0.0	0.0	0.0
750	2675.0	0.0	0.0	0.0	0.0	0.0	0.0
760	2884.0	0.0	0.0	0.0	0.0	0.0	0.0
770	2834.6666666666665	0.0	0.0	0.0	0.0	0.0	0.0
780	2696.8333333333335	0.0	0.0	0.0	0.0	0.0	0.0
790	2882.1666666666665	0.0	0.0	0.0	0.0	0.0	0.0
800	2712.0	0.0	0.0	0.0	0.0	0.0	0.0
810	2964.0	0.0	0.0	0.0	0.0	0.0	0.0
820	3007.8333333333335	0.0	0.0	0.0	0.0	0.0	0.0
830	2593.6666666666665	0.0	0.0	0.0	0.0	0.0	0.0
840	2738.8333333333335	0.0	0.0	0.0	0.0	0.0	0.0
850	2600.3333333333335	0.0	0.0	0.0	0.0	0.0	0.0
860	3173.1666666666665	0.0	0.0	0.0	0.0	0.0	0.0
870	3026.5	0.0	0.0	0.0	0.0	0.0	0.0
880	2866.0	0.0	0.0	0.0	0.0	0.0	0.0
890	3025.5	0.0	0.0	0.0	0.0	0.0	0.0
900	2988.1666666666665	0.0	0.0	0.0	0.0	0.0	0.0
910	3210.8333333333335	0.0	0.0	0.0	0.0	0.0	0.0
920	3180.3333333333335	0.0	0.0	0.0	0.0	0.0	0.0
930	3071.3333333333335	0.0	0.0	0.0	0.0	0.0	0.0
940	3096.0	0.0	0.0	0.0	0.0	0.0	0.0
950	3106.0	0.0	0.0	0.0	0.0	0.0	0.0
960	3126.5	0.0	0.0	0.0	0.0	0.0	0.0
970	3040.6666666666665	0.0	0.0	0.0	0.0	0.0	0.0
980	3271.8333333333335	0.0	0.0	0.0	0.0	0.0	0.0
990	2954.5	0.0	0.0	0.0	0.0	0.0	0.0
1000	3125.8333333333335	0.0	0.0	0.0	0.0	0.0	0.0
