0	251.0	0.0	0.0	0.0	0.0	0.0	0.0
10	70.0	0.0	14.0	1.0	0.0	1.0	0.0
20	70.0	0.0	19.0	1.0	0.0	1.0	0.0
30	70.0	28.0	46.0	0.0	28.0	0.0	0.0
40	70.0	113.0	146.0	21.0	100.0	7.0	13.0
50	70.0	67.0	65.0	3.0	65.0	1.0	2.0
60	70.0	37.0	36.0	6.0	35.0	1.0	2.0
70	70.0	43.0	42.0	1.0	42.0	0.0	1.0
80	70.0	18.0	17.0	1.0	18.0	0.0	0.0
90	70.0	12.0	16.0	0.0	12.0	0.0	0.0
100	70.0	42.0	35.0	15.0	33.0	6.0	9.0
110	70.0	0.0	4.0	0.0	0.0	0.0	0.0
120	70.0	102.0	127.0	58.0	64.0	19.0	38.0
130	70.0	0.0	6.0	0.0	0.0	0.0	0.0
140	70.0	0.0	10.0	1.0	0.0	1.0	0.0
150	70.0	67.0	139.0	45.0	27.0	5.0	40.0
160	70.0	61.0	113.0	18.0	46.0	3.0	15.0
170	70.0	0.0	19.0	3.0	0.0	3.0	0.0
180	70.0	0.0	12.0	3.0	0.0	3.0	0.0
190	70.66666666666667	0.0	32.0	4.0	0.0	4.0	0.0
200	71.0	27.0	68.0	13.0	17.0	3.0	10.0
210	70.33333333333333	28.0	54.0	4.0	25.0	1.0	3.0
220	77.33333333333333	53.0	189.0	36.0	22.0	5.0	31.0
230	83.66666666666667	0.0	19.0	0.0	0.0	0.0	0.0
240	86.33333333333333	1.0	12.0	2.0	1.0	1.0	0.0
250	128.66666666666666	5.0	27.0	12.0	1.0	8.0	4.0
260	183.66666666666666	30.0	53.0	28.0	4.0	2.0	26.0
270	724.3333333333334	51.0	316.0	52.0	7.0	7.0	44.0
280	587.6666666666666	5.0	309.0	11.0	4.0	10.0	1.0
290	849.6666666666666	0.0	52.0	2.0	0.0	2.0	0.0
300	813.3333333333334	2.0	114.0	3.0	1.0	2.0	1.0
310	762.0	3.0	145.0	2.0	3.0	2.0	0.0
320	607.6666666666666	18.0	205.0	23.0	2.0	7.0	16.0
330	951.6666666666666	55.0	355.0	48.0	15.0	7.0	40.0
340	924.3333333333334	35.0	98.0	35.0	3.0	3.0	32.0
350	1173.3333333333333	1.0	125.0	11.0	1.0	11.0	0.0
360	680.3333333333334	26.0	450.0	45.0	3.0	21.0	23.0
370	1269.0	5.0	253.0	23.0	1.0	19.0	4.0
380	1134.0	41.0	282.0	30.0	19.0	7.0	22.0
390	1325.6666666666667	24.0	24.0	20.0	6.0	1.0	18.0
400	1299.6666666666667	0.0	0.0	0.0	0.0	0.0	0.0
410	2276.0	0.0	0.0	0.0	0.0	0.0	0.0
420	1616.6666666666667	0.0	0.0	0.0	0.0	0.0	0.0
430	1692.3333333333333	0.0	0.0	0.0	0.0	0.0	0.0
440	1651.3333333333333	0.0	0.0	0.0	0.0	0.0	0.0
450	2307.0	0.0	0.0	0.0	0.0	0.0	0.0
460	2063.3333333333335	0.0	0.0	0.0	0.0	0.0	0.0
470	1666.3333333333333	0.0	0.0	0.0	0.0	0.0	0.0
480	2083.0	0.0	0.0	0.0	0.0	0.0	0.0
490	2238.0	0.0	0.0	0.0	0.0	0.0	0.0
500	2221.1666666666665	0.0	0.0	0.0	0.0	0.0	0.0
510	2273.6666666666665	0.0	0.0	0.0	0.0	0.0	0.0
520	2276.1666666666665	0.0	0.0	0.0	0.0	0.0	0.0
530	2057.3333333333335	0.0	0.0	0.0	0.0	0.0	0.0
540	1988.5	0.0	0.0	0.0	0.0	0.0	0.0
550	2257.3333333333335	0.0	0.0	0.0	0.0	0.0	0.0
560	2260.6666666666665	0.0	0.0	0.0	0.0	0.0	0.0
570	2291.8333333333335	0.0	0.0	0.0	0.0	0.0	0.0
580	2191.3333333333335	0.0	0.0	0.0	0.0	0.0	0.0
590	2468.8333333333335	0.0	0.0	0.0	0.0	0.0	0.0
600	2496.0	0.0	0.0	0.0	0.0	0.0	0.0
610	2653.5	0.0	0.0	0.0	0.0	0.0	0.0
620	2407.6666666666665	0.0	0.0	0.0	0.0	0.0	0.0
630	2767.1666666666665	0.0	0.0	0.0	0.0	0.0	0.0
640	2463.3333333333335	0.0	0.0	0.0	0.0	0.0	0.0
650	2516.8333333333335	0.0	0.0	0.0	0.0	0.0	0.0
660	2575.8333333333335	0.0	0.0	0.0	0.0	0.0	0.0
670	2716.1666666666665	0.0	0.0	0.0	0.0	0.0	0.0
680	2746.8333333333335	0.0	0.0	0.0	0.0	0.0	0.0
690	2625.8333333333335	0.0	0.0	0.0	0.0	0.0	0.0
700	2714.5	0.0	0.0	0.0	0.0	0.0	0.0
710	2760.6666666666665	0.0	0.0	0.0	0.0	0.0	0.0
720	2451.8333333333335	0.0	0.0	0.0	0.0	0.0	0.0
730	2694.6666666666665	0.0	0.0	0.0	0.0	0.0	0.0
740	2697.0	0.0	0.0	0.0	0.0	0.0	0.0
750	2827.0	0.0	0.0	0.0	0.0	0.0	0.0
760	2869.0	0.0	0.0	0.0	0.0	0.0	0.0
770	2550.0	0.0	0.0	0.0	0.0	0.0	0.0
780	2558.8333333333335	0.0	0.0	0.0	0.0	0.0	0.0
790	2525.0	0.0	0.0	0.0	0.0	0.0	0.0
800	2664.3333333333335	0.0	0.0	0.0	0.0	0.0	0.0
810	2618.3333333333335	0.0	0.0	0.0	0.0	0.0	0.0
820	2428.6666666666665	0.0	0.0	0.0	0.0	0.0	0.0
830	2494.6666666666665	0.0	0.0	0.0	0.0	0.0	0.0
840	2359.3333333333335	0.0	0.0	0.0	0.0	0.0	0.0
850	2373.5	0.0	0.0	0.0	0.0	0.0	0.0
860	2322.3333333333335	0.0	0.0	0.0	0.0	0.0	0.0
870	2757.1666666666665	0.0	0.0	0.0	0.0	0.0	0.0
880	2461.5	0.0	0.0	0.0	0.0	0.0	0.0
890	2497.3333333333335	0.0	0.0	0.0	0.0	0.0	0.0
900	2743.3333333333335	0.0	0.0	0.0	0.0	0.0	0.0
910	2583.3333333333335	0.0	0.0	0.0	0.0	0.0	0.0
920	1763.3333333333333	0.0	0.0	0.0	0.0	0.0	0.0
930	2454.3333333333335	0.0	0.0	0.0	0.0	0.0	0.0
940	2026.1666666666667	0.0	0.0	0.0	0.0	0.0	0.0
950	2382.8333333333335	0.0	0.0	0.0	0.0	0.0	0.0
960	1717.5	0.0	0.0	0.0	0.0	0.0	0.0
970	1685.6666666666667	0.0	0.0	0.0	0.0	0.0	0.0
980	1824.3333333333333	0.0	0.0	0.0	0.0	0.0	0.0
990	1898.6666666666667	0.0	0.0	0.0	0.0	0.0	0.0
1000	2059.8333333333335	0.0	0.0	0.0	0.0	0.0	0.0
