0	233.0	0.0	0.0	0.0	0.0	0.0	0.0
10	70.0	0.0	16.0	1.0	0.0	1.0	0.0
20	70.0	32.0	60.0	5.0	31.0	4.0	1.0
30	70.0	44.0	70.0	2.0	43.0	1.0	1.0
40	70.0	0.0	3.0	0.0	0.0	0.0	0.0
50	70.0	0.0	11.0	1.0	0.0	1.0	0.0
60	70.0	0.0	4.0	0.0	0.0	0.0	0.0
70	70.0	0.0	23.0	2.0	0.0	2.0	0.0
80	70.0	1.0	29.0	0.0	1.0	0.0	0.0
90	70.0	0.0	8.0	1.0	0.0	1.0	0.0
100	70.0	24.0	42.0	3.0	24.0	3.0	0.0
110	70.0	77.0	97.0	28.0	54.0	5.0	23.0
120	70.0	23.0	43.0	3.0	23.0	3.0	0.0
130	70.0	0.0	12.0	0.0	0.0	0.0	0.0
140	70.0	7.0	15.0	0.0	7.0	0.0	0.0
150	70.0	35.0	66.0	8.0	31.0	4.0	4.0
160	70.0	0.0	20.0	0.0	0.0	0.0	0.0
170	70.0	0.0	12.0	0.0	0.0	0.0	0.0
180	71.66666666666667	25.0	53.0	11.0	17.0	3.0	8.0
190	70.33333333333333	0.0	4.0	0.0	0.0	0.0	0.0
200	70.0	0.0	16.0	1.0	0.0	1.0	0.0
210	76.0	0.0	12.0	0.0	0.0	0.0	0.0
220	70.66666666666667	0.0	4.0	1.0	0.0	1.0	0.0
230	71.0	20.0	36.0	4.0	18.0	2.0	2.0
240	70.0	53.0	76.0	43.0	17.0	6.0	36.0
250	102.66666666666667	1.0	14.0	1.0	0.0	0.0	1.0
260	122.33333333333333	35.0	51.0	29.0	7.0	0.0	28.0
270	451.3333333333333	11.0	42.0	11.0	0.0	0.0	11.0
280	448.0	30.0	326.0	32.0	6.0	8.0	24.0
290	462.3333333333333	5.0	143.0	9.0	4.0	8.0	1.0
300	192.66666666666666	4.0	249.0	7.0	3.0	6.0	1.0
310	522.6666666666666	5.0	170.0	8.0	3.0	5.0	2.0
320	662.3333333333334	1.0	57.0	1.0	0.0	0.0	1.0
330	774.3333333333334	13.0	443.0	29.0	6.0	22.0	7.0
340	943.6666666666666	60.0	283.0	57.0	6.0	3.0	54.0
350	1114.3333333333333	22.0	280.0	29.0	2.0	9.0	20.0
360	1151.3333333333333	397.0	503.0	379.0	40.0	13.0	357.0
370	1082.0	27.0	296.0	35.0	2.0	10.0	25.0
380	1141.3333333333333	25.0	279.0	28.0	10.0	13.0	15.0
390	1411.3333333333333	23.0	201.0	28.0	3.0	7.0	20.0
400	1808.0	0.0	0.0	0.0	0.0	0.0	0.0
410	1846.6666666666667	0.0	0.0	0.0	0.0	0.0	0.0
420	1929.3333333333333	0.0	0.0	0.0	0.0	0.0	0.0
430	2011.8333333333333	0.0	0.0	0.0	0.0	0.0	0.0
440	1935.3333333333333	0.0	0.0	0.0	0.0	0.0	0.0
450	2051.0	0.0	0.0	0.0	0.0	0.0	0.0
460	2065.6666666666665	0.0	0.0	0.0	0.0	0.0	0.0
470	2078.1666666666665	0.0	0.0	0.0	0.0	0.0	0.0
480	2148.0	0.0	0.0	0.0	0.0	0.0	0.0
490	2201.3333333333335	0.0	0.0	0.0	0.0	0.0	0.0
500	2200.3333333333335	0.0	0.0	0.0	0.0	0.0	0.0
510	2116.6666666666665	0.0	0.0	0.0	0.0	0.0	0.0
520	2249.5	0.0	0.0	0.0	0.0	0.0	0.0
530	2514.0	0.0	0.0	0.0	0.0	0.0	0.0
540	2365.6666666666665	0.0	0.0	0.0	0.0	0.0	0.0
550	2336.0	0.0	0.0	0.0	0.0	0.0	0.0
560	2441.1666666666665	0.0	0.0	0.0	0.0	0.0	0.0
570	2641.3333333333335	0.0	0.0	0.0	0.0	0.0	0.0
580	2602.0	0.0	0.0	0.0	0.0	0.0	0.0
590	2629.3333333333335	0.0	0.0	0.0	0.0	0.0	0.0
600	2510.1666666666665	0.0	0.0	0.0	0.0	0.0	0.0
610	2579.8333333333335	0.0	0.0	0.0	0.0	0.0	0.0
620	2769.6666666666665	0.0	0.0	0.0	0.0	0.0	0.0
630	2575.0	0.0	0.0	0.0	0.0	0.0	0.0
640	2601.0	0.0	0.0	0.0	0.0	0.0	0.0
650	2634.6666666666665	0.0	0.0	0.0	0.0	0.0	0.0
660	2654.1666666666665	0.0	0.0	0.0	0.0	0.0	0.0
670	2427.6666666666665	0.0	0.0	0.0	0.0	0.0	0.0
680	2595.5	0.0	0.0	0.0	0.0	0.0	0.0
690	2329.0	0.0	0.0	0.0	0.0	0.0	0.0
700	2732.0	0.0	0.0	0.0	0.0	0.0	0.0
710	2446.0	0.0	0.0	0.0	0.0	0.0	0.0
720	2671.6666666666665	0.0	0.0	0.0	0.0	0.0	0.0
730	2500.3333333333335	0.0	0.0	0.0	0.0	0.0	0.0
740	2805.5	0.0	0.0	0.0	0.0	0.0	0.0
750	2544.3333333333335	0.0	0.0	0.0	0.0	0.0	0.0
760	2819.6666666666665	0.0	0.0	0.0	0.0	0.0	0.0
770	2754.1666666666665	0.0	0.0	0.0	0.0	0.0	0.0
780	2492.0	0.0	0.0	0.0	0.0	0.0	0.0
790	2465.0	0.0	0.0	0.0	0.0	0.0	0.0
800	2499.6666666666665	0.0	0.0	0.0	0.0	0.0	0.0
810	2642.3333333333335	0.0	0.0	0.0	0.0	0.0	0.0
820	2498.1666666666665	0.0	0.0	0.0	0.0	0.0	0.0
830	2572.3333333333335	0.0	0.0	0.0	0.0	0.0	0.0
840	2655.3333333333335	0.0	0.0	0.0	0.0	0.0	0.0
850	2565.1666666666665	0.0	0.0	0.0	0.0	0.0	0.0
860	2529.1666666666665	0.0	0.0	0.0	0.0	0.0	0.0
870	2670.6666666666665	0.0	0.0	0.0	0.0	0.0	0.0
880	2534.1666666666665	0.0	0.0	0.0	0.0	0.0	0.0
890	2394.0	0.0	0.0	0.0	0.0	0.0	0.0
900	2782.0	0.0	0.0	0.0	0.0	0.0	0.0
910	2669.5	0.0	0.0	0.0	0.0	0.0	0.0
920	1975.0	0.0	0.0	0.0	0.0	0.0	0.0
930	2695.0	0.0	0.0	0.0	0.0	0.0	0.0
940	2680.3333333333335	0.0	0.0	0.0	0.0	0.0	0.0
950	2792.3333333333335	0.0	0.0	0.0	0.0	0.0	0.0
960	2512.6666666666665	0.0	0.0	0.0	0.0	0.0	0.0
970	2718.6666666666665	0.0	0.0	0.0	0.0	0.0	0.0
980	2369.6666666666665	0.0	0.0	0.0	0.0	0.0	0.0
990	2474.0	0.0	0.0	0.0	0.0	0.0	0.0
1000	2676.0	0.0	0.0	0.0	0.0	0.0	0.0
