0	266.0	0.0
10	81.0	1000.0
20	70.0	0.0
30	70.33333333333333	0.0
40	70.0	0.0
50	70.0	0.0
60	70.0	0.0
70	70.0	0.0
80	70.0	0.0
90	70.0	0.0
100	70.0	0.0
110	70.0	0.0
120	70.0	0.0
130	70.0	0.0
140	70.0	0.0
150	71.0	0.0
160	70.0	0.0
170	73.0	0.0
180	81.0	0.0
190	224.33333333333334	0.0
200	366.3333333333333	0.0
210	244.66666666666666	0.0
220	117.33333333333333	0.0
230	177.33333333333334	0.0
240	237.33333333333334	0.0
250	145.33333333333334	0.0
260	154.66666666666666	0.0
270	219.33333333333334	0.0
280	155.0	0.0
290	235.66666666666666	0.0
300	233.66666666666666	0.0
310	619.0	0.0
320	862.3333333333334	0.0
330	1102.0	0.0
340	1321.6666666666667	0.0
350	1030.0	0.0
360	1200.6666666666667	0.0
370	1135.6666666666667	0.0
380	1392.6666666666667	0.0
390	1965.3333333333333	0.0
400	1830.3333333333333	0.0
410	2213.6666666666665	0.0
420	1937.6666666666667	0.0
430	2096.0	0.0
440	1973.6666666666667	0.0
450	2153.6666666666665	0.0
460	2089.8333333333335	0.0
470	2024.6666666666667	0.0
480	2092.3333333333335	0.0
490	2323.0	0.0
500	2268.6666666666665	0.0
510	2201.0	0.0
520	2447.3333333333335	0.0
530	2218.0	0.0
540	2403.3333333333335	0.0
550	2419.3333333333335	0.0
560	2202.6666666666665	0.0
570	2446.6666666666665	0.0
580	2712.1666666666665	0.0
590	2263.6666666666665	0.0
600	2472.1666666666665	0.0
610	2658.3333333333335	0.0
620	2437.8333333333335	0.0
630	2324.3333333333335	0.0
640	2229.0	0.0
650	2365.6666666666665	0.0
660	2540.8333333333335	0.0
670	2630.3333333333335	0.0
680	2635.3333333333335	0.0
690	2542.6666666666665	0.0
700	2427.6666666666665	0.0
710	2676.1666666666665	0.0
720	2567.8333333333335	0.0
730	2508.1666666666665	0.0
740	2589.0	0.0
750	2404.3333333333335	0.0
760	2391.0	0.0
770	2389.5	0.0
780	2570.3333333333335	0.0
790	2527.5	0.0
800	2698.6666666666665	0.0
810	2192.6666666666665	0.0
820	1896.5	0.0
830	1850.6666666666667	0.0
840	2731.5	0.0
850	2548.8333333333335	0.0
860	2513.6666666666665	0.0
870	2822.0	0.0
880	2659.5	0.0
890	2729.8333333333335	0.0
900	2572.1666666666665	0.0
910	2713.3333333333335	0.0
920	2894.8333333333335	0.0
930	2612.0	0.0
940	2120.3333333333335	0.0
950	2892.0	0.0
960	2673.6666666666665	0.0
970	2741.0	0.0
980	2707.5	0.0
990	2860.8333333333335	0.0
1000	2452.8333333333335	0.0
