0	243.33333333333334	0.0
10	70.0	0.0
20	70.0	0.0
30	70.0	0.0
40	70.0	0.0
50	70.0	0.0
60	70.0	0.0
70	70.0	0.0
80	70.0	1.0
90	70.0	0.0
100	70.0	0.0
110	70.0	0.0
120	70.0	0.0
130	70.0	0.0
140	70.0	1.0
150	70.0	0.0
160	70.0	0.0
170	70.66666666666667	0.0
180	70.33333333333333	0.0
190	71.33333333333333	0.0
200	70.0	0.0
210	83.0	0.0
220	74.33333333333333	0.0
230	71.0	0.0
240	91.66666666666667	13.0
250	75.33333333333333	109.0
260	154.33333333333334	12.0
270	185.0	16.0
280	218.0	0.0
290	190.33333333333334	0.0
300	336.0	0.0
310	238.0	1.0
320	214.0	42.0
330	243.66666666666666	0.0
340	165.0	0.0
350	204.33333333333334	33.0
360	243.33333333333334	0.0
370	243.0	7.0
380	148.0	30.0
390	250.66666666666666	78.0
400	164.33333333333334	17.0
410	224.66666666666666	0.0
420	278.0	21.0
430	267.3333333333333	30.0
440	217.33333333333334	0.0
450	298.0	13.0
460	513.6666666666666	12.0
470	549.3333333333334	80.0
480	304.0	102.0
490	274.6666666666667	70.0
500	624.6666666666666	12.0
510	362.6666666666667	65.0
520	774.3333333333334	128.0
530	792.0	24.0
540	1363.5	24.0
550	657.0	55.0
560	1257.3333333333333	4.0
570	1435.3333333333333	0.0
580	1836.6666666666667	0.0
590	1781.6666666666667	0.0
600	806.3333333333334	0.0
610	1798.3333333333333	0.0
620	2194.1666666666665	0.0
630	2331.3333333333335	0.0
640	2576.3333333333335	0.0
650	2571.8333333333335	0.0
660	2551.5	0.0
670	2119.5	0.0
680	1844.8333333333333	0.0
690	2022.6666666666667	0.0
700	2310.8333333333335	0.0
710	2290.6666666666665	0.0
720	2684.1666666666665	0.0
730	2120.0	0.0
740	2310.8333333333335	0.0
750	2391.5	0.0
760	2279.0	0.0
770	2365.6666666666665	0.0
780	2673.6666666666665	0.0
790	2548.5	0.0
800	2505.3333333333335	0.0
810	2494.6666666666665	0.0
820	2624.3333333333335	0.0
830	2505.6666666666665	0.0
840	2617.6666666666665	0.0
850	2609.5	0.0
860	2462.6666666666665	0.0
870	2596.6666666666665	0.0
880	2363.0	0.0
890	2314.6666666666665	0.0
900	2675.0	0.0
910	2362.3333333333335	0.0
920	2597.6666666666665	0.0
930	2580.0	0.0
940	2429.3333333333335	0.0
950	2487.6666666666665	0.0
960	2819.3333333333335	0.0
970	2474.3333333333335	0.0
980	2374.6666666666665	0.0
990	2596.3333333333335	0.0
1000	2636.8333333333335	0.0
