0	263.6666666666667	0.0
10	70.0	0.0
20	70.0	0.0
30	70.0	0.0
40	70.0	0.0
50	70.0	0.0
60	70.0	0.0
70	70.0	0.0
80	70.0	0.0
90	70.0	0.0
100	70.0	0.0
110	70.0	0.0
120	70.0	1.0
130	70.0	0.0
140	70.0	3.0
150	70.0	0.0
160	70.0	0.0
170	70.0	0.0
180	70.0	0.0
190	70.0	0.0
200	78.33333333333333	0.0
210	70.0	0.0
220	70.33333333333333	0.0
230	71.66666666666667	3.0
240	74.0	37.0
250	75.66666666666667	0.0
260	183.0	0.0
270	405.0	0.0
280	243.66666666666666	63.0
290	149.66666666666666	8.0
300	191.33333333333334	0.0
310	167.0	23.0
320	170.66666666666666	0.0
330	162.66666666666666	0.0
340	269.6666666666667	32.0
350	146.0	29.0
360	130.0	42.0
370	215.33333333333334	0.0
380	275.6666666666667	24.0
390	138.0	42.0
400	189.33333333333334	11.0
410	288.0	27.0
420	243.33333333333334	33.0
430	255.33333333333334	6.0
440	394.6666666666667	0.0
450	269.0	56.0
460	272.6666666666667	21.0
470	628.0	0.0
480	995.3333333333334	17.0
490	1103.0	61.0
500	964.3333333333334	45.0
510	988.6666666666666	39.0
520	1053.0	77.0
530	1431.6666666666667	88.0
540	1320.6666666666667	166.0
550	1896.8333333333333	46.0
560	1820.6666666666667	0.0
570	1492.3333333333333	0.0
580	2170.8333333333335	0.0
590	1675.3333333333333	0.0
600	2191.6666666666665	0.0
610	2224.3333333333335	0.0
620	2057.5	0.0
630	2206.0	0.0
640	2195.8333333333335	0.0
650	2182.3333333333335	0.0
660	2312.3333333333335	0.0
670	2076.0	0.0
680	2478.8333333333335	0.0
690	2591.8333333333335	0.0
700	2319.6666666666665	0.0
710	2396.6666666666665	0.0
720	2511.8333333333335	0.0
730	2578.3333333333335	0.0
740	2512.0	0.0
750	2673.1666666666665	0.0
760	2750.1666666666665	0.0
770	2357.1666666666665	0.0
780	2515.0	0.0
790	2795.1666666666665	0.0
800	2685.0	0.0
810	2552.6666666666665	0.0
820	2750.1666666666665	0.0
830	2766.6666666666665	0.0
840	2571.8333333333335	0.0
850	2712.1666666666665	0.0
860	2501.3333333333335	0.0
870	2447.8333333333335	0.0
880	2621.3333333333335	0.0
890	2629.5	0.0
900	2484.6666666666665	0.0
910	2726.6666666666665	0.0
920	2314.5	0.0
930	2310.6666666666665	0.0
940	2426.6666666666665	0.0
950	2726.8333333333335	0.0
960	2807.0	0.0
970	2758.1666666666665	0.0
980	2736.1666666666665	0.0
990	2599.1666666666665	0.0
1000	2687.3333333333335	0.0
