0	258.6666666666667	0.0
10	70.0	0.0
20	70.0	0.0
30	70.0	0.0
40	70.0	0.0
50	70.0	0.0
60	70.0	0.0
70	70.0	0.0
80	70.0	0.0
90	70.0	0.0
100	70.0	1.0
110	70.0	0.0
120	70.0	0.0
130	70.0	1.0
140	70.0	0.0
150	70.0	0.0
160	70.0	0.0
170	70.0	0.0
180	70.0	0.0
190	70.0	0.0
200	71.0	0.0
210	70.66666666666667	0.0
220	71.33333333333333	0.0
230	73.33333333333333	3.0
240	104.0	0.0
250	162.0	23.0
260	147.33333333333334	32.0
270	183.0	8.0
280	143.33333333333334	24.0
290	142.66666666666666	34.0
300	146.66666666666666	1.0
310	147.0	25.0
320	138.66666666666666	0.0
330	155.0	7.0
340	147.33333333333334	17.0
350	146.0	0.0
360	146.0	28.0
370	232.33333333333334	12.0
380	258.6666666666667	12.0
390	155.0	45.0
400	153.66666666666666	0.0
410	183.66666666666666	17.0
420	499.6666666666667	16.0
430	687.3333333333334	57.0
440	559.6666666666666	41.0
450	688.6666666666666	75.0
460	768.0	26.0
470	1231.0	56.0
480	1635.3333333333333	83.0
490	1881.6666666666667	59.0
500	1521.6666666666667	63.0
510	1788.0	96.0
520	2224.3333333333335	138.0
530	1874.1666666666667	0.0
540	1574.8333333333333	0.0
550	1670.1666666666667	0.0
560	1658.0	0.0
570	1950.3333333333333	0.0
580	2068.1666666666665	0.0
590	1432.3333333333333	0.0
600	2181.8333333333335	0.0
610	2112.3333333333335	0.0
620	2463.6666666666665	0.0
630	2170.6666666666665	0.0
640	2109.0	0.0
650	2312.5	0.0
660	2141.3333333333335	0.0
670	2540.6666666666665	0.0
680	2594.3333333333335	0.0
690	2228.6666666666665	0.0
700	2670.6666666666665	0.0
710	2579.5	0.0
720	2536.6666666666665	0.0
730	2558.1666666666665	0.0
740	2584.6666666666665	0.0
750	2376.3333333333335	0.0
760	2700.6666666666665	0.0
770	2675.1666666666665	0.0
780	2506.0	0.0
790	2573.0	0.0
800	2596.1666666666665	0.0
810	2649.8333333333335	0.0
820	2668.5	0.0
830	2636.1666666666665	0.0
840	2302.0	0.0
850	2695.6666666666665	0.0
860	2448.6666666666665	0.0
870	2446.3333333333335	0.0
880	2593.1666666666665	0.0
890	2595.6666666666665	0.0
900	2562.6666666666665	0.0
910	2535.8333333333335	0.0
920	2434.3333333333335	0.0
930	2448.1666666666665	0.0
940	2439.8333333333335	0.0
950	2298.0	0.0
960	2682.0	0.0
970	2568.1666666666665	0.0
980	2582.3333333333335	0.0
990	2664.0	0.0
1000	2521.6666666666665	0.0
