0	260.6222222222222	0.0
10	81.65555555555555	190.03333333333333
20	78.45555555555556	193.36666666666667
30	77.62222222222223	186.7
40	77.57777777777778	185.66666666666666
50	77.36666666666669	141.43333333333334
60	76.77777777777777	88.73333333333333
70	76.12222222222223	11.733333333333333
80	75.62222222222222	1.3333333333333333
90	75.1	1.0
100	79.74444444444445	0.0
110	92.12222222222222	0.0
120	114.80000000000001	0.0
130	127.12222222222222	0.0
140	175.5	0.0
150	162.24444444444444	0.0
160	194.3555555555555	0.0
170	231.16666666666669	0.0
180	269.74444444444447	0.0
190	308.4222222222222	0.0
200	354.76666666666665	0.0
210	457.5111111111111	0.0
220	528.2666666666667	0.0
230	575.1	0.0
240	594.7666666666665	0.0
250	504.05000000000007	0.0
260	592.5722222222223	0.0
270	619.5388888888888	0.0
280	617.1166666666667	0.0
290	649.8999999999999	0.0
300	710.161111111111	0.0
310	773.8	0.0
320	864.3888888888889	0.0
330	901.4888888888889	0.0
340	959.0888888888888	0.0
350	1098.561111111111	0.0
360	1119.3055555555554	0.0
370	1205.45	0.0
380	1302.216666666667	0.0
390	1372.488888888889	0.0
400	1497.7	0.0
410	1532.4666666666667	0.0
420	1669.9333333333334	0.0
430	1744.5000000000002	0.0
440	1818.5944444444444	0.0
450	1890.422222222223	0.0
460	1898.844444444444	0.0
470	1958.9833333333336	0.0
480	2075.3777777777777	0.0
490	2131.1000000000004	0.0
500	2192.1111111111113	0.0
510	2232.911111111111	0.0
520	2227.1	0.0
530	2298.55	0.0
540	2327.522222222222	0.0
550	2351.305555555555	0.0
560	2373.0222222222224	0.0
570	2335.5555555555557	0.0
580	2353.5222222222224	0.0
590	2393.9444444444443	0.0
600	2426.122222222222	0.0
610	2420.8	0.0
620	2453.138888888889	0.0
630	2451.911111111111	0.0
640	2483.4222222222224	0.0
650	2532.8	0.0
660	2491.116666666667	0.0
670	2487.1611111111115	0.0
680	2528.755555555556	0.0
690	2529.144444444444	0.0
700	2515.972222222222	0.0
710	2472.2722222222224	0.0
720	2561.7611111111105	0.0
730	2501.844444444445	0.0
740	2519.361111111111	0.0
750	2503.5111111111114	0.0
760	2504.8944444444437	0.0
770	2555.0666666666666	0.0
780	2571.172222222222	0.0
790	2547.7388888888886	0.0
800	2554.2722222222224	0.0
810	2630.422222222223	0.0
820	2586.872222222222	0.0
830	2502.861111111111	0.0
840	2587.238888888889	0.0
850	2539.0555555555557	0.0
860	2517.1888888888884	0.0
870	2506.411111111111	0.0
880	2503.4888888888886	0.0
890	2501.8833333333328	0.0
900	2584.2277777777776	0.0
910	2477.3722222222223	0.0
920	2380.716666666667	0.0
930	2411.744444444445	0.0
940	2448.133333333333	0.0
950	2332.6055555555563	0.0
960	2309.422222222222	0.0
970	2382.788888888888	0.0
980	2263.9	0.0
990	2252.9388888888884	0.0
1000	2238.794444444444	0.0
