0	251.66666666666666	0.0
10	70.0	83.0
20	70.0	152.0
30	70.0	231.0
40	70.0	189.0
50	70.0	234.0
60	70.0	111.0
70	70.0	0.0
80	70.0	0.0
90	70.0	0.0
100	70.0	0.0
110	70.0	0.0
120	70.0	0.0
130	70.0	0.0
140	70.0	0.0
150	70.33333333333333	0.0
160	73.0	0.0
170	71.0	0.0
180	71.66666666666667	0.0
190	78.66666666666667	0.0
200	164.33333333333334	0.0
210	308.6666666666667	0.0
220	184.66666666666666	0.0
230	462.6666666666667	0.0
240	204.66666666666666	0.0
250	163.33333333333334	0.0
260	163.0	0.0
270	147.0	0.0
280	138.0	0.0
290	163.33333333333334	0.0
300	264.3333333333333	0.0
310	168.66666666666666	0.0
320	182.0	0.0
330	183.66666666666666	0.0
340	618.0	0.0
350	947.6666666666666	0.0
360	1239.6666666666667	0.0
370	1633.3333333333333	0.0
380	1643.3333333333333	0.0
390	1447.6666666666667	0.0
400	1906.0	0.0
410	1586.6666666666667	0.0
420	1836.3333333333333	0.0
430	1977.3333333333333	0.0
440	1762.0	0.0
450	1649.0	0.0
460	1556.3333333333333	0.0
470	2353.1666666666665	0.0
480	2340.0	0.0
490	2000.3333333333333	0.0
500	2103.3333333333335	0.0
510	2261.3333333333335	0.0
520	2309.6666666666665	0.0
530	2348.6666666666665	0.0
540	2411.1666666666665	0.0
550	2281.0	0.0
560	2197.3333333333335	0.0
570	2418.0	0.0
580	2086.0	0.0
590	2309.5	0.0
600	2167.3333333333335	0.0
610	2471.0	0.0
620	2218.0	0.0
630	2749.8333333333335	0.0
640	2699.6666666666665	0.0
650	2384.8333333333335	0.0
660	2696.6666666666665	0.0
670	2701.3333333333335	0.0
680	2601.5	0.0
690	2495.3333333333335	0.0
700	2555.0	0.0
710	2399.0	0.0
720	2541.0	0.0
730	2652.8333333333335	0.0
740	2636.6666666666665	0.0
750	2600.8333333333335	0.0
760	2537.1666666666665	0.0
770	2550.6666666666665	0.0
780	2446.6666666666665	0.0
790	2574.0	0.0
800	2442.0	0.0
810	2522.3333333333335	0.0
820	2753.1666666666665	0.0
830	2031.0	0.0
840	2637.0	0.0
850	2588.0	0.0
860	2354.5	0.0
870	2540.3333333333335	0.0
880	2663.6666666666665	0.0
890	2493.6666666666665	0.0
900	2588.5	0.0
910	2709.1666666666665	0.0
920	2040.6666666666667	0.0
930	2721.5	0.0
940	2218.0	0.0
950	2485.1666666666665	0.0
960	2534.5	0.0
970	2441.6666666666665	0.0
980	2483.0	0.0
990	2593.5	0.0
1000	2324.6666666666665	0.0
