0	262.0	0.0
10	130.0	126.0
20	141.66666666666666	93.0
30	95.0	100.0
40	100.0	217.0
50	100.0	162.0
60	99.66666666666667	247.0
70	94.66666666666667	55.0
80	96.33333333333333	0.0
90	89.33333333333333	0.0
100	95.0	0.0
110	136.33333333333334	0.0
120	273.6666666666667	0.0
130	490.0	0.0
140	1017.6666666666666	0.0
150	726.6666666666666	0.0
160	1156.3333333333333	0.0
170	1029.6666666666667	0.0
180	1902.6666666666667	0.0
190	1906.6666666666667	0.0
200	2019.6666666666667	0.0
210	1763.6666666666667	0.0
220	1889.3333333333333	0.0
230	2136.6666666666665	0.0
240	2286.6666666666665	0.0
250	1703.6666666666667	0.0
260	2200.6666666666665	0.0
270	2141.6666666666665	0.0
280	2070.6666666666665	0.0
290	1833.0	0.0
300	2179.3333333333335	0.0
310	1985.3333333333333	0.0
320	2145.3333333333335	0.0
330	2319.0	0.0
340	2141.3333333333335	0.0
350	2202.3333333333335	0.0
360	2269.0	0.0
370	2237.6666666666665	0.0
380	2558.5	0.0
390	2110.6666666666665	0.0
400	2633.1666666666665	0.0
410	2155.0	0.0
420	2409.6666666666665	0.0
430	2497.1666666666665	0.0
440	2535.1666666666665	0.0
450	2485.0	0.0
460	2820.0	0.0
470	2342.0	0.0
480	2613.1666666666665	0.0
490	2690.8333333333335	0.0
500	2434.3333333333335	0.0
510	2544.1666666666665	0.0
520	2485.3333333333335	0.0
530	2526.1666666666665	0.0
540	2646.0	0.0
550	2581.6666666666665	0.0
560	2549.3333333333335	0.0
570	2733.6666666666665	0.0
580	2464.5	0.0
590	2512.3333333333335	0.0
600	2687.8333333333335	0.0
610	2653.0	0.0
620	2470.6666666666665	0.0
630	2483.3333333333335	0.0
640	2548.8333333333335	0.0
650	2326.1666666666665	0.0
660	2496.8333333333335	0.0
670	2595.6666666666665	0.0
680	2515.0	0.0
690	2602.6666666666665	0.0
700	2618.0	0.0
710	2158.8333333333335	0.0
720	2397.1666666666665	0.0
730	2168.5	0.0
740	2694.1666666666665	0.0
750	2517.6666666666665	0.0
760	2579.5	0.0
770	2370.6666666666665	0.0
780	2681.0	0.0
790	2833.6666666666665	0.0
800	2694.3333333333335	0.0
810	2639.1666666666665	0.0
820	2939.0	0.0
830	2761.8333333333335	0.0
840	2780.5	0.0
850	1589.6666666666667	0.0
860	2091.8333333333335	0.0
870	2111.8333333333335	0.0
880	1939.8333333333333	0.0
890	1838.3333333333333	0.0
900	2171.8333333333335	0.0
910	1536.6666666666667	0.0
920	1463.0	0.0
930	1906.1666666666667	0.0
940	2087.6666666666665	0.0
950	2016.6666666666667	0.0
960	1763.3333333333333	0.0
970	2499.0	0.0
980	2087.0	0.0
990	2324.1666666666665	0.0
1000	2278.6666666666665	0.0
