0	242.0	0.0
10	70.0	198.0
20	70.0	163.0
30	70.0	112.0
40	70.0	149.0
50	70.0	181.0
60	70.0	192.0
70	70.0	5.0
80	70.0	0.0
90	70.0	0.0
100	70.0	0.0
110	70.0	0.0
120	70.0	0.0
130	70.0	0.0
140	70.0	0.0
150	70.0	0.0
160	71.0	0.0
170	70.66666666666667	0.0
180	70.66666666666667	0.0
190	76.0	0.0
200	107.33333333333333	0.0
210	124.66666666666667	0.0
220	183.0	0.0
230	240.0	0.0
240	157.33333333333334	0.0
250	228.33333333333334	0.0
260	191.33333333333334	0.0
270	130.66666666666666	0.0
280	146.66666666666666	0.0
290	193.66666666666666	0.0
300	185.33333333333334	0.0
310	234.66666666666666	0.0
320	410.3333333333333	0.0
330	614.6666666666666	0.0
340	503.6666666666667	0.0
350	650.3333333333334	0.0
360	1126.6666666666667	0.0
370	931.6666666666666	0.0
380	1207.3333333333333	0.0
390	1371.3333333333333	0.0
400	1929.6666666666667	0.0
410	1644.3333333333333	0.0
420	1722.6666666666667	0.0
430	1682.8333333333333	0.0
440	1421.3333333333333	0.0
450	2097.6666666666665	0.0
460	1903.6666666666667	0.0
470	1948.0	0.0
480	1975.3333333333333	0.0
490	2069.3333333333335	0.0
500	1982.6666666666667	0.0
510	2234.6666666666665	0.0
520	1927.6666666666667	0.0
530	2170.8333333333335	0.0
540	2033.6666666666667	0.0
550	2306.0	0.0
560	2174.6666666666665	0.0
570	2304.6666666666665	0.0
580	2177.3333333333335	0.0
590	2362.6666666666665	0.0
600	2369.1666666666665	0.0
610	2389.8333333333335	0.0
620	2394.5	0.0
630	2537.6666666666665	0.0
640	2532.5	0.0
650	2511.6666666666665	0.0
660	2376.5	0.0
670	2459.3333333333335	0.0
680	2648.0	0.0
690	2741.6666666666665	0.0
700	2551.1666666666665	0.0
710	2649.3333333333335	0.0
720	2596.1666666666665	0.0
730	2541.0	0.0
740	2612.8333333333335	0.0
750	2519.6666666666665	0.0
760	2595.6666666666665	0.0
770	2616.3333333333335	0.0
780	2334.3333333333335	0.0
790	2380.6666666666665	0.0
800	2347.6666666666665	0.0
810	2541.1666666666665	0.0
820	2278.1666666666665	0.0
830	2424.3333333333335	0.0
840	2706.8333333333335	0.0
850	2322.0	0.0
860	2503.6666666666665	0.0
870	2495.0	0.0
880	2656.6666666666665	0.0
890	2655.8333333333335	0.0
900	2625.1666666666665	0.0
910	2444.6666666666665	0.0
920	1597.0	0.0
930	2783.6666666666665	0.0
940	2490.6666666666665	0.0
950	2522.0	0.0
960	1937.8333333333333	0.0
970	1855.8333333333333	0.0
980	2036.8333333333333	0.0
990	1842.0	0.0
1000	1939.6666666666667	0.0
