0	245.66666666666666	0.0	0.0	0.0	0.0	0.0	0.0
10	1958.0	1000.0	3440.0	894.0	743.0	608.0	257.0
20	2140.6666666666665	0.0	0.0	0.0	0.0	0.0	0.0
30	2124.0	0.0	0.0	0.0	0.0	0.0	0.0
40	2033.0	0.0	0.0	0.0	0.0	0.0	0.0
50	2179.6666666666665	0.0	0.0	0.0	0.0	0.0	0.0
60	1942.8333333333333	0.0	0.0	0.0	0.0	0.0	0.0
70	2162.8333333333335	0.0	0.0	0.0	0.0	0.0	0.0
80	2102.6666666666665	0.0	0.0	0.0	0.0	0.0	0.0
90	2147.5	0.0	0.0	0.0	0.0	0.0	0.0
100	1997.8333333333333	0.0	0.0	0.0	0.0	0.0	0.0
110	2073.3333333333335	0.0	0.0	0.0	0.0	0.0	0.0
120	2195.3333333333335	0.0	0.0	0.0	0.0	0.0	0.0
130	2359.5	0.0	0.0	0.0	0.0	0.0	0.0
140	2446.0	0.0	0.0	0.0	0.0	0.0	0.0
150	2319.0	0.0	0.0	0.0	0.0	0.0	0.0
160	2162.8333333333335	0.0	0.0	0.0	0.0	0.0	0.0
170	2324.1666666666665	0.0	0.0	0.0	0.0	0.0	0.0
180	2263.3333333333335	0.0	0.0	0.0	0.0	0.0	0.0
190	2425.6666666666665	0.0	0.0	0.0	0.0	0.0	0.0
200	2422.3333333333335	0.0	0.0	0.0	0.0	0.0	0.0
210	2314.0	0.0	0.0	0.0	0.0	0.0	0.0
220	2250.3333333333335	0.0	0.0	0.0	0.0	0.0	0.0
230	2406.6666666666665	0.0	0.0	0.0	0.0	0.0	0.0
240	2258.8333333333335	0.0	0.0	0.0	0.0	0.0	0.0
250	2288.0	0.0	0.0	0.0	0.0	0.0	0.0
260	2469.3333333333335	0.0	0.0	0.0	0.0	0.0	0.0
270	2422.5	0.0	0.0	0.0	0.0	0.0	0.0
280	2302.6666666666665	0.0	0.0	0.0	0.0	0.0	0.0
290	2326.6666666666665	0.0	0.0	0.0	0.0	0.0	0.0
300	2375.3333333333335	0.0	0.0	0.0	0.0	0.0	0.0
310	2462.0	0.0	0.0	0.0	0.0	0.0	0.0
320	2522.6666666666665	0.0	0.0	0.0	0.0	0.0	0.0
330	2561.6666666666665	0.0	0.0	0.0	0.0	0.0	0.0
340	2512.6666666666665	0.0	0.0	0.0	0.0	0.0	0.0
350	2671.6666666666665	0.0	0.0	0.0	0.0	0.0	0.0
360	2392.1666666666665	0.0	0.0	0.0	0.0	0.0	0.0
370	2326.5	0.0	0.0	0.0	0.0	0.0	0.0
380	2465.5	0.0	0.0	0.0	0.0	0.0	0.0
390	2730.6666666666665	0.0	0.0	0.0	0.0	0.0	0.0
400	2836.6666666666665	0.0	0.0	0.0	0.0	0.0	0.0
410	2629.3333333333335	0.0	0.0	0.0	0.0	0.0	0.0
420	2623.3333333333335	0.0	0.0	0.0	0.0	0.0	0.0
430	2708.1666666666665	0.0	0.0	0.0	0.0	0.0	0.0
440	2492.0	0.0	0.0	0.0	0.0	0.0	0.0
450	2660.1666666666665	0.0	0.0	0.0	0.0	0.0	0.0
460	2299.8333333333335	0.0	0.0	0.0	0.0	0.0	0.0
470	2263.1666666666665	0.0	0.0	0.0	0.0	0.0	0.0
480	2803.0	0.0	0.0	0.0	0.0	0.0	0.0
490	2811.0	0.0	0.0	0.0	0.0	0.0	0.0
500	2683.6666666666665	0.0	0.0	0.0	0.0	0.0	0.0
510	2739.6666666666665	0.0	0.0	0.0	0.0	0.0	0.0
520	2373.8333333333335	0.0	0.0	0.0	0.0	0.0	0.0
530	2547.1666666666665	0.0	0.0	0.0	0.0	0.0	0.0
540	2873.3333333333335	0.0	0.0	0.0	0.0	0.0	0.0
550	2851.8333333333335	0.0	0.0	0.0	0.0	0.0	0.0
560	2673.3333333333335	0.0	0.0	0.0	0.0	0.0	0.0
570	2699.3333333333335	0.0	0.0	0.0	0.0	0.0	0.0
580	2787.5	0.0	0.0	0.0	0.0	0.0	0.0
590	2680.3333333333335	0.0	0.0	0.0	0.0	0.0	0.0
600	2495.5	0.0	0.0	0.0	0.0	0.0	0.0
610	2608.1666666666665	0.0	0.0	0.0	0.0	0.0	0.0
620	2575.3333333333335	0.0	0.0	0.0	0.0	0.0	0.0
630	2739.1666666666665	0.0	0.0	0.0	0.0	0.0	0.0
640	2674.0	0.0	0.0	0.0	0.0	0.0	0.0
650	2870.5	0.0	0.0	0.0	0.0	0.0	0.0
660	2944.5	0.0	0.0	0.0	0.0	0.0	0.0
670	2908.5	0.0	0.0	0.0	0.0	0.0	0.0
680	2810.5	0.0	0.0	0.0	0.0	0.0	0.0
690	2908.6666666666665	0.0	0.0	0.0	0.0	0.0	0.0
700	2743.6666666666665	0.0	0.0	0.0	0.0	0.0	0.0
710	2834.6666666666665	0.0	0.0	0.0	0.0	0.0	0.0
720	2778.5	0.0	0.0	0.0	0.0	0.0	0.0
730	2965.0	0.0	0.0	0.0	0.0	0.0	0.0
740	2703.3333333333335	0.0	0.0	0.0	0.0	0.0	0.0
750	2996.3333333333335	0.0	0.0	0.0	0.0	0.0	0.0
760	2899.1666666666665	0.0	0.0	0.0	0.0	0.0	0.0
770	2804.8333333333335	0.0	0.0	0.0	0.0	0.0	0.0
780	2921.3333333333335	0.0	0.0	0.0	0.0	0.0	0.0
790	2740.8333333333335	0.0	0.0	0.0	0.0	0.0	0.0
800	2704.5	0.0	0.0	0.0	0.0	0.0	0.0
810	2977.8333333333335	0.0	0.0	0.0	0.0	0.0	0.0
820	2806.6666666666665	0.0	0.0	0.0	0.0	0.0	0.0
830	2893.3333333333335	0.0	0.0	0.0	0.0	0.0	0.0
840	2894.5	0.0	0.0	0.0	0.0	0.0	0.0
850	2954.0	0.0	0.0	0.0	0.0	0.0	0.0
860	2979.6666666666665	0.0	0.0	0.0	0.0	0.0	0.0
870	2850.1666666666665	0.0	0.0	0.0	0.0	0.0	0.0
880	2970.8333333333335	0.0	0.0	0.0	0.0	0.0	0.0
890	2934.8333333333335	0.0	0.0	0.0	0.0	0.0	0.0
900	3241.6666666666665	0.0	0.0	0.0	0.0	0.0	0.0
910	2971.1666666666665	0.0	0.0	0.0	0.0	0.0	0.0
920	3403.1666666666665	0.0	0.0	0.0	0.0	0.0	0.0
930	3138.0	0.0	0.0	0.0	0.0	0.0	0.0
940	3166.5	0.0	0.0	0.0	0.0	0.0	0.0
950	2882.8333333333335	0.0	0.0	0.0	0.0	0.0	0.0
960	3065.8333333333335	0.0	0.0	0.0	0.0	0.0	0.0
970	3130.1666666666665	0.0	0.0	0.0	0.0	0.0	0.0
980	3007.6666666666665	0.0	0.0	0.0	0.0	0.0	0.0
990	2937.0	0.0	0.0	0.0	0.0	0.0	0.0
1000	3364.8333333333335	0.0	0.0	0.0	0.0	0.0	0.0
