0	268.3333333333333	0.0	0.0	0.0	0.0	0.0	0.0
10	1717.8333333333333	1000.0	2986.0	948.0	707.0	592.0	293.0
20	1913.0	0.0	0.0	0.0	0.0	0.0	0.0
30	2112.8333333333335	0.0	0.0	0.0	0.0	0.0	0.0
40	2057.8333333333335	0.0	0.0	0.0	0.0	0.0	0.0
50	2151.3333333333335	0.0	0.0	0.0	0.0	0.0	0.0
60	2169.6666666666665	0.0	0.0	0.0	0.0	0.0	0.0
70	2183.6666666666665	0.0	0.0	0.0	0.0	0.0	0.0
80	2154.1666666666665	0.0	0.0	0.0	0.0	0.0	0.0
90	2081.8333333333335	0.0	0.0	0.0	0.0	0.0	0.0
100	2103.0	0.0	0.0	0.0	0.0	0.0	0.0
110	2177.6666666666665	0.0	0.0	0.0	0.0	0.0	0.0
120	2183.3333333333335	0.0	0.0	0.0	0.0	0.0	0.0
130	2367.6666666666665	0.0	0.0	0.0	0.0	0.0	0.0
140	2323.5	0.0	0.0	0.0	0.0	0.0	0.0
150	2352.6666666666665	0.0	0.0	0.0	0.0	0.0	0.0
160	2275.3333333333335	0.0	0.0	0.0	0.0	0.0	0.0
170	2280.6666666666665	0.0	0.0	0.0	0.0	0.0	0.0
180	2335.3333333333335	0.0	0.0	0.0	0.0	0.0	0.0
190	2424.0	0.0	0.0	0.0	0.0	0.0	0.0
200	2267.1666666666665	0.0	0.0	0.0	0.0	0.0	0.0
210	2477.5	0.0	0.0	0.0	0.0	0.0	0.0
220	2616.6666666666665	0.0	0.0	0.0	0.0	0.0	0.0
230	2489.1666666666665	0.0	0.0	0.0	0.0	0.0	0.0
240	2368.8333333333335	0.0	0.0	0.0	0.0	0.0	0.0
250	2567.0	0.0	0.0	0.0	0.0	0.0	0.0
260	2550.5	0.0	0.0	0.0	0.0	0.0	0.0
270	2494.1666666666665	0.0	0.0	0.0	0.0	0.0	0.0
280	2545.1666666666665	0.0	0.0	0.0	0.0	0.0	0.0
290	2530.3333333333335	0.0	0.0	0.0	0.0	0.0	0.0
300	2384.3333333333335	0.0	0.0	0.0	0.0	0.0	0.0
310	2596.5	0.0	0.0	0.0	0.0	0.0	0.0
320	2441.3333333333335	0.0	0.0	0.0	0.0	0.0	0.0
330	2471.3333333333335	0.0	0.0	0.0	0.0	0.0	0.0
340	2764.6666666666665	0.0	0.0	0.0	0.0	0.0	0.0
350	2576.0	0.0	0.0	0.0	0.0	0.0	0.0
360	2435.5	0.0	0.0	0.0	0.0	0.0	0.0
370	2279.6666666666665	0.0	0.0	0.0	0.0	0.0	0.0
380	2454.3333333333335	0.0	0.0	0.0	0.0	0.0	0.0
390	2438.5	0.0	0.0	0.0	0.0	0.0	0.0
400	2440.8333333333335	0.0	0.0	0.0	0.0	0.0	0.0
410	2580.5	0.0	0.0	0.0	0.0	0.0	0.0
420	2848.0	0.0	0.0	0.0	0.0	0.0	0.0
430	2692.3333333333335	0.0	0.0	0.0	0.0	0.0	0.0
440	2556.8333333333335	0.0	0.0	0.0	0.0	0.0	0.0
450	2837.0	0.0	0.0	0.0	0.0	0.0	0.0
460	2610.3333333333335	0.0	0.0	0.0	0.0	0.0	0.0
470	2519.6666666666665	0.0	0.0	0.0	0.0	0.0	0.0
480	2691.6666666666665	0.0	0.0	0.0	0.0	0.0	0.0
490	2675.0	0.0	0.0	0.0	0.0	0.0	0.0
500	2665.8333333333335	0.0	0.0	0.0	0.0	0.0	0.0
510	2574.6666666666665	0.0	0.0	0.0	0.0	0.0	0.0
520	2779.5	0.0	0.0	0.0	0.0	0.0	0.0
530	3006.1666666666665	0.0	0.0	0.0	0.0	0.0	0.0
540	2738.6666666666665	0.0	0.0	0.0	0.0	0.0	0.0
550	2857.8333333333335	0.0	0.0	0.0	0.0	0.0	0.0
560	2834.5	0.0	0.0	0.0	0.0	0.0	0.0
570	2566.5	0.0	0.0	0.0	0.0	0.0	0.0
580	2746.3333333333335	0.0	0.0	0.0	0.0	0.0	0.0
590	2954.5	0.0	0.0	0.0	0.0	0.0	0.0
600	2894.5	0.0	0.0	0.0	0.0	0.0	0.0
610	2693.1666666666665	0.0	0.0	0.0	0.0	0.0	0.0
620	2543.1666666666665	0.0	0.0	0.0	0.0	0.0	0.0
630	2766.6666666666665	0.0	0.0	0.0	0.0	0.0	0.0
640	2859.0	0.0	0.0	0.0	0.0	0.0	0.0
650	2608.3333333333335	0.0	0.0	0.0	0.0	0.0	0.0
660	2572.8333333333335	0.0	0.0	0.0	0.0	0.0	0.0
670	2802.5	0.0	0.0	0.0	0.0	0.0	0.0
680	2689.0	0.0	0.0	0.0	0.0	0.0	0.0
690	2588.1666666666665	0.0	0.0	0.0	0.0	0.0	0.0
700	2856.6666666666665	0.0	0.0	0.0	0.0	0.0	0.0
710	2602.3333333333335	0.0	0.0	0.0	0.0	0.0	0.0
720	2322.1666666666665	0.0	0.0	0.0	0.0	0.0	0.0
730	2666.5	0.0	0.0	0.0	0.0	0.0	0.0
740	2911.0	0.0	0.0	0.0	0.0	0.0	0.0
750	2644.0	0.0	0.0	0.0	0.0	0.0	0.0
760	2849.5	0.0	0.0	0.0	0.0	0.0	0.0
770	2678.6666666666665	0.0	0.0	0.0	0.0	0.0	0.0
780	3030.6666666666665	0.0	0.0	0.0	0.0	0.0	0.0
790	2943.0	0.0	0.0	0.0	0.0	0.0	0.0
800	2656.8333333333335	0.0	0.0	0.0	0.0	0.0	0.0
810	2981.1666666666665	0.0	0.0	0.0	0.0	0.0	0.0
820	2820.1666666666665	0.0	0.0	0.0	0.0	0.0	0.0
830	2904.0	0.0	0.0	0.0	0.0	0.0	0.0
840	2751.0	0.0	0.0	0.0	0.0	0.0	0.0
850	2835.0	0.0	0.0	0.0	0.0	0.0	0.0
860	2703.6666666666665	0.0	0.0	0.0	0.0	0.0	0.0
870	2953.3333333333335	0.0	0.0	0.0	0.0	0.0	0.0
880	2936.6666666666665	0.0	0.0	0.0	0.0	0.0	0.0
890	2908.1666666666665	0.0	0.0	0.0	0.0	0.0	0.0
900	3005.1666666666665	0.0	0.0	0.0	0.0	0.0	0.0
910	3090.3333333333335	0.0	0.0	0.0	0.0	0.0	0.0
920	3038.6666666666665	0.0	0.0	0.0	0.0	0.0	0.0
930	3067.8333333333335	0.0	0.0	0.0	0.0	0.0	0.0
940	2935.8333333333335	0.0	0.0	0.0	0.0	0.0	0.0
950	3088.6666666666665	0.0	0.0	0.0	0.0	0.0	0.0
960	3155.5	0.0	0.0	0.0	0.0	0.0	0.0
970	3124.8333333333335	0.0	0.0	0.0	0.0	0.0	0.0
980	3004.6666666666665	0.0	0.0	0.0	0.0	0.0	0.0
990	3020.6666666666665	0.0	0.0	0.0	0.0	0.0	0.0
1000	3010.1666666666665	0.0	0.0	0.0	0.0	0.0	0.0
