0	228.66666666666666	0.0	0.0	0.0	0.0	0.0	0.0
10	1837.8333333333333	1000.0	2067.0	933.0	693.0	577.0	307.0
20	1972.5	0.0	0.0	0.0	0.0	0.0	0.0
30	2149.1666666666665	0.0	0.0	0.0	0.0	0.0	0.0
40	2088.0	0.0	0.0	0.0	0.0	0.0	0.0
50	2194.0	0.0	0.0	0.0	0.0	0.0	0.0
60	2006.3333333333333	0.0	0.0	0.0	0.0	0.0	0.0
70	1970.6666666666667	0.0	0.0	0.0	0.0	0.0	0.0
80	2067.6666666666665	0.0	0.0	0.0	0.0	0.0	0.0
90	2081.1666666666665	0.0	0.0	0.0	0.0	0.0	0.0
100	2134.1666666666665	0.0	0.0	0.0	0.0	0.0	0.0
110	2057.8333333333335	0.0	0.0	0.0	0.0	0.0	0.0
120	2217.8333333333335	0.0	0.0	0.0	0.0	0.0	0.0
130	2130.5	0.0	0.0	0.0	0.0	0.0	0.0
140	2272.5	0.0	0.0	0.0	0.0	0.0	0.0
150	2294.5	0.0	0.0	0.0	0.0	0.0	0.0
160	2188.8333333333335	0.0	0.0	0.0	0.0	0.0	0.0
170	2405.1666666666665	0.0	0.0	0.0	0.0	0.0	0.0
180	2054.8333333333335	0.0	0.0	0.0	0.0	0.0	0.0
190	2361.8333333333335	0.0	0.0	0.0	0.0	0.0	0.0
200	2514.8333333333335	0.0	0.0	0.0	0.0	0.0	0.0
210	2418.3333333333335	0.0	0.0	0.0	0.0	0.0	0.0
220	2176.8333333333335	0.0	0.0	0.0	0.0	0.0	0.0
230	2349.5	0.0	0.0	0.0	0.0	0.0	0.0
240	2524.3333333333335	0.0	0.0	0.0	0.0	0.0	0.0
250	2426.5	0.0	0.0	0.0	0.0	0.0	0.0
260	2316.1666666666665	0.0	0.0	0.0	0.0	0.0	0.0
270	2229.6666666666665	0.0	0.0	0.0	0.0	0.0	0.0
280	2358.6666666666665	0.0	0.0	0.0	0.0	0.0	0.0
290	2434.1666666666665	0.0	0.0	0.0	0.0	0.0	0.0
300	2475.0	0.0	0.0	0.0	0.0	0.0	0.0
310	2523.6666666666665	0.0	0.0	0.0	0.0	0.0	0.0
320	2389.5	0.0	0.0	0.0	0.0	0.0	0.0
330	2616.6666666666665	0.0	0.0	0.0	0.0	0.0	0.0
340	2608.0	0.0	0.0	0.0	0.0	0.0	0.0
350	2539.8333333333335	0.0	0.0	0.0	0.0	0.0	0.0
360	2578.8333333333335	0.0	0.0	0.0	0.0	0.0	0.0
370	2467.5	0.0	0.0	0.0	0.0	0.0	0.0
380	2447.3333333333335	0.0	0.0	0.0	0.0	0.0	0.0
390	2540.5	0.0	0.0	0.0	0.0	0.0	0.0
400	2937.1666666666665	0.0	0.0	0.0	0.0	0.0	0.0
410	2733.1666666666665	0.0	0.0	0.0	0.0	0.0	0.0
420	2538.5	0.0	0.0	0.0	0.0	0.0	0.0
430	2746.8333333333335	0.0	0.0	0.0	0.0	0.0	0.0
440	2960.8333333333335	0.0	0.0	0.0	0.0	0.0	0.0
450	2484.1666666666665	0.0	0.0	0.0	0.0	0.0	0.0
460	2593.1666666666665	0.0	0.0	0.0	0.0	0.0	0.0
470	2934.3333333333335	0.0	0.0	0.0	0.0	0.0	0.0
480	2731.0	0.0	0.0	0.0	0.0	0.0	0.0
490	2879.1666666666665	0.0	0.0	0.0	0.0	0.0	0.0
500	2699.1666666666665	0.0	0.0	0.0	0.0	0.0	0.0
510	2888.3333333333335	0.0	0.0	0.0	0.0	0.0	0.0
520	2818.6666666666665	0.0	0.0	0.0	0.0	0.0	0.0
530	2811.1666666666665	0.0	0.0	0.0	0.0	0.0	0.0
540	2685.8333333333335	0.0	0.0	0.0	0.0	0.0	0.0
550	2477.0	0.0	0.0	0.0	0.0	0.0	0.0
560	2686.8333333333335	0.0	0.0	0.0	0.0	0.0	0.0
570	2817.6666666666665	0.0	0.0	0.0	0.0	0.0	0.0
580	2546.8333333333335	0.0	0.0	0.0	0.0	0.0	0.0
590	2152.5	0.0	0.0	0.0	0.0	0.0	0.0
600	2806.1666666666665	0.0	0.0	0.0	0.0	0.0	0.0
610	2541.3333333333335	0.0	0.0	0.0	0.0	0.0	0.0
620	2417.8333333333335	0.0	0.0	0.0	0.0	0.0	0.0
630	2454.5	0.0	0.0	0.0	0.0	0.0	0.0
640	2778.5	0.0	0.0	0.0	0.0	0.0	0.0
650	3000.6666666666665	0.0	0.0	0.0	0.0	0.0	0.0
660	2529.5	0.0	0.0	0.0	0.0	0.0	0.0
670	2611.6666666666665	0.0	0.0	0.0	0.0	0.0	0.0
680	2960.5	0.0	0.0	0.0	0.0	0.0	0.0
690	2766.6666666666665	0.0	0.0	0.0	0.0	0.0	0.0
700	2732.8333333333335	0.0	0.0	0.0	0.0	0.0	0.0
710	2733.8333333333335	0.0	0.0	0.0	0.0	0.0	0.0
720	2748.1666666666665	0.0	0.0	0.0	0.0	0.0	0.0
730	2882.6666666666665	0.0	0.0	0.0	0.0	0.0	0.0
740	2955.3333333333335	0.0	0.0	0.0	0.0	0.0	0.0
750	2912.0	0.0	0.0	0.0	0.0	0.0	0.0
760	2966.5	0.0	0.0	0.0	0.0	0.0	0.0
770	2857.6666666666665	0.0	0.0	0.0	0.0	0.0	0.0
780	3094.5	0.0	0.0	0.0	0.0	0.0	0.0
790	2982.1666666666665	0.0	0.0	0.0	0.0	0.0	0.0
800	3151.0	0.0	0.0	0.0	0.0	0.0	0.0
810	2850.0	0.0	0.0	0.0	0.0	0.0	0.0
820	3014.6666666666665	0.0	0.0	0.0	0.0	0.0	0.0
830	2957.3333333333335	0.0	0.0	0.0	0.0	0.0	0.0
840	2795.8333333333335	0.0	0.0	0.0	0.0	0.0	0.0
850	3055.5	0.0	0.0	0.0	0.0	0.0	0.0
860	2919.1666666666665	0.0	0.0	0.0	0.0	0.0	0.0
870	3006.6666666666665	0.0	0.0	0.0	0.0	0.0	0.0
880	3074.6666666666665	0.0	0.0	0.0	0.0	0.0	0.0
890	2883.8333333333335	0.0	0.0	0.0	0.0	0.0	0.0
900	3082.6666666666665	0.0	0.0	0.0	0.0	0.0	0.0
910	3265.1666666666665	0.0	0.0	0.0	0.0	0.0	0.0
920	3070.1666666666665	0.0	0.0	0.0	0.0	0.0	0.0
930	3229.3333333333335	0.0	0.0	0.0	0.0	0.0	0.0
940	3105.5	0.0	0.0	0.0	0.0	0.0	0.0
950	2959.3333333333335	0.0	0.0	0.0	0.0	0.0	0.0
960	3147.8333333333335	0.0	0.0	0.0	0.0	0.0	0.0
970	2882.0	0.0	0.0	0.0	0.0	0.0	0.0
980	2853.1666666666665	0.0	0.0	0.0	0.0	0.0	0.0
990	3226.5	0.0	0.0	0.0	0.0	0.0	0.0
1000	2790.5	0.0	0.0	0.0	0.0	0.0	0.0
