0	280.6666666666667	0.0	0.0	0.0	0.0	0.0	0.0
10	1922.0	759.0	2655.0	712.0	627.0	550.0	132.0
20	1722.0	241.0	542.0	127.0	152.0	37.0	89.0
30	1734.5	0.0	0.0	0.0	0.0	0.0	0.0
40	2028.6666666666667	0.0	0.0	0.0	0.0	0.0	0.0
50	2255.3333333333335	0.0	0.0	0.0	0.0	0.0	0.0
60	2076.8333333333335	0.0	0.0	0.0	0.0	0.0	0.0
70	2091.0	0.0	0.0	0.0	0.0	0.0	0.0
80	2140.3333333333335	0.0	0.0	0.0	0.0	0.0	0.0
90	1965.1666666666667	0.0	0.0	0.0	0.0	0.0	0.0
100	2071.8333333333335	0.0	0.0	0.0	0.0	0.0	0.0
110	2194.5	0.0	0.0	0.0	0.0	0.0	0.0
120	2172.6666666666665	0.0	0.0	0.0	0.0	0.0	0.0
130	2116.0	0.0	0.0	0.0	0.0	0.0	0.0
140	1998.0	0.0	0.0	0.0	0.0	0.0	0.0
150	2179.1666666666665	0.0	0.0	0.0	0.0	0.0	0.0
160	2370.3333333333335	0.0	0.0	0.0	0.0	0.0	0.0
170	2282.6666666666665	0.0	0.0	0.0	0.0	0.0	0.0
180	2437.1666666666665	0.0	0.0	0.0	0.0	0.0	0.0
190	2108.0	0.0	0.0	0.0	0.0	0.0	0.0
200	2440.8333333333335	0.0	0.0	0.0	0.0	0.0	0.0
210	2210.8333333333335	0.0	0.0	0.0	0.0	0.0	0.0
220	2397.6666666666665	0.0	0.0	0.0	0.0	0.0	0.0
230	2429.3333333333335	0.0	0.0	0.0	0.0	0.0	0.0
240	2204.6666666666665	0.0	0.0	0.0	0.0	0.0	0.0
250	2416.8333333333335	0.0	0.0	0.0	0.0	0.0	0.0
260	2453.0	0.0	0.0	0.0	0.0	0.0	0.0
270	2145.3333333333335	0.0	0.0	0.0	0.0	0.0	0.0
280	2689.8333333333335	0.0	0.0	0.0	0.0	0.0	0.0
290	2408.5	0.0	0.0	0.0	0.0	0.0	0.0
300	2600.5	0.0	0.0	0.0	0.0	0.0	0.0
310	2459.5	0.0	0.0	0.0	0.0	0.0	0.0
320	2566.8333333333335	0.0	0.0	0.0	0.0	0.0	0.0
330	2632.1666666666665	0.0	0.0	0.0	0.0	0.0	0.0
340	2605.3333333333335	0.0	0.0	0.0	0.0	0.0	0.0
350	2686.0	0.0	0.0	0.0	0.0	0.0	0.0
360	2555.1666666666665	0.0	0.0	0.0	0.0	0.0	0.0
370	2678.1666666666665	0.0	0.0	0.0	0.0	0.0	0.0
380	2774.1666666666665	0.0	0.0	0.0	0.0	0.0	0.0
390	2459.0	0.0	0.0	0.0	0.0	0.0	0.0
400	2643.3333333333335	0.0	0.0	0.0	0.0	0.0	0.0
410	2576.1666666666665	0.0	0.0	0.0	0.0	0.0	0.0
420	2790.6666666666665	0.0	0.0	0.0	0.0	0.0	0.0
430	2648.0	0.0	0.0	0.0	0.0	0.0	0.0
440	2790.5	0.0	0.0	0.0	0.0	0.0	0.0
450	2735.6666666666665	0.0	0.0	0.0	0.0	0.0	0.0
460	2654.1666666666665	0.0	0.0	0.0	0.0	0.0	0.0
470	2714.5	0.0	0.0	0.0	0.0	0.0	0.0
480	2522.1666666666665	0.0	0.0	0.0	0.0	0.0	0.0
490	2792.3333333333335	0.0	0.0	0.0	0.0	0.0	0.0
500	2644.3333333333335	0.0	0.0	0.0	0.0	0.0	0.0
510	2685.8333333333335	0.0	0.0	0.0	0.0	0.0	0.0
520	2460.6666666666665	0.0	0.0	0.0	0.0	0.0	0.0
530	2338.0	0.0	0.0	0.0	0.0	0.0	0.0
540	2710.5	0.0	0.0	0.0	0.0	0.0	0.0
550	2664.0	0.0	0.0	0.0	0.0	0.0	0.0
560	2711.3333333333335	0.0	0.0	0.0	0.0	0.0	0.0
570	2661.8333333333335	0.0	0.0	0.0	0.0	0.0	0.0
580	2593.5	0.0	0.0	0.0	0.0	0.0	0.0
590	2730.5	0.0	0.0	0.0	0.0	0.0	0.0
600	2601.0	0.0	0.0	0.0	0.0	0.0	0.0
610	2705.8333333333335	0.0	0.0	0.0	0.0	0.0	0.0
620	2559.3333333333335	0.0	0.0	0.0	0.0	0.0	0.0
630	2630.1666666666665	0.0	0.0	0.0	0.0	0.0	0.0
640	2828.6666666666665	0.0	0.0	0.0	0.0	0.0	0.0
650	2882.3333333333335	0.0	0.0	0.0	0.0	0.0	0.0
660	2706.0	0.0	0.0	0.0	0.0	0.0	0.0
670	2590.8333333333335	0.0	0.0	0.0	0.0	0.0	0.0
680	2970.3333333333335	0.0	0.0	0.0	0.0	0.0	0.0
690	2980.3333333333335	0.0	0.0	0.0	0.0	0.0	0.0
700	2590.0	0.0	0.0	0.0	0.0	0.0	0.0
710	3093.0	0.0	0.0	0.0	0.0	0.0	0.0
720	2855.6666666666665	0.0	0.0	0.0	0.0	0.0	0.0
730	2961.3333333333335	0.0	0.0	0.0	0.0	0.0	0.0
740	3078.5	0.0	0.0	0.0	0.0	0.0	0.0
750	2888.5	0.0	0.0	0.0	0.0	0.0	0.0
760	2940.0	0.0	0.0	0.0	0.0	0.0	0.0
770	2896.0	0.0	0.0	0.0	0.0	0.0	0.0
780	2936.8333333333335	0.0	0.0	0.0	0.0	0.0	0.0
790	2832.1666666666665	0.0	0.0	0.0	0.0	0.0	0.0
800	2569.3333333333335	0.0	0.0	0.0	0.0	0.0	0.0
810	2644.6666666666665	0.0	0.0	0.0	0.0	0.0	0.0
820	2755.5	0.0	0.0	0.0	0.0	0.0	0.0
830	2884.3333333333335	0.0	0.0	0.0	0.0	0.0	0.0
840	3035.5	0.0	0.0	0.0	0.0	0.0	0.0
850	3008.5	0.0	0.0	0.0	0.0	0.0	0.0
860	2864.8333333333335	0.0	0.0	0.0	0.0	0.0	0.0
870	2771.0	0.0	0.0	0.0	0.0	0.0	0.0
880	3156.8333333333335	0.0	0.0	0.0	0.0	0.0	0.0
890	3011.6666666666665	0.0	0.0	0.0	0.0	0.0	0.0
900	2637.0	0.0	0.0	0.0	0.0	0.0	0.0
910	2733.3333333333335	0.0	0.0	0.0	0.0	0.0	0.0
920	2968.6666666666665	0.0	0.0	0.0	0.0	0.0	0.0
930	2806.0	0.0	0.0	0.0	0.0	0.0	0.0
940	2874.1666666666665	0.0	0.0	0.0	0.0	0.0	0.0
950	2890.3333333333335	0.0	0.0	0.0	0.0	0.0	0.0
960	2890.5	0.0	0.0	0.0	0.0	0.0	0.0
970	2823.6666666666665	0.0	0.0	0.0	0.0	0.0	0.0
980	2938.6666666666665	0.0	0.0	0.0	0.0	0.0	0.0
990	2765.1666666666665	0.0	0.0	0.0	0.0	0.0	0.0
1000	2819.3333333333335	0.0	0.0	0.0	0.0	0.0	0.0
