0	266.6666666666667	0.0	0.0	0.0	0.0	0.0	0.0
10	1724.6666666666667	1000.0	2165.0	1140.0	434.0	544.0	566.0
20	1983.3333333333333	0.0	0.0	0.0	0.0	0.0	0.0
30	2018.1666666666667	0.0	0.0	0.0	0.0	0.0	0.0
40	1911.6666666666667	0.0	0.0	0.0	0.0	0.0	0.0
50	2165.8333333333335	0.0	0.0	0.0	0.0	0.0	0.0
60	2063.3333333333335	0.0	0.0	0.0	0.0	0.0	0.0
70	1862.3333333333333	0.0	0.0	0.0	0.0	0.0	0.0
80	1914.0	0.0	0.0	0.0	0.0	0.0	0.0
90	2041.3333333333333	0.0	0.0	0.0	0.0	0.0	0.0
100	2204.5	0.0	0.0	0.0	0.0	0.0	0.0
110	2103.5	0.0	0.0	0.0	0.0	0.0	0.0
120	2119.6666666666665	0.0	0.0	0.0	0.0	0.0	0.0
130	2305.1666666666665	0.0	0.0	0.0	0.0	0.0	0.0
140	2139.1666666666665	0.0	0.0	0.0	0.0	0.0	0.0
150	2101.0	0.0	0.0	0.0	0.0	0.0	0.0
160	2465.1666666666665	0.0	0.0	0.0	0.0	0.0	0.0
170	2074.5	0.0	0.0	0.0	0.0	0.0	0.0
180	2275.5	0.0	0.0	0.0	0.0	0.0	0.0
190	2422.8333333333335	0.0	0.0	0.0	0.0	0.0	0.0
200	2263.3333333333335	0.0	0.0	0.0	0.0	0.0	0.0
210	2196.0	0.0	0.0	0.0	0.0	0.0	0.0
220	2291.6666666666665	0.0	0.0	0.0	0.0	0.0	0.0
230	2300.5	0.0	0.0	0.0	0.0	0.0	0.0
240	2303.3333333333335	0.0	0.0	0.0	0.0	0.0	0.0
250	2393.5	0.0	0.0	0.0	0.0	0.0	0.0
260	2507.1666666666665	0.0	0.0	0.0	0.0	0.0	0.0
270	2497.3333333333335	0.0	0.0	0.0	0.0	0.0	0.0
280	2348.6666666666665	0.0	0.0	0.0	0.0	0.0	0.0
290	2255.6666666666665	0.0	0.0	0.0	0.0	0.0	0.0
300	2475.5	0.0	0.0	0.0	0.0	0.0	0.0
310	2491.6666666666665	0.0	0.0	0.0	0.0	0.0	0.0
320	2345.6666666666665	0.0	0.0	0.0	0.0	0.0	0.0
330	2467.0	0.0	0.0	0.0	0.0	0.0	0.0
340	2542.6666666666665	0.0	0.0	0.0	0.0	0.0	0.0
350	2319.8333333333335	0.0	0.0	0.0	0.0	0.0	0.0
360	2627.0	0.0	0.0	0.0	0.0	0.0	0.0
370	2503.1666666666665	0.0	0.0	0.0	0.0	0.0	0.0
380	2736.8333333333335	0.0	0.0	0.0	0.0	0.0	0.0
390	2499.3333333333335	0.0	0.0	0.0	0.0	0.0	0.0
400	2413.1666666666665	0.0	0.0	0.0	0.0	0.0	0.0
410	2483.3333333333335	0.0	0.0	0.0	0.0	0.0	0.0
420	2386.1666666666665	0.0	0.0	0.0	0.0	0.0	0.0
430	2580.0	0.0	0.0	0.0	0.0	0.0	0.0
440	2750.6666666666665	0.0	0.0	0.0	0.0	0.0	0.0
450	2750.0	0.0	0.0	0.0	0.0	0.0	0.0
460	2573.1666666666665	0.0	0.0	0.0	0.0	0.0	0.0
470	2659.3333333333335	0.0	0.0	0.0	0.0	0.0	0.0
480	2542.5	0.0	0.0	0.0	0.0	0.0	0.0
490	2658.6666666666665	0.0	0.0	0.0	0.0	0.0	0.0
500	2732.8333333333335	0.0	0.0	0.0	0.0	0.0	0.0
510	2798.3333333333335	0.0	0.0	0.0	0.0	0.0	0.0
520	2466.0	0.0	0.0	0.0	0.0	0.0	0.0
530	2808.5	0.0	0.0	0.0	0.0	0.0	0.0
540	2629.0	0.0	0.0	0.0	0.0	0.0	0.0
550	2672.6666666666665	0.0	0.0	0.0	0.0	0.0	0.0
560	2699.0	0.0	0.0	0.0	0.0	0.0	0.0
570	2621.8333333333335	0.0	0.0	0.0	0.0	0.0	0.0
580	2795.1666666666665	0.0	0.0	0.0	0.0	0.0	0.0
590	2695.5	0.0	0.0	0.0	0.0	0.0	0.0
600	2820.1666666666665	0.0	0.0	0.0	0.0	0.0	0.0
610	2740.1666666666665	0.0	0.0	0.0	0.0	0.0	0.0
620	2983.3333333333335	0.0	0.0	0.0	0.0	0.0	0.0
630	2676.0	0.0	0.0	0.0	0.0	0.0	0.0
640	2795.0	0.0	0.0	0.0	0.0	0.0	0.0
650	2851.8333333333335	0.0	0.0	0.0	0.0	0.0	0.0
660	2771.3333333333335	0.0	0.0	0.0	0.0	0.0	0.0
670	2800.5	0.0	0.0	0.0	0.0	0.0	0.0
680	2803.1666666666665	0.0	0.0	0.0	0.0	0.0	0.0
690	2859.8333333333335	0.0	0.0	0.0	0.0	0.0	0.0
700	2824.5	0.0	0.0	0.0	0.0	0.0	0.0
710	2925.6666666666665	0.0	0.0	0.0	0.0	0.0	0.0
720	2932.0	0.0	0.0	0.0	0.0	0.0	0.0
730	2863.1666666666665	0.0	0.0	0.0	0.0	0.0	0.0
740	3121.1666666666665	0.0	0.0	0.0	0.0	0.0	0.0
750	2782.5	0.0	0.0	0.0	0.0	0.0	0.0
760	2822.8333333333335	0.0	0.0	0.0	0.0	0.0	0.0
770	2849.3333333333335	0.0	0.0	0.0	0.0	0.0	0.0
780	3071.8333333333335	0.0	0.0	0.0	0.0	0.0	0.0
790	2973.1666666666665	0.0	0.0	0.0	0.0	0.0	0.0
800	2878.1666666666665	0.0	0.0	0.0	0.0	0.0	0.0
810	2714.1666666666665	0.0	0.0	0.0	0.0	0.0	0.0
820	2883.5	0.0	0.0	0.0	0.0	0.0	0.0
830	3223.0	0.0	0.0	0.0	0.0	0.0	0.0
840	2992.1666666666665	0.0	0.0	0.0	0.0	0.0	0.0
850	2974.6666666666665	0.0	0.0	0.0	0.0	0.0	0.0
860	2925.3333333333335	0.0	0.0	0.0	0.0	0.0	0.0
870	2894.3333333333335	0.0	0.0	0.0	0.0	0.0	0.0
880	3068.8333333333335	0.0	0.0	0.0	0.0	0.0	0.0
890	2777.8333333333335	0.0	0.0	0.0	0.0	0.0	0.0
900	3331.8333333333335	0.0	0.0	0.0	0.0	0.0	0.0
910	3093.3333333333335	0.0	0.0	0.0	0.0	0.0	0.0
920	3003.0	0.0	0.0	0.0	0.0	0.0	0.0
930	2970.8333333333335	0.0	0.0	0.0	0.0	0.0	0.0
940	2907.8333333333335	0.0	0.0	0.0	0.0	0.0	0.0
950	3264.8333333333335	0.0	0.0	0.0	0.0	0.0	0.0
960	3152.5	0.0	0.0	0.0	0.0	0.0	0.0
970	3108.0	0.0	0.0	0.0	0.0	0.0	0.0
980	3061.3333333333335	0.0	0.0	0.0	0.0	0.0	0.0
990	3050.1666666666665	0.0	0.0	0.0	0.0	0.0	0.0
1000	3200.6666666666665	0.0	0.0	0.0	0.0	0.0	0.0
