0	239.0	0.0	0.0	0.0	0.0	0.0	0.0
10	1718.6666666666667	1000.0	2524.0	861.0	673.0	476.0	327.0
20	1713.3333333333333	0.0	0.0	0.0	0.0	0.0	0.0
30	2067.8333333333335	0.0	0.0	0.0	0.0	0.0	0.0
40	2072.0	0.0	0.0	0.0	0.0	0.0	0.0
50	2204.1666666666665	0.0	0.0	0.0	0.0	0.0	0.0
60	2013.6666666666667	0.0	0.0	0.0	0.0	0.0	0.0
70	2137.0	0.0	0.0	0.0	0.0	0.0	0.0
80	2112.6666666666665	0.0	0.0	0.0	0.0	0.0	0.0
90	2088.3333333333335	0.0	0.0	0.0	0.0	0.0	0.0
100	2112.5	0.0	0.0	0.0	0.0	0.0	0.0
110	2072.5	0.0	0.0	0.0	0.0	0.0	0.0
120	2063.6666666666665	0.0	0.0	0.0	0.0	0.0	0.0
130	1971.3333333333333	0.0	0.0	0.0	0.0	0.0	0.0
140	2171.5	0.0	0.0	0.0	0.0	0.0	0.0
150	2134.8333333333335	0.0	0.0	0.0	0.0	0.0	0.0
160	2362.6666666666665	0.0	0.0	0.0	0.0	0.0	0.0
170	2190.5	0.0	0.0	0.0	0.0	0.0	0.0
180	2301.6666666666665	0.0	0.0	0.0	0.0	0.0	0.0
190	2121.0	0.0	0.0	0.0	0.0	0.0	0.0
200	2260.0	0.0	0.0	0.0	0.0	0.0	0.0
210	2273.5	0.0	0.0	0.0	0.0	0.0	0.0
220	2328.3333333333335	0.0	0.0	0.0	0.0	0.0	0.0
230	2467.0	0.0	0.0	0.0	0.0	0.0	0.0
240	2134.6666666666665	0.0	0.0	0.0	0.0	0.0	0.0
250	2623.0	0.0	0.0	0.0	0.0	0.0	0.0
260	2301.8333333333335	0.0	0.0	0.0	0.0	0.0	0.0
270	2524.1666666666665	0.0	0.0	0.0	0.0	0.0	0.0
280	2161.5	0.0	0.0	0.0	0.0	0.0	0.0
290	2547.6666666666665	0.0	0.0	0.0	0.0	0.0	0.0
300	2475.0	0.0	0.0	0.0	0.0	0.0	0.0
310	2320.3333333333335	0.0	0.0	0.0	0.0	0.0	0.0
320	2678.8333333333335	0.0	0.0	0.0	0.0	0.0	0.0
330	2807.3333333333335	0.0	0.0	0.0	0.0	0.0	0.0
340	2683.6666666666665	0.0	0.0	0.0	0.0	0.0	0.0
350	2676.8333333333335	0.0	0.0	0.0	0.0	0.0	0.0
360	2425.5	0.0	0.0	0.0	0.0	0.0	0.0
370	2674.0	0.0	0.0	0.0	0.0	0.0	0.0
380	2532.5	0.0	0.0	0.0	0.0	0.0	0.0
390	2464.5	0.0	0.0	0.0	0.0	0.0	0.0
400	2567.3333333333335	0.0	0.0	0.0	0.0	0.0	0.0
410	2513.0	0.0	0.0	0.0	0.0	0.0	0.0
420	2368.1666666666665	0.0	0.0	0.0	0.0	0.0	0.0
430	2630.6666666666665	0.0	0.0	0.0	0.0	0.0	0.0
440	2790.1666666666665	0.0	0.0	0.0	0.0	0.0	0.0
450	2606.5	0.0	0.0	0.0	0.0	0.0	0.0
460	2419.3333333333335	0.0	0.0	0.0	0.0	0.0	0.0
470	2619.3333333333335	0.0	0.0	0.0	0.0	0.0	0.0
480	2570.3333333333335	0.0	0.0	0.0	0.0	0.0	0.0
490	2432.0	0.0	0.0	0.0	0.0	0.0	0.0
500	2485.6666666666665	0.0	0.0	0.0	0.0	0.0	0.0
510	2574.0	0.0	0.0	0.0	0.0	0.0	0.0
520	2564.3333333333335	0.0	0.0	0.0	0.0	0.0	0.0
530	2796.8333333333335	0.0	0.0	0.0	0.0	0.0	0.0
540	2708.8333333333335	0.0	0.0	0.0	0.0	0.0	0.0
550	2622.8333333333335	0.0	0.0	0.0	0.0	0.0	0.0
560	2618.6666666666665	0.0	0.0	0.0	0.0	0.0	0.0
570	2859.5	0.0	0.0	0.0	0.0	0.0	0.0
580	2862.0	0.0	0.0	0.0	0.0	0.0	0.0
590	2723.0	0.0	0.0	0.0	0.0	0.0	0.0
600	2580.0	0.0	0.0	0.0	0.0	0.0	0.0
610	2685.3333333333335	0.0	0.0	0.0	0.0	0.0	0.0
620	2666.6666666666665	0.0	0.0	0.0	0.0	0.0	0.0
630	2535.3333333333335	0.0	0.0	0.0	0.0	0.0	0.0
640	2667.3333333333335	0.0	0.0	0.0	0.0	0.0	0.0
650	2535.1666666666665	0.0	0.0	0.0	0.0	0.0	0.0
660	2839.5	0.0	0.0	0.0	0.0	0.0	0.0
670	2529.3333333333335	0.0	0.0	0.0	0.0	0.0	0.0
680	2935.1666666666665	0.0	0.0	0.0	0.0	0.0	0.0
690	3060.6666666666665	0.0	0.0	0.0	0.0	0.0	0.0
700	2915.5	0.0	0.0	0.0	0.0	0.0	0.0
710	2599.3333333333335	0.0	0.0	0.0	0.0	0.0	0.0
720	2639.1666666666665	0.0	0.0	0.0	0.0	0.0	0.0
730	2856.6666666666665	0.0	0.0	0.0	0.0	0.0	0.0
740	2779.3333333333335	0.0	0.0	0.0	0.0	0.0	0.0
750	2743.6666666666665	0.0	0.0	0.0	0.0	0.0	0.0
760	2657.1666666666665	0.0	0.0	0.0	0.0	0.0	0.0
770	3065.8333333333335	0.0	0.0	0.0	0.0	0.0	0.0
780	2815.6666666666665	0.0	0.0	0.0	0.0	0.0	0.0
790	2438.1666666666665	0.0	0.0	0.0	0.0	0.0	0.0
800	2804.8333333333335	0.0	0.0	0.0	0.0	0.0	0.0
810	2767.1666666666665	0.0	0.0	0.0	0.0	0.0	0.0
820	2576.8333333333335	0.0	0.0	0.0	0.0	0.0	0.0
830	2765.3333333333335	0.0	0.0	0.0	0.0	0.0	0.0
840	2763.1666666666665	0.0	0.0	0.0	0.0	0.0	0.0
850	2948.6666666666665	0.0	0.0	0.0	0.0	0.0	0.0
860	2784.3333333333335	0.0	0.0	0.0	0.0	0.0	0.0
870	2952.1666666666665	0.0	0.0	0.0	0.0	0.0	0.0
880	2861.6666666666665	0.0	0.0	0.0	0.0	0.0	0.0
890	2849.0	0.0	0.0	0.0	0.0	0.0	0.0
900	2935.6666666666665	0.0	0.0	0.0	0.0	0.0	0.0
910	3013.1666666666665	0.0	0.0	0.0	0.0	0.0	0.0
920	2893.3333333333335	0.0	0.0	0.0	0.0	0.0	0.0
930	2956.0	0.0	0.0	0.0	0.0	0.0	0.0
940	2979.6666666666665	0.0	0.0	0.0	0.0	0.0	0.0
950	2735.0	0.0	0.0	0.0	0.0	0.0	0.0
960	3145.6666666666665	0.0	0.0	0.0	0.0	0.0	0.0
970	2909.5	0.0	0.0	0.0	0.0	0.0	0.0
980	3151.6666666666665	0.0	0.0	0.0	0.0	0.0	0.0
990	2993.3333333333335	0.0	0.0	0.0	0.0	0.0	0.0
1000	2883.0	0.0	0.0	0.0	0.0	0.0	0.0
