0	268.0	0.0	0.0	0.0	0.0	0.0	0.0
10	1844.6666666666667	1000.0	3505.0	602.0	770.0	367.0	230.0
20	1993.5	0.0	0.0	0.0	0.0	0.0	0.0
30	2187.1666666666665	0.0	0.0	0.0	0.0	0.0	0.0
40	2038.5	0.0	0.0	0.0	0.0	0.0	0.0
50	2000.0	0.0	0.0	0.0	0.0	0.0	0.0
60	2036.3333333333333	0.0	0.0	0.0	0.0	0.0	0.0
70	1960.8333333333333	0.0	0.0	0.0	0.0	0.0	0.0
80	2087.5	0.0	0.0	0.0	0.0	0.0	0.0
90	2253.8333333333335	0.0	0.0	0.0	0.0	0.0	0.0
100	2193.5	0.0	0.0	0.0	0.0	0.0	0.0
110	2021.8333333333333	0.0	0.0	0.0	0.0	0.0	0.0
120	2089.8333333333335	0.0	0.0	0.0	0.0	0.0	0.0
130	2069.5	0.0	0.0	0.0	0.0	0.0	0.0
140	1993.0	0.0	0.0	0.0	0.0	0.0	0.0
150	2279.8333333333335	0.0	0.0	0.0	0.0	0.0	0.0
160	2144.6666666666665	0.0	0.0	0.0	0.0	0.0	0.0
170	2137.0	0.0	0.0	0.0	0.0	0.0	0.0
180	2186.6666666666665	0.0	0.0	0.0	0.0	0.0	0.0
190	2395.5	0.0	0.0	0.0	0.0	0.0	0.0
200	2158.6666666666665	0.0	0.0	0.0	0.0	0.0	0.0
210	2263.0	0.0	0.0	0.0	0.0	0.0	0.0
220	2250.8333333333335	0.0	0.0	0.0	0.0	0.0	0.0
230	2296.0	0.0	0.0	0.0	0.0	0.0	0.0
240	2444.6666666666665	0.0	0.0	0.0	0.0	0.0	0.0
250	2266.1666666666665	0.0	0.0	0.0	0.0	0.0	0.0
260	2268.3333333333335	0.0	0.0	0.0	0.0	0.0	0.0
270	2478.1666666666665	0.0	0.0	0.0	0.0	0.0	0.0
280	2200.1666666666665	0.0	0.0	0.0	0.0	0.0	0.0
290	2352.8333333333335	0.0	0.0	0.0	0.0	0.0	0.0
300	2481.6666666666665	0.0	0.0	0.0	0.0	0.0	0.0
310	2331.1666666666665	0.0	0.0	0.0	0.0	0.0	0.0
320	2463.6666666666665	0.0	0.0	0.0	0.0	0.0	0.0
330	2542.1666666666665	0.0	0.0	0.0	0.0	0.0	0.0
340	2440.5	0.0	0.0	0.0	0.0	0.0	0.0
350	2561.0	0.0	0.0	0.0	0.0	0.0	0.0
360	2439.8333333333335	0.0	0.0	0.0	0.0	0.0	0.0
370	2206.1666666666665	0.0	0.0	0.0	0.0	0.0	0.0
380	2630.0	0.0	0.0	0.0	0.0	0.0	0.0
390	2661.1666666666665	0.0	0.0	0.0	0.0	0.0	0.0
400	2553.0	0.0	0.0	0.0	0.0	0.0	0.0
410	2282.3333333333335	0.0	0.0	0.0	0.0	0.0	0.0
420	2668.0	0.0	0.0	0.0	0.0	0.0	0.0
430	2515.1666666666665	0.0	0.0	0.0	0.0	0.0	0.0
440	2311.3333333333335	0.0	0.0	0.0	0.0	0.0	0.0
450	2494.1666666666665	0.0	0.0	0.0	0.0	0.0	0.0
460	2603.1666666666665	0.0	0.0	0.0	0.0	0.0	0.0
470	2447.1666666666665	0.0	0.0	0.0	0.0	0.0	0.0
480	2506.1666666666665	0.0	0.0	0.0	0.0	0.0	0.0
490	2730.3333333333335	0.0	0.0	0.0	0.0	0.0	0.0
500	2678.0	0.0	0.0	0.0	0.0	0.0	0.0
510	2381.1666666666665	0.0	0.0	0.0	0.0	0.0	0.0
520	2769.8333333333335	0.0	0.0	0.0	0.0	0.0	0.0
530	2472.8333333333335	0.0	0.0	0.0	0.0	0.0	0.0
540	2614.3333333333335	0.0	0.0	0.0	0.0	0.0	0.0
550	2558.6666666666665	0.0	0.0	0.0	0.0	0.0	0.0
560	2806.5	0.0	0.0	0.0	0.0	0.0	0.0
570	2537.1666666666665	0.0	0.0	0.0	0.0	0.0	0.0
580	2591.6666666666665	0.0	0.0	0.0	0.0	0.0	0.0
590	2688.8333333333335	0.0	0.0	0.0	0.0	0.0	0.0
600	2597.6666666666665	0.0	0.0	0.0	0.0	0.0	0.0
610	2739.3333333333335	0.0	0.0	0.0	0.0	0.0	0.0
620	2506.3333333333335	0.0	0.0	0.0	0.0	0.0	0.0
630	2831.1666666666665	0.0	0.0	0.0	0.0	0.0	0.0
640	2755.5	0.0	0.0	0.0	0.0	0.0	0.0
650	2835.1666666666665	0.0	0.0	0.0	0.0	0.0	0.0
660	2500.0	0.0	0.0	0.0	0.0	0.0	0.0
670	2677.0	0.0	0.0	0.0	0.0	0.0	0.0
680	2988.5	0.0	0.0	0.0	0.0	0.0	0.0
690	2940.6666666666665	0.0	0.0	0.0	0.0	0.0	0.0
700	2922.1666666666665	0.0	0.0	0.0	0.0	0.0	0.0
710	2824.6666666666665	0.0	0.0	0.0	0.0	0.0	0.0
720	2602.5	0.0	0.0	0.0	0.0	0.0	0.0
730	2847.6666666666665	0.0	0.0	0.0	0.0	0.0	0.0
740	2720.6666666666665	0.0	0.0	0.0	0.0	0.0	0.0
750	2869.3333333333335	0.0	0.0	0.0	0.0	0.0	0.0
760	2727.3333333333335	0.0	0.0	0.0	0.0	0.0	0.0
770	2569.8333333333335	0.0	0.0	0.0	0.0	0.0	0.0
780	2796.1666666666665	0.0	0.0	0.0	0.0	0.0	0.0
790	2856.3333333333335	0.0	0.0	0.0	0.0	0.0	0.0
800	2998.1666666666665	0.0	0.0	0.0	0.0	0.0	0.0
810	2368.3333333333335	0.0	0.0	0.0	0.0	0.0	0.0
820	2698.3333333333335	0.0	0.0	0.0	0.0	0.0	0.0
830	2786.5	0.0	0.0	0.0	0.0	0.0	0.0
840	2704.1666666666665	0.0	0.0	0.0	0.0	0.0	0.0
850	2736.3333333333335	0.0	0.0	0.0	0.0	0.0	0.0
860	2903.6666666666665	0.0	0.0	0.0	0.0	0.0	0.0
870	2672.6666666666665	0.0	0.0	0.0	0.0	0.0	0.0
880	2698.5	0.0	0.0	0.0	0.0	0.0	0.0
890	2969.8333333333335	0.0	0.0	0.0	0.0	0.0	0.0
900	2910.5	0.0	0.0	0.0	0.0	0.0	0.0
910	2689.6666666666665	0.0	0.0	0.0	0.0	0.0	0.0
920	2655.1666666666665	0.0	0.0	0.0	0.0	0.0	0.0
930	2841.0	0.0	0.0	0.0	0.0	0.0	0.0
940	2617.0	0.0	0.0	0.0	0.0	0.0	0.0
950	2816.8333333333335	0.0	0.0	0.0	0.0	0.0	0.0
960	2786.0	0.0	0.0	0.0	0.0	0.0	0.0
970	2899.5	0.0	0.0	0.0	0.0	0.0	0.0
980	2975.6666666666665	0.0	0.0	0.0	0.0	0.0	0.0
990	2986.8333333333335	0.0	0.0	0.0	0.0	0.0	0.0
1000	3052.8333333333335	0.0	0.0	0.0	0.0	0.0	0.0
