0	230.66666666666666	0.0	0.0	0.0	0.0	0.0	0.0
10	1952.0	1000.0	4353.0	582.0	844.0	402.0	156.0
20	1819.6666666666667	0.0	0.0	0.0	0.0	0.0	0.0
30	1912.8333333333333	0.0	0.0	0.0	0.0	0.0	0.0
40	1923.8333333333333	0.0	0.0	0.0	0.0	0.0	0.0
50	2056.6666666666665	0.0	0.0	0.0	0.0	0.0	0.0
60	1928.6666666666667	0.0	0.0	0.0	0.0	0.0	0.0
70	1921.5	0.0	0.0	0.0	0.0	0.0	0.0
80	2091.8333333333335	0.0	0.0	0.0	0.0	0.0	0.0
90	2178.6666666666665	0.0	0.0	0.0	0.0	0.0	0.0
100	2143.8333333333335	0.0	0.0	0.0	0.0	0.0	0.0
110	2238.0	0.0	0.0	0.0	0.0	0.0	0.0
120	2179.5	0.0	0.0	0.0	0.0	0.0	0.0
130	2194.6666666666665	0.0	0.0	0.0	0.0	0.0	0.0
140	2212.8333333333335	0.0	0.0	0.0	0.0	0.0	0.0
150	1996.1666666666667	0.0	0.0	0.0	0.0	0.0	0.0
160	2317.3333333333335	0.0	0.0	0.0	0.0	0.0	0.0
170	2203.6666666666665	0.0	0.0	0.0	0.0	0.0	0.0
180	2190.1666666666665	0.0	0.0	0.0	0.0	0.0	0.0
190	2198.8333333333335	0.0	0.0	0.0	0.0	0.0	0.0
200	2017.3333333333333	0.0	0.0	0.0	0.0	0.0	0.0
210	2268.0	0.0	0.0	0.0	0.0	0.0	0.0
220	2331.3333333333335	0.0	0.0	0.0	0.0	0.0	0.0
230	2212.5	0.0	0.0	0.0	0.0	0.0	0.0
240	2150.1666666666665	0.0	0.0	0.0	0.0	0.0	0.0
250	2317.5	0.0	0.0	0.0	0.0	0.0	0.0
260	2344.6666666666665	0.0	0.0	0.0	0.0	0.0	0.0
270	2218.0	0.0	0.0	0.0	0.0	0.0	0.0
280	2371.5	0.0	0.0	0.0	0.0	0.0	0.0
290	2325.8333333333335	0.0	0.0	0.0	0.0	0.0	0.0
300	2573.0	0.0	0.0	0.0	0.0	0.0	0.0
310	2648.1666666666665	0.0	0.0	0.0	0.0	0.0	0.0
320	2560.6666666666665	0.0	0.0	0.0	0.0	0.0	0.0
330	2642.1666666666665	0.0	0.0	0.0	0.0	0.0	0.0
340	2355.6666666666665	0.0	0.0	0.0	0.0	0.0	0.0
350	2656.3333333333335	0.0	0.0	0.0	0.0	0.0	0.0
360	2469.8333333333335	0.0	0.0	0.0	0.0	0.0	0.0
370	2569.5	0.0	0.0	0.0	0.0	0.0	0.0
380	2731.5	0.0	0.0	0.0	0.0	0.0	0.0
390	2744.0	0.0	0.0	0.0	0.0	0.0	0.0
400	2615.6666666666665	0.0	0.0	0.0	0.0	0.0	0.0
410	2399.6666666666665	0.0	0.0	0.0	0.0	0.0	0.0
420	2613.3333333333335	0.0	0.0	0.0	0.0	0.0	0.0
430	2445.8333333333335	0.0	0.0	0.0	0.0	0.0	0.0
440	2482.8333333333335	0.0	0.0	0.0	0.0	0.0	0.0
450	2591.1666666666665	0.0	0.0	0.0	0.0	0.0	0.0
460	2623.5	0.0	0.0	0.0	0.0	0.0	0.0
470	2607.1666666666665	0.0	0.0	0.0	0.0	0.0	0.0
480	2506.0	0.0	0.0	0.0	0.0	0.0	0.0
490	2641.6666666666665	0.0	0.0	0.0	0.0	0.0	0.0
500	2683.0	0.0	0.0	0.0	0.0	0.0	0.0
510	2837.5	0.0	0.0	0.0	0.0	0.0	0.0
520	2744.1666666666665	0.0	0.0	0.0	0.0	0.0	0.0
530	2523.1666666666665	0.0	0.0	0.0	0.0	0.0	0.0
540	2536.0	0.0	0.0	0.0	0.0	0.0	0.0
550	2663.5	0.0	0.0	0.0	0.0	0.0	0.0
560	2785.1666666666665	0.0	0.0	0.0	0.0	0.0	0.0
570	2858.8333333333335	0.0	0.0	0.0	0.0	0.0	0.0
580	2800.8333333333335	0.0	0.0	0.0	0.0	0.0	0.0
590	2443.5	0.0	0.0	0.0	0.0	0.0	0.0
600	2858.6666666666665	0.0	0.0	0.0	0.0	0.0	0.0
610	2764.5	0.0	0.0	0.0	0.0	0.0	0.0
620	2472.1666666666665	0.0	0.0	0.0	0.0	0.0	0.0
630	2700.3333333333335	0.0	0.0	0.0	0.0	0.0	0.0
640	2686.6666666666665	0.0	0.0	0.0	0.0	0.0	0.0
650	2631.8333333333335	0.0	0.0	0.0	0.0	0.0	0.0
660	3033.6666666666665	0.0	0.0	0.0	0.0	0.0	0.0
670	2617.3333333333335	0.0	0.0	0.0	0.0	0.0	0.0
680	3034.0	0.0	0.0	0.0	0.0	0.0	0.0
690	2732.5	0.0	0.0	0.0	0.0	0.0	0.0
700	2876.3333333333335	0.0	0.0	0.0	0.0	0.0	0.0
710	2676.8333333333335	0.0	0.0	0.0	0.0	0.0	0.0
720	2782.1666666666665	0.0	0.0	0.0	0.0	0.0	0.0
730	2900.5	0.0	0.0	0.0	0.0	0.0	0.0
740	2896.5	0.0	0.0	0.0	0.0	0.0	0.0
750	2818.3333333333335	0.0	0.0	0.0	0.0	0.0	0.0
760	2679.3333333333335	0.0	0.0	0.0	0.0	0.0	0.0
770	2630.3333333333335	0.0	0.0	0.0	0.0	0.0	0.0
780	2725.0	0.0	0.0	0.0	0.0	0.0	0.0
790	2807.0	0.0	0.0	0.0	0.0	0.0	0.0
800	2811.0	0.0	0.0	0.0	0.0	0.0	0.0
810	2902.8333333333335	0.0	0.0	0.0	0.0	0.0	0.0
820	2879.5	0.0	0.0	0.0	0.0	0.0	0.0
830	3079.1666666666665	0.0	0.0	0.0	0.0	0.0	0.0
840	3019.5	0.0	0.0	0.0	0.0	0.0	0.0
850	2841.5	0.0	0.0	0.0	0.0	0.0	0.0
860	2889.6666666666665	0.0	0.0	0.0	0.0	0.0	0.0
870	2884.0	0.0	0.0	0.0	0.0	0.0	0.0
880	3181.3333333333335	0.0	0.0	0.0	0.0	0.0	0.0
890	2877.5	0.0	0.0	0.0	0.0	0.0	0.0
900	2763.1666666666665	0.0	0.0	0.0	0.0	0.0	0.0
910	3246.0	0.0	0.0	0.0	0.0	0.0	0.0
920	2987.3333333333335	0.0	0.0	0.0	0.0	0.0	0.0
930	2833.6666666666665	0.0	0.0	0.0	0.0	0.0	0.0
940	2893.3333333333335	0.0	0.0	0.0	0.0	0.0	0.0
950	2799.1666666666665	0.0	0.0	0.0	0.0	0.0	0.0
960	3175.8333333333335	0.0	0.0	0.0	0.0	0.0	0.0
970	2789.0	0.0	0.0	0.0	0.0	0.0	0.0
980	2988.1666666666665	0.0	0.0	0.0	0.0	0.0	0.0
990	3047.3333333333335	0.0	0.0	0.0	0.0	0.0	0.0
1000	3053.0	0.0	0.0	0.0	0.0	0.0	0.0
