0	214.33333333333334	0.0	0.0	0.0	0.0	0.0	0.0
10	70.0	311.0	261.0	202.0	193.0	48.0	118.0
20	139.66666666666666	416.0	598.0	350.0	186.0	94.0	230.0
30	1025.0	273.0	372.0	323.0	36.0	77.0	237.0
40	541.3333333333334	0.0	0.0	0.0	0.0	0.0	0.0
50	1456.0	0.0	0.0	0.0	0.0	0.0	0.0
60	1847.6666666666667	0.0	0.0	0.0	0.0	0.0	0.0
70	2016.3333333333333	0.0	0.0	0.0	0.0	0.0	0.0
80	2134.0	0.0	0.0	0.0	0.0	0.0	0.0
90	1998.6666666666667	0.0	0.0	0.0	0.0	0.0	0.0
100	2198.3333333333335	0.0	0.0	0.0	0.0	0.0	0.0
110	2391.0	0.0	0.0	0.0	0.0	0.0	0.0
120	2531.5	0.0	0.0	0.0	0.0	0.0	0.0
130	1995.3333333333333	0.0	0.0	0.0	0.0	0.0	0.0
140	2259.0	0.0	0.0	0.0	0.0	0.0	0.0
150	2120.0	0.0	0.0	0.0	0.0	0.0	0.0
160	2464.3333333333335	0.0	0.0	0.0	0.0	0.0	0.0
170	2363.0	0.0	0.0	0.0	0.0	0.0	0.0
180	2715.1666666666665	0.0	0.0	0.0	0.0	0.0	0.0
190	2385.6666666666665	0.0	0.0	0.0	0.0	0.0	0.0
200	2369.8333333333335	0.0	0.0	0.0	0.0	0.0	0.0
210	2390.3333333333335	0.0	0.0	0.0	0.0	0.0	0.0
220	2297.0	0.0	0.0	0.0	0.0	0.0	0.0
230	1833.6666666666667	0.0	0.0	0.0	0.0	0.0	0.0
240	2114.0	0.0	0.0	0.0	0.0	0.0	0.0
250	2055.1666666666665	0.0	0.0	0.0	0.0	0.0	0.0
260	2110.1666666666665	0.0	0.0	0.0	0.0	0.0	0.0
270	2080.0	0.0	0.0	0.0	0.0	0.0	0.0
280	2461.6666666666665	0.0	0.0	0.0	0.0	0.0	0.0
290	2361.8333333333335	0.0	0.0	0.0	0.0	0.0	0.0
300	2230.6666666666665	0.0	0.0	0.0	0.0	0.0	0.0
310	2583.8333333333335	0.0	0.0	0.0	0.0	0.0	0.0
320	2293.0	0.0	0.0	0.0	0.0	0.0	0.0
330	1885.3333333333333	0.0	0.0	0.0	0.0	0.0	0.0
340	1864.6666666666667	0.0	0.0	0.0	0.0	0.0	0.0
350	2058.6666666666665	0.0	0.0	0.0	0.0	0.0	0.0
360	1940.3333333333333	0.0	0.0	0.0	0.0	0.0	0.0
370	2601.0	0.0	0.0	0.0	0.0	0.0	0.0
380	2187.3333333333335	0.0	0.0	0.0	0.0	0.0	0.0
390	2023.6666666666667	0.0	0.0	0.0	0.0	0.0	0.0
400	1995.3333333333333	0.0	0.0	0.0	0.0	0.0	0.0
410	2453.1666666666665	0.0	0.0	0.0	0.0	0.0	0.0
420	1828.5	0.0	0.0	0.0	0.0	0.0	0.0
430	1619.0	0.0	0.0	0.0	0.0	0.0	0.0
440	1921.8333333333333	0.0	0.0	0.0	0.0	0.0	0.0
450	1784.3333333333333	0.0	0.0	0.0	0.0	0.0	0.0
460	1919.6666666666667	0.0	0.0	0.0	0.0	0.0	0.0
470	1794.8333333333333	0.0	0.0	0.0	0.0	0.0	0.0
480	1996.3333333333333	0.0	0.0	0.0	0.0	0.0	0.0
490	1942.0	0.0	0.0	0.0	0.0	0.0	0.0
500	2403.0	0.0	0.0	0.0	0.0	0.0	0.0
510	2086.8333333333335	0.0	0.0	0.0	0.0	0.0	0.0
520	2239.6666666666665	0.0	0.0	0.0	0.0	0.0	0.0
530	2629.0	0.0	0.0	0.0	0.0	0.0	0.0
540	2319.3333333333335	0.0	0.0	0.0	0.0	0.0	0.0
550	2174.6666666666665	0.0	0.0	0.0	0.0	0.0	0.0
560	2465.0	0.0	0.0	0.0	0.0	0.0	0.0
570	2278.0	0.0	0.0	0.0	0.0	0.0	0.0
580	2471.8333333333335	0.0	0.0	0.0	0.0	0.0	0.0
590	2289.1666666666665	0.0	0.0	0.0	0.0	0.0	0.0
600	2398.5	0.0	0.0	0.0	0.0	0.0	0.0
610	2458.0	0.0	0.0	0.0	0.0	0.0	0.0
620	2617.3333333333335	0.0	0.0	0.0	0.0	0.0	0.0
630	2214.0	0.0	0.0	0.0	0.0	0.0	0.0
640	2304.0	0.0	0.0	0.0	0.0	0.0	0.0
650	2390.3333333333335	0.0	0.0	0.0	0.0	0.0	0.0
660	2500.8333333333335	0.0	0.0	0.0	0.0	0.0	0.0
670	2574.5	0.0	0.0	0.0	0.0	0.0	0.0
680	2425.3333333333335	0.0	0.0	0.0	0.0	0.0	0.0
690	2595.3333333333335	0.0	0.0	0.0	0.0	0.0	0.0
700	2401.3333333333335	0.0	0.0	0.0	0.0	0.0	0.0
710	2241.6666666666665	0.0	0.0	0.0	0.0	0.0	0.0
720	1896.3333333333333	0.0	0.0	0.0	0.0	0.0	0.0
730	2626.1666666666665	0.0	0.0	0.0	0.0	0.0	0.0
740	1654.1666666666667	0.0	0.0	0.0	0.0	0.0	0.0
750	1887.6666666666667	0.0	0.0	0.0	0.0	0.0	0.0
760	1755.8333333333333	0.0	0.0	0.0	0.0	0.0	0.0
770	2307.1666666666665	0.0	0.0	0.0	0.0	0.0	0.0
780	2317.0	0.0	0.0	0.0	0.0	0.0	0.0
790	2378.6666666666665	0.0	0.0	0.0	0.0	0.0	0.0
800	2388.3333333333335	0.0	0.0	0.0	0.0	0.0	0.0
810	2325.5	0.0	0.0	0.0	0.0	0.0	0.0
820	2240.3333333333335	0.0	0.0	0.0	0.0	0.0	0.0
830	1897.8333333333333	0.0	0.0	0.0	0.0	0.0	0.0
840	1969.5	0.0	0.0	0.0	0.0	0.0	0.0
850	1804.5	0.0	0.0	0.0	0.0	0.0	0.0
860	1989.3333333333333	0.0	0.0	0.0	0.0	0.0	0.0
870	2193.8333333333335	0.0	0.0	0.0	0.0	0.0	0.0
880	2395.0	0.0	0.0	0.0	0.0	0.0	0.0
890	2617.5	0.0	0.0	0.0	0.0	0.0	0.0
900	2306.6666666666665	0.0	0.0	0.0	0.0	0.0	0.0
910	2331.8333333333335	0.0	0.0	0.0	0.0	0.0	0.0
920	2595.6666666666665	0.0	0.0	0.0	0.0	0.0	0.0
930	2580.3333333333335	0.0	0.0	0.0	0.0	0.0	0.0
940	2415.8333333333335	0.0	0.0	0.0	0.0	0.0	0.0
950	2634.1666666666665	0.0	0.0	0.0	0.0	0.0	0.0
960	2526.3333333333335	0.0	0.0	0.0	0.0	0.0	0.0
970	2196.0	0.0	0.0	0.0	0.0	0.0	0.0
980	1924.0	0.0	0.0	0.0	0.0	0.0	0.0
990	2651.1666666666665	0.0	0.0	0.0	0.0	0.0	0.0
1000	2603.1666666666665	0.0	0.0	0.0	0.0	0.0	0.0
