0	271.0	0.0	0.0	0.0	0.0	0.0	0.0
10	85.33333333333333	399.0	327.0	199.0	273.0	68.0	126.0
20	1195.0	530.0	722.0	525.0	137.0	116.0	393.0
30	470.0	71.0	27.0	68.0	4.0	0.0	67.0
40	1435.6666666666667	0.0	0.0	0.0	0.0	0.0	0.0
50	1539.6666666666667	0.0	0.0	0.0	0.0	0.0	0.0
60	1918.3333333333333	0.0	0.0	0.0	0.0	0.0	0.0
70	1892.3333333333333	0.0	0.0	0.0	0.0	0.0	0.0
80	2121.3333333333335	0.0	0.0	0.0	0.0	0.0	0.0
90	2236.0	0.0	0.0	0.0	0.0	0.0	0.0
100	2092.6666666666665	0.0	0.0	0.0	0.0	0.0	0.0
110	2472.3333333333335	0.0	0.0	0.0	0.0	0.0	0.0
120	2262.8333333333335	0.0	0.0	0.0	0.0	0.0	0.0
130	2332.1666666666665	0.0	0.0	0.0	0.0	0.0	0.0
140	2132.0	0.0	0.0	0.0	0.0	0.0	0.0
150	2484.3333333333335	0.0	0.0	0.0	0.0	0.0	0.0
160	2310.0	0.0	0.0	0.0	0.0	0.0	0.0
170	2541.6666666666665	0.0	0.0	0.0	0.0	0.0	0.0
180	1664.5	0.0	0.0	0.0	0.0	0.0	0.0
190	2155.5	0.0	0.0	0.0	0.0	0.0	0.0
200	2219.0	0.0	0.0	0.0	0.0	0.0	0.0
210	2594.6666666666665	0.0	0.0	0.0	0.0	0.0	0.0
220	2273.3333333333335	0.0	0.0	0.0	0.0	0.0	0.0
230	2579.8333333333335	0.0	0.0	0.0	0.0	0.0	0.0
240	1854.6666666666667	0.0	0.0	0.0	0.0	0.0	0.0
250	2193.6666666666665	0.0	0.0	0.0	0.0	0.0	0.0
260	1580.5	0.0	0.0	0.0	0.0	0.0	0.0
270	2476.3333333333335	0.0	0.0	0.0	0.0	0.0	0.0
280	2588.3333333333335	0.0	0.0	0.0	0.0	0.0	0.0
290	2712.6666666666665	0.0	0.0	0.0	0.0	0.0	0.0
300	2259.0	0.0	0.0	0.0	0.0	0.0	0.0
310	1765.3333333333333	0.0	0.0	0.0	0.0	0.0	0.0
320	2095.1666666666665	0.0	0.0	0.0	0.0	0.0	0.0
330	2449.3333333333335	0.0	0.0	0.0	0.0	0.0	0.0
340	2421.3333333333335	0.0	0.0	0.0	0.0	0.0	0.0
350	1848.0	0.0	0.0	0.0	0.0	0.0	0.0
360	2053.8333333333335	0.0	0.0	0.0	0.0	0.0	0.0
370	2147.1666666666665	0.0	0.0	0.0	0.0	0.0	0.0
380	1872.3333333333333	0.0	0.0	0.0	0.0	0.0	0.0
390	1710.8333333333333	0.0	0.0	0.0	0.0	0.0	0.0
400	1983.6666666666667	0.0	0.0	0.0	0.0	0.0	0.0
410	1506.5	0.0	0.0	0.0	0.0	0.0	0.0
420	1583.0	0.0	0.0	0.0	0.0	0.0	0.0
430	1995.5	0.0	0.0	0.0	0.0	0.0	0.0
440	2194.0	0.0	0.0	0.0	0.0	0.0	0.0
450	2212.3333333333335	0.0	0.0	0.0	0.0	0.0	0.0
460	2091.3333333333335	0.0	0.0	0.0	0.0	0.0	0.0
470	2289.8333333333335	0.0	0.0	0.0	0.0	0.0	0.0
480	1703.0	0.0	0.0	0.0	0.0	0.0	0.0
490	2188.3333333333335	0.0	0.0	0.0	0.0	0.0	0.0
500	2092.3333333333335	0.0	0.0	0.0	0.0	0.0	0.0
510	2056.6666666666665	0.0	0.0	0.0	0.0	0.0	0.0
520	1758.6666666666667	0.0	0.0	0.0	0.0	0.0	0.0
530	2164.1666666666665	0.0	0.0	0.0	0.0	0.0	0.0
540	1762.5	0.0	0.0	0.0	0.0	0.0	0.0
550	1569.6666666666667	0.0	0.0	0.0	0.0	0.0	0.0
560	1862.0	0.0	0.0	0.0	0.0	0.0	0.0
570	1617.6666666666667	0.0	0.0	0.0	0.0	0.0	0.0
580	2005.0	0.0	0.0	0.0	0.0	0.0	0.0
590	1925.5	0.0	0.0	0.0	0.0	0.0	0.0
600	2619.6666666666665	0.0	0.0	0.0	0.0	0.0	0.0
610	2220.3333333333335	0.0	0.0	0.0	0.0	0.0	0.0
620	2353.0	0.0	0.0	0.0	0.0	0.0	0.0
630	2433.5	0.0	0.0	0.0	0.0	0.0	0.0
640	2415.6666666666665	0.0	0.0	0.0	0.0	0.0	0.0
650	2441.6666666666665	0.0	0.0	0.0	0.0	0.0	0.0
660	2389.3333333333335	0.0	0.0	0.0	0.0	0.0	0.0
670	2291.3333333333335	0.0	0.0	0.0	0.0	0.0	0.0
680	1877.6666666666667	0.0	0.0	0.0	0.0	0.0	0.0
690	2201.3333333333335	0.0	0.0	0.0	0.0	0.0	0.0
700	2283.8333333333335	0.0	0.0	0.0	0.0	0.0	0.0
710	1827.6666666666667	0.0	0.0	0.0	0.0	0.0	0.0
720	2478.6666666666665	0.0	0.0	0.0	0.0	0.0	0.0
730	2052.0	0.0	0.0	0.0	0.0	0.0	0.0
740	2400.3333333333335	0.0	0.0	0.0	0.0	0.0	0.0
750	1769.0	0.0	0.0	0.0	0.0	0.0	0.0
760	2331.0	0.0	0.0	0.0	0.0	0.0	0.0
770	1841.0	0.0	0.0	0.0	0.0	0.0	0.0
780	2270.1666666666665	0.0	0.0	0.0	0.0	0.0	0.0
790	2577.6666666666665	0.0	0.0	0.0	0.0	0.0	0.0
800	2309.0	0.0	0.0	0.0	0.0	0.0	0.0
810	2436.1666666666665	0.0	0.0	0.0	0.0	0.0	0.0
820	2594.0	0.0	0.0	0.0	0.0	0.0	0.0
830	2458.6666666666665	0.0	0.0	0.0	0.0	0.0	0.0
840	2395.3333333333335	0.0	0.0	0.0	0.0	0.0	0.0
850	2509.6666666666665	0.0	0.0	0.0	0.0	0.0	0.0
860	2581.5	0.0	0.0	0.0	0.0	0.0	0.0
870	2407.8333333333335	0.0	0.0	0.0	0.0	0.0	0.0
880	2476.8333333333335	0.0	0.0	0.0	0.0	0.0	0.0
890	2149.0	0.0	0.0	0.0	0.0	0.0	0.0
900	2490.3333333333335	0.0	0.0	0.0	0.0	0.0	0.0
910	2370.1666666666665	0.0	0.0	0.0	0.0	0.0	0.0
920	2333.3333333333335	0.0	0.0	0.0	0.0	0.0	0.0
930	2284.1666666666665	0.0	0.0	0.0	0.0	0.0	0.0
940	2316.8333333333335	0.0	0.0	0.0	0.0	0.0	0.0
950	2515.3333333333335	0.0	0.0	0.0	0.0	0.0	0.0
960	2488.8333333333335	0.0	0.0	0.0	0.0	0.0	0.0
970	2409.6666666666665	0.0	0.0	0.0	0.0	0.0	0.0
980	2486.6666666666665	0.0	0.0	0.0	0.0	0.0	0.0
990	2538.1666666666665	0.0	0.0	0.0	0.0	0.0	0.0
1000	2725.0	0.0	0.0	0.0	0.0	0.0	0.0
