0	262.0	0.0	0.0	0.0	0.0	0.0	0.0
10	70.0	31.0	50.0	48.0	14.0	27.0	17.0
20	95.66666666666667	901.0	389.0	616.0	344.0	27.0	557.0
30	92.66666666666667	68.0	69.0	33.0	45.0	9.0	23.0
40	70.33333333333333	0.0	0.0	0.0	0.0	0.0	0.0
50	70.0	0.0	0.0	0.0	0.0	0.0	0.0
60	76.33333333333333	0.0	0.0	0.0	0.0	0.0	0.0
70	83.33333333333333	0.0	0.0	0.0	0.0	0.0	0.0
80	1022.6666666666666	0.0	0.0	0.0	0.0	0.0	0.0
90	1702.6666666666667	0.0	0.0	0.0	0.0	0.0	0.0
100	1739.3333333333333	0.0	0.0	0.0	0.0	0.0	0.0
110	1716.6666666666667	0.0	0.0	0.0	0.0	0.0	0.0
120	2164.0	0.0	0.0	0.0	0.0	0.0	0.0
130	2175.3333333333335	0.0	0.0	0.0	0.0	0.0	0.0
140	2445.0	0.0	0.0	0.0	0.0	0.0	0.0
150	2246.3333333333335	0.0	0.0	0.0	0.0	0.0	0.0
160	2213.6666666666665	0.0	0.0	0.0	0.0	0.0	0.0
170	2218.3333333333335	0.0	0.0	0.0	0.0	0.0	0.0
180	2394.6666666666665	0.0	0.0	0.0	0.0	0.0	0.0
190	2282.0	0.0	0.0	0.0	0.0	0.0	0.0
200	2400.5	0.0	0.0	0.0	0.0	0.0	0.0
210	2294.3333333333335	0.0	0.0	0.0	0.0	0.0	0.0
220	2317.6666666666665	0.0	0.0	0.0	0.0	0.0	0.0
230	2241.5	0.0	0.0	0.0	0.0	0.0	0.0
240	2577.0	0.0	0.0	0.0	0.0	0.0	0.0
250	2520.6666666666665	0.0	0.0	0.0	0.0	0.0	0.0
260	2462.6666666666665	0.0	0.0	0.0	0.0	0.0	0.0
270	2639.0	0.0	0.0	0.0	0.0	0.0	0.0
280	2382.1666666666665	0.0	0.0	0.0	0.0	0.0	0.0
290	2274.0	0.0	0.0	0.0	0.0	0.0	0.0
300	2176.0	0.0	0.0	0.0	0.0	0.0	0.0
310	2557.3333333333335	0.0	0.0	0.0	0.0	0.0	0.0
320	2670.6666666666665	0.0	0.0	0.0	0.0	0.0	0.0
330	2452.6666666666665	0.0	0.0	0.0	0.0	0.0	0.0
340	2459.0	0.0	0.0	0.0	0.0	0.0	0.0
350	2189.8333333333335	0.0	0.0	0.0	0.0	0.0	0.0
360	2159.6666666666665	0.0	0.0	0.0	0.0	0.0	0.0
370	1779.5	0.0	0.0	0.0	0.0	0.0	0.0
380	1809.5	0.0	0.0	0.0	0.0	0.0	0.0
390	1856.3333333333333	0.0	0.0	0.0	0.0	0.0	0.0
400	1890.1666666666667	0.0	0.0	0.0	0.0	0.0	0.0
410	1887.5	0.0	0.0	0.0	0.0	0.0	0.0
420	2493.6666666666665	0.0	0.0	0.0	0.0	0.0	0.0
430	2128.1666666666665	0.0	0.0	0.0	0.0	0.0	0.0
440	1953.3333333333333	0.0	0.0	0.0	0.0	0.0	0.0
450	2172.0	0.0	0.0	0.0	0.0	0.0	0.0
460	1728.8333333333333	0.0	0.0	0.0	0.0	0.0	0.0
470	1023.3333333333334	0.0	0.0	0.0	0.0	0.0	0.0
480	1765.6666666666667	0.0	0.0	0.0	0.0	0.0	0.0
490	1819.3333333333333	0.0	0.0	0.0	0.0	0.0	0.0
500	1196.3333333333333	0.0	0.0	0.0	0.0	0.0	0.0
510	1499.0	0.0	0.0	0.0	0.0	0.0	0.0
520	1811.3333333333333	0.0	0.0	0.0	0.0	0.0	0.0
530	1690.0	0.0	0.0	0.0	0.0	0.0	0.0
540	1768.5	0.0	0.0	0.0	0.0	0.0	0.0
550	1538.0	0.0	0.0	0.0	0.0	0.0	0.0
560	2076.5	0.0	0.0	0.0	0.0	0.0	0.0
570	1473.3333333333333	0.0	0.0	0.0	0.0	0.0	0.0
580	1756.8333333333333	0.0	0.0	0.0	0.0	0.0	0.0
590	2454.6666666666665	0.0	0.0	0.0	0.0	0.0	0.0
600	2597.3333333333335	0.0	0.0	0.0	0.0	0.0	0.0
610	1770.0	0.0	0.0	0.0	0.0	0.0	0.0
620	1842.5	0.0	0.0	0.0	0.0	0.0	0.0
630	2143.0	0.0	0.0	0.0	0.0	0.0	0.0
640	2448.1666666666665	0.0	0.0	0.0	0.0	0.0	0.0
650	1449.3333333333333	0.0	0.0	0.0	0.0	0.0	0.0
660	2483.6666666666665	0.0	0.0	0.0	0.0	0.0	0.0
670	2431.6666666666665	0.0	0.0	0.0	0.0	0.0	0.0
680	2387.8333333333335	0.0	0.0	0.0	0.0	0.0	0.0
690	2358.3333333333335	0.0	0.0	0.0	0.0	0.0	0.0
700	2464.5	0.0	0.0	0.0	0.0	0.0	0.0
710	2222.0	0.0	0.0	0.0	0.0	0.0	0.0
720	2315.3333333333335	0.0	0.0	0.0	0.0	0.0	0.0
730	2287.3333333333335	0.0	0.0	0.0	0.0	0.0	0.0
740	2218.8333333333335	0.0	0.0	0.0	0.0	0.0	0.0
750	2437.6666666666665	0.0	0.0	0.0	0.0	0.0	0.0
760	2465.6666666666665	0.0	0.0	0.0	0.0	0.0	0.0
770	2390.1666666666665	0.0	0.0	0.0	0.0	0.0	0.0
780	2578.3333333333335	0.0	0.0	0.0	0.0	0.0	0.0
790	2502.3333333333335	0.0	0.0	0.0	0.0	0.0	0.0
800	2356.3333333333335	0.0	0.0	0.0	0.0	0.0	0.0
810	2538.6666666666665	0.0	0.0	0.0	0.0	0.0	0.0
820	2498.3333333333335	0.0	0.0	0.0	0.0	0.0	0.0
830	2388.5	0.0	0.0	0.0	0.0	0.0	0.0
840	2240.0	0.0	0.0	0.0	0.0	0.0	0.0
850	2134.5	0.0	0.0	0.0	0.0	0.0	0.0
860	2270.3333333333335	0.0	0.0	0.0	0.0	0.0	0.0
870	2627.5	0.0	0.0	0.0	0.0	0.0	0.0
880	2538.5	0.0	0.0	0.0	0.0	0.0	0.0
890	1909.3333333333333	0.0	0.0	0.0	0.0	0.0	0.0
900	1868.3333333333333	0.0	0.0	0.0	0.0	0.0	0.0
910	1704.1666666666667	0.0	0.0	0.0	0.0	0.0	0.0
920	1614.5	0.0	0.0	0.0	0.0	0.0	0.0
930	2018.6666666666667	0.0	0.0	0.0	0.0	0.0	0.0
940	1960.8333333333333	0.0	0.0	0.0	0.0	0.0	0.0
950	1978.6666666666667	0.0	0.0	0.0	0.0	0.0	0.0
960	1634.5	0.0	0.0	0.0	0.0	0.0	0.0
970	1882.6666666666667	0.0	0.0	0.0	0.0	0.0	0.0
980	1859.0	0.0	0.0	0.0	0.0	0.0	0.0
990	1902.5	0.0	0.0	0.0	0.0	0.0	0.0
1000	1850.5	0.0	0.0	0.0	0.0	0.0	0.0
