0	255.63333333333338	0.0
10	1963.8277777777778	1000.0
20	2015.8277777777778	0.0
30	2066.5833333333335	0.0
40	2055.1888888888884	0.0
50	2101.111111111111	0.0
60	2175.233333333333	0.0
70	2206.4611111111108	0.0
80	2262.0333333333333	0.0
90	2265.683333333333	0.0
100	2328.244444444445	0.0
110	2381.1111111111118	0.0
120	2425.3666666666672	0.0
130	2424.122222222222	0.0
140	2437.2166666666662	0.0
150	2469.516666666667	0.0
160	2459.927777777777	0.0
170	2493.8111111111116	0.0
180	2451.2944444444443	0.0
190	2481.4666666666667	0.0
200	2504.1111111111104	0.0
210	2543.75	0.0
220	2474.311111111111	0.0
230	2458.9499999999994	0.0
240	2551.866666666667	0.0
250	2525.511111111111	0.0
260	2495.5833333333335	0.0
270	2527.4611111111108	0.0
280	2559.077777777777	0.0
290	2578.1666666666665	0.0
300	2686.2944444444447	0.0
310	2623.472222222222	0.0
320	2699.5555555555557	0.0
330	2681.744444444444	0.0
340	2778.677777777778	0.0
350	2765.95	0.0
360	2883.266666666666	0.0
370	2912.0777777777785	0.0
380	2850.8888888888896	0.0
390	3025.811111111111	0.0
400	2960.588888888889	0.0
410	3060.5222222222214	0.0
420	3077.644444444445	0.0
430	3137.338888888889	0.0
440	3171.7888888888897	0.0
450	3220.7111111111108	0.0
460	3223.833333333334	0.0
470	3291.3000000000006	0.0
480	3281.7777777777787	0.0
490	3273.894444444445	0.0
500	3388.8888888888896	0.0
510	3384.416666666666	0.0
520	3466.211111111111	0.0
530	3338.0333333333333	0.0
540	3462.772222222223	0.0
550	3386.0333333333338	0.0
560	3517.9666666666653	0.0
570	3537.9777777777776	0.0
580	3390.4	0.0
590	3491.438888888889	0.0
600	3477.0333333333324	0.0
610	3498.0111111111114	0.0
620	3567.744444444444	0.0
630	3537.9277777777775	0.0
640	3506.2777777777783	0.0
650	3579.9222222222215	0.0
660	3606.8666666666672	0.0
670	3558.8055555555557	0.0
680	3609.7777777777783	0.0
690	3696.4499999999985	0.0
700	3616.205555555556	0.0
710	3613.7999999999997	0.0
720	3634.461111111112	0.0
730	3645.472222222222	0.0
740	3729.7833333333333	0.0
750	3697.8500000000004	0.0
760	3764.9722222222217	0.0
770	3719.266666666666	0.0
780	3633.183333333334	0.0
790	3650.4999999999995	0.0
800	3651.7	0.0
810	3693.1944444444443	0.0
820	3678.6055555555563	0.0
830	3654.4666666666662	0.0
840	3752.4277777777775	0.0
850	3784.161111111111	0.0
860	3783.161111111111	0.0
870	3752.605555555556	0.0
880	3673.011111111111	0.0
890	3736.016666666667	0.0
900	3750.605555555555	0.0
910	3797.088888888888	0.0
920	3720.6166666666672	0.0
930	3696.3277777777776	0.0
940	3683.1722222222224	0.0
950	3696.1055555555563	0.0
960	3743.888888888889	0.0
970	3776.6611111111106	0.0
980	3806.9499999999994	0.0
990	3819.8944444444437	0.0
1000	3764.8611111111113	0.0
