0	293.3333333333333	0.0
10	1895.5	1000.0
20	1784.6666666666667	0.0
30	2085.6666666666665	0.0
40	1932.0	0.0
50	2073.6666666666665	0.0
60	2077.1666666666665	0.0
70	2433.3333333333335	0.0
80	2399.5	0.0
90	2266.6666666666665	0.0
100	2433.3333333333335	0.0
110	2598.6666666666665	0.0
120	2261.3333333333335	0.0
130	2683.3333333333335	0.0
140	2487.0	0.0
150	2481.0	0.0
160	2241.5	0.0
170	2679.1666666666665	0.0
180	2520.8333333333335	0.0
190	2597.3333333333335	0.0
200	2286.6666666666665	0.0
210	2556.6666666666665	0.0
220	2168.3333333333335	0.0
230	2143.8333333333335	0.0
240	2362.5	0.0
250	2713.1666666666665	0.0
260	2574.3333333333335	0.0
270	2485.0	0.0
280	2768.8333333333335	0.0
290	2762.6666666666665	0.0
300	3087.0	0.0
310	2642.6666666666665	0.0
320	2786.0	0.0
330	2607.8333333333335	0.0
340	2903.5	0.0
350	2810.1666666666665	0.0
360	2841.3333333333335	0.0
370	2806.6666666666665	0.0
380	2547.1666666666665	0.0
390	3207.3333333333335	0.0
400	2890.5	0.0
410	2893.6666666666665	0.0
420	2932.0	0.0
430	2973.6666666666665	0.0
440	3218.8333333333335	0.0
450	3359.8333333333335	0.0
460	3442.1666666666665	0.0
470	3305.1666666666665	0.0
480	2829.0	0.0
490	3167.1666666666665	0.0
500	3034.3333333333335	0.0
510	3627.0	0.0
520	3358.1666666666665	0.0
530	3475.5	0.0
540	3180.5	0.0
550	3606.1666666666665	0.0
560	3312.6666666666665	0.0
570	3302.5	0.0
580	3651.5	0.0
590	3145.5	0.0
600	3537.0	0.0
610	3258.6666666666665	0.0
620	3507.8333333333335	0.0
630	3794.5	0.0
640	3222.8333333333335	0.0
650	3598.1666666666665	0.0
660	3711.3333333333335	0.0
670	3072.8333333333335	0.0
680	3885.1666666666665	0.0
690	3457.1666666666665	0.0
700	3432.6666666666665	0.0
710	3499.0	0.0
720	3676.3333333333335	0.0
730	3805.6666666666665	0.0
740	3452.3333333333335	0.0
750	3713.1666666666665	0.0
760	3101.3333333333335	0.0
770	3345.1666666666665	0.0
780	3638.5	0.0
790	3818.8333333333335	0.0
800	3724.6666666666665	0.0
810	3818.1666666666665	0.0
820	3682.6666666666665	0.0
830	3979.5	0.0
840	3592.1666666666665	0.0
850	3568.0	0.0
860	3582.0	0.0
870	3504.6666666666665	0.0
880	3433.0	0.0
890	4175.666666666667	0.0
900	3853.8333333333335	0.0
910	3637.1666666666665	0.0
920	3726.3333333333335	0.0
930	3956.8333333333335	0.0
940	3624.3333333333335	0.0
950	3586.1666666666665	0.0
960	3893.6666666666665	0.0
970	3934.3333333333335	0.0
980	3686.1666666666665	0.0
990	4048.6666666666665	0.0
1000	3667.0	0.0
