0	286.0	0.0
10	1990.6666666666667	2.0
20	2232.5	3.0
30	2016.0	5.0
40	2027.1666666666667	3.0
50	1940.0	0.0
60	1966.8333333333333	3.0
70	1931.8333333333333	16.0
80	2070.6666666666665	3.0
90	2135.8333333333335	26.0
100	2082.0	0.0
110	2031.8333333333333	3.0
120	2233.5	5.0
130	2091.8333333333335	1.0
140	2092.3333333333335	2.0
150	2185.1666666666665	0.0
160	2173.0	0.0
170	2479.1666666666665	0.0
180	2252.3333333333335	7.0
190	2367.5	2.0
200	2199.6666666666665	6.0
210	2456.1666666666665	1.0
220	2169.1666666666665	1.0
230	2341.1666666666665	1.0
240	2201.1666666666665	1.0
250	2361.3333333333335	1.0
260	2527.8333333333335	0.0
270	2440.5	1.0
280	2373.1666666666665	8.0
290	2298.5	0.0
300	2660.5	0.0
310	2343.8333333333335	0.0
320	2506.5	4.0
330	2382.1666666666665	2.0
340	2531.0	6.0
350	2413.0	1.0
360	2507.6666666666665	1.0
370	2579.3333333333335	2.0
380	2871.6666666666665	0.0
390	2443.3333333333335	3.0
400	2292.0	2.0
410	2796.3333333333335	4.0
420	2792.8333333333335	0.0
430	2626.5	5.0
440	2572.0	1.0
450	2950.0	0.0
460	2302.0	4.0
470	2754.1666666666665	5.0
480	2804.3333333333335	3.0
490	2565.8333333333335	3.0
500	2568.6666666666665	2.0
510	2269.0	1.0
520	2917.0	1.0
530	2709.8333333333335	1.0
540	2633.0	4.0
550	2619.8333333333335	3.0
560	2534.6666666666665	1.0
570	2876.0	1.0
580	2608.0	1.0
590	2738.1666666666665	7.0
600	2797.3333333333335	1.0
610	2999.3333333333335	3.0
620	2870.6666666666665	1.0
630	2705.3333333333335	3.0
640	2874.5	3.0
650	2764.3333333333335	1.0
660	2899.3333333333335	1.0
670	2863.5	3.0
680	2912.0	9.0
690	2815.1666666666665	7.0
700	2942.1666666666665	1.0
710	2834.1666666666665	2.0
720	3200.5	4.0
730	3090.5	1.0
740	2975.3333333333335	2.0
750	2859.3333333333335	1.0
760	3049.6666666666665	0.0
770	2655.8333333333335	2.0
780	2920.0	4.0
790	2943.6666666666665	3.0
800	3026.0	1.0
810	3024.6666666666665	2.0
820	2817.3333333333335	5.0
830	3062.8333333333335	4.0
840	3178.0	1.0
850	2542.5	2.0
860	3230.6666666666665	4.0
870	2887.6666666666665	1.0
880	3136.5	4.0
890	3013.5	2.0
900	3096.3333333333335	2.0
910	2831.6666666666665	2.0
920	3163.0	0.0
930	2983.0	9.0
940	3069.8333333333335	0.0
950	3007.0	2.0
960	3095.6666666666665	2.0
970	2985.1666666666665	3.0
980	3109.8333333333335	0.0
990	3148.1666666666665	2.0
1000	3240.6666666666665	3.0
