0	242.66666666666666	0.0
10	2039.5	0.0
20	1983.1666666666667	8.0
30	2101.1666666666665	5.0
40	1868.6666666666667	1.0
50	2167.3333333333335	3.0
60	2130.1666666666665	0.0
70	2233.0	0.0
80	2218.6666666666665	0.0
90	2129.1666666666665	0.0
100	2101.5	0.0
110	1985.3333333333333	4.0
120	2262.1666666666665	0.0
130	2241.0	2.0
140	2030.3333333333333	2.0
150	2267.5	0.0
160	2269.5	4.0
170	2157.0	1.0
180	2189.3333333333335	0.0
190	2261.0	0.0
200	2191.1666666666665	3.0
210	2453.1666666666665	2.0
220	2251.5	2.0
230	2087.8333333333335	3.0
240	2304.3333333333335	3.0
250	2384.3333333333335	0.0
260	2310.5	1.0
270	2458.8333333333335	5.0
280	2464.3333333333335	0.0
290	2313.6666666666665	4.0
300	2401.8333333333335	2.0
310	2756.6666666666665	2.0
320	2365.5	1.0
330	2439.0	1.0
340	2619.3333333333335	2.0
350	2519.6666666666665	1.0
360	2556.3333333333335	6.0
370	2635.8333333333335	2.0
380	2622.8333333333335	1.0
390	2454.1666666666665	4.0
400	2438.1666666666665	1.0
410	2536.8333333333335	1.0
420	2628.5	3.0
430	2927.3333333333335	0.0
440	2681.8333333333335	0.0
450	2728.8333333333335	4.0
460	2682.6666666666665	2.0
470	2665.1666666666665	2.0
480	2450.1666666666665	2.0
490	2621.0	0.0
500	2478.8333333333335	2.0
510	2272.3333333333335	0.0
520	2599.5	7.0
530	2495.1666666666665	1.0
540	2810.8333333333335	4.0
550	2619.3333333333335	3.0
560	2803.6666666666665	2.0
570	2768.8333333333335	3.0
580	2557.6666666666665	0.0
590	2804.8333333333335	5.0
600	2756.8333333333335	2.0
610	2651.5	1.0
620	2569.3333333333335	3.0
630	2566.5	0.0
640	2810.0	2.0
650	2450.1666666666665	2.0
660	2957.1666666666665	3.0
670	2753.0	3.0
680	2579.0	2.0
690	2734.1666666666665	2.0
700	2806.3333333333335	3.0
710	2684.8333333333335	1.0
720	2657.6666666666665	8.0
730	2696.1666666666665	1.0
740	2956.6666666666665	3.0
750	2569.5	5.0
760	2878.6666666666665	3.0
770	3098.6666666666665	3.0
780	2931.3333333333335	5.0
790	2780.0	5.0
800	2943.5	0.0
810	2931.1666666666665	0.0
820	2721.0	7.0
830	2994.6666666666665	0.0
840	2874.1666666666665	2.0
850	2827.8333333333335	3.0
860	2959.3333333333335	2.0
870	2955.3333333333335	4.0
880	3020.6666666666665	2.0
890	3019.8333333333335	3.0
900	2823.3333333333335	1.0
910	2975.1666666666665	2.0
920	2670.8333333333335	3.0
930	2967.6666666666665	1.0
940	2843.8333333333335	1.0
950	2892.8333333333335	4.0
960	2947.1666666666665	6.0
970	3161.5	0.0
980	2758.3333333333335	0.0
990	3142.5	4.0
1000	2857.1666666666665	4.0
