0	274.3333333333333	0.0
10	1966.0	0.0
20	2175.5	0.0
30	2171.6666666666665	1.0
40	2148.0	1.0
50	2126.3333333333335	1.0
60	1841.8333333333333	0.0
70	2205.3333333333335	0.0
80	2002.8333333333333	3.0
90	2237.0	3.0
100	2027.3333333333333	3.0
110	2139.3333333333335	1.0
120	2162.3333333333335	0.0
130	2293.8333333333335	2.0
140	2103.3333333333335	0.0
150	2188.3333333333335	1.0
160	2261.6666666666665	1.0
170	2328.6666666666665	2.0
180	2323.8333333333335	0.0
190	2253.1666666666665	6.0
200	2306.3333333333335	2.0
210	2451.1666666666665	0.0
220	2218.6666666666665	2.0
230	2492.1666666666665	0.0
240	2536.3333333333335	1.0
250	2401.5	1.0
260	2431.0	1.0
270	2411.3333333333335	2.0
280	2275.0	3.0
290	2252.1666666666665	5.0
300	2674.5	1.0
310	2536.5	1.0
320	2418.0	3.0
330	2482.6666666666665	5.0
340	2423.8333333333335	1.0
350	2607.6666666666665	4.0
360	2568.6666666666665	1.0
370	2466.3333333333335	1.0
380	2822.8333333333335	3.0
390	2438.6666666666665	0.0
400	2693.3333333333335	1.0
410	2631.3333333333335	0.0
420	2489.6666666666665	1.0
430	2763.5	0.0
440	2666.3333333333335	3.0
450	2769.6666666666665	6.0
460	2737.3333333333335	5.0
470	2513.3333333333335	2.0
480	2702.1666666666665	4.0
490	2887.3333333333335	0.0
500	2639.5	2.0
510	2625.5	1.0
520	2713.1666666666665	0.0
530	2387.0	7.0
540	2495.3333333333335	1.0
550	2729.3333333333335	4.0
560	2635.3333333333335	7.0
570	2896.5	3.0
580	2683.6666666666665	2.0
590	2681.6666666666665	1.0
600	2785.8333333333335	5.0
610	2733.0	0.0
620	2779.6666666666665	2.0
630	2656.3333333333335	2.0
640	2690.0	0.0
650	2724.8333333333335	9.0
660	2701.3333333333335	6.0
670	2746.5	1.0
680	2897.8333333333335	2.0
690	2582.3333333333335	0.0
700	2713.0	3.0
710	2440.1666666666665	1.0
720	2680.8333333333335	1.0
730	2727.5	3.0
740	2726.0	0.0
750	2598.6666666666665	3.0
760	2779.5	1.0
770	2813.5	4.0
780	2669.6666666666665	2.0
790	2921.8333333333335	2.0
800	2742.3333333333335	3.0
810	2796.1666666666665	2.0
820	2774.6666666666665	5.0
830	2801.0	0.0
840	2865.5	1.0
850	3079.1666666666665	1.0
860	2832.0	3.0
870	2949.6666666666665	2.0
880	2701.1666666666665	0.0
890	3137.5	0.0
900	2708.5	5.0
910	2773.3333333333335	2.0
920	2877.6666666666665	2.0
930	2796.5	3.0
940	3037.5	5.0
950	2961.0	0.0
960	3114.6666666666665	3.0
970	2956.3333333333335	1.0
980	3069.8333333333335	4.0
990	2952.6666666666665	5.0
1000	3128.1666666666665	1.0
