0	260.6666666666667	0.0	0.0
10	1958.2444444444448	755.2333333333333	12049.6
20	2006.0055555555552	244.76666666666668	9800.066666666668
30	2042.6666666666667	0.0	8395.733333333334
40	2131.35	0.0	8851.133333333333
50	2242.7055555555553	0.0	8885.366666666667
60	2365.555555555555	0.0	8358.333333333334
70	2299.344444444445	0.0	8283.433333333332
80	2415.9222222222224	0.0	8529.5
90	2396.1666666666665	0.0	8933.2
100	2465.2277777777776	0.0	9092.366666666667
110	2469.3388888888885	0.0	9408.6
120	2477.822222222222	0.0	9381.866666666667
130	2460.961111111111	0.0	8404.566666666668
140	2572.694444444444	0.0	8965.366666666667
150	2564.838888888889	0.0	8216.9
160	2487.3222222222225	0.0	9003.133333333333
170	2575.8722222222223	0.0	8681.766666666666
180	2592.2	0.0	7997.633333333333
190	2726.527777777778	0.0	8737.466666666667
200	2640.4777777777786	0.0	9012.966666666667
210	2716.7388888888886	0.0	8935.433333333332
220	2715.011111111111	0.0	8396.7
230	2717.411111111112	0.0	9169.166666666666
240	2718.7722222222224	0.0	9205.166666666666
250	2833.727777777777	0.0	9012.0
260	2840.4888888888886	0.0	9339.566666666668
270	2979.855555555555	0.0	9750.733333333334
280	2897.722222222222	0.0	9604.033333333333
290	3007.5444444444447	0.0	9230.633333333333
300	3000.883333333333	0.0	8997.066666666668
310	3142.8	0.0	9364.3
320	3117.6611111111115	0.0	9932.1
330	3179.6833333333325	0.0	9638.233333333334
340	3176.205555555555	0.0	9580.233333333334
350	3232.805555555555	0.0	9796.666666666666
360	3273.2	0.0	10289.833333333334
370	3221.577777777777	0.0	9244.8
380	3350.6277777777796	0.0	10382.833333333334
390	3340.138888888889	0.0	10270.166666666666
400	3341.3833333333346	0.0	9798.7
410	3480.450000000001	0.0	9808.233333333334
420	3398.283333333333	0.0	10237.133333333333
430	3413.872222222222	0.0	9722.333333333334
440	3393.8722222222227	0.0	10155.2
450	3421.177777777778	0.0	10360.1
460	3465.9777777777776	0.0	10304.5
470	3408.550000000001	0.0	10901.566666666668
480	3549.0111111111114	0.0	10004.1
490	3492.361111111111	0.0	10097.1
500	3487.3055555555557	0.0	10131.3
510	3495.722222222221	0.0	10252.3
520	3489.983333333333	0.0	11006.366666666667
530	3554.061111111112	0.0	10517.833333333334
540	3616.75	0.0	10282.166666666666
550	3603.7	0.0	10069.0
560	3529.266666666666	0.0	10104.366666666667
570	3599.444444444445	0.0	10729.766666666666
580	3657.6111111111118	0.0	10549.7
590	3600.972222222223	0.0	10567.866666666667
600	3702.716666666667	0.0	10837.0
610	3609.755555555556	0.0	10354.666666666666
620	3745.1722222222224	0.0	10706.766666666666
630	3713.433333333333	0.0	10239.8
640	3623.311111111112	0.0	10475.166666666666
650	3724.6944444444443	0.0	10555.633333333333
660	3695.0277777777783	0.0	10185.833333333334
670	3632.7055555555553	0.0	10295.033333333333
680	3762.4611111111108	0.0	10860.0
690	3758.0166666666655	0.0	11244.9
700	3721.25	0.0	10532.1
710	3687.211111111111	0.0	10654.833333333334
720	3766.194444444445	0.0	11052.833333333334
730	3739.7444444444454	0.0	10142.466666666667
740	3717.8444444444444	0.0	10485.8
750	3628.055555555555	0.0	10708.566666666668
760	3661.0555555555547	0.0	9938.833333333334
770	3713.027777777778	0.0	10665.1
780	3751.7388888888895	0.0	10331.933333333332
790	3778.399999999999	0.0	10144.0
800	3752.6722222222224	0.0	10273.2
810	3768.3944444444446	0.0	9838.066666666668
820	3733.266666666667	0.0	10113.833333333334
830	3725.0944444444444	0.0	10259.833333333334
840	3743.155555555556	0.0	10204.066666666668
850	3754.7833333333338	0.0	9826.966666666667
860	3786.8500000000004	0.0	10010.666666666666
870	3824.366666666667	0.0	10559.833333333334
880	3768.361111111111	0.0	9828.533333333333
890	3736.8111111111116	0.0	10093.566666666668
900	3802.644444444445	0.0	11104.366666666667
910	3745.766666666665	0.0	10500.966666666667
920	3838.5722222222225	0.0	10389.633333333333
930	3743.372222222222	0.0	10382.633333333333
940	3739.9444444444443	0.0	10415.1
950	3773.044444444444	0.0	10370.8
960	3807.9999999999995	0.0	10205.8
970	3821.5277777777787	0.0	10295.733333333334
980	3724.8777777777773	0.0	9890.566666666668
990	3736.466666666667	0.0	10148.833333333334
1000	3811.916666666666	0.0	10536.466666666667
