0	236.66666666666666	0.0	0.0
10	1928.1666666666667	790.0	12569.0
20	1853.3333333333333	210.0	6668.0
30	1707.3333333333333	0.0	10377.0
40	1973.1666666666667	0.0	10186.0
50	2181.1666666666665	0.0	8118.0
60	2270.0	0.0	8046.0
70	1986.6666666666667	0.0	7803.0
80	2221.6666666666665	0.0	6545.0
90	2308.6666666666665	0.0	11061.0
100	2119.0	0.0	6792.0
110	2021.1666666666667	0.0	10133.0
120	2536.0	0.0	10391.0
130	2528.0	0.0	8896.0
140	2473.3333333333335	0.0	11392.0
150	2777.1666666666665	0.0	5879.0
160	2557.0	0.0	7142.0
170	2963.6666666666665	0.0	8847.0
180	2873.3333333333335	0.0	8378.0
190	2707.0	0.0	10019.0
200	2656.1666666666665	0.0	10884.0
210	2784.1666666666665	0.0	6459.0
220	3112.0	0.0	7009.0
230	3125.0	0.0	14486.0
240	2562.3333333333335	0.0	8076.0
250	3179.1666666666665	0.0	8712.0
260	3044.1666666666665	0.0	9376.0
270	2968.5	0.0	8582.0
280	2537.0	0.0	12184.0
290	3164.6666666666665	0.0	8606.0
300	3443.6666666666665	0.0	8259.0
310	3282.3333333333335	0.0	7886.0
320	3276.3333333333335	0.0	7968.0
330	3140.5	0.0	9604.0
340	3490.0	0.0	8554.0
350	3462.1666666666665	0.0	10670.0
360	3438.1666666666665	0.0	8713.0
370	3461.6666666666665	0.0	8083.0
380	3062.8333333333335	0.0	11210.0
390	3446.8333333333335	0.0	10725.0
400	3463.1666666666665	0.0	9389.0
410	3403.0	0.0	11943.0
420	3521.0	0.0	9392.0
430	3363.0	0.0	9236.0
440	3710.5	0.0	9201.0
450	3802.1666666666665	0.0	10101.0
460	3722.1666666666665	0.0	11199.0
470	3759.0	0.0	8595.0
480	3944.3333333333335	0.0	11264.0
490	3913.8333333333335	0.0	9697.0
500	3631.1666666666665	0.0	11958.0
510	3681.0	0.0	11783.0
520	3747.0	0.0	12591.0
530	3674.0	0.0	9236.0
540	3872.0	0.0	10986.0
550	3812.8333333333335	0.0	10631.0
560	3047.0	0.0	10583.0
570	3500.3333333333335	0.0	9280.0
580	3515.6666666666665	0.0	9564.0
590	3513.6666666666665	0.0	12750.0
600	3834.5	0.0	11593.0
610	3251.1666666666665	0.0	10175.0
620	3784.8333333333335	0.0	10994.0
630	3760.0	0.0	10661.0
640	3596.1666666666665	0.0	12136.0
650	3841.8333333333335	0.0	9854.0
660	4143.0	0.0	8554.0
670	3759.1666666666665	0.0	11364.0
680	4009.5	0.0	11041.0
690	3760.0	0.0	10244.0
700	3744.1666666666665	0.0	9529.0
710	3603.6666666666665	0.0	9054.0
720	3710.8333333333335	0.0	11711.0
730	3347.1666666666665	0.0	11176.0
740	3643.3333333333335	0.0	10028.0
750	3656.5	0.0	11864.0
760	3683.3333333333335	0.0	11057.0
770	3877.6666666666665	0.0	8598.0
780	3754.1666666666665	0.0	10834.0
790	4074.1666666666665	0.0	10620.0
800	3794.3333333333335	0.0	11197.0
810	3409.8333333333335	0.0	8234.0
820	3301.1666666666665	0.0	9213.0
830	3530.1666666666665	0.0	9180.0
840	3760.8333333333335	0.0	10492.0
850	3676.6666666666665	0.0	9411.0
860	3963.3333333333335	0.0	11153.0
870	3609.3333333333335	0.0	10311.0
880	3694.0	0.0	10608.0
890	3081.8333333333335	0.0	11540.0
900	3943.6666666666665	0.0	10270.0
910	3761.6666666666665	0.0	7547.0
920	3941.0	0.0	9853.0
930	3846.0	0.0	8195.0
940	3586.3333333333335	0.0	13382.0
950	3725.3333333333335	0.0	9280.0
960	4135.833333333333	0.0	10499.0
970	3983.0	0.0	12031.0
980	3799.6666666666665	0.0	11759.0
990	3768.5	0.0	10368.0
1000	3887.8333333333335	0.0	9772.0
