0	273.3333333333333	0.0	0.0
10	1842.6666666666667	623.0	11172.0
20	1885.6666666666667	377.0	8348.0
30	1878.8333333333333	0.0	8592.0
40	2128.5	0.0	7707.0
50	2208.0	0.0	8018.0
60	2245.5	0.0	6773.0
70	1968.8333333333333	0.0	6818.0
80	2173.3333333333335	0.0	10252.0
90	2196.3333333333335	0.0	8312.0
100	2448.1666666666665	0.0	7639.0
110	2415.6666666666665	0.0	9413.0
120	1953.1666666666667	0.0	9096.0
130	2208.5	0.0	7138.0
140	2472.6666666666665	0.0	9267.0
150	2247.3333333333335	0.0	8860.0
160	2710.8333333333335	0.0	8565.0
170	2728.6666666666665	0.0	6962.0
180	2773.8333333333335	0.0	7315.0
190	2967.0	0.0	11746.0
200	2766.3333333333335	0.0	10039.0
210	2136.0	0.0	7930.0
220	2977.1666666666665	0.0	6468.0
230	2484.5	0.0	7368.0
240	2367.0	0.0	10039.0
250	2800.6666666666665	0.0	6461.0
260	2681.1666666666665	0.0	11098.0
270	2912.0	0.0	10965.0
280	2459.1666666666665	0.0	10729.0
290	2759.8333333333335	0.0	10733.0
300	2624.5	0.0	6317.0
310	2952.6666666666665	0.0	9984.0
320	2768.0	0.0	11553.0
330	3160.6666666666665	0.0	11138.0
340	2885.1666666666665	0.0	8015.0
350	2896.0	0.0	8732.0
360	3209.8333333333335	0.0	6485.0
370	3135.6666666666665	0.0	9793.0
380	3364.6666666666665	0.0	11157.0
390	2870.1666666666665	0.0	13186.0
400	2699.1666666666665	0.0	11239.0
410	3512.5	0.0	10126.0
420	3260.6666666666665	0.0	10575.0
430	3281.8333333333335	0.0	7685.0
440	3263.0	0.0	12590.0
450	3400.6666666666665	0.0	12761.0
460	3526.8333333333335	0.0	10698.0
470	3557.0	0.0	8608.0
480	3437.0	0.0	13001.0
490	3140.8333333333335	0.0	8172.0
500	3550.0	0.0	9205.0
510	3850.8333333333335	0.0	12764.0
520	3505.3333333333335	0.0	9682.0
530	3459.5	0.0	5419.0
540	3285.1666666666665	0.0	9959.0
550	3763.8333333333335	0.0	9818.0
560	3003.3333333333335	0.0	9267.0
570	3730.8333333333335	0.0	12451.0
580	3696.8333333333335	0.0	10041.0
590	3532.1666666666665	0.0	9933.0
600	3484.1666666666665	0.0	9250.0
610	3749.5	0.0	12583.0
620	3751.1666666666665	0.0	9777.0
630	3445.5	0.0	11442.0
640	3581.3333333333335	0.0	11851.0
650	3933.1666666666665	0.0	10329.0
660	3486.1666666666665	0.0	11415.0
670	3457.6666666666665	0.0	9998.0
680	3541.1666666666665	0.0	12051.0
690	3670.8333333333335	0.0	10945.0
700	3337.6666666666665	0.0	13337.0
710	3550.8333333333335	0.0	11810.0
720	3859.3333333333335	0.0	11163.0
730	3463.6666666666665	0.0	8456.0
740	3744.8333333333335	0.0	11218.0
750	3519.0	0.0	11959.0
760	3647.8333333333335	0.0	7452.0
770	3907.3333333333335	0.0	9876.0
780	3817.0	0.0	9242.0
790	4201.666666666667	0.0	11446.0
800	3951.1666666666665	0.0	10433.0
810	3725.0	0.0	11793.0
820	3710.0	0.0	9779.0
830	3943.0	0.0	10348.0
840	3907.0	0.0	8364.0
850	3813.1666666666665	0.0	10661.0
860	3537.0	0.0	10392.0
870	3962.3333333333335	0.0	10390.0
880	3897.8333333333335	0.0	8239.0
890	4001.6666666666665	0.0	7844.0
900	3858.5	0.0	12244.0
910	4071.0	0.0	10368.0
920	3851.3333333333335	0.0	13505.0
930	3337.3333333333335	0.0	8344.0
940	3465.1666666666665	0.0	11464.0
950	3744.6666666666665	0.0	8192.0
960	4066.3333333333335	0.0	13032.0
970	4072.8333333333335	0.0	11355.0
980	3219.8333333333335	0.0	7021.0
990	3893.8333333333335	0.0	9853.0
1000	3698.0	0.0	11482.0
