0	275.3333333333333	0.0
10	95.33333333333333	1000.0
20	70.0	0.0
30	70.0	0.0
40	70.66666666666667	0.0
50	77.0	0.0
60	335.6666666666667	0.0
70	1471.0	0.0
80	254.33333333333334	0.0
90	1065.3333333333333	0.0
100	1823.6666666666667	0.0
110	2129.6666666666665	0.0
120	2271.0	0.0
130	2295.1666666666665	0.0
140	2260.8333333333335	0.0
150	2611.3333333333335	0.0
160	2506.0	0.0
170	2378.6666666666665	0.0
180	2305.3333333333335	0.0
190	2271.3333333333335	0.0
200	2215.6666666666665	0.0
210	2274.6666666666665	0.0
220	2343.0	0.0
230	2097.1666666666665	0.0
240	2025.6666666666667	0.0
250	2525.5	0.0
260	2435.3333333333335	0.0
270	2516.6666666666665	0.0
280	2227.3333333333335	0.0
290	2243.0	0.0
300	2379.8333333333335	0.0
310	2409.0	0.0
320	2310.0	0.0
330	2562.0	0.0
340	2255.6666666666665	0.0
350	2355.0	0.0
360	2206.6666666666665	0.0
370	2102.6666666666665	0.0
380	2018.3333333333333	0.0
390	1984.1666666666667	0.0
400	1878.6666666666667	0.0
410	2401.0	0.0
420	1767.3333333333333	0.0
430	1950.6666666666667	0.0
440	2238.6666666666665	0.0
450	2008.0	0.0
460	1793.6666666666667	0.0
470	2075.1666666666665	0.0
480	1748.3333333333333	0.0
490	1836.8333333333333	0.0
500	2152.3333333333335	0.0
510	1963.3333333333333	0.0
520	1631.0	0.0
530	1126.3333333333333	0.0
540	1661.5	0.0
550	1863.6666666666667	0.0
560	1813.6666666666667	0.0
570	1524.5	0.0
580	1686.0	0.0
590	1746.6666666666667	0.0
600	1668.6666666666667	0.0
610	1829.5	0.0
620	2408.8333333333335	0.0
630	2017.0	0.0
640	1857.6666666666667	0.0
650	2190.3333333333335	0.0
660	2152.1666666666665	0.0
670	2608.1666666666665	0.0
680	2411.6666666666665	0.0
690	2461.6666666666665	0.0
700	2506.1666666666665	0.0
710	2200.8333333333335	0.0
720	2415.6666666666665	0.0
730	2637.3333333333335	0.0
740	2359.0	0.0
750	2165.0	0.0
760	2314.5	0.0
770	2271.0	0.0
780	2228.3333333333335	0.0
790	2405.3333333333335	0.0
800	2626.8333333333335	0.0
810	2302.3333333333335	0.0
820	2392.6666666666665	0.0
830	2555.1666666666665	0.0
840	2370.3333333333335	0.0
850	1783.5	0.0
860	2174.5	0.0
870	1530.0	0.0
880	2296.0	0.0
890	2407.3333333333335	0.0
900	2235.3333333333335	0.0
910	2219.0	0.0
920	2494.6666666666665	0.0
930	2345.3333333333335	0.0
940	2529.3333333333335	0.0
950	1605.8333333333333	0.0
960	1846.0	0.0
970	2047.3333333333333	0.0
980	2523.3333333333335	0.0
990	2311.3333333333335	0.0
1000	2426.5	0.0
