0	267.3333333333333	0.0
10	100.0	1000.0
20	140.0	0.0
30	367.3333333333333	0.0
40	70.66666666666667	0.0
50	178.0	0.0
60	120.0	0.0
70	301.6666666666667	0.0
80	1131.5	0.0
90	1756.0	0.0
100	1143.3333333333333	0.0
110	1787.0	0.0
120	1290.6666666666667	0.0
130	2219.8333333333335	0.0
140	2117.0	0.0
150	2211.1666666666665	0.0
160	2480.6666666666665	0.0
170	2314.0	0.0
180	2240.0	0.0
190	2518.0	0.0
200	2379.0	0.0
210	2278.0	0.0
220	2388.8333333333335	0.0
230	2328.3333333333335	0.0
240	2589.0	0.0
250	2416.0	0.0
260	2374.3333333333335	0.0
270	2516.1666666666665	0.0
280	2472.0	0.0
290	2588.1666666666665	0.0
300	2405.1666666666665	0.0
310	2485.0	0.0
320	2390.1666666666665	0.0
330	2443.6666666666665	0.0
340	2598.0	0.0
350	2316.3333333333335	0.0
360	1646.5	0.0
370	1417.0	0.0
380	1664.0	0.0
390	2193.8333333333335	0.0
400	2026.3333333333333	0.0
410	2113.3333333333335	0.0
420	2196.6666666666665	0.0
430	2263.6666666666665	0.0
440	1718.3333333333333	0.0
450	2423.3333333333335	0.0
460	2439.3333333333335	0.0
470	2537.1666666666665	0.0
480	1755.3333333333333	0.0
490	2057.0	0.0
500	1936.0	0.0
510	1628.3333333333333	0.0
520	1826.0	0.0
530	2011.0	0.0
540	2399.0	0.0
550	2503.3333333333335	0.0
560	2162.6666666666665	0.0
570	1895.3333333333333	0.0
580	1699.0	0.0
590	1945.3333333333333	0.0
600	2130.1666666666665	0.0
610	1849.0	0.0
620	2478.6666666666665	0.0
630	2083.0	0.0
640	2491.6666666666665	0.0
650	2320.5	0.0
660	1920.3333333333333	0.0
670	1768.3333333333333	0.0
680	1960.0	0.0
690	2479.3333333333335	0.0
700	2436.6666666666665	0.0
710	2070.0	0.0
720	2437.8333333333335	0.0
730	2331.0	0.0
740	2289.6666666666665	0.0
750	1798.3333333333333	0.0
760	2101.6666666666665	0.0
770	2538.1666666666665	0.0
780	2651.3333333333335	0.0
790	2457.5	0.0
800	2173.3333333333335	0.0
810	2335.8333333333335	0.0
820	2516.0	0.0
830	2486.0	0.0
840	1933.0	0.0
850	1883.6666666666667	0.0
860	1799.8333333333333	0.0
870	1572.1666666666667	0.0
880	1615.6666666666667	0.0
890	2081.8333333333335	0.0
900	1807.1666666666667	0.0
910	1963.1666666666667	0.0
920	2454.0	0.0
930	2349.5	0.0
940	2512.6666666666665	0.0
950	1922.6666666666667	0.0
960	1516.6666666666667	0.0
970	1833.3333333333333	0.0
980	1965.6666666666667	0.0
990	1768.0	0.0
1000	1833.3333333333333	0.0
