0	267.3333333333333	0.0
10	599.3333333333334	1000.0
20	133.66666666666666	0.0
30	735.3333333333334	0.0
40	1134.0	0.0
50	1839.3333333333333	0.0
60	1747.6666666666667	0.0
70	1990.6666666666667	0.0
80	2192.0	0.0
90	2075.0	0.0
100	2227.3333333333335	0.0
110	2162.8333333333335	0.0
120	2270.8333333333335	0.0
130	2262.0	0.0
140	2281.0	0.0
150	1945.0	0.0
160	2355.3333333333335	0.0
170	2120.8333333333335	0.0
180	2316.0	0.0
190	2294.6666666666665	0.0
200	2348.1666666666665	0.0
210	2237.0	0.0
220	2489.0	0.0
230	2343.0	0.0
240	2414.6666666666665	0.0
250	1893.6666666666667	0.0
260	1727.6666666666667	0.0
270	1772.5	0.0
280	2450.0	0.0
290	2395.5	0.0
300	2392.1666666666665	0.0
310	2235.6666666666665	0.0
320	1815.1666666666667	0.0
330	1908.8333333333333	0.0
340	1797.3333333333333	0.0
350	2029.6666666666667	0.0
360	2290.8333333333335	0.0
370	2510.6666666666665	0.0
380	1596.3333333333333	0.0
390	2419.6666666666665	0.0
400	2633.6666666666665	0.0
410	2751.1666666666665	0.0
420	1656.3333333333333	0.0
430	2280.1666666666665	0.0
440	2268.0	0.0
450	1836.8333333333333	0.0
460	2059.3333333333335	0.0
470	2019.0	0.0
480	2077.0	0.0
490	1868.1666666666667	0.0
500	1931.5	0.0
510	1724.6666666666667	0.0
520	2069.6666666666665	0.0
530	2408.6666666666665	0.0
540	2279.6666666666665	0.0
550	2237.0	0.0
560	1871.3333333333333	0.0
570	1564.6666666666667	0.0
580	2152.5	0.0
590	2122.5	0.0
600	1728.6666666666667	0.0
610	2391.0	0.0
620	2246.0	0.0
630	2337.8333333333335	0.0
640	1885.1666666666667	0.0
650	1869.5	0.0
660	2445.3333333333335	0.0
670	2248.1666666666665	0.0
680	2561.3333333333335	0.0
690	2413.0	0.0
700	2701.6666666666665	0.0
710	2619.8333333333335	0.0
720	2466.3333333333335	0.0
730	2028.5	0.0
740	1734.5	0.0
750	1830.5	0.0
760	1889.3333333333333	0.0
770	2372.3333333333335	0.0
780	1875.0	0.0
790	1774.8333333333333	0.0
800	2727.0	0.0
810	2441.6666666666665	0.0
820	2355.6666666666665	0.0
830	2593.0	0.0
840	2329.3333333333335	0.0
850	2561.8333333333335	0.0
860	2422.3333333333335	0.0
870	2428.1666666666665	0.0
880	2610.3333333333335	0.0
890	2755.3333333333335	0.0
900	2537.6666666666665	0.0
910	2557.3333333333335	0.0
920	2247.1666666666665	0.0
930	2221.0	0.0
940	2511.6666666666665	0.0
950	2581.6666666666665	0.0
960	2510.6666666666665	0.0
970	2536.0	0.0
980	2676.6666666666665	0.0
990	2367.3333333333335	0.0
1000	2485.0	0.0
