0	264.0	0.0
10	100.0	1000.0
20	307.3333333333333	0.0
30	109.0	0.0
40	403.0	0.0
50	1245.6666666666667	0.0
60	1236.3333333333333	0.0
70	1474.0	0.0
80	2261.3333333333335	0.0
90	2275.0	0.0
100	2339.3333333333335	0.0
110	2345.5	0.0
120	2272.8333333333335	0.0
130	1919.8333333333333	0.0
140	2256.6666666666665	0.0
150	2440.8333333333335	0.0
160	2188.0	0.0
170	2565.6666666666665	0.0
180	2144.3333333333335	0.0
190	2349.8333333333335	0.0
200	2457.3333333333335	0.0
210	2303.6666666666665	0.0
220	2476.8333333333335	0.0
230	2379.6666666666665	0.0
240	1969.6666666666667	0.0
250	2590.0	0.0
260	1631.6666666666667	0.0
270	1561.0	0.0
280	2045.1666666666667	0.0
290	1742.5	0.0
300	1873.0	0.0
310	2013.0	0.0
320	2054.0	0.0
330	2054.3333333333335	0.0
340	1799.0	0.0
350	2221.3333333333335	0.0
360	2142.8333333333335	0.0
370	1923.0	0.0
380	2163.0	0.0
390	2016.3333333333333	0.0
400	2093.1666666666665	0.0
410	2178.6666666666665	0.0
420	2209.3333333333335	0.0
430	2176.6666666666665	0.0
440	1168.6666666666667	0.0
450	2150.6666666666665	0.0
460	1505.5	0.0
470	1659.5	0.0
480	1397.6666666666667	0.0
490	1890.3333333333333	0.0
500	2204.3333333333335	0.0
510	2041.3333333333333	0.0
520	2007.0	0.0
530	2238.8333333333335	0.0
540	2356.5	0.0
550	2188.5	0.0
560	1960.8333333333333	0.0
570	2240.6666666666665	0.0
580	2030.3333333333333	0.0
590	2191.3333333333335	0.0
600	2154.0	0.0
610	2378.3333333333335	0.0
620	2304.3333333333335	0.0
630	2367.8333333333335	0.0
640	2021.8333333333333	0.0
650	1870.3333333333333	0.0
660	1787.0	0.0
670	2406.0	0.0
680	2057.3333333333335	0.0
690	2078.8333333333335	0.0
700	2448.6666666666665	0.0
710	2297.3333333333335	0.0
720	2348.3333333333335	0.0
730	2337.5	0.0
740	2336.6666666666665	0.0
750	2008.6666666666667	0.0
760	2408.0	0.0
770	2433.5	0.0
780	2366.6666666666665	0.0
790	2564.5	0.0
800	2335.0	0.0
810	2447.6666666666665	0.0
820	2454.0	0.0
830	2341.0	0.0
840	2644.3333333333335	0.0
850	2322.6666666666665	0.0
860	2347.6666666666665	0.0
870	2580.5	0.0
880	2332.3333333333335	0.0
890	2462.6666666666665	0.0
900	2339.6666666666665	0.0
910	2475.3333333333335	0.0
920	2312.1666666666665	0.0
930	1855.8333333333333	0.0
940	1824.5	0.0
950	1876.0	0.0
960	1724.0	0.0
970	2032.0	0.0
980	1865.8333333333333	0.0
990	1884.8333333333333	0.0
1000	1822.6666666666667	0.0
