0	274.6666666666667	0.0
10	100.0	1000.0
20	142.66666666666666	0.0
30	99.33333333333333	0.0
40	72.66666666666667	0.0
50	328.0	0.0
60	2071.0	0.0
70	1150.0	0.0
80	1862.8333333333333	0.0
90	2033.3333333333333	0.0
100	1270.0	0.0
110	2225.6666666666665	0.0
120	2122.3333333333335	0.0
130	2511.0	0.0
140	2392.0	0.0
150	2376.6666666666665	0.0
160	2322.0	0.0
170	2334.1666666666665	0.0
180	2657.0	0.0
190	2157.6666666666665	0.0
200	2132.6666666666665	0.0
210	2298.3333333333335	0.0
220	2424.0	0.0
230	2359.0	0.0
240	2341.3333333333335	0.0
250	2651.3333333333335	0.0
260	2605.3333333333335	0.0
270	1774.6666666666667	0.0
280	1841.6666666666667	0.0
290	2209.3333333333335	0.0
300	1972.8333333333333	0.0
310	2561.3333333333335	0.0
320	1981.6666666666667	0.0
330	1783.0	0.0
340	2013.6666666666667	0.0
350	1890.3333333333333	0.0
360	2001.6666666666667	0.0
370	1788.0	0.0
380	1787.3333333333333	0.0
390	1992.1666666666667	0.0
400	2078.0	0.0
410	2357.1666666666665	0.0
420	1747.3333333333333	0.0
430	1340.6666666666667	0.0
440	2259.3333333333335	0.0
450	2179.0	0.0
460	1720.3333333333333	0.0
470	1616.6666666666667	0.0
480	1749.0	0.0
490	2471.0	0.0
500	2292.8333333333335	0.0
510	2075.1666666666665	0.0
520	1802.1666666666667	0.0
530	1866.3333333333333	0.0
540	2568.1666666666665	0.0
550	1718.3333333333333	0.0
560	2003.8333333333333	0.0
570	2481.3333333333335	0.0
580	1897.3333333333333	0.0
590	1751.6666666666667	0.0
600	1666.3333333333333	0.0
610	2365.5	0.0
620	1772.0	0.0
630	2727.6666666666665	0.0
640	2541.6666666666665	0.0
650	2561.3333333333335	0.0
660	2568.0	0.0
670	2349.6666666666665	0.0
680	2559.3333333333335	0.0
690	2434.8333333333335	0.0
700	1949.6666666666667	0.0
710	2431.0	0.0
720	2253.5	0.0
730	2426.3333333333335	0.0
740	1803.0	0.0
750	2033.3333333333333	0.0
760	1783.3333333333333	0.0
770	1950.0	0.0
780	2282.1666666666665	0.0
790	1967.8333333333333	0.0
800	1834.0	0.0
810	2453.8333333333335	0.0
820	2458.6666666666665	0.0
830	2207.0	0.0
840	2476.3333333333335	0.0
850	2658.8333333333335	0.0
860	2461.0	0.0
870	2538.3333333333335	0.0
880	2434.3333333333335	0.0
890	1918.1666666666667	0.0
900	1991.5	0.0
910	1849.6666666666667	0.0
920	2259.1666666666665	0.0
930	1811.6666666666667	0.0
940	1749.5	0.0
950	1618.0	0.0
960	1929.5	0.0
970	2499.6666666666665	0.0
980	2381.0	0.0
990	2425.8333333333335	0.0
1000	2432.5	0.0
