0	263.6666666666667	0.0	0.0	0.0	0.0	0.0	0.0
10	1863.0	1000.0	2250.0	768.0	591.0	321.0	409.0
20	2129.8333333333335	0.0	0.0	0.0	0.0	0.0	0.0
30	2065.3333333333335	0.0	0.0	0.0	0.0	0.0	0.0
40	2025.3333333333333	0.0	0.0	0.0	0.0	0.0	0.0
50	2065.8333333333335	0.0	0.0	0.0	0.0	0.0	0.0
60	2182.0	0.0	0.0	0.0	0.0	0.0	0.0
70	2064.5	0.0	0.0	0.0	0.0	0.0	0.0
80	2109.3333333333335	0.0	0.0	0.0	0.0	0.0	0.0
90	2030.1666666666667	0.0	0.0	0.0	0.0	0.0	0.0
100	2287.0	0.0	0.0	0.0	0.0	0.0	0.0
110	2018.0	0.0	0.0	0.0	0.0	0.0	0.0
120	2232.3333333333335	0.0	0.0	0.0	0.0	0.0	0.0
130	2160.6666666666665	0.0	0.0	0.0	0.0	0.0	0.0
140	2157.6666666666665	0.0	0.0	0.0	0.0	0.0	0.0
150	2053.8333333333335	0.0	0.0	0.0	0.0	0.0	0.0
160	2170.6666666666665	0.0	0.0	0.0	0.0	0.0	0.0
170	2231.5	0.0	0.0	0.0	0.0	0.0	0.0
180	2318.1666666666665	0.0	0.0	0.0	0.0	0.0	0.0
190	2148.6666666666665	0.0	0.0	0.0	0.0	0.0	0.0
200	2200.5	0.0	0.0	0.0	0.0	0.0	0.0
210	2155.3333333333335	0.0	0.0	0.0	0.0	0.0	0.0
220	2136.3333333333335	0.0	0.0	0.0	0.0	0.0	0.0
230	2269.0	0.0	0.0	0.0	0.0	0.0	0.0
240	2211.3333333333335	0.0	0.0	0.0	0.0	0.0	0.0
250	2591.3333333333335	0.0	0.0	0.0	0.0	0.0	0.0
260	2350.3333333333335	0.0	0.0	0.0	0.0	0.0	0.0
270	2341.3333333333335	0.0	0.0	0.0	0.0	0.0	0.0
280	2314.1666666666665	0.0	0.0	0.0	0.0	0.0	0.0
290	2278.8333333333335	0.0	0.0	0.0	0.0	0.0	0.0
300	2405.5	0.0	0.0	0.0	0.0	0.0	0.0
310	2714.5	0.0	0.0	0.0	0.0	0.0	0.0
320	2547.6666666666665	0.0	0.0	0.0	0.0	0.0	0.0
330	2755.6666666666665	0.0	0.0	0.0	0.0	0.0	0.0
340	2753.1666666666665	0.0	0.0	0.0	0.0	0.0	0.0
350	2713.6666666666665	0.0	0.0	0.0	0.0	0.0	0.0
360	2464.5	0.0	0.0	0.0	0.0	0.0	0.0
370	2235.6666666666665	0.0	0.0	0.0	0.0	0.0	0.0
380	2681.5	0.0	0.0	0.0	0.0	0.0	0.0
390	2564.8333333333335	0.0	0.0	0.0	0.0	0.0	0.0
400	2663.0	0.0	0.0	0.0	0.0	0.0	0.0
410	2699.5	0.0	0.0	0.0	0.0	0.0	0.0
420	2670.3333333333335	0.0	0.0	0.0	0.0	0.0	0.0
430	2678.6666666666665	0.0	0.0	0.0	0.0	0.0	0.0
440	2416.1666666666665	0.0	0.0	0.0	0.0	0.0	0.0
450	2482.1666666666665	0.0	0.0	0.0	0.0	0.0	0.0
460	2649.0	0.0	0.0	0.0	0.0	0.0	0.0
470	2407.0	0.0	0.0	0.0	0.0	0.0	0.0
480	2796.8333333333335	0.0	0.0	0.0	0.0	0.0	0.0
490	2812.0	0.0	0.0	0.0	0.0	0.0	0.0
500	2865.6666666666665	0.0	0.0	0.0	0.0	0.0	0.0
510	2811.1666666666665	0.0	0.0	0.0	0.0	0.0	0.0
520	2863.5	0.0	0.0	0.0	0.0	0.0	0.0
530	2792.8333333333335	0.0	0.0	0.0	0.0	0.0	0.0
540	2564.6666666666665	0.0	0.0	0.0	0.0	0.0	0.0
550	2796.1666666666665	0.0	0.0	0.0	0.0	0.0	0.0
560	2771.0	0.0	0.0	0.0	0.0	0.0	0.0
570	2733.3333333333335	0.0	0.0	0.0	0.0	0.0	0.0
580	2799.6666666666665	0.0	0.0	0.0	0.0	0.0	0.0
590	3000.0	0.0	0.0	0.0	0.0	0.0	0.0
600	2945.3333333333335	0.0	0.0	0.0	0.0	0.0	0.0
610	2767.6666666666665	0.0	0.0	0.0	0.0	0.0	0.0
620	2839.1666666666665	0.0	0.0	0.0	0.0	0.0	0.0
630	2892.8333333333335	0.0	0.0	0.0	0.0	0.0	0.0
640	2648.5	0.0	0.0	0.0	0.0	0.0	0.0
650	2677.3333333333335	0.0	0.0	0.0	0.0	0.0	0.0
660	2602.6666666666665	0.0	0.0	0.0	0.0	0.0	0.0
670	2943.0	0.0	0.0	0.0	0.0	0.0	0.0
680	2713.8333333333335	0.0	0.0	0.0	0.0	0.0	0.0
690	2945.8333333333335	0.0	0.0	0.0	0.0	0.0	0.0
700	3083.5	0.0	0.0	0.0	0.0	0.0	0.0
710	3045.6666666666665	0.0	0.0	0.0	0.0	0.0	0.0
720	2833.6666666666665	0.0	0.0	0.0	0.0	0.0	0.0
730	2888.1666666666665	0.0	0.0	0.0	0.0	0.0	0.0
740	2603.0	0.0	0.0	0.0	0.0	0.0	0.0
750	3027.6666666666665	0.0	0.0	0.0	0.0	0.0	0.0
760	2695.8333333333335	0.0	0.0	0.0	0.0	0.0	0.0
770	2707.3333333333335	0.0	0.0	0.0	0.0	0.0	0.0
780	2885.0	0.0	0.0	0.0	0.0	0.0	0.0
790	2778.8333333333335	0.0	0.0	0.0	0.0	0.0	0.0
800	2960.6666666666665	0.0	0.0	0.0	0.0	0.0	0.0
810	3102.5	0.0	0.0	0.0	0.0	0.0	0.0
820	2822.3333333333335	0.0	0.0	0.0	0.0	0.0	0.0
830	2912.1666666666665	0.0	0.0	0.0	0.0	0.0	0.0
840	2828.8333333333335	0.0	0.0	0.0	0.0	0.0	0.0
850	3068.5	0.0	0.0	0.0	0.0	0.0	0.0
860	3001.5	0.0	0.0	0.0	0.0	0.0	0.0
870	2595.0	0.0	0.0	0.0	0.0	0.0	0.0
880	2836.6666666666665	0.0	0.0	0.0	0.0	0.0	0.0
890	3035.5	0.0	0.0	0.0	0.0	0.0	0.0
900	2941.5	0.0	0.0	0.0	0.0	0.0	0.0
910	2838.3333333333335	0.0	0.0	0.0	0.0	0.0	0.0
920	2995.6666666666665	0.0	0.0	0.0	0.0	0.0	0.0
930	2799.3333333333335	0.0	0.0	0.0	0.0	0.0	0.0
940	3075.8333333333335	0.0	0.0	0.0	0.0	0.0	0.0
950	3263.6666666666665	0.0	0.0	0.0	0.0	0.0	0.0
960	3104.3333333333335	0.0	0.0	0.0	0.0	0.0	0.0
970	3093.3333333333335	0.0	0.0	0.0	0.0	0.0	0.0
980	2866.6666666666665	0.0	0.0	0.0	0.0	0.0	0.0
990	2938.6666666666665	0.0	0.0	0.0	0.0	0.0	0.0
1000	2923.3333333333335	0.0	0.0	0.0	0.0	0.0	0.0
