0	304.6666666666667	0.0	0.0	0.0	0.0	0.0	0.0
10	2037.6666666666667	1000.0	1807.0	817.0	557.0	345.0	443.0
20	2099.5	0.0	0.0	0.0	0.0	0.0	0.0
30	2084.5	0.0	0.0	0.0	0.0	0.0	0.0
40	2048.8333333333335	0.0	0.0	0.0	0.0	0.0	0.0
50	2175.1666666666665	0.0	0.0	0.0	0.0	0.0	0.0
60	2054.0	0.0	0.0	0.0	0.0	0.0	0.0
70	2011.5	0.0	0.0	0.0	0.0	0.0	0.0
80	2059.3333333333335	0.0	0.0	0.0	0.0	0.0	0.0
90	2010.8333333333333	0.0	0.0	0.0	0.0	0.0	0.0
100	2021.6666666666667	0.0	0.0	0.0	0.0	0.0	0.0
110	2035.8333333333333	0.0	0.0	0.0	0.0	0.0	0.0
120	2095.5	0.0	0.0	0.0	0.0	0.0	0.0
130	2301.0	0.0	0.0	0.0	0.0	0.0	0.0
140	2210.5	0.0	0.0	0.0	0.0	0.0	0.0
150	2039.5	0.0	0.0	0.0	0.0	0.0	0.0
160	2321.0	0.0	0.0	0.0	0.0	0.0	0.0
170	2155.1666666666665	0.0	0.0	0.0	0.0	0.0	0.0
180	2176.1666666666665	0.0	0.0	0.0	0.0	0.0	0.0
190	2360.8333333333335	0.0	0.0	0.0	0.0	0.0	0.0
200	2344.0	0.0	0.0	0.0	0.0	0.0	0.0
210	2150.3333333333335	0.0	0.0	0.0	0.0	0.0	0.0
220	2309.1666666666665	0.0	0.0	0.0	0.0	0.0	0.0
230	2460.0	0.0	0.0	0.0	0.0	0.0	0.0
240	2416.3333333333335	0.0	0.0	0.0	0.0	0.0	0.0
250	2383.5	0.0	0.0	0.0	0.0	0.0	0.0
260	2250.5	0.0	0.0	0.0	0.0	0.0	0.0
270	2332.6666666666665	0.0	0.0	0.0	0.0	0.0	0.0
280	2497.3333333333335	0.0	0.0	0.0	0.0	0.0	0.0
290	2399.3333333333335	0.0	0.0	0.0	0.0	0.0	0.0
300	2328.6666666666665	0.0	0.0	0.0	0.0	0.0	0.0
310	2406.6666666666665	0.0	0.0	0.0	0.0	0.0	0.0
320	2203.8333333333335	0.0	0.0	0.0	0.0	0.0	0.0
330	2250.5	0.0	0.0	0.0	0.0	0.0	0.0
340	2604.0	0.0	0.0	0.0	0.0	0.0	0.0
350	2542.1666666666665	0.0	0.0	0.0	0.0	0.0	0.0
360	2340.5	0.0	0.0	0.0	0.0	0.0	0.0
370	2288.6666666666665	0.0	0.0	0.0	0.0	0.0	0.0
380	2813.8333333333335	0.0	0.0	0.0	0.0	0.0	0.0
390	2424.1666666666665	0.0	0.0	0.0	0.0	0.0	0.0
400	2518.3333333333335	0.0	0.0	0.0	0.0	0.0	0.0
410	2556.8333333333335	0.0	0.0	0.0	0.0	0.0	0.0
420	2583.6666666666665	0.0	0.0	0.0	0.0	0.0	0.0
430	2556.8333333333335	0.0	0.0	0.0	0.0	0.0	0.0
440	2491.3333333333335	0.0	0.0	0.0	0.0	0.0	0.0
450	2596.8333333333335	0.0	0.0	0.0	0.0	0.0	0.0
460	2677.0	0.0	0.0	0.0	0.0	0.0	0.0
470	2678.6666666666665	0.0	0.0	0.0	0.0	0.0	0.0
480	2312.0	0.0	0.0	0.0	0.0	0.0	0.0
490	2687.1666666666665	0.0	0.0	0.0	0.0	0.0	0.0
500	2655.8333333333335	0.0	0.0	0.0	0.0	0.0	0.0
510	2491.5	0.0	0.0	0.0	0.0	0.0	0.0
520	2459.8333333333335	0.0	0.0	0.0	0.0	0.0	0.0
530	2890.6666666666665	0.0	0.0	0.0	0.0	0.0	0.0
540	2646.8333333333335	0.0	0.0	0.0	0.0	0.0	0.0
550	2698.8333333333335	0.0	0.0	0.0	0.0	0.0	0.0
560	2546.0	0.0	0.0	0.0	0.0	0.0	0.0
570	3043.0	0.0	0.0	0.0	0.0	0.0	0.0
580	2799.0	0.0	0.0	0.0	0.0	0.0	0.0
590	2922.6666666666665	0.0	0.0	0.0	0.0	0.0	0.0
600	2381.6666666666665	0.0	0.0	0.0	0.0	0.0	0.0
610	2834.5	0.0	0.0	0.0	0.0	0.0	0.0
620	2615.1666666666665	0.0	0.0	0.0	0.0	0.0	0.0
630	2791.1666666666665	0.0	0.0	0.0	0.0	0.0	0.0
640	2683.1666666666665	0.0	0.0	0.0	0.0	0.0	0.0
650	2494.5	0.0	0.0	0.0	0.0	0.0	0.0
660	2847.6666666666665	0.0	0.0	0.0	0.0	0.0	0.0
670	2812.8333333333335	0.0	0.0	0.0	0.0	0.0	0.0
680	2472.8333333333335	0.0	0.0	0.0	0.0	0.0	0.0
690	2675.5	0.0	0.0	0.0	0.0	0.0	0.0
700	2636.0	0.0	0.0	0.0	0.0	0.0	0.0
710	2861.3333333333335	0.0	0.0	0.0	0.0	0.0	0.0
720	2878.8333333333335	0.0	0.0	0.0	0.0	0.0	0.0
730	2655.1666666666665	0.0	0.0	0.0	0.0	0.0	0.0
740	2727.1666666666665	0.0	0.0	0.0	0.0	0.0	0.0
750	3222.3333333333335	0.0	0.0	0.0	0.0	0.0	0.0
760	2568.5	0.0	0.0	0.0	0.0	0.0	0.0
770	2980.6666666666665	0.0	0.0	0.0	0.0	0.0	0.0
780	2944.3333333333335	0.0	0.0	0.0	0.0	0.0	0.0
790	2979.0	0.0	0.0	0.0	0.0	0.0	0.0
800	2758.0	0.0	0.0	0.0	0.0	0.0	0.0
810	2975.5	0.0	0.0	0.0	0.0	0.0	0.0
820	3168.8333333333335	0.0	0.0	0.0	0.0	0.0	0.0
830	3035.3333333333335	0.0	0.0	0.0	0.0	0.0	0.0
840	2800.1666666666665	0.0	0.0	0.0	0.0	0.0	0.0
850	2808.6666666666665	0.0	0.0	0.0	0.0	0.0	0.0
860	2794.5	0.0	0.0	0.0	0.0	0.0	0.0
870	2674.6666666666665	0.0	0.0	0.0	0.0	0.0	0.0
880	3102.8333333333335	0.0	0.0	0.0	0.0	0.0	0.0
890	2726.6666666666665	0.0	0.0	0.0	0.0	0.0	0.0
900	3020.3333333333335	0.0	0.0	0.0	0.0	0.0	0.0
910	3007.8333333333335	0.0	0.0	0.0	0.0	0.0	0.0
920	2950.6666666666665	0.0	0.0	0.0	0.0	0.0	0.0
930	2917.3333333333335	0.0	0.0	0.0	0.0	0.0	0.0
940	3012.6666666666665	0.0	0.0	0.0	0.0	0.0	0.0
950	2806.5	0.0	0.0	0.0	0.0	0.0	0.0
960	2935.1666666666665	0.0	0.0	0.0	0.0	0.0	0.0
970	3239.3333333333335	0.0	0.0	0.0	0.0	0.0	0.0
980	3091.0	0.0	0.0	0.0	0.0	0.0	0.0
990	2922.1666666666665	0.0	0.0	0.0	0.0	0.0	0.0
1000	2945.5	0.0	0.0	0.0	0.0	0.0	0.0
