0	239.0	0.0
10	79.66666666666667	1000.0
20	70.0	0.0
30	70.0	0.0
40	70.0	0.0
50	72.66666666666667	0.0
60	377.3333333333333	0.0
70	1032.0	0.0
80	1803.0	0.0
90	1621.3333333333333	0.0
100	2102.0	0.0
110	1904.0	0.0
120	1954.6666666666667	0.0
130	2173.0	0.0
140	2090.0	0.0
150	2075.8333333333335	0.0
160	2102.5	0.0
170	2385.0	0.0
180	2563.3333333333335	0.0
190	2558.6666666666665	0.0
200	2200.8333333333335	0.0
210	2317.6666666666665	0.0
220	2385.5	0.0
230	2695.5	0.0
240	2451.6666666666665	0.0
250	2295.3333333333335	0.0
260	2721.5	0.0
270	2500.1666666666665	0.0
280	2300.0	0.0
290	2425.0	0.0
300	2583.0	0.0
310	1811.6666666666667	0.0
320	2120.0	0.0
330	2017.6666666666667	0.0
340	1959.6666666666667	0.0
350	2321.0	0.0
360	1710.6666666666667	0.0
370	2023.0	0.0
380	1483.6666666666667	0.0
390	2164.5	0.0
400	1881.3333333333333	0.0
410	2018.6666666666667	0.0
420	2014.3333333333333	0.0
430	2244.3333333333335	0.0
440	1234.6666666666667	0.0
450	1584.1666666666667	0.0
460	2202.0	0.0
470	1981.0	0.0
480	1853.6666666666667	0.0
490	2454.3333333333335	0.0
500	1177.3333333333333	0.0
510	1460.0	0.0
520	1582.0	0.0
530	1303.5	0.0
540	2015.3333333333333	0.0
550	2029.6666666666667	0.0
560	1663.6666666666667	0.0
570	2611.0	0.0
580	2390.6666666666665	0.0
590	2167.3333333333335	0.0
600	2567.8333333333335	0.0
610	2466.8333333333335	0.0
620	2372.8333333333335	0.0
630	2299.3333333333335	0.0
640	2264.1666666666665	0.0
650	2397.8333333333335	0.0
660	2614.1666666666665	0.0
670	2273.6666666666665	0.0
680	2552.0	0.0
690	2450.6666666666665	0.0
700	2420.8333333333335	0.0
710	2444.6666666666665	0.0
720	2280.6666666666665	0.0
730	2638.3333333333335	0.0
740	2394.5	0.0
750	2673.0	0.0
760	2439.0	0.0
770	2498.3333333333335	0.0
780	2422.6666666666665	0.0
790	1829.8333333333333	0.0
800	1937.6666666666667	0.0
810	1619.3333333333333	0.0
820	1827.3333333333333	0.0
830	2127.6666666666665	0.0
840	2365.0	0.0
850	2302.6666666666665	0.0
860	2426.6666666666665	0.0
870	2391.6666666666665	0.0
880	1793.3333333333333	0.0
890	1757.6666666666667	0.0
900	2075.0	0.0
910	1995.6666666666667	0.0
920	1570.6666666666667	0.0
930	2012.8333333333333	0.0
940	1778.0	0.0
950	2580.6666666666665	0.0
960	2313.5	0.0
970	2377.0	0.0
980	2418.3333333333335	0.0
990	2166.0	0.0
1000	2281.0	0.0
