0	256.0	0.0
10	130.0	1000.0
20	88.0	0.0
30	121.66666666666667	0.0
40	573.3333333333334	0.0
50	141.33333333333334	0.0
60	1272.0	0.0
70	1442.0	0.0
80	2030.3333333333333	0.0
90	2093.5	0.0
100	2332.3333333333335	0.0
110	2400.3333333333335	0.0
120	2221.1666666666665	0.0
130	2460.0	0.0
140	2431.3333333333335	0.0
150	2299.0	0.0
160	1868.6666666666667	0.0
170	2231.8333333333335	0.0
180	2230.5	0.0
190	2493.8333333333335	0.0
200	2467.6666666666665	0.0
210	2290.6666666666665	0.0
220	2216.0	0.0
230	2169.3333333333335	0.0
240	1841.0	0.0
250	2594.3333333333335	0.0
260	2461.8333333333335	0.0
270	1785.0	0.0
280	1718.5	0.0
290	1763.6666666666667	0.0
300	2313.0	0.0
310	2375.3333333333335	0.0
320	1294.1666666666667	0.0
330	2404.6666666666665	0.0
340	2418.3333333333335	0.0
350	1102.3333333333333	0.0
360	2031.0	0.0
370	2042.0	0.0
380	1773.6666666666667	0.0
390	2090.6666666666665	0.0
400	2347.1666666666665	0.0
410	1836.8333333333333	0.0
420	2246.3333333333335	0.0
430	1728.8333333333333	0.0
440	2030.6666666666667	0.0
450	1905.0	0.0
460	2292.0	0.0
470	1823.6666666666667	0.0
480	2172.8333333333335	0.0
490	1992.3333333333333	0.0
500	1694.1666666666667	0.0
510	2128.0	0.0
520	1891.8333333333333	0.0
530	2193.3333333333335	0.0
540	1973.6666666666667	0.0
550	2061.0	0.0
560	2500.6666666666665	0.0
570	1905.3333333333333	0.0
580	2386.3333333333335	0.0
590	2637.0	0.0
600	2300.5	0.0
610	2492.6666666666665	0.0
620	2223.3333333333335	0.0
630	2572.8333333333335	0.0
640	2495.6666666666665	0.0
650	2321.8333333333335	0.0
660	2208.3333333333335	0.0
670	2195.3333333333335	0.0
680	2343.0	0.0
690	2467.6666666666665	0.0
700	2378.0	0.0
710	2822.6666666666665	0.0
720	2315.0	0.0
730	2580.3333333333335	0.0
740	2455.1666666666665	0.0
750	2481.0	0.0
760	2320.3333333333335	0.0
770	2257.3333333333335	0.0
780	2419.6666666666665	0.0
790	2360.5	0.0
800	2630.8333333333335	0.0
810	2413.6666666666665	0.0
820	2589.8333333333335	0.0
830	2556.0	0.0
840	2509.6666666666665	0.0
850	2421.0	0.0
860	1733.3333333333333	0.0
870	1789.6666666666667	0.0
880	1647.0	0.0
890	1891.8333333333333	0.0
900	1838.0	0.0
910	1940.5	0.0
920	2003.6666666666667	0.0
930	1918.3333333333333	0.0
940	2109.1666666666665	0.0
950	2405.8333333333335	0.0
960	2136.5	0.0
970	2325.3333333333335	0.0
980	1618.1666666666667	0.0
990	1521.8333333333333	0.0
1000	1900.0	0.0
