0	242.0	0.0
10	73.33333333333333	1000.0
20	70.0	0.0
30	70.0	0.0
40	71.66666666666667	0.0
50	117.0	0.0
60	1198.0	0.0
70	71.33333333333333	0.0
80	1598.8333333333333	0.0
90	418.6666666666667	0.0
100	1393.3333333333333	0.0
110	1982.8333333333333	0.0
120	2206.0	0.0
130	2067.3333333333335	0.0
140	2330.3333333333335	0.0
150	2495.8333333333335	0.0
160	2722.0	0.0
170	2256.3333333333335	0.0
180	2238.6666666666665	0.0
190	2110.5	0.0
200	2222.3333333333335	0.0
210	2657.3333333333335	0.0
220	2409.6666666666665	0.0
230	2530.0	0.0
240	2568.3333333333335	0.0
250	2467.3333333333335	0.0
260	2051.8333333333335	0.0
270	2733.6666666666665	0.0
280	2359.3333333333335	0.0
290	2479.5	0.0
300	1864.5	0.0
310	2072.6666666666665	0.0
320	2522.0	0.0
330	2112.5	0.0
340	2405.0	0.0
350	2388.6666666666665	0.0
360	2507.0	0.0
370	2249.6666666666665	0.0
380	2244.6666666666665	0.0
390	2279.5	0.0
400	2337.5	0.0
410	2428.0	0.0
420	2344.0	0.0
430	2201.8333333333335	0.0
440	2402.6666666666665	0.0
450	2531.8333333333335	0.0
460	2487.8333333333335	0.0
470	2613.8333333333335	0.0
480	2359.0	0.0
490	2334.0	0.0
500	1889.3333333333333	0.0
510	2156.0	0.0
520	2093.5	0.0
530	1799.6666666666667	0.0
540	2195.8333333333335	0.0
550	1869.0	0.0
560	2195.3333333333335	0.0
570	1753.5	0.0
580	2624.6666666666665	0.0
590	2450.8333333333335	0.0
600	2501.1666666666665	0.0
610	2337.0	0.0
620	2178.0	0.0
630	2253.6666666666665	0.0
640	2313.6666666666665	0.0
650	2283.3333333333335	0.0
660	2255.3333333333335	0.0
670	1736.3333333333333	0.0
680	1872.1666666666667	0.0
690	1851.0	0.0
700	1883.3333333333333	0.0
710	2123.6666666666665	0.0
720	2071.5	0.0
730	1967.0	0.0
740	2382.6666666666665	0.0
750	2210.3333333333335	0.0
760	2125.6666666666665	0.0
770	2001.6666666666667	0.0
780	1823.3333333333333	0.0
790	2714.0	0.0
800	1769.0	0.0
810	2453.3333333333335	0.0
820	2570.3333333333335	0.0
830	1965.3333333333333	0.0
840	2514.6666666666665	0.0
850	1828.6666666666667	0.0
860	2301.0	0.0
870	2574.6666666666665	0.0
880	1960.8333333333333	0.0
890	2003.6666666666667	0.0
900	2208.0	0.0
910	1930.3333333333333	0.0
920	1927.0	0.0
930	2484.3333333333335	0.0
940	2593.1666666666665	0.0
950	1940.5	0.0
960	1719.3333333333333	0.0
970	2334.1666666666665	0.0
980	2411.6666666666665	0.0
990	2267.1666666666665	0.0
1000	2582.5	0.0
