0	274.3333333333333	0.0
10	251.0	1000.0
20	223.0	0.0
30	70.0	0.0
40	277.6666666666667	0.0
50	690.6666666666666	0.0
60	1778.3333333333333	0.0
70	1914.0	0.0
80	2163.0	0.0
90	1987.6666666666667	0.0
100	2416.6666666666665	0.0
110	2351.3333333333335	0.0
120	2068.1666666666665	0.0
130	1932.3333333333333	0.0
140	2076.5	0.0
150	2134.0	0.0
160	2300.6666666666665	0.0
170	2561.1666666666665	0.0
180	2533.0	0.0
190	2335.6666666666665	0.0
200	2492.6666666666665	0.0
210	2554.3333333333335	0.0
220	2395.6666666666665	0.0
230	2825.6666666666665	0.0
240	1638.6666666666667	0.0
250	1717.6666666666667	0.0
260	1720.6666666666667	0.0
270	2539.8333333333335	0.0
280	2308.0	0.0
290	1181.0	0.0
300	1084.3333333333333	0.0
310	1653.8333333333333	0.0
320	1770.1666666666667	0.0
330	2533.6666666666665	0.0
340	1987.0	0.0
350	1448.0	0.0
360	1948.3333333333333	0.0
370	1951.3333333333333	0.0
380	1958.6666666666667	0.0
390	1977.0	0.0
400	2453.6666666666665	0.0
410	2420.6666666666665	0.0
420	2237.8333333333335	0.0
430	1886.6666666666667	0.0
440	2432.6666666666665	0.0
450	1923.3333333333333	0.0
460	1781.6666666666667	0.0
470	2125.0	0.0
480	2020.0	0.0
490	1917.3333333333333	0.0
500	2506.1666666666665	0.0
510	2327.8333333333335	0.0
520	2365.6666666666665	0.0
530	2089.0	0.0
540	2252.3333333333335	0.0
550	2404.6666666666665	0.0
560	2330.5	0.0
570	2313.3333333333335	0.0
580	2540.0	0.0
590	2459.6666666666665	0.0
600	2516.5	0.0
610	2661.5	0.0
620	2323.3333333333335	0.0
630	2389.6666666666665	0.0
640	2428.3333333333335	0.0
650	2288.3333333333335	0.0
660	2516.3333333333335	0.0
670	2586.6666666666665	0.0
680	2583.8333333333335	0.0
690	2404.6666666666665	0.0
700	2441.6666666666665	0.0
710	2599.6666666666665	0.0
720	2449.3333333333335	0.0
730	2497.0	0.0
740	2355.6666666666665	0.0
750	2594.0	0.0
760	2582.8333333333335	0.0
770	2773.6666666666665	0.0
780	2161.3333333333335	0.0
790	2829.6666666666665	0.0
800	2602.0	0.0
810	2544.8333333333335	0.0
820	2116.3333333333335	0.0
830	2403.6666666666665	0.0
840	2464.3333333333335	0.0
850	2415.1666666666665	0.0
860	2449.0	0.0
870	2732.3333333333335	0.0
880	2598.8333333333335	0.0
890	2602.3333333333335	0.0
900	2285.6666666666665	0.0
910	2625.0	0.0
920	2451.0	0.0
930	2467.0	0.0
940	2458.0	0.0
950	2507.3333333333335	0.0
960	2339.0	0.0
970	2266.5	0.0
980	2311.8333333333335	0.0
990	1724.5	0.0
1000	2019.0	0.0
