0	259.6888888888889	0.0
10	1973.122222222222	820.4666666666667
20	1997.1611111111108	179.53333333333333
30	2103.472222222222	0.0
40	2116.8722222222223	0.0
50	2305.9166666666665	0.0
60	2335.0666666666666	0.0
70	2406.8666666666663	0.0
80	2444.361111111111	0.0
90	2438.4666666666662	0.0
100	2497.505555555555	0.0
110	2429.416666666666	0.0
120	2558.8166666666666	0.0
130	2604.761111111111	0.0
140	2599.2944444444433	0.0
150	2551.8277777777776	0.0
160	2584.827777777778	0.0
170	2609.555555555555	0.0
180	2629.6777777777775	0.0
190	2702.255555555555	0.0
200	2687.677777777778	0.0
210	2722.727777777777	0.0
220	2698.961111111111	0.0
230	2744.805555555555	0.0
240	2823.4888888888895	0.0
250	2854.2888888888892	0.0
260	2903.9666666666662	0.0
270	2940.416666666667	0.0
280	2950.8555555555554	0.0
290	3029.494444444445	0.0
300	3057.877777777778	0.0
310	3075.6666666666656	0.0
320	3116.3333333333335	0.0
330	3224.427777777778	0.0
340	3230.838888888888	0.0
350	3213.927777777778	0.0
360	3212.0111111111114	0.0
370	3333.411111111111	0.0
380	3349.816666666667	0.0
390	3393.4333333333343	0.0
400	3395.088888888889	0.0
410	3371.3499999999995	0.0
420	3463.7555555555564	0.0
430	3363.238888888889	0.0
440	3426.666666666666	0.0
450	3322.594444444445	0.0
460	3477.933333333333	0.0
470	3523.277777777777	0.0
480	3453.9277777777775	0.0
490	3509.6055555555563	0.0
500	3522.150000000001	0.0
510	3585.272222222223	0.0
520	3553.85	0.0
530	3660.5111111111114	0.0
540	3542.594444444445	0.0
550	3538.3222222222225	0.0
560	3542.561111111111	0.0
570	3602.63888888889	0.0
580	3614.4	0.0
590	3712.016666666667	0.0
600	3619.766666666667	0.0
610	3631.516666666666	0.0
620	3628.3166666666666	0.0
630	3665.311111111111	0.0
640	3573.8944444444437	0.0
650	3636.316666666667	0.0
660	3661.5444444444443	0.0
670	3733.4888888888886	0.0
680	3768.0555555555557	0.0
690	3709.600000000001	0.0
700	3703.7722222222214	0.0
710	3697.6555555555556	0.0
720	3743.4222222222224	0.0
730	3752.2222222222213	0.0
740	3736.0333333333333	0.0
750	3738.4000000000005	0.0
760	3739.2	0.0
770	3746.233333333332	0.0
780	3717.733333333334	0.0
790	3742.933333333334	0.0
800	3760.6722222222215	0.0
810	3820.9499999999994	0.0
820	3697.9277777777775	0.0
830	3733.1111111111113	0.0
840	3790.5333333333338	0.0
850	3740.3444444444453	0.0
860	3777.6333333333323	0.0
870	3826.2	0.0
880	3763.0666666666666	0.0
890	3732.111111111111	0.0
900	3789.122222222223	0.0
910	3773.555555555556	0.0
920	3787.8055555555557	0.0
930	3746.744444444444	0.0
940	3798.6333333333328	0.0
950	3828.5444444444447	0.0
960	3774.022222222222	0.0
970	3755.3444444444444	0.0
980	3767.022222222222	0.0
990	3802.3944444444437	0.0
1000	3767.344444444445	0.0
