0	226.33333333333334	0.0
10	1829.3333333333333	880.0
20	1975.6666666666667	120.0
30	1967.6666666666667	0.0
40	1945.6666666666667	0.0
50	2204.5	0.0
60	2332.3333333333335	0.0
70	2087.6666666666665	0.0
80	2080.0	0.0
90	2084.6666666666665	0.0
100	2292.6666666666665	0.0
110	2071.3333333333335	0.0
120	2262.0	0.0
130	2603.0	0.0
140	2711.3333333333335	0.0
150	2795.1666666666665	0.0
160	2833.0	0.0
170	2858.5	0.0
180	2557.6666666666665	0.0
190	2441.5	0.0
200	2044.5	0.0
210	2467.0	0.0
220	2511.6666666666665	0.0
230	2618.6666666666665	0.0
240	2854.6666666666665	0.0
250	2667.3333333333335	0.0
260	2111.3333333333335	0.0
270	2595.3333333333335	0.0
280	2311.5	0.0
290	3202.1666666666665	0.0
300	2638.8333333333335	0.0
310	2593.8333333333335	0.0
320	3028.5	0.0
330	2865.0	0.0
340	2790.5	0.0
350	3079.1666666666665	0.0
360	3032.8333333333335	0.0
370	3413.6666666666665	0.0
380	2749.3333333333335	0.0
390	2872.3333333333335	0.0
400	3453.0	0.0
410	3100.6666666666665	0.0
420	2727.8333333333335	0.0
430	3290.0	0.0
440	3383.6666666666665	0.0
450	3469.5	0.0
460	3705.1666666666665	0.0
470	3722.8333333333335	0.0
480	3324.1666666666665	0.0
490	3464.8333333333335	0.0
500	3814.0	0.0
510	3421.5	0.0
520	3082.1666666666665	0.0
530	3367.6666666666665	0.0
540	3526.6666666666665	0.0
550	3642.0	0.0
560	3747.6666666666665	0.0
570	3502.8333333333335	0.0
580	3512.5	0.0
590	3547.0	0.0
600	3180.8333333333335	0.0
610	3115.1666666666665	0.0
620	3450.5	0.0
630	2999.3333333333335	0.0
640	3076.3333333333335	0.0
650	3726.5	0.0
660	3584.5	0.0
670	3656.8333333333335	0.0
680	3787.5	0.0
690	3515.5	0.0
700	3781.5	0.0
710	3246.0	0.0
720	3877.0	0.0
730	4038.0	0.0
740	3555.1666666666665	0.0
750	3785.3333333333335	0.0
760	3523.5	0.0
770	3462.3333333333335	0.0
780	3776.5	0.0
790	3500.8333333333335	0.0
800	3776.0	0.0
810	4203.0	0.0
820	3695.0	0.0
830	3227.1666666666665	0.0
840	4247.0	0.0
850	4110.666666666667	0.0
860	3685.6666666666665	0.0
870	4007.1666666666665	0.0
880	4004.1666666666665	0.0
890	3008.0	0.0
900	3593.5	0.0
910	3772.6666666666665	0.0
920	3660.1666666666665	0.0
930	3569.6666666666665	0.0
940	3806.1666666666665	0.0
950	3920.8333333333335	0.0
960	3769.8333333333335	0.0
970	3751.5	0.0
980	3896.0	0.0
990	4234.0	0.0
1000	3863.3333333333335	0.0
