0	255.33333333333334	0.0
10	1934.3333333333333	377.0
20	2100.3333333333335	623.0
30	2103.1666666666665	0.0
40	2199.0	0.0
50	2338.8333333333335	0.0
60	2166.6666666666665	0.0
70	2445.0	0.0
80	2120.0	0.0
90	2454.8333333333335	0.0
100	2277.3333333333335	0.0
110	2316.5	0.0
120	2387.3333333333335	0.0
130	2802.8333333333335	0.0
140	2669.1666666666665	0.0
150	2531.0	0.0
160	2278.5	0.0
170	2281.6666666666665	0.0
180	2956.6666666666665	0.0
190	2412.6666666666665	0.0
200	2692.3333333333335	0.0
210	2767.1666666666665	0.0
220	2544.0	0.0
230	2824.0	0.0
240	2816.3333333333335	0.0
250	3339.3333333333335	0.0
260	3083.0	0.0
270	2616.3333333333335	0.0
280	3186.1666666666665	0.0
290	3351.6666666666665	0.0
300	3605.1666666666665	0.0
310	3561.5	0.0
320	3400.0	0.0
330	3653.1666666666665	0.0
340	3333.0	0.0
350	3560.3333333333335	0.0
360	3263.6666666666665	0.0
370	3920.1666666666665	0.0
380	3504.6666666666665	0.0
390	3342.6666666666665	0.0
400	3327.8333333333335	0.0
410	3478.3333333333335	0.0
420	3525.5	0.0
430	2920.0	0.0
440	3385.0	0.0
450	3281.6666666666665	0.0
460	3313.1666666666665	0.0
470	3293.1666666666665	0.0
480	4030.0	0.0
490	3718.5	0.0
500	3684.1666666666665	0.0
510	3977.0	0.0
520	4009.8333333333335	0.0
530	3883.8333333333335	0.0
540	3466.0	0.0
550	3530.5	0.0
560	3195.6666666666665	0.0
570	3538.1666666666665	0.0
580	3851.3333333333335	0.0
590	3637.8333333333335	0.0
600	3532.6666666666665	0.0
610	3774.6666666666665	0.0
620	3795.0	0.0
630	3725.5	0.0
640	3913.3333333333335	0.0
650	3572.5	0.0
660	3928.1666666666665	0.0
670	3998.6666666666665	0.0
680	3263.5	0.0
690	3780.6666666666665	0.0
700	3817.8333333333335	0.0
710	3560.1666666666665	0.0
720	4010.3333333333335	0.0
730	3403.3333333333335	0.0
740	3780.8333333333335	0.0
750	3816.5	0.0
760	3523.3333333333335	0.0
770	3676.8333333333335	0.0
780	3781.3333333333335	0.0
790	3455.3333333333335	0.0
800	3470.6666666666665	0.0
810	3555.5	0.0
820	3169.5	0.0
830	3784.6666666666665	0.0
840	3706.0	0.0
850	3422.5	0.0
860	3744.8333333333335	0.0
870	3939.8333333333335	0.0
880	3576.6666666666665	0.0
890	3913.6666666666665	0.0
900	3723.5	0.0
910	3998.8333333333335	0.0
920	4074.3333333333335	0.0
930	3612.1666666666665	0.0
940	3680.1666666666665	0.0
950	3878.1666666666665	0.0
960	3738.0	0.0
970	3767.0	0.0
980	3664.3333333333335	0.0
990	3588.1666666666665	0.0
1000	3825.8333333333335	0.0
