0	264.3333333333333	0.0
10	1927.0	647.0
20	2041.6666666666667	353.0
30	2028.1666666666667	0.0
40	2140.0	0.0
50	2265.3333333333335	0.0
60	2054.0	0.0
70	2489.5	0.0
80	2558.1666666666665	0.0
90	2455.6666666666665	0.0
100	2389.6666666666665	0.0
110	2544.5	0.0
120	2857.6666666666665	0.0
130	2709.0	0.0
140	3048.1666666666665	0.0
150	2635.8333333333335	0.0
160	2708.5	0.0
170	2833.8333333333335	0.0
180	2886.8333333333335	0.0
190	2997.6666666666665	0.0
200	3041.8333333333335	0.0
210	3055.3333333333335	0.0
220	2259.6666666666665	0.0
230	2156.0	0.0
240	2497.1666666666665	0.0
250	2881.5	0.0
260	2675.6666666666665	0.0
270	2626.1666666666665	0.0
280	2994.5	0.0
290	2703.5	0.0
300	2646.1666666666665	0.0
310	2858.8333333333335	0.0
320	2594.0	0.0
330	3268.0	0.0
340	3174.6666666666665	0.0
350	3338.1666666666665	0.0
360	3060.3333333333335	0.0
370	3162.3333333333335	0.0
380	3350.6666666666665	0.0
390	3158.5	0.0
400	3479.3333333333335	0.0
410	3470.8333333333335	0.0
420	3722.6666666666665	0.0
430	3672.8333333333335	0.0
440	3819.3333333333335	0.0
450	2899.5	0.0
460	3240.8333333333335	0.0
470	3269.3333333333335	0.0
480	3711.0	0.0
490	3516.1666666666665	0.0
500	3524.6666666666665	0.0
510	3525.6666666666665	0.0
520	3725.6666666666665	0.0
530	3475.6666666666665	0.0
540	3402.1666666666665	0.0
550	3412.5	0.0
560	3513.3333333333335	0.0
570	3395.5	0.0
580	3623.6666666666665	0.0
590	3656.3333333333335	0.0
600	3873.8333333333335	0.0
610	3747.8333333333335	0.0
620	3985.0	0.0
630	3987.3333333333335	0.0
640	3887.8333333333335	0.0
650	3467.5	0.0
660	3666.3333333333335	0.0
670	3809.0	0.0
680	4198.0	0.0
690	3545.6666666666665	0.0
700	3911.8333333333335	0.0
710	3419.1666666666665	0.0
720	3767.3333333333335	0.0
730	3805.5	0.0
740	3914.0	0.0
750	3996.0	0.0
760	3824.3333333333335	0.0
770	3740.3333333333335	0.0
780	3837.6666666666665	0.0
790	3606.0	0.0
800	3788.3333333333335	0.0
810	3917.0	0.0
820	3851.0	0.0
830	3625.0	0.0
840	3903.6666666666665	0.0
850	3708.6666666666665	0.0
860	3452.3333333333335	0.0
870	3805.5	0.0
880	4000.3333333333335	0.0
890	3897.0	0.0
900	3844.5	0.0
910	3818.8333333333335	0.0
920	3673.1666666666665	0.0
930	3877.1666666666665	0.0
940	3949.5	0.0
950	3606.1666666666665	0.0
960	3944.1666666666665	0.0
970	3735.8333333333335	0.0
980	3564.3333333333335	0.0
990	3844.3333333333335	0.0
1000	4066.8333333333335	0.0
