0	245.66666666666666	0.0	0.0	0.0	0.0	0.0	0.0
10	1894.6666666666667	228.0	674.0	75.0	198.0	41.0	30.0
20	2194.0	117.0	539.0	38.0	96.0	16.0	21.0
30	2004.3333333333333	36.0	291.0	20.0	25.0	6.0	11.0
40	2143.5	244.0	621.0	130.0	138.0	24.0	106.0
50	2007.5	72.0	384.0	33.0	47.0	7.0	25.0
60	2320.3333333333335	156.0	416.0	116.0	53.0	12.0	103.0
70	2184.1666666666665	113.0	329.0	42.0	82.0	11.0	31.0
80	2478.5	34.0	53.0	20.0	14.0	0.0	20.0
90	2269.0	0.0	0.0	0.0	0.0	0.0	0.0
100	2178.5	0.0	0.0	0.0	0.0	0.0	0.0
110	2417.3333333333335	0.0	0.0	0.0	0.0	0.0	0.0
120	2618.6666666666665	0.0	0.0	0.0	0.0	0.0	0.0
130	2348.8333333333335	0.0	0.0	0.0	0.0	0.0	0.0
140	2324.8333333333335	0.0	0.0	0.0	0.0	0.0	0.0
150	2575.3333333333335	0.0	0.0	0.0	0.0	0.0	0.0
160	2510.5	0.0	0.0	0.0	0.0	0.0	0.0
170	2586.3333333333335	0.0	0.0	0.0	0.0	0.0	0.0
180	2659.6666666666665	0.0	0.0	0.0	0.0	0.0	0.0
190	2424.0	0.0	0.0	0.0	0.0	0.0	0.0
200	2484.5	0.0	0.0	0.0	0.0	0.0	0.0
210	2649.6666666666665	0.0	0.0	0.0	0.0	0.0	0.0
220	2521.5	0.0	0.0	0.0	0.0	0.0	0.0
230	3073.0	0.0	0.0	0.0	0.0	0.0	0.0
240	2538.1666666666665	0.0	0.0	0.0	0.0	0.0	0.0
250	3428.5	0.0	0.0	0.0	0.0	0.0	0.0
260	3322.8333333333335	0.0	0.0	0.0	0.0	0.0	0.0
270	3107.6666666666665	0.0	0.0	0.0	0.0	0.0	0.0
280	2900.6666666666665	0.0	0.0	0.0	0.0	0.0	0.0
290	2863.6666666666665	0.0	0.0	0.0	0.0	0.0	0.0
300	3265.3333333333335	0.0	0.0	0.0	0.0	0.0	0.0
310	2931.3333333333335	0.0	0.0	0.0	0.0	0.0	0.0
320	2541.8333333333335	0.0	0.0	0.0	0.0	0.0	0.0
330	2822.5	0.0	0.0	0.0	0.0	0.0	0.0
340	3092.6666666666665	0.0	0.0	0.0	0.0	0.0	0.0
350	2888.8333333333335	0.0	0.0	0.0	0.0	0.0	0.0
360	3547.8333333333335	0.0	0.0	0.0	0.0	0.0	0.0
370	3171.5	0.0	0.0	0.0	0.0	0.0	0.0
380	3375.6666666666665	0.0	0.0	0.0	0.0	0.0	0.0
390	3602.1666666666665	0.0	0.0	0.0	0.0	0.0	0.0
400	3048.8333333333335	0.0	0.0	0.0	0.0	0.0	0.0
410	3423.6666666666665	0.0	0.0	0.0	0.0	0.0	0.0
420	3639.3333333333335	0.0	0.0	0.0	0.0	0.0	0.0
430	3174.3333333333335	0.0	0.0	0.0	0.0	0.0	0.0
440	3717.1666666666665	0.0	0.0	0.0	0.0	0.0	0.0
450	3655.6666666666665	0.0	0.0	0.0	0.0	0.0	0.0
460	3761.0	0.0	0.0	0.0	0.0	0.0	0.0
470	2816.3333333333335	0.0	0.0	0.0	0.0	0.0	0.0
480	3867.8333333333335	0.0	0.0	0.0	0.0	0.0	0.0
490	3807.1666666666665	0.0	0.0	0.0	0.0	0.0	0.0
500	3839.0	0.0	0.0	0.0	0.0	0.0	0.0
510	3804.3333333333335	0.0	0.0	0.0	0.0	0.0	0.0
520	3871.3333333333335	0.0	0.0	0.0	0.0	0.0	0.0
530	3391.1666666666665	0.0	0.0	0.0	0.0	0.0	0.0
540	3521.0	0.0	0.0	0.0	0.0	0.0	0.0
550	3458.8333333333335	0.0	0.0	0.0	0.0	0.0	0.0
560	3266.0	0.0	0.0	0.0	0.0	0.0	0.0
570	3809.8333333333335	0.0	0.0	0.0	0.0	0.0	0.0
580	3626.1666666666665	0.0	0.0	0.0	0.0	0.0	0.0
590	3534.8333333333335	0.0	0.0	0.0	0.0	0.0	0.0
600	4014.5	0.0	0.0	0.0	0.0	0.0	0.0
610	3675.8333333333335	0.0	0.0	0.0	0.0	0.0	0.0
620	3734.6666666666665	0.0	0.0	0.0	0.0	0.0	0.0
630	3315.1666666666665	0.0	0.0	0.0	0.0	0.0	0.0
640	3836.5	0.0	0.0	0.0	0.0	0.0	0.0
650	3807.5	0.0	0.0	0.0	0.0	0.0	0.0
660	3873.0	0.0	0.0	0.0	0.0	0.0	0.0
670	3472.6666666666665	0.0	0.0	0.0	0.0	0.0	0.0
680	3576.3333333333335	0.0	0.0	0.0	0.0	0.0	0.0
690	3703.5	0.0	0.0	0.0	0.0	0.0	0.0
700	3564.8333333333335	0.0	0.0	0.0	0.0	0.0	0.0
710	4013.8333333333335	0.0	0.0	0.0	0.0	0.0	0.0
720	3478.5	0.0	0.0	0.0	0.0	0.0	0.0
730	3547.6666666666665	0.0	0.0	0.0	0.0	0.0	0.0
740	3689.1666666666665	0.0	0.0	0.0	0.0	0.0	0.0
750	3816.5	0.0	0.0	0.0	0.0	0.0	0.0
760	3756.1666666666665	0.0	0.0	0.0	0.0	0.0	0.0
770	3745.0	0.0	0.0	0.0	0.0	0.0	0.0
780	3772.5	0.0	0.0	0.0	0.0	0.0	0.0
790	4034.3333333333335	0.0	0.0	0.0	0.0	0.0	0.0
800	3746.8333333333335	0.0	0.0	0.0	0.0	0.0	0.0
810	3987.3333333333335	0.0	0.0	0.0	0.0	0.0	0.0
820	3580.5	0.0	0.0	0.0	0.0	0.0	0.0
830	3945.6666666666665	0.0	0.0	0.0	0.0	0.0	0.0
840	3943.5	0.0	0.0	0.0	0.0	0.0	0.0
850	3703.8333333333335	0.0	0.0	0.0	0.0	0.0	0.0
860	3950.3333333333335	0.0	0.0	0.0	0.0	0.0	0.0
870	3656.1666666666665	0.0	0.0	0.0	0.0	0.0	0.0
880	3759.5	0.0	0.0	0.0	0.0	0.0	0.0
890	3788.6666666666665	0.0	0.0	0.0	0.0	0.0	0.0
900	3758.8333333333335	0.0	0.0	0.0	0.0	0.0	0.0
910	4032.5	0.0	0.0	0.0	0.0	0.0	0.0
920	3723.0	0.0	0.0	0.0	0.0	0.0	0.0
930	3969.0	0.0	0.0	0.0	0.0	0.0	0.0
940	3873.1666666666665	0.0	0.0	0.0	0.0	0.0	0.0
950	3693.3333333333335	0.0	0.0	0.0	0.0	0.0	0.0
960	3981.8333333333335	0.0	0.0	0.0	0.0	0.0	0.0
970	3881.0	0.0	0.0	0.0	0.0	0.0	0.0
980	3735.3333333333335	0.0	0.0	0.0	0.0	0.0	0.0
990	3708.5	0.0	0.0	0.0	0.0	0.0	0.0
1000	3617.1666666666665	0.0	0.0	0.0	0.0	0.0	0.0
