0	250.0	0.0	0.0	0.0	0.0	0.0	0.0
10	2062.3333333333335	180.0	431.0	44.0	168.0	30.0	12.0
20	2058.1666666666665	257.0	778.0	93.0	205.0	29.0	52.0
30	1780.5	211.0	329.0	87.0	156.0	3.0	55.0
40	1936.5	153.0	451.0	42.0	118.0	6.0	35.0
50	1904.8333333333333	199.0	449.0	100.0	149.0	24.0	50.0
60	2121.0	0.0	0.0	0.0	0.0	0.0	0.0
70	2390.0	0.0	0.0	0.0	0.0	0.0	0.0
80	2380.6666666666665	0.0	0.0	0.0	0.0	0.0	0.0
90	1974.0	0.0	0.0	0.0	0.0	0.0	0.0
100	2350.3333333333335	0.0	0.0	0.0	0.0	0.0	0.0
110	2447.8333333333335	0.0	0.0	0.0	0.0	0.0	0.0
120	2587.0	0.0	0.0	0.0	0.0	0.0	0.0
130	2455.1666666666665	0.0	0.0	0.0	0.0	0.0	0.0
140	2491.3333333333335	0.0	0.0	0.0	0.0	0.0	0.0
150	2732.6666666666665	0.0	0.0	0.0	0.0	0.0	0.0
160	2375.1666666666665	0.0	0.0	0.0	0.0	0.0	0.0
170	2308.3333333333335	0.0	0.0	0.0	0.0	0.0	0.0
180	2388.3333333333335	0.0	0.0	0.0	0.0	0.0	0.0
190	2254.0	0.0	0.0	0.0	0.0	0.0	0.0
200	2258.8333333333335	0.0	0.0	0.0	0.0	0.0	0.0
210	2421.6666666666665	0.0	0.0	0.0	0.0	0.0	0.0
220	2536.1666666666665	0.0	0.0	0.0	0.0	0.0	0.0
230	2486.0	0.0	0.0	0.0	0.0	0.0	0.0
240	2300.1666666666665	0.0	0.0	0.0	0.0	0.0	0.0
250	2519.6666666666665	0.0	0.0	0.0	0.0	0.0	0.0
260	2423.0	0.0	0.0	0.0	0.0	0.0	0.0
270	2936.5	0.0	0.0	0.0	0.0	0.0	0.0
280	2659.5	0.0	0.0	0.0	0.0	0.0	0.0
290	2810.3333333333335	0.0	0.0	0.0	0.0	0.0	0.0
300	2697.3333333333335	0.0	0.0	0.0	0.0	0.0	0.0
310	2609.1666666666665	0.0	0.0	0.0	0.0	0.0	0.0
320	2959.5	0.0	0.0	0.0	0.0	0.0	0.0
330	3132.3333333333335	0.0	0.0	0.0	0.0	0.0	0.0
340	3045.8333333333335	0.0	0.0	0.0	0.0	0.0	0.0
350	3325.0	0.0	0.0	0.0	0.0	0.0	0.0
360	3106.5	0.0	0.0	0.0	0.0	0.0	0.0
370	3311.6666666666665	0.0	0.0	0.0	0.0	0.0	0.0
380	3088.1666666666665	0.0	0.0	0.0	0.0	0.0	0.0
390	3499.5	0.0	0.0	0.0	0.0	0.0	0.0
400	3376.3333333333335	0.0	0.0	0.0	0.0	0.0	0.0
410	3278.3333333333335	0.0	0.0	0.0	0.0	0.0	0.0
420	3316.5	0.0	0.0	0.0	0.0	0.0	0.0
430	3237.6666666666665	0.0	0.0	0.0	0.0	0.0	0.0
440	3110.5	0.0	0.0	0.0	0.0	0.0	0.0
450	3289.5	0.0	0.0	0.0	0.0	0.0	0.0
460	3374.1666666666665	0.0	0.0	0.0	0.0	0.0	0.0
470	3408.5	0.0	0.0	0.0	0.0	0.0	0.0
480	3783.3333333333335	0.0	0.0	0.0	0.0	0.0	0.0
490	3315.3333333333335	0.0	0.0	0.0	0.0	0.0	0.0
500	3458.6666666666665	0.0	0.0	0.0	0.0	0.0	0.0
510	3772.8333333333335	0.0	0.0	0.0	0.0	0.0	0.0
520	3958.8333333333335	0.0	0.0	0.0	0.0	0.0	0.0
530	3473.8333333333335	0.0	0.0	0.0	0.0	0.0	0.0
540	2920.1666666666665	0.0	0.0	0.0	0.0	0.0	0.0
550	2856.6666666666665	0.0	0.0	0.0	0.0	0.0	0.0
560	3564.6666666666665	0.0	0.0	0.0	0.0	0.0	0.0
570	3749.1666666666665	0.0	0.0	0.0	0.0	0.0	0.0
580	3747.8333333333335	0.0	0.0	0.0	0.0	0.0	0.0
590	3277.3333333333335	0.0	0.0	0.0	0.0	0.0	0.0
600	3366.6666666666665	0.0	0.0	0.0	0.0	0.0	0.0
610	3841.8333333333335	0.0	0.0	0.0	0.0	0.0	0.0
620	3271.8333333333335	0.0	0.0	0.0	0.0	0.0	0.0
630	3156.5	0.0	0.0	0.0	0.0	0.0	0.0
640	3500.6666666666665	0.0	0.0	0.0	0.0	0.0	0.0
650	3713.5	0.0	0.0	0.0	0.0	0.0	0.0
660	3776.3333333333335	0.0	0.0	0.0	0.0	0.0	0.0
670	3538.0	0.0	0.0	0.0	0.0	0.0	0.0
680	3722.3333333333335	0.0	0.0	0.0	0.0	0.0	0.0
690	3806.3333333333335	0.0	0.0	0.0	0.0	0.0	0.0
700	3701.1666666666665	0.0	0.0	0.0	0.0	0.0	0.0
710	3832.1666666666665	0.0	0.0	0.0	0.0	0.0	0.0
720	3850.1666666666665	0.0	0.0	0.0	0.0	0.0	0.0
730	3084.0	0.0	0.0	0.0	0.0	0.0	0.0
740	3978.1666666666665	0.0	0.0	0.0	0.0	0.0	0.0
750	3608.5	0.0	0.0	0.0	0.0	0.0	0.0
760	3744.0	0.0	0.0	0.0	0.0	0.0	0.0
770	3907.0	0.0	0.0	0.0	0.0	0.0	0.0
780	3751.5	0.0	0.0	0.0	0.0	0.0	0.0
790	3911.3333333333335	0.0	0.0	0.0	0.0	0.0	0.0
800	3673.6666666666665	0.0	0.0	0.0	0.0	0.0	0.0
810	3818.5	0.0	0.0	0.0	0.0	0.0	0.0
820	3501.1666666666665	0.0	0.0	0.0	0.0	0.0	0.0
830	3999.8333333333335	0.0	0.0	0.0	0.0	0.0	0.0
840	3671.0	0.0	0.0	0.0	0.0	0.0	0.0
850	3363.3333333333335	0.0	0.0	0.0	0.0	0.0	0.0
860	3546.1666666666665	0.0	0.0	0.0	0.0	0.0	0.0
870	3760.1666666666665	0.0	0.0	0.0	0.0	0.0	0.0
880	3656.1666666666665	0.0	0.0	0.0	0.0	0.0	0.0
890	3566.0	0.0	0.0	0.0	0.0	0.0	0.0
900	3846.1666666666665	0.0	0.0	0.0	0.0	0.0	0.0
910	3723.1666666666665	0.0	0.0	0.0	0.0	0.0	0.0
920	3773.6666666666665	0.0	0.0	0.0	0.0	0.0	0.0
930	3542.6666666666665	0.0	0.0	0.0	0.0	0.0	0.0
940	3905.6666666666665	0.0	0.0	0.0	0.0	0.0	0.0
950	3358.6666666666665	0.0	0.0	0.0	0.0	0.0	0.0
960	3832.3333333333335	0.0	0.0	0.0	0.0	0.0	0.0
970	3735.0	0.0	0.0	0.0	0.0	0.0	0.0
980	3609.1666666666665	0.0	0.0	0.0	0.0	0.0	0.0
990	4081.0	0.0	0.0	0.0	0.0	0.0	0.0
1000	3781.5	0.0	0.0	0.0	0.0	0.0	0.0
