0	281.6666666666667	0.0	0.0	0.0	0.0	0.0	0.0
10	1827.3333333333333	145.0	491.0	66.0	98.0	19.0	47.0
20	1742.3333333333333	246.0	389.0	142.0	122.0	15.0	124.0
30	2001.6666666666667	207.0	514.0	91.0	139.0	22.0	68.0
40	1975.1666666666667	122.0	467.0	67.0	101.0	45.0	21.0
50	2391.8333333333335	274.0	799.0	168.0	138.0	25.0	136.0
60	2204.0	6.0	106.0	3.0	3.0	0.0	3.0
70	2403.3333333333335	0.0	0.0	0.0	0.0	0.0	0.0
80	2533.8333333333335	0.0	0.0	0.0	0.0	0.0	0.0
90	2203.5	0.0	0.0	0.0	0.0	0.0	0.0
100	2391.5	0.0	0.0	0.0	0.0	0.0	0.0
110	2114.6666666666665	0.0	0.0	0.0	0.0	0.0	0.0
120	2370.3333333333335	0.0	0.0	0.0	0.0	0.0	0.0
130	2402.8333333333335	0.0	0.0	0.0	0.0	0.0	0.0
140	2683.3333333333335	0.0	0.0	0.0	0.0	0.0	0.0
150	2467.0	0.0	0.0	0.0	0.0	0.0	0.0
160	2554.1666666666665	0.0	0.0	0.0	0.0	0.0	0.0
170	2280.8333333333335	0.0	0.0	0.0	0.0	0.0	0.0
180	2601.1666666666665	0.0	0.0	0.0	0.0	0.0	0.0
190	2429.6666666666665	0.0	0.0	0.0	0.0	0.0	0.0
200	2505.3333333333335	0.0	0.0	0.0	0.0	0.0	0.0
210	2831.1666666666665	0.0	0.0	0.0	0.0	0.0	0.0
220	2735.6666666666665	0.0	0.0	0.0	0.0	0.0	0.0
230	2482.3333333333335	0.0	0.0	0.0	0.0	0.0	0.0
240	2560.3333333333335	0.0	0.0	0.0	0.0	0.0	0.0
250	2800.6666666666665	0.0	0.0	0.0	0.0	0.0	0.0
260	2946.1666666666665	0.0	0.0	0.0	0.0	0.0	0.0
270	2606.1666666666665	0.0	0.0	0.0	0.0	0.0	0.0
280	2875.6666666666665	0.0	0.0	0.0	0.0	0.0	0.0
290	2970.3333333333335	0.0	0.0	0.0	0.0	0.0	0.0
300	2868.1666666666665	0.0	0.0	0.0	0.0	0.0	0.0
310	2781.6666666666665	0.0	0.0	0.0	0.0	0.0	0.0
320	3018.3333333333335	0.0	0.0	0.0	0.0	0.0	0.0
330	2956.1666666666665	0.0	0.0	0.0	0.0	0.0	0.0
340	3058.5	0.0	0.0	0.0	0.0	0.0	0.0
350	3050.5	0.0	0.0	0.0	0.0	0.0	0.0
360	3576.3333333333335	0.0	0.0	0.0	0.0	0.0	0.0
370	2950.3333333333335	0.0	0.0	0.0	0.0	0.0	0.0
380	2988.3333333333335	0.0	0.0	0.0	0.0	0.0	0.0
390	3659.6666666666665	0.0	0.0	0.0	0.0	0.0	0.0
400	3025.6666666666665	0.0	0.0	0.0	0.0	0.0	0.0
410	3669.8333333333335	0.0	0.0	0.0	0.0	0.0	0.0
420	3840.0	0.0	0.0	0.0	0.0	0.0	0.0
430	3788.8333333333335	0.0	0.0	0.0	0.0	0.0	0.0
440	2999.5	0.0	0.0	0.0	0.0	0.0	0.0
450	3007.3333333333335	0.0	0.0	0.0	0.0	0.0	0.0
460	3431.3333333333335	0.0	0.0	0.0	0.0	0.0	0.0
470	3281.0	0.0	0.0	0.0	0.0	0.0	0.0
480	3019.1666666666665	0.0	0.0	0.0	0.0	0.0	0.0
490	3389.6666666666665	0.0	0.0	0.0	0.0	0.0	0.0
500	3284.6666666666665	0.0	0.0	0.0	0.0	0.0	0.0
510	3125.1666666666665	0.0	0.0	0.0	0.0	0.0	0.0
520	3258.3333333333335	0.0	0.0	0.0	0.0	0.0	0.0
530	3676.0	0.0	0.0	0.0	0.0	0.0	0.0
540	3225.8333333333335	0.0	0.0	0.0	0.0	0.0	0.0
550	3711.3333333333335	0.0	0.0	0.0	0.0	0.0	0.0
560	3699.3333333333335	0.0	0.0	0.0	0.0	0.0	0.0
570	3494.0	0.0	0.0	0.0	0.0	0.0	0.0
580	3522.3333333333335	0.0	0.0	0.0	0.0	0.0	0.0
590	3531.5	0.0	0.0	0.0	0.0	0.0	0.0
600	3911.8333333333335	0.0	0.0	0.0	0.0	0.0	0.0
610	3817.3333333333335	0.0	0.0	0.0	0.0	0.0	0.0
620	4024.1666666666665	0.0	0.0	0.0	0.0	0.0	0.0
630	3466.8333333333335	0.0	0.0	0.0	0.0	0.0	0.0
640	3959.6666666666665	0.0	0.0	0.0	0.0	0.0	0.0
650	3840.8333333333335	0.0	0.0	0.0	0.0	0.0	0.0
660	3461.3333333333335	0.0	0.0	0.0	0.0	0.0	0.0
670	3895.1666666666665	0.0	0.0	0.0	0.0	0.0	0.0
680	3517.8333333333335	0.0	0.0	0.0	0.0	0.0	0.0
690	3587.1666666666665	0.0	0.0	0.0	0.0	0.0	0.0
700	3785.8333333333335	0.0	0.0	0.0	0.0	0.0	0.0
710	3796.3333333333335	0.0	0.0	0.0	0.0	0.0	0.0
720	3927.5	0.0	0.0	0.0	0.0	0.0	0.0
730	3646.5	0.0	0.0	0.0	0.0	0.0	0.0
740	3461.5	0.0	0.0	0.0	0.0	0.0	0.0
750	3703.8333333333335	0.0	0.0	0.0	0.0	0.0	0.0
760	3597.3333333333335	0.0	0.0	0.0	0.0	0.0	0.0
770	3526.5	0.0	0.0	0.0	0.0	0.0	0.0
780	3883.3333333333335	0.0	0.0	0.0	0.0	0.0	0.0
790	3758.6666666666665	0.0	0.0	0.0	0.0	0.0	0.0
800	3674.8333333333335	0.0	0.0	0.0	0.0	0.0	0.0
810	3830.3333333333335	0.0	0.0	0.0	0.0	0.0	0.0
820	3928.0	0.0	0.0	0.0	0.0	0.0	0.0
830	4127.833333333333	0.0	0.0	0.0	0.0	0.0	0.0
840	3487.8333333333335	0.0	0.0	0.0	0.0	0.0	0.0
850	3747.3333333333335	0.0	0.0	0.0	0.0	0.0	0.0
860	3751.8333333333335	0.0	0.0	0.0	0.0	0.0	0.0
870	3824.5	0.0	0.0	0.0	0.0	0.0	0.0
880	3993.1666666666665	0.0	0.0	0.0	0.0	0.0	0.0
890	3726.0	0.0	0.0	0.0	0.0	0.0	0.0
900	3763.8333333333335	0.0	0.0	0.0	0.0	0.0	0.0
910	3613.8333333333335	0.0	0.0	0.0	0.0	0.0	0.0
920	3485.3333333333335	0.0	0.0	0.0	0.0	0.0	0.0
930	3810.0	0.0	0.0	0.0	0.0	0.0	0.0
940	3296.1666666666665	0.0	0.0	0.0	0.0	0.0	0.0
950	3633.6666666666665	0.0	0.0	0.0	0.0	0.0	0.0
960	3746.5	0.0	0.0	0.0	0.0	0.0	0.0
970	3548.3333333333335	0.0	0.0	0.0	0.0	0.0	0.0
980	3877.5	0.0	0.0	0.0	0.0	0.0	0.0
990	3615.0	0.0	0.0	0.0	0.0	0.0	0.0
1000	3845.0	0.0	0.0	0.0	0.0	0.0	0.0
