0	280.3333333333333	0.0	0.0	0.0	0.0	0.0	0.0
10	2089.0	244.0	493.0	131.0	141.0	27.0	103.0
20	1915.0	185.0	504.0	42.0	159.0	13.0	26.0
30	1818.0	139.0	635.0	56.0	114.0	27.0	25.0
40	1953.6666666666667	234.0	386.0	130.0	118.0	7.0	116.0
50	2470.8333333333335	198.0	571.0	72.0	144.0	16.0	54.0
60	1891.3333333333333	0.0	0.0	0.0	0.0	0.0	0.0
70	2475.6666666666665	0.0	0.0	0.0	0.0	0.0	0.0
80	2568.0	0.0	0.0	0.0	0.0	0.0	0.0
90	2521.8333333333335	0.0	0.0	0.0	0.0	0.0	0.0
100	2827.6666666666665	0.0	0.0	0.0	0.0	0.0	0.0
110	2186.6666666666665	0.0	0.0	0.0	0.0	0.0	0.0
120	2287.3333333333335	0.0	0.0	0.0	0.0	0.0	0.0
130	2632.1666666666665	0.0	0.0	0.0	0.0	0.0	0.0
140	2362.8333333333335	0.0	0.0	0.0	0.0	0.0	0.0
150	2556.8333333333335	0.0	0.0	0.0	0.0	0.0	0.0
160	2584.0	0.0	0.0	0.0	0.0	0.0	0.0
170	2509.3333333333335	0.0	0.0	0.0	0.0	0.0	0.0
180	2648.0	0.0	0.0	0.0	0.0	0.0	0.0
190	2647.5	0.0	0.0	0.0	0.0	0.0	0.0
200	2773.5	0.0	0.0	0.0	0.0	0.0	0.0
210	2967.8333333333335	0.0	0.0	0.0	0.0	0.0	0.0
220	2899.0	0.0	0.0	0.0	0.0	0.0	0.0
230	2820.5	0.0	0.0	0.0	0.0	0.0	0.0
240	2685.3333333333335	0.0	0.0	0.0	0.0	0.0	0.0
250	2566.6666666666665	0.0	0.0	0.0	0.0	0.0	0.0
260	2958.0	0.0	0.0	0.0	0.0	0.0	0.0
270	2785.3333333333335	0.0	0.0	0.0	0.0	0.0	0.0
280	2933.0	0.0	0.0	0.0	0.0	0.0	0.0
290	2948.0	0.0	0.0	0.0	0.0	0.0	0.0
300	3248.1666666666665	0.0	0.0	0.0	0.0	0.0	0.0
310	2883.6666666666665	0.0	0.0	0.0	0.0	0.0	0.0
320	3668.8333333333335	0.0	0.0	0.0	0.0	0.0	0.0
330	2953.8333333333335	0.0	0.0	0.0	0.0	0.0	0.0
340	3089.8333333333335	0.0	0.0	0.0	0.0	0.0	0.0
350	3112.0	0.0	0.0	0.0	0.0	0.0	0.0
360	3288.3333333333335	0.0	0.0	0.0	0.0	0.0	0.0
370	3389.8333333333335	0.0	0.0	0.0	0.0	0.0	0.0
380	3283.6666666666665	0.0	0.0	0.0	0.0	0.0	0.0
390	3607.1666666666665	0.0	0.0	0.0	0.0	0.0	0.0
400	3551.8333333333335	0.0	0.0	0.0	0.0	0.0	0.0
410	3676.8333333333335	0.0	0.0	0.0	0.0	0.0	0.0
420	3506.1666666666665	0.0	0.0	0.0	0.0	0.0	0.0
430	3393.8333333333335	0.0	0.0	0.0	0.0	0.0	0.0
440	3043.5	0.0	0.0	0.0	0.0	0.0	0.0
450	3532.5	0.0	0.0	0.0	0.0	0.0	0.0
460	3719.8333333333335	0.0	0.0	0.0	0.0	0.0	0.0
470	3733.1666666666665	0.0	0.0	0.0	0.0	0.0	0.0
480	3630.0	0.0	0.0	0.0	0.0	0.0	0.0
490	3724.1666666666665	0.0	0.0	0.0	0.0	0.0	0.0
500	3361.0	0.0	0.0	0.0	0.0	0.0	0.0
510	4028.3333333333335	0.0	0.0	0.0	0.0	0.0	0.0
520	3777.8333333333335	0.0	0.0	0.0	0.0	0.0	0.0
530	3577.6666666666665	0.0	0.0	0.0	0.0	0.0	0.0
540	3056.0	0.0	0.0	0.0	0.0	0.0	0.0
550	4017.5	0.0	0.0	0.0	0.0	0.0	0.0
560	3840.1666666666665	0.0	0.0	0.0	0.0	0.0	0.0
570	3783.3333333333335	0.0	0.0	0.0	0.0	0.0	0.0
580	3798.8333333333335	0.0	0.0	0.0	0.0	0.0	0.0
590	3746.6666666666665	0.0	0.0	0.0	0.0	0.0	0.0
600	3974.3333333333335	0.0	0.0	0.0	0.0	0.0	0.0
610	4107.5	0.0	0.0	0.0	0.0	0.0	0.0
620	3545.6666666666665	0.0	0.0	0.0	0.0	0.0	0.0
630	3718.8333333333335	0.0	0.0	0.0	0.0	0.0	0.0
640	3652.3333333333335	0.0	0.0	0.0	0.0	0.0	0.0
650	3888.6666666666665	0.0	0.0	0.0	0.0	0.0	0.0
660	3789.6666666666665	0.0	0.0	0.0	0.0	0.0	0.0
670	3870.3333333333335	0.0	0.0	0.0	0.0	0.0	0.0
680	3735.6666666666665	0.0	0.0	0.0	0.0	0.0	0.0
690	3444.3333333333335	0.0	0.0	0.0	0.0	0.0	0.0
700	3144.0	0.0	0.0	0.0	0.0	0.0	0.0
710	3671.5	0.0	0.0	0.0	0.0	0.0	0.0
720	4178.666666666667	0.0	0.0	0.0	0.0	0.0	0.0
730	3686.8333333333335	0.0	0.0	0.0	0.0	0.0	0.0
740	3367.3333333333335	0.0	0.0	0.0	0.0	0.0	0.0
750	4032.6666666666665	0.0	0.0	0.0	0.0	0.0	0.0
760	4025.1666666666665	0.0	0.0	0.0	0.0	0.0	0.0
770	3763.6666666666665	0.0	0.0	0.0	0.0	0.0	0.0
780	3728.3333333333335	0.0	0.0	0.0	0.0	0.0	0.0
790	3735.1666666666665	0.0	0.0	0.0	0.0	0.0	0.0
800	3597.0	0.0	0.0	0.0	0.0	0.0	0.0
810	4051.5	0.0	0.0	0.0	0.0	0.0	0.0
820	3885.0	0.0	0.0	0.0	0.0	0.0	0.0
830	3807.5	0.0	0.0	0.0	0.0	0.0	0.0
840	3562.6666666666665	0.0	0.0	0.0	0.0	0.0	0.0
850	3782.0	0.0	0.0	0.0	0.0	0.0	0.0
860	3614.0	0.0	0.0	0.0	0.0	0.0	0.0
870	3808.6666666666665	0.0	0.0	0.0	0.0	0.0	0.0
880	3801.8333333333335	0.0	0.0	0.0	0.0	0.0	0.0
890	3868.6666666666665	0.0	0.0	0.0	0.0	0.0	0.0
900	4009.0	0.0	0.0	0.0	0.0	0.0	0.0
910	3898.1666666666665	0.0	0.0	0.0	0.0	0.0	0.0
920	3691.0	0.0	0.0	0.0	0.0	0.0	0.0
930	3972.8333333333335	0.0	0.0	0.0	0.0	0.0	0.0
940	3943.5	0.0	0.0	0.0	0.0	0.0	0.0
950	3766.3333333333335	0.0	0.0	0.0	0.0	0.0	0.0
960	3412.3333333333335	0.0	0.0	0.0	0.0	0.0	0.0
970	4096.833333333333	0.0	0.0	0.0	0.0	0.0	0.0
980	4040.1666666666665	0.0	0.0	0.0	0.0	0.0	0.0
990	3436.0	0.0	0.0	0.0	0.0	0.0	0.0
1000	3820.5	0.0	0.0	0.0	0.0	0.0	0.0
