0	334.0	0.0	0.0	0.0	0.0	0.0	0.0
10	1787.1666666666667	232.0	558.0	85.0	193.0	40.0	39.0
20	1885.0	76.0	254.0	43.0	61.0	28.0	15.0
30	1743.0	115.0	664.0	39.0	100.0	21.0	15.0
40	2444.5	274.0	759.0	79.0	227.0	30.0	47.0
50	2228.0	228.0	544.0	140.0	110.0	18.0	118.0
60	2638.5	75.0	541.0	35.0	55.0	15.0	20.0
70	2628.0	0.0	0.0	0.0	0.0	0.0	0.0
80	2375.0	0.0	0.0	0.0	0.0	0.0	0.0
90	2649.8333333333335	0.0	0.0	0.0	0.0	0.0	0.0
100	2519.6666666666665	0.0	0.0	0.0	0.0	0.0	0.0
110	2330.3333333333335	0.0	0.0	0.0	0.0	0.0	0.0
120	2733.3333333333335	0.0	0.0	0.0	0.0	0.0	0.0
130	2489.5	0.0	0.0	0.0	0.0	0.0	0.0
140	2732.1666666666665	0.0	0.0	0.0	0.0	0.0	0.0
150	2689.6666666666665	0.0	0.0	0.0	0.0	0.0	0.0
160	2399.1666666666665	0.0	0.0	0.0	0.0	0.0	0.0
170	2638.5	0.0	0.0	0.0	0.0	0.0	0.0
180	2525.8333333333335	0.0	0.0	0.0	0.0	0.0	0.0
190	2229.5	0.0	0.0	0.0	0.0	0.0	0.0
200	2618.0	0.0	0.0	0.0	0.0	0.0	0.0
210	2125.0	0.0	0.0	0.0	0.0	0.0	0.0
220	2581.3333333333335	0.0	0.0	0.0	0.0	0.0	0.0
230	2715.3333333333335	0.0	0.0	0.0	0.0	0.0	0.0
240	2779.0	0.0	0.0	0.0	0.0	0.0	0.0
250	3251.6666666666665	0.0	0.0	0.0	0.0	0.0	0.0
260	3048.5	0.0	0.0	0.0	0.0	0.0	0.0
270	3172.3333333333335	0.0	0.0	0.0	0.0	0.0	0.0
280	3289.8333333333335	0.0	0.0	0.0	0.0	0.0	0.0
290	3279.0	0.0	0.0	0.0	0.0	0.0	0.0
300	2990.5	0.0	0.0	0.0	0.0	0.0	0.0
310	3357.0	0.0	0.0	0.0	0.0	0.0	0.0
320	3245.8333333333335	0.0	0.0	0.0	0.0	0.0	0.0
330	3317.3333333333335	0.0	0.0	0.0	0.0	0.0	0.0
340	3547.6666666666665	0.0	0.0	0.0	0.0	0.0	0.0
350	3545.1666666666665	0.0	0.0	0.0	0.0	0.0	0.0
360	3394.0	0.0	0.0	0.0	0.0	0.0	0.0
370	3525.8333333333335	0.0	0.0	0.0	0.0	0.0	0.0
380	3861.3333333333335	0.0	0.0	0.0	0.0	0.0	0.0
390	3329.5	0.0	0.0	0.0	0.0	0.0	0.0
400	3551.0	0.0	0.0	0.0	0.0	0.0	0.0
410	3195.8333333333335	0.0	0.0	0.0	0.0	0.0	0.0
420	4161.333333333333	0.0	0.0	0.0	0.0	0.0	0.0
430	3837.0	0.0	0.0	0.0	0.0	0.0	0.0
440	3438.0	0.0	0.0	0.0	0.0	0.0	0.0
450	3386.5	0.0	0.0	0.0	0.0	0.0	0.0
460	3358.6666666666665	0.0	0.0	0.0	0.0	0.0	0.0
470	3862.6666666666665	0.0	0.0	0.0	0.0	0.0	0.0
480	3884.1666666666665	0.0	0.0	0.0	0.0	0.0	0.0
490	3509.0	0.0	0.0	0.0	0.0	0.0	0.0
500	3854.0	0.0	0.0	0.0	0.0	0.0	0.0
510	3470.8333333333335	0.0	0.0	0.0	0.0	0.0	0.0
520	3396.0	0.0	0.0	0.0	0.0	0.0	0.0
530	3611.8333333333335	0.0	0.0	0.0	0.0	0.0	0.0
540	3441.1666666666665	0.0	0.0	0.0	0.0	0.0	0.0
550	3819.0	0.0	0.0	0.0	0.0	0.0	0.0
560	3637.1666666666665	0.0	0.0	0.0	0.0	0.0	0.0
570	3115.0	0.0	0.0	0.0	0.0	0.0	0.0
580	3424.0	0.0	0.0	0.0	0.0	0.0	0.0
590	3125.6666666666665	0.0	0.0	0.0	0.0	0.0	0.0
600	3434.1666666666665	0.0	0.0	0.0	0.0	0.0	0.0
610	3598.3333333333335	0.0	0.0	0.0	0.0	0.0	0.0
620	3726.8333333333335	0.0	0.0	0.0	0.0	0.0	0.0
630	3615.0	0.0	0.0	0.0	0.0	0.0	0.0
640	3818.5	0.0	0.0	0.0	0.0	0.0	0.0
650	3390.3333333333335	0.0	0.0	0.0	0.0	0.0	0.0
660	4161.166666666667	0.0	0.0	0.0	0.0	0.0	0.0
670	3964.3333333333335	0.0	0.0	0.0	0.0	0.0	0.0
680	3685.6666666666665	0.0	0.0	0.0	0.0	0.0	0.0
690	3962.3333333333335	0.0	0.0	0.0	0.0	0.0	0.0
700	3689.1666666666665	0.0	0.0	0.0	0.0	0.0	0.0
710	3654.6666666666665	0.0	0.0	0.0	0.0	0.0	0.0
720	3803.1666666666665	0.0	0.0	0.0	0.0	0.0	0.0
730	3522.8333333333335	0.0	0.0	0.0	0.0	0.0	0.0
740	3695.0	0.0	0.0	0.0	0.0	0.0	0.0
750	3540.6666666666665	0.0	0.0	0.0	0.0	0.0	0.0
760	3682.1666666666665	0.0	0.0	0.0	0.0	0.0	0.0
770	3777.8333333333335	0.0	0.0	0.0	0.0	0.0	0.0
780	3906.1666666666665	0.0	0.0	0.0	0.0	0.0	0.0
790	3798.8333333333335	0.0	0.0	0.0	0.0	0.0	0.0
800	3761.6666666666665	0.0	0.0	0.0	0.0	0.0	0.0
810	3901.0	0.0	0.0	0.0	0.0	0.0	0.0
820	3855.6666666666665	0.0	0.0	0.0	0.0	0.0	0.0
830	3871.5	0.0	0.0	0.0	0.0	0.0	0.0
840	3714.0	0.0	0.0	0.0	0.0	0.0	0.0
850	3799.5	0.0	0.0	0.0	0.0	0.0	0.0
860	3787.0	0.0	0.0	0.0	0.0	0.0	0.0
870	3916.0	0.0	0.0	0.0	0.0	0.0	0.0
880	4042.0	0.0	0.0	0.0	0.0	0.0	0.0
890	3644.6666666666665	0.0	0.0	0.0	0.0	0.0	0.0
900	3882.8333333333335	0.0	0.0	0.0	0.0	0.0	0.0
910	3475.1666666666665	0.0	0.0	0.0	0.0	0.0	0.0
920	3552.6666666666665	0.0	0.0	0.0	0.0	0.0	0.0
930	3537.5	0.0	0.0	0.0	0.0	0.0	0.0
940	3859.6666666666665	0.0	0.0	0.0	0.0	0.0	0.0
950	3404.3333333333335	0.0	0.0	0.0	0.0	0.0	0.0
960	3640.0	0.0	0.0	0.0	0.0	0.0	0.0
970	3918.6666666666665	0.0	0.0	0.0	0.0	0.0	0.0
980	3259.8333333333335	0.0	0.0	0.0	0.0	0.0	0.0
990	3512.0	0.0	0.0	0.0	0.0	0.0	0.0
1000	4311.666666666667	0.0	0.0	0.0	0.0	0.0	0.0
