0	261.3333333333333	0.0
10	70.0	0.0
20	70.0	0.0
30	70.0	2.0
40	70.0	32.0
50	70.0	1.0
60	70.0	37.0
70	70.0	0.0
80	70.0	27.0
90	73.66666666666667	0.0
100	74.66666666666667	0.0
110	178.0	8.0
120	78.0	3.0
130	71.33333333333333	18.0
140	298.3333333333333	8.0
150	87.66666666666667	5.0
160	518.6666666666666	1.0
170	192.33333333333334	3.0
180	310.3333333333333	2.0
190	650.0	10.0
200	1574.6666666666667	5.0
210	2052.3333333333335	20.0
220	1250.6666666666667	10.0
230	2130.6666666666665	11.0
240	2424.6666666666665	9.0
250	2399.3333333333335	30.0
260	2437.8333333333335	4.0
270	2462.1666666666665	24.0
280	2791.8333333333335	21.0
290	2543.3333333333335	9.0
300	2292.3333333333335	27.0
310	2492.6666666666665	40.0
320	2388.6666666666665	32.0
330	2433.6666666666665	40.0
340	2303.6666666666665	28.0
350	2522.0	19.0
360	2297.3333333333335	33.0
370	2508.5	6.0
380	2378.5	19.0
390	2521.1666666666665	23.0
400	2309.3333333333335	24.0
410	2118.3333333333335	17.0
420	1691.0	21.0
430	2250.5	11.0
440	2589.0	10.0
450	2307.6666666666665	17.0
460	2423.8333333333335	10.0
470	2448.3333333333335	10.0
480	1821.0	15.0
490	2267.3333333333335	22.0
500	2371.5	10.0
510	2459.1666666666665	12.0
520	2553.1666666666665	6.0
530	2301.6666666666665	9.0
540	2281.6666666666665	4.0
550	2280.3333333333335	18.0
560	2577.3333333333335	10.0
570	2034.1666666666667	24.0
580	1780.3333333333333	17.0
590	1762.8333333333333	7.0
600	2332.8333333333335	16.0
610	2043.3333333333333	27.0
620	1978.1666666666667	20.0
630	2158.0	10.0
640	1910.3333333333333	13.0
650	1944.8333333333333	21.0
660	2095.6666666666665	39.0
670	2202.3333333333335	13.0
680	1687.0	0.0
690	2015.8333333333333	0.0
700	2158.0	0.0
710	2311.3333333333335	0.0
720	1742.0	0.0
730	1666.6666666666667	0.0
740	2288.6666666666665	0.0
750	2396.6666666666665	0.0
760	2480.8333333333335	0.0
770	2537.5	0.0
780	2456.0	0.0
790	1829.0	0.0
800	2131.1666666666665	0.0
810	1756.0	0.0
820	1673.3333333333333	0.0
830	1846.6666666666667	0.0
840	1715.5	0.0
850	2067.0	0.0
860	2268.6666666666665	0.0
870	2426.5	0.0
880	2558.0	0.0
890	2019.3333333333333	0.0
900	2383.0	0.0
910	1810.3333333333333	0.0
920	2552.6666666666665	0.0
930	2329.8333333333335	0.0
940	2392.0	0.0
950	2262.0	0.0
960	2278.0	0.0
970	2336.0	0.0
980	2356.0	0.0
990	2244.6666666666665	0.0
1000	2337.0	0.0
