0	268.6666666666667	0.0
10	70.0	1.0
20	70.0	48.0
30	70.0	0.0
40	70.0	15.0
50	70.0	12.0
60	70.0	0.0
70	70.0	1.0
80	70.0	1.0
90	73.66666666666667	0.0
100	76.66666666666667	0.0
110	113.66666666666667	0.0
120	238.66666666666666	3.0
130	111.33333333333333	3.0
140	310.3333333333333	0.0
150	98.66666666666667	3.0
160	303.3333333333333	1.0
170	471.3333333333333	9.0
180	135.33333333333334	7.0
190	380.3333333333333	4.0
200	264.3333333333333	8.0
210	355.3333333333333	4.0
220	464.6666666666667	6.0
230	269.0	10.0
240	339.3333333333333	6.0
250	287.3333333333333	10.0
260	396.6666666666667	4.0
270	373.0	10.0
280	378.0	7.0
290	586.6666666666666	15.0
300	989.1666666666666	7.0
310	758.6666666666666	11.0
320	1057.3333333333333	15.0
330	1920.3333333333333	6.0
340	1707.6666666666667	17.0
350	1667.6666666666667	25.0
360	2564.3333333333335	22.0
370	2126.3333333333335	3.0
380	1887.0	17.0
390	2503.6666666666665	27.0
400	1658.6666666666667	33.0
410	1720.0	11.0
420	1871.0	19.0
430	1824.6666666666667	59.0
440	1899.6666666666667	32.0
450	1801.3333333333333	26.0
460	1918.1666666666667	13.0
470	2045.0	16.0
480	1051.6666666666667	26.0
490	1278.0	9.0
500	1996.1666666666667	23.0
510	2135.6666666666665	29.0
520	2202.0	14.0
530	1688.0	29.0
540	2018.8333333333333	23.0
550	1774.6666666666667	32.0
560	2363.8333333333335	18.0
570	1552.6666666666667	9.0
580	1935.3333333333333	17.0
590	2380.6666666666665	14.0
600	2607.5	52.0
610	2138.6666666666665	14.0
620	2330.0	23.0
630	2054.6666666666665	37.0
640	2041.0	10.0
650	2122.5	16.0
660	2152.6666666666665	28.0
670	2243.0	25.0
680	1656.1666666666667	5.0
690	2210.6666666666665	0.0
700	2126.0	0.0
710	2295.3333333333335	0.0
720	2517.8333333333335	0.0
730	2509.1666666666665	0.0
740	2361.3333333333335	0.0
750	2286.0	0.0
760	2378.6666666666665	0.0
770	2304.6666666666665	0.0
780	2321.5	0.0
790	2092.3333333333335	0.0
800	2600.0	0.0
810	2402.8333333333335	0.0
820	2253.3333333333335	0.0
830	2440.1666666666665	0.0
840	2293.6666666666665	0.0
850	2415.5	0.0
860	2400.1666666666665	0.0
870	2414.1666666666665	0.0
880	1777.0	0.0
890	1726.0	0.0
900	2161.3333333333335	0.0
910	1836.6666666666667	0.0
920	2106.6666666666665	0.0
930	1909.1666666666667	0.0
940	1730.1666666666667	0.0
950	2389.6666666666665	0.0
960	1695.3333333333333	0.0
970	2339.0	0.0
980	2569.0	0.0
990	2425.0	0.0
1000	2548.3333333333335	0.0
