0	268.3333333333333	0.0
10	70.0	43.0
20	70.0	0.0
30	70.0	35.0
40	71.33333333333333	62.0
50	70.0	11.0
60	131.33333333333334	0.0
70	1455.0	12.0
80	1564.3333333333333	23.0
90	1686.6666666666667	15.0
100	1824.3333333333333	12.0
110	1826.8333333333333	3.0
120	2135.3333333333335	6.0
130	2533.0	17.0
140	2344.5	12.0
150	2525.0	22.0
160	2233.0	27.0
170	2234.0	5.0
180	2235.0	41.0
190	2242.0	21.0
200	2289.5	7.0
210	2297.6666666666665	14.0
220	2153.0	15.0
230	2313.0	5.0
240	2415.0	16.0
250	2614.8333333333335	8.0
260	2031.5	11.0
270	2252.6666666666665	10.0
280	1471.3333333333333	16.0
290	1698.6666666666667	22.0
300	1921.6666666666667	1.0
310	1933.0	13.0
320	1772.8333333333333	18.0
330	2063.3333333333335	27.0
340	1783.0	30.0
350	2232.6666666666665	18.0
360	1420.0	23.0
370	1978.8333333333333	24.0
380	2104.3333333333335	39.0
390	1877.0	18.0
400	1809.0	29.0
410	2173.3333333333335	34.0
420	1930.6666666666667	15.0
430	1948.3333333333333	29.0
440	1317.3333333333333	20.0
450	1948.0	35.0
460	1173.0	12.0
470	1913.3333333333333	5.0
480	1412.8333333333333	18.0
490	1809.1666666666667	25.0
500	1793.1666666666667	12.0
510	1392.3333333333333	10.0
520	1397.1666666666667	10.0
530	1686.3333333333333	12.0
540	1979.0	15.0
550	1327.3333333333333	11.0
560	1671.3333333333333	6.0
570	1996.5	0.0
580	1690.6666666666667	0.0
590	1460.6666666666667	0.0
600	2407.6666666666665	0.0
610	2404.0	0.0
620	1920.8333333333333	0.0
630	1757.3333333333333	0.0
640	1767.6666666666667	0.0
650	1580.1666666666667	0.0
660	1749.3333333333333	0.0
670	2208.0	0.0
680	1687.3333333333333	0.0
690	1875.0	0.0
700	2388.1666666666665	0.0
710	2363.6666666666665	0.0
720	2481.6666666666665	0.0
730	2181.1666666666665	0.0
740	2280.3333333333335	0.0
750	2337.6666666666665	0.0
760	2351.3333333333335	0.0
770	2690.1666666666665	0.0
780	2431.8333333333335	0.0
790	1912.6666666666667	0.0
800	1716.5	0.0
810	1777.5	0.0
820	2500.3333333333335	0.0
830	2070.0	0.0
840	2332.0	0.0
850	2433.3333333333335	0.0
860	2331.6666666666665	0.0
870	2503.6666666666665	0.0
880	2315.6666666666665	0.0
890	2482.1666666666665	0.0
900	2398.6666666666665	0.0
910	2392.5	0.0
920	2746.3333333333335	0.0
930	2612.6666666666665	0.0
940	1786.0	0.0
950	1518.6666666666667	0.0
960	2546.3333333333335	0.0
970	1914.1666666666667	0.0
980	1687.0	0.0
990	2009.1666666666667	0.0
1000	1869.6666666666667	0.0
