0	244.33333333333334	0.0	0.0	0.0	0.0	0.0	0.0
10	1991.0	1000.0	2011.0	911.0	449.0	295.0	551.0
20	1957.8333333333333	0.0	0.0	0.0	0.0	0.0	0.0
30	1840.6666666666667	0.0	0.0	0.0	0.0	0.0	0.0
40	1688.8333333333333	0.0	0.0	0.0	0.0	0.0	0.0
50	2109.3333333333335	0.0	0.0	0.0	0.0	0.0	0.0
60	2281.6666666666665	0.0	0.0	0.0	0.0	0.0	0.0
70	2236.8333333333335	0.0	0.0	0.0	0.0	0.0	0.0
80	2490.6666666666665	0.0	0.0	0.0	0.0	0.0	0.0
90	2182.8333333333335	0.0	0.0	0.0	0.0	0.0	0.0
100	2131.0	0.0	0.0	0.0	0.0	0.0	0.0
110	2289.3333333333335	0.0	0.0	0.0	0.0	0.0	0.0
120	2561.8333333333335	0.0	0.0	0.0	0.0	0.0	0.0
130	2660.5	0.0	0.0	0.0	0.0	0.0	0.0
140	2683.3333333333335	0.0	0.0	0.0	0.0	0.0	0.0
150	2571.0	0.0	0.0	0.0	0.0	0.0	0.0
160	2388.6666666666665	0.0	0.0	0.0	0.0	0.0	0.0
170	2737.0	0.0	0.0	0.0	0.0	0.0	0.0
180	2704.8333333333335	0.0	0.0	0.0	0.0	0.0	0.0
190	2581.6666666666665	0.0	0.0	0.0	0.0	0.0	0.0
200	2712.0	0.0	0.0	0.0	0.0	0.0	0.0
210	2770.5	0.0	0.0	0.0	0.0	0.0	0.0
220	2456.8333333333335	0.0	0.0	0.0	0.0	0.0	0.0
230	2820.6666666666665	0.0	0.0	0.0	0.0	0.0	0.0
240	2922.6666666666665	0.0	0.0	0.0	0.0	0.0	0.0
250	2677.3333333333335	0.0	0.0	0.0	0.0	0.0	0.0
260	2404.3333333333335	0.0	0.0	0.0	0.0	0.0	0.0
270	2404.0	0.0	0.0	0.0	0.0	0.0	0.0
280	2699.6666666666665	0.0	0.0	0.0	0.0	0.0	0.0
290	2086.0	0.0	0.0	0.0	0.0	0.0	0.0
300	2582.3333333333335	0.0	0.0	0.0	0.0	0.0	0.0
310	2821.8333333333335	0.0	0.0	0.0	0.0	0.0	0.0
320	2621.8333333333335	0.0	0.0	0.0	0.0	0.0	0.0
330	2387.8333333333335	0.0	0.0	0.0	0.0	0.0	0.0
340	2621.5	0.0	0.0	0.0	0.0	0.0	0.0
350	2906.6666666666665	0.0	0.0	0.0	0.0	0.0	0.0
360	2859.5	0.0	0.0	0.0	0.0	0.0	0.0
370	2826.5	0.0	0.0	0.0	0.0	0.0	0.0
380	2622.1666666666665	0.0	0.0	0.0	0.0	0.0	0.0
390	3242.0	0.0	0.0	0.0	0.0	0.0	0.0
400	3414.1666666666665	0.0	0.0	0.0	0.0	0.0	0.0
410	3322.1666666666665	0.0	0.0	0.0	0.0	0.0	0.0
420	3197.1666666666665	0.0	0.0	0.0	0.0	0.0	0.0
430	3339.1666666666665	0.0	0.0	0.0	0.0	0.0	0.0
440	3452.1666666666665	0.0	0.0	0.0	0.0	0.0	0.0
450	3432.1666666666665	0.0	0.0	0.0	0.0	0.0	0.0
460	3418.5	0.0	0.0	0.0	0.0	0.0	0.0
470	3384.3333333333335	0.0	0.0	0.0	0.0	0.0	0.0
480	3117.3333333333335	0.0	0.0	0.0	0.0	0.0	0.0
490	3829.6666666666665	0.0	0.0	0.0	0.0	0.0	0.0
500	3400.0	0.0	0.0	0.0	0.0	0.0	0.0
510	3469.3333333333335	0.0	0.0	0.0	0.0	0.0	0.0
520	3289.6666666666665	0.0	0.0	0.0	0.0	0.0	0.0
530	2957.8333333333335	0.0	0.0	0.0	0.0	0.0	0.0
540	3339.1666666666665	0.0	0.0	0.0	0.0	0.0	0.0
550	3359.3333333333335	0.0	0.0	0.0	0.0	0.0	0.0
560	3675.8333333333335	0.0	0.0	0.0	0.0	0.0	0.0
570	3958.6666666666665	0.0	0.0	0.0	0.0	0.0	0.0
580	3702.6666666666665	0.0	0.0	0.0	0.0	0.0	0.0
590	3464.5	0.0	0.0	0.0	0.0	0.0	0.0
600	3888.0	0.0	0.0	0.0	0.0	0.0	0.0
610	3768.5	0.0	0.0	0.0	0.0	0.0	0.0
620	3514.1666666666665	0.0	0.0	0.0	0.0	0.0	0.0
630	3971.1666666666665	0.0	0.0	0.0	0.0	0.0	0.0
640	3442.5	0.0	0.0	0.0	0.0	0.0	0.0
650	3810.0	0.0	0.0	0.0	0.0	0.0	0.0
660	3485.5	0.0	0.0	0.0	0.0	0.0	0.0
670	3369.6666666666665	0.0	0.0	0.0	0.0	0.0	0.0
680	3324.6666666666665	0.0	0.0	0.0	0.0	0.0	0.0
690	3567.3333333333335	0.0	0.0	0.0	0.0	0.0	0.0
700	3456.0	0.0	0.0	0.0	0.0	0.0	0.0
710	3714.0	0.0	0.0	0.0	0.0	0.0	0.0
720	3524.1666666666665	0.0	0.0	0.0	0.0	0.0	0.0
730	3550.8333333333335	0.0	0.0	0.0	0.0	0.0	0.0
740	3849.3333333333335	0.0	0.0	0.0	0.0	0.0	0.0
750	3821.8333333333335	0.0	0.0	0.0	0.0	0.0	0.0
760	3953.5	0.0	0.0	0.0	0.0	0.0	0.0
770	3485.0	0.0	0.0	0.0	0.0	0.0	0.0
780	3754.5	0.0	0.0	0.0	0.0	0.0	0.0
790	3530.6666666666665	0.0	0.0	0.0	0.0	0.0	0.0
800	3692.0	0.0	0.0	0.0	0.0	0.0	0.0
810	3596.0	0.0	0.0	0.0	0.0	0.0	0.0
820	3760.6666666666665	0.0	0.0	0.0	0.0	0.0	0.0
830	4062.5	0.0	0.0	0.0	0.0	0.0	0.0
840	3970.6666666666665	0.0	0.0	0.0	0.0	0.0	0.0
850	3904.3333333333335	0.0	0.0	0.0	0.0	0.0	0.0
860	3848.5	0.0	0.0	0.0	0.0	0.0	0.0
870	3709.0	0.0	0.0	0.0	0.0	0.0	0.0
880	3592.5	0.0	0.0	0.0	0.0	0.0	0.0
890	3935.0	0.0	0.0	0.0	0.0	0.0	0.0
900	4092.0	0.0	0.0	0.0	0.0	0.0	0.0
910	3751.8333333333335	0.0	0.0	0.0	0.0	0.0	0.0
920	3779.8333333333335	0.0	0.0	0.0	0.0	0.0	0.0
930	3517.1666666666665	0.0	0.0	0.0	0.0	0.0	0.0
940	3882.3333333333335	0.0	0.0	0.0	0.0	0.0	0.0
950	3778.5	0.0	0.0	0.0	0.0	0.0	0.0
960	3934.0	0.0	0.0	0.0	0.0	0.0	0.0
970	3755.0	0.0	0.0	0.0	0.0	0.0	0.0
980	3578.6666666666665	0.0	0.0	0.0	0.0	0.0	0.0
990	3651.5	0.0	0.0	0.0	0.0	0.0	0.0
1000	3742.1666666666665	0.0	0.0	0.0	0.0	0.0	0.0
