0	269.6666666666667	0.0
10	1898.6666666666667	1000.0
20	1907.5	0.0
30	2211.8333333333335	0.0
40	2126.8333333333335	0.0
50	2401.6666666666665	0.0
60	2310.3333333333335	0.0
70	2489.0	0.0
80	2310.1666666666665	0.0
90	2558.0	0.0
100	2530.1666666666665	0.0
110	2421.3333333333335	0.0
120	2396.8333333333335	0.0
130	2091.3333333333335	0.0
140	2516.6666666666665	0.0
150	2419.3333333333335	0.0
160	2905.0	0.0
170	2672.3333333333335	0.0
180	2294.1666666666665	0.0
190	2600.1666666666665	0.0
200	2234.8333333333335	0.0
210	2660.3333333333335	0.0
220	2323.8333333333335	0.0
230	2372.1666666666665	0.0
240	2352.6666666666665	0.0
250	2390.6666666666665	0.0
260	2578.0	0.0
270	2992.0	0.0
280	2662.6666666666665	0.0
290	2523.8333333333335	0.0
300	2648.3333333333335	0.0
310	2801.3333333333335	0.0
320	2744.5	0.0
330	2567.3333333333335	0.0
340	2388.1666666666665	0.0
350	2998.6666666666665	0.0
360	2849.8333333333335	0.0
370	2617.0	0.0
380	3407.8333333333335	0.0
390	3100.6666666666665	0.0
400	2719.1666666666665	0.0
410	3283.6666666666665	0.0
420	2879.6666666666665	0.0
430	3566.6666666666665	0.0
440	3020.3333333333335	0.0
450	2915.5	0.0
460	3105.8333333333335	0.0
470	3347.0	0.0
480	3418.8333333333335	0.0
490	2997.1666666666665	0.0
500	3471.0	0.0
510	3318.8333333333335	0.0
520	3743.8333333333335	0.0
530	3127.3333333333335	0.0
540	3557.6666666666665	0.0
550	3683.1666666666665	0.0
560	3534.0	0.0
570	3213.6666666666665	0.0
580	3498.5	0.0
590	3218.0	0.0
600	3559.6666666666665	0.0
610	3802.1666666666665	0.0
620	3439.8333333333335	0.0
630	3187.8333333333335	0.0
640	3723.8333333333335	0.0
650	3550.3333333333335	0.0
660	3660.0	0.0
670	3863.1666666666665	0.0
680	3894.0	0.0
690	4004.0	0.0
700	3874.3333333333335	0.0
710	3490.5	0.0
720	3432.6666666666665	0.0
730	3283.0	0.0
740	3841.5	0.0
750	3503.3333333333335	0.0
760	3329.6666666666665	0.0
770	3889.6666666666665	0.0
780	3945.3333333333335	0.0
790	3542.0	0.0
800	3597.6666666666665	0.0
810	3721.1666666666665	0.0
820	3623.8333333333335	0.0
830	3777.5	0.0
840	4017.8333333333335	0.0
850	4010.8333333333335	0.0
860	3907.0	0.0
870	3429.5	0.0
880	3657.5	0.0
890	3624.6666666666665	0.0
900	3713.1666666666665	0.0
910	3827.0	0.0
920	3906.8333333333335	0.0
930	3597.8333333333335	0.0
940	3693.3333333333335	0.0
950	3766.3333333333335	0.0
960	3440.8333333333335	0.0
970	3419.6666666666665	0.0
980	3549.6666666666665	0.0
990	3967.6666666666665	0.0
1000	3672.0	0.0
