0	250.33333333333334	0.0
10	1962.0	1000.0
20	1981.6666666666667	0.0
30	1961.0	0.0
40	2128.5	0.0
50	2020.3333333333333	0.0
60	2193.1666666666665	0.0
70	2200.3333333333335	0.0
80	1910.5	0.0
90	1841.6666666666667	0.0
100	2049.5	0.0
110	2249.8333333333335	0.0
120	2323.1666666666665	0.0
130	2327.5	0.0
140	2416.5	0.0
150	2492.8333333333335	0.0
160	2541.0	0.0
170	2790.1666666666665	0.0
180	2221.8333333333335	0.0
190	2308.3333333333335	0.0
200	2446.1666666666665	0.0
210	2547.6666666666665	0.0
220	2663.5	0.0
230	2307.8333333333335	0.0
240	2521.6666666666665	0.0
250	2621.8333333333335	0.0
260	2536.3333333333335	0.0
270	2645.1666666666665	0.0
280	2629.8333333333335	0.0
290	2782.0	0.0
300	2737.1666666666665	0.0
310	2947.6666666666665	0.0
320	2753.8333333333335	0.0
330	3075.6666666666665	0.0
340	2936.1666666666665	0.0
350	2596.1666666666665	0.0
360	2868.3333333333335	0.0
370	3099.0	0.0
380	2584.8333333333335	0.0
390	3096.0	0.0
400	3131.5	0.0
410	3243.0	0.0
420	3420.8333333333335	0.0
430	3225.8333333333335	0.0
440	3360.5	0.0
450	3054.5	0.0
460	3243.3333333333335	0.0
470	3423.1666666666665	0.0
480	3533.0	0.0
490	3301.1666666666665	0.0
500	3335.6666666666665	0.0
510	3103.3333333333335	0.0
520	3786.6666666666665	0.0
530	3640.0	0.0
540	3164.8333333333335	0.0
550	3610.0	0.0
560	3381.5	0.0
570	3563.0	0.0
580	3937.3333333333335	0.0
590	3379.8333333333335	0.0
600	3231.5	0.0
610	3560.8333333333335	0.0
620	3350.8333333333335	0.0
630	2652.6666666666665	0.0
640	3644.8333333333335	0.0
650	3114.3333333333335	0.0
660	3871.5	0.0
670	3796.5	0.0
680	3820.0	0.0
690	3645.0	0.0
700	3595.0	0.0
710	3834.1666666666665	0.0
720	3522.6666666666665	0.0
730	3790.5	0.0
740	3569.3333333333335	0.0
750	3603.5	0.0
760	3590.3333333333335	0.0
770	3609.0	0.0
780	3337.3333333333335	0.0
790	3837.5	0.0
800	4166.333333333333	0.0
810	3678.8333333333335	0.0
820	3723.8333333333335	0.0
830	3864.1666666666665	0.0
840	3787.1666666666665	0.0
850	3134.1666666666665	0.0
860	3705.8333333333335	0.0
870	3123.6666666666665	0.0
880	3289.6666666666665	0.0
890	3652.1666666666665	0.0
900	3707.3333333333335	0.0
910	3818.0	0.0
920	3613.5	0.0
930	4217.5	0.0
940	3904.5	0.0
950	3689.6666666666665	0.0
960	3333.8333333333335	0.0
970	3950.3333333333335	0.0
980	3722.8333333333335	0.0
990	3804.3333333333335	0.0
1000	3814.0	0.0
