0	260.0	0.0
10	2261.1666666666665	1000.0
20	1957.0	0.0
30	2043.8333333333333	0.0
40	2008.0	0.0
50	2056.5	0.0
60	2100.3333333333335	0.0
70	2108.3333333333335	0.0
80	2242.5	0.0
90	2356.1666666666665	0.0
100	2689.6666666666665	0.0
110	2376.6666666666665	0.0
120	2636.5	0.0
130	2416.6666666666665	0.0
140	2882.6666666666665	0.0
150	2422.6666666666665	0.0
160	2229.5	0.0
170	2409.6666666666665	0.0
180	2246.0	0.0
190	2937.0	0.0
200	2776.8333333333335	0.0
210	2667.5	0.0
220	2637.5	0.0
230	2465.3333333333335	0.0
240	2615.3333333333335	0.0
250	2502.5	0.0
260	2559.0	0.0
270	2531.1666666666665	0.0
280	2942.8333333333335	0.0
290	2469.0	0.0
300	2777.0	0.0
310	2805.8333333333335	0.0
320	2724.1666666666665	0.0
330	3099.1666666666665	0.0
340	3055.5	0.0
350	3212.6666666666665	0.0
360	2798.1666666666665	0.0
370	3240.5	0.0
380	3457.1666666666665	0.0
390	3130.1666666666665	0.0
400	3037.6666666666665	0.0
410	3084.1666666666665	0.0
420	3788.0	0.0
430	3611.1666666666665	0.0
440	3786.5	0.0
450	3459.0	0.0
460	3557.0	0.0
470	3587.5	0.0
480	3895.8333333333335	0.0
490	2964.8333333333335	0.0
500	3750.5	0.0
510	3247.8333333333335	0.0
520	3530.1666666666665	0.0
530	3633.1666666666665	0.0
540	2957.6666666666665	0.0
550	3517.1666666666665	0.0
560	3426.1666666666665	0.0
570	3695.1666666666665	0.0
580	3870.3333333333335	0.0
590	3649.6666666666665	0.0
600	3544.3333333333335	0.0
610	3635.3333333333335	0.0
620	3286.0	0.0
630	3667.6666666666665	0.0
640	3567.0	0.0
650	3474.0	0.0
660	3958.3333333333335	0.0
670	4047.8333333333335	0.0
680	3378.1666666666665	0.0
690	3580.5	0.0
700	3666.5	0.0
710	4017.5	0.0
720	3637.3333333333335	0.0
730	3456.8333333333335	0.0
740	3653.0	0.0
750	3794.8333333333335	0.0
760	3539.3333333333335	0.0
770	3323.8333333333335	0.0
780	3491.8333333333335	0.0
790	3769.5	0.0
800	3605.3333333333335	0.0
810	3961.0	0.0
820	3831.0	0.0
830	3911.6666666666665	0.0
840	3683.3333333333335	0.0
850	4117.5	0.0
860	3764.1666666666665	0.0
870	3812.5	0.0
880	3787.3333333333335	0.0
890	3771.8333333333335	0.0
900	3963.0	0.0
910	3699.6666666666665	0.0
920	3756.1666666666665	0.0
930	3742.1666666666665	0.0
940	3763.5	0.0
950	3572.1666666666665	0.0
960	3776.0	0.0
970	3819.0	0.0
980	3927.5	0.0
990	3427.6666666666665	0.0
1000	3467.5	0.0
