0	206.0	0.0
10	2083.0	1000.0
20	2108.1666666666665	0.0
30	2168.1666666666665	0.0
40	2262.3333333333335	0.0
50	2100.6666666666665	0.0
60	2405.6666666666665	0.0
70	2431.8333333333335	0.0
80	2416.1666666666665	0.0
90	2492.5	0.0
100	2572.1666666666665	0.0
110	2735.6666666666665	0.0
120	2508.6666666666665	0.0
130	2939.3333333333335	0.0
140	2681.3333333333335	0.0
150	2374.1666666666665	0.0
160	2709.3333333333335	0.0
170	2591.6666666666665	0.0
180	2443.3333333333335	0.0
190	2326.6666666666665	0.0
200	2700.6666666666665	0.0
210	2537.6666666666665	0.0
220	2708.0	0.0
230	3104.6666666666665	0.0
240	2713.5	0.0
250	2584.0	0.0
260	2716.1666666666665	0.0
270	2961.8333333333335	0.0
280	3209.1666666666665	0.0
290	2834.5	0.0
300	2964.5	0.0
310	2721.8333333333335	0.0
320	2717.8333333333335	0.0
330	3209.6666666666665	0.0
340	2928.6666666666665	0.0
350	3134.5	0.0
360	3320.6666666666665	0.0
370	2806.3333333333335	0.0
380	3267.1666666666665	0.0
390	3136.1666666666665	0.0
400	3764.0	0.0
410	3447.6666666666665	0.0
420	3409.1666666666665	0.0
430	3080.6666666666665	0.0
440	3259.8333333333335	0.0
450	3248.3333333333335	0.0
460	3294.5	0.0
470	2751.3333333333335	0.0
480	3008.8333333333335	0.0
490	3040.5	0.0
500	3272.3333333333335	0.0
510	3444.0	0.0
520	3706.3333333333335	0.0
530	3405.3333333333335	0.0
540	3297.1666666666665	0.0
550	3511.1666666666665	0.0
560	3534.3333333333335	0.0
570	4050.5	0.0
580	3495.5	0.0
590	3038.8333333333335	0.0
600	3297.6666666666665	0.0
610	3448.8333333333335	0.0
620	4011.8333333333335	0.0
630	3586.0	0.0
640	3230.0	0.0
650	3854.1666666666665	0.0
660	4230.333333333333	0.0
670	3808.1666666666665	0.0
680	3964.3333333333335	0.0
690	3383.8333333333335	0.0
700	3297.5	0.0
710	3612.3333333333335	0.0
720	3452.1666666666665	0.0
730	3014.3333333333335	0.0
740	3630.0	0.0
750	3308.5	0.0
760	3687.3333333333335	0.0
770	3381.1666666666665	0.0
780	3529.5	0.0
790	3302.3333333333335	0.0
800	3430.5	0.0
810	3891.8333333333335	0.0
820	3891.6666666666665	0.0
830	3445.6666666666665	0.0
840	3716.6666666666665	0.0
850	3776.8333333333335	0.0
860	3898.0	0.0
870	3214.6666666666665	0.0
880	3976.8333333333335	0.0
890	3538.0	0.0
900	3691.6666666666665	0.0
910	3729.6666666666665	0.0
920	3805.0	0.0
930	4013.1666666666665	0.0
940	3809.6666666666665	0.0
950	4123.0	0.0
960	3943.1666666666665	0.0
970	3629.6666666666665	0.0
980	3636.0	0.0
990	3587.8333333333335	0.0
1000	3390.1666666666665	0.0
