0	241.33333333333334	0.0	0.0	0.0	0.0	0.0	0.0
10	71.66666666666667	67.0	65.0	25.0	50.0	4.0	17.0
20	83.0	249.0	208.0	119.0	163.0	28.0	86.0
30	1046.3333333333333	563.0	445.0	492.0	136.0	50.0	427.0
40	1157.3333333333333	121.0	486.0	165.0	22.0	65.0	99.0
50	397.0	0.0	0.0	0.0	0.0	0.0	0.0
60	1677.6666666666667	0.0	0.0	0.0	0.0	0.0	0.0
70	1659.0	0.0	0.0	0.0	0.0	0.0	0.0
80	2180.5	0.0	0.0	0.0	0.0	0.0	0.0
90	2429.8333333333335	0.0	0.0	0.0	0.0	0.0	0.0
100	2247.0	0.0	0.0	0.0	0.0	0.0	0.0
110	1976.6666666666667	0.0	0.0	0.0	0.0	0.0	0.0
120	2368.6666666666665	0.0	0.0	0.0	0.0	0.0	0.0
130	2257.6666666666665	0.0	0.0	0.0	0.0	0.0	0.0
140	2344.6666666666665	0.0	0.0	0.0	0.0	0.0	0.0
150	2388.0	0.0	0.0	0.0	0.0	0.0	0.0
160	2144.3333333333335	0.0	0.0	0.0	0.0	0.0	0.0
170	1986.0	0.0	0.0	0.0	0.0	0.0	0.0
180	2548.6666666666665	0.0	0.0	0.0	0.0	0.0	0.0
190	2088.3333333333335	0.0	0.0	0.0	0.0	0.0	0.0
200	2373.6666666666665	0.0	0.0	0.0	0.0	0.0	0.0
210	2332.5	0.0	0.0	0.0	0.0	0.0	0.0
220	2265.3333333333335	0.0	0.0	0.0	0.0	0.0	0.0
230	2457.0	0.0	0.0	0.0	0.0	0.0	0.0
240	1182.0	0.0	0.0	0.0	0.0	0.0	0.0
250	1744.6666666666667	0.0	0.0	0.0	0.0	0.0	0.0
260	1462.6666666666667	0.0	0.0	0.0	0.0	0.0	0.0
270	1856.0	0.0	0.0	0.0	0.0	0.0	0.0
280	1883.6666666666667	0.0	0.0	0.0	0.0	0.0	0.0
290	1680.6666666666667	0.0	0.0	0.0	0.0	0.0	0.0
300	1565.1666666666667	0.0	0.0	0.0	0.0	0.0	0.0
310	1820.6666666666667	0.0	0.0	0.0	0.0	0.0	0.0
320	2644.5	0.0	0.0	0.0	0.0	0.0	0.0
330	1618.8333333333333	0.0	0.0	0.0	0.0	0.0	0.0
340	2240.8333333333335	0.0	0.0	0.0	0.0	0.0	0.0
350	2240.5	0.0	0.0	0.0	0.0	0.0	0.0
360	2385.8333333333335	0.0	0.0	0.0	0.0	0.0	0.0
370	2471.1666666666665	0.0	0.0	0.0	0.0	0.0	0.0
380	2367.6666666666665	0.0	0.0	0.0	0.0	0.0	0.0
390	2344.0	0.0	0.0	0.0	0.0	0.0	0.0
400	2409.0	0.0	0.0	0.0	0.0	0.0	0.0
410	1660.0	0.0	0.0	0.0	0.0	0.0	0.0
420	1842.6666666666667	0.0	0.0	0.0	0.0	0.0	0.0
430	2620.6666666666665	0.0	0.0	0.0	0.0	0.0	0.0
440	2304.6666666666665	0.0	0.0	0.0	0.0	0.0	0.0
450	2331.8333333333335	0.0	0.0	0.0	0.0	0.0	0.0
460	1896.1666666666667	0.0	0.0	0.0	0.0	0.0	0.0
470	2312.0	0.0	0.0	0.0	0.0	0.0	0.0
480	2297.6666666666665	0.0	0.0	0.0	0.0	0.0	0.0
490	1860.8333333333333	0.0	0.0	0.0	0.0	0.0	0.0
500	1644.0	0.0	0.0	0.0	0.0	0.0	0.0
510	2318.5	0.0	0.0	0.0	0.0	0.0	0.0
520	2276.3333333333335	0.0	0.0	0.0	0.0	0.0	0.0
530	2414.0	0.0	0.0	0.0	0.0	0.0	0.0
540	2491.1666666666665	0.0	0.0	0.0	0.0	0.0	0.0
550	2364.6666666666665	0.0	0.0	0.0	0.0	0.0	0.0
560	1658.3333333333333	0.0	0.0	0.0	0.0	0.0	0.0
570	2378.6666666666665	0.0	0.0	0.0	0.0	0.0	0.0
580	2276.3333333333335	0.0	0.0	0.0	0.0	0.0	0.0
590	2411.6666666666665	0.0	0.0	0.0	0.0	0.0	0.0
600	2570.6666666666665	0.0	0.0	0.0	0.0	0.0	0.0
610	2373.0	0.0	0.0	0.0	0.0	0.0	0.0
620	1596.3333333333333	0.0	0.0	0.0	0.0	0.0	0.0
630	2455.5	0.0	0.0	0.0	0.0	0.0	0.0
640	1786.0	0.0	0.0	0.0	0.0	0.0	0.0
650	1840.0	0.0	0.0	0.0	0.0	0.0	0.0
660	1979.1666666666667	0.0	0.0	0.0	0.0	0.0	0.0
670	1868.1666666666667	0.0	0.0	0.0	0.0	0.0	0.0
680	2020.8333333333333	0.0	0.0	0.0	0.0	0.0	0.0
690	2053.6666666666665	0.0	0.0	0.0	0.0	0.0	0.0
700	1998.1666666666667	0.0	0.0	0.0	0.0	0.0	0.0
710	2528.0	0.0	0.0	0.0	0.0	0.0	0.0
720	2354.1666666666665	0.0	0.0	0.0	0.0	0.0	0.0
730	2360.6666666666665	0.0	0.0	0.0	0.0	0.0	0.0
740	2076.6666666666665	0.0	0.0	0.0	0.0	0.0	0.0
750	1050.6666666666667	0.0	0.0	0.0	0.0	0.0	0.0
760	1946.1666666666667	0.0	0.0	0.0	0.0	0.0	0.0
770	2041.0	0.0	0.0	0.0	0.0	0.0	0.0
780	2335.3333333333335	0.0	0.0	0.0	0.0	0.0	0.0
790	2445.8333333333335	0.0	0.0	0.0	0.0	0.0	0.0
800	2598.5	0.0	0.0	0.0	0.0	0.0	0.0
810	2668.1666666666665	0.0	0.0	0.0	0.0	0.0	0.0
820	2429.8333333333335	0.0	0.0	0.0	0.0	0.0	0.0
830	2382.1666666666665	0.0	0.0	0.0	0.0	0.0	0.0
840	2395.6666666666665	0.0	0.0	0.0	0.0	0.0	0.0
850	2491.5	0.0	0.0	0.0	0.0	0.0	0.0
860	2559.3333333333335	0.0	0.0	0.0	0.0	0.0	0.0
870	2403.6666666666665	0.0	0.0	0.0	0.0	0.0	0.0
880	2481.6666666666665	0.0	0.0	0.0	0.0	0.0	0.0
890	2798.3333333333335	0.0	0.0	0.0	0.0	0.0	0.0
900	2561.8333333333335	0.0	0.0	0.0	0.0	0.0	0.0
910	2398.6666666666665	0.0	0.0	0.0	0.0	0.0	0.0
920	2453.5	0.0	0.0	0.0	0.0	0.0	0.0
930	2468.0	0.0	0.0	0.0	0.0	0.0	0.0
940	2471.8333333333335	0.0	0.0	0.0	0.0	0.0	0.0
950	2506.6666666666665	0.0	0.0	0.0	0.0	0.0	0.0
960	2360.5	0.0	0.0	0.0	0.0	0.0	0.0
970	2203.3333333333335	0.0	0.0	0.0	0.0	0.0	0.0
980	2354.6666666666665	0.0	0.0	0.0	0.0	0.0	0.0
990	2575.5	0.0	0.0	0.0	0.0	0.0	0.0
1000	2602.1666666666665	0.0	0.0	0.0	0.0	0.0	0.0
