0	245.66666666666666	0.0	0.0	0.0	0.0	0.0	0.0
10	70.0	0.0	0.0	0.0	0.0	0.0	0.0
20	70.0	0.0	0.0	0.0	0.0	0.0	0.0
30	70.0	0.0	0.0	0.0	0.0	0.0	0.0
40	70.0	0.0	0.0	0.0	0.0	0.0	0.0
50	70.0	0.0	0.0	0.0	0.0	0.0	0.0
60	70.0	0.0	0.0	0.0	0.0	0.0	0.0
70	70.0	0.0	0.0	0.0	0.0	0.0	0.0
80	70.0	0.0	0.0	0.0	0.0	0.0	0.0
90	70.0	0.0	0.0	0.0	0.0	0.0	0.0
100	70.0	0.0	0.0	0.0	0.0	0.0	0.0
110	70.0	0.0	1.0	0.0	0.0	0.0	0.0
120	70.0	0.0	0.0	0.0	0.0	0.0	0.0
130	70.0	0.0	0.0	0.0	0.0	0.0	0.0
140	70.0	0.0	0.0	0.0	0.0	0.0	0.0
150	70.0	0.0	0.0	0.0	0.0	0.0	0.0
160	70.33333333333333	0.0	1.0	0.0	0.0	0.0	0.0
170	70.0	0.0	0.0	0.0	0.0	0.0	0.0
180	70.0	0.0	0.0	0.0	0.0	0.0	0.0
190	70.0	0.0	0.0	0.0	0.0	0.0	0.0
200	70.66666666666667	0.0	0.0	0.0	0.0	0.0	0.0
210	71.0	0.0	0.0	0.0	0.0	0.0	0.0
220	71.0	0.0	0.0	0.0	0.0	0.0	0.0
230	78.0	0.0	0.0	0.0	0.0	0.0	0.0
240	74.66666666666667	0.0	0.0	0.0	0.0	0.0	0.0
250	80.0	0.0	0.0	0.0	0.0	0.0	0.0
260	96.66666666666667	0.0	0.0	0.0	0.0	0.0	0.0
270	113.66666666666667	0.0	0.0	1.0	0.0	1.0	0.0
280	196.66666666666666	0.0	0.0	0.0	0.0	0.0	0.0
290	373.3333333333333	1.0	2.0	0.0	1.0	0.0	0.0
300	496.3333333333333	2.0	0.0	4.0	2.0	2.0	0.0
310	289.3333333333333	5.0	58.0	4.0	2.0	1.0	3.0
320	132.33333333333334	2.0	1.0	14.0	2.0	13.0	0.0
330	132.66666666666666	2.0	17.0	4.0	2.0	3.0	0.0
340	139.0	3.0	21.0	3.0	2.0	1.0	1.0
350	129.0	16.0	27.0	28.0	3.0	13.0	13.0
360	130.0	5.0	43.0	23.0	3.0	18.0	2.0
370	130.0	3.0	2.0	11.0	1.0	8.0	2.0
380	231.33333333333334	72.0	20.0	74.0	6.0	4.0	66.0
390	193.33333333333334	59.0	74.0	75.0	3.0	16.0	56.0
400	232.0	68.0	27.0	76.0	4.0	10.0	64.0
410	164.66666666666666	13.0	89.0	27.0	2.0	14.0	11.0
420	551.3333333333334	31.0	58.0	41.0	1.0	10.0	30.0
430	852.6666666666666	16.0	43.0	22.0	0.0	6.0	16.0
440	984.0	62.0	114.0	62.0	8.0	7.0	54.0
450	767.6666666666666	14.0	58.0	30.0	8.0	16.0	6.0
460	1409.6666666666667	7.0	96.0	26.0	2.0	20.0	5.0
470	1427.0	4.0	303.0	15.0	1.0	11.0	3.0
480	1477.0	3.0	153.0	5.0	1.0	3.0	2.0
490	1648.3333333333333	2.0	76.0	14.0	1.0	12.0	1.0
500	1791.3333333333333	2.0	194.0	12.0	0.0	10.0	2.0
510	1925.0	2.0	338.0	11.0	1.0	10.0	1.0
520	1966.6666666666667	4.0	66.0	24.0	0.0	20.0	4.0
530	2266.3333333333335	11.0	185.0	14.0	7.0	10.0	4.0
540	1940.3333333333333	10.0	163.0	26.0	9.0	19.0	1.0
550	2063.0	0.0	136.0	8.0	0.0	8.0	0.0
560	2320.8333333333335	5.0	121.0	9.0	4.0	8.0	1.0
570	2119.0	3.0	161.0	12.0	0.0	9.0	3.0
580	2037.0	8.0	106.0	21.0	7.0	18.0	1.0
590	2062.8333333333335	0.0	195.0	6.0	0.0	6.0	0.0
600	2117.5	7.0	106.0	22.0	6.0	21.0	1.0
610	2133.6666666666665	3.0	81.0	8.0	0.0	5.0	3.0
620	2308.3333333333335	6.0	134.0	15.0	5.0	14.0	1.0
630	2478.0	7.0	101.0	16.0	5.0	12.0	2.0
640	2108.6666666666665	7.0	186.0	13.0	6.0	8.0	1.0
650	2577.5	16.0	166.0	21.0	0.0	5.0	16.0
660	2579.8333333333335	2.0	236.0	20.0	1.0	18.0	1.0
670	2719.6666666666665	3.0	140.0	12.0	2.0	11.0	1.0
680	2379.3333333333335	1.0	159.0	17.0	1.0	16.0	0.0
690	2359.0	5.0	99.0	18.0	4.0	17.0	1.0
700	2610.3333333333335	1.0	111.0	12.0	1.0	12.0	0.0
710	2342.0	13.0	246.0	28.0	9.0	22.0	4.0
720	2712.5	1.0	180.0	34.0	1.0	34.0	0.0
730	2659.0	11.0	104.0	16.0	11.0	10.0	0.0
740	2600.5	0.0	208.0	18.0	0.0	18.0	0.0
750	2591.0	10.0	175.0	15.0	8.0	5.0	2.0
760	2829.8333333333335	5.0	225.0	14.0	3.0	10.0	2.0
770	2645.0	9.0	102.0	12.0	6.0	9.0	3.0
780	2544.6666666666665	10.0	173.0	10.0	9.0	8.0	1.0
790	2746.8333333333335	0.0	173.0	14.0	0.0	14.0	0.0
800	2708.0	3.0	192.0	19.0	0.0	16.0	3.0
810	2735.5	3.0	119.0	4.0	1.0	2.0	2.0
820	2719.6666666666665	2.0	279.0	16.0	1.0	14.0	1.0
830	2544.8333333333335	2.0	127.0	10.0	1.0	8.0	1.0
840	2594.0	7.0	167.0	13.0	0.0	6.0	7.0
850	2432.6666666666665	0.0	100.0	22.0	0.0	22.0	0.0
860	2512.0	1.0	221.0	10.0	0.0	9.0	1.0
870	2520.3333333333335	5.0	156.0	4.0	5.0	4.0	0.0
880	2547.3333333333335	0.0	154.0	13.0	0.0	13.0	0.0
890	2812.3333333333335	0.0	123.0	4.0	0.0	4.0	0.0
900	2675.8333333333335	1.0	113.0	9.0	1.0	9.0	0.0
910	2480.0	7.0	73.0	5.0	7.0	5.0	0.0
920	2465.0	2.0	250.0	24.0	0.0	22.0	2.0
930	2490.0	6.0	109.0	28.0	4.0	23.0	2.0
940	2498.5	1.0	84.0	16.0	0.0	15.0	1.0
950	2372.6666666666665	0.0	141.0	13.0	0.0	13.0	0.0
960	2539.5	2.0	130.0	7.0	2.0	6.0	0.0
970	2665.3333333333335	1.0	167.0	21.0	0.0	20.0	1.0
980	2555.3333333333335	1.0	126.0	24.0	0.0	23.0	1.0
990	2514.3333333333335	14.0	178.0	14.0	2.0	2.0	12.0
1000	2557.1666666666665	3.0	165.0	6.0	2.0	5.0	1.0
