0	222.66666666666666	0.0	0.0	0.0	0.0	0.0	0.0
10	70.0	0.0	0.0	0.0	0.0	0.0	0.0
20	70.0	0.0	1.0	0.0	0.0	0.0	0.0
30	70.0	0.0	0.0	0.0	0.0	0.0	0.0
40	70.0	0.0	1.0	0.0	0.0	0.0	0.0
50	70.0	0.0	0.0	0.0	0.0	0.0	0.0
60	70.0	0.0	0.0	0.0	0.0	0.0	0.0
70	70.0	0.0	0.0	0.0	0.0	0.0	0.0
80	70.0	0.0	0.0	0.0	0.0	0.0	0.0
90	70.0	0.0	0.0	0.0	0.0	0.0	0.0
100	70.0	0.0	0.0	0.0	0.0	0.0	0.0
110	70.0	0.0	0.0	0.0	0.0	0.0	0.0
120	70.0	0.0	0.0	0.0	0.0	0.0	0.0
130	70.0	0.0	0.0	0.0	0.0	0.0	0.0
140	70.0	0.0	0.0	0.0	0.0	0.0	0.0
150	70.0	0.0	0.0	0.0	0.0	0.0	0.0
160	70.0	0.0	0.0	0.0	0.0	0.0	0.0
170	70.0	0.0	0.0	0.0	0.0	0.0	0.0
180	70.0	0.0	0.0	0.0	0.0	0.0	0.0
190	71.0	0.0	0.0	0.0	0.0	0.0	0.0
200	71.33333333333333	0.0	0.0	0.0	0.0	0.0	0.0
210	82.0	0.0	0.0	0.0	0.0	0.0	0.0
220	71.0	0.0	0.0	0.0	0.0	0.0	0.0
230	74.0	0.0	0.0	1.0	0.0	1.0	0.0
240	149.33333333333334	0.0	0.0	0.0	0.0	0.0	0.0
250	370.3333333333333	0.0	0.0	0.0	0.0	0.0	0.0
260	156.0	1.0	13.0	2.0	1.0	1.0	0.0
270	119.66666666666667	13.0	8.0	13.0	11.0	1.0	2.0
280	120.66666666666667	2.0	0.0	2.0	1.0	0.0	1.0
290	102.66666666666667	18.0	14.0	17.0	6.0	1.0	12.0
300	122.66666666666667	25.0	1.0	29.0	3.0	4.0	22.0
310	119.66666666666667	5.0	1.0	5.0	3.0	0.0	2.0
320	128.66666666666666	4.0	28.0	5.0	3.0	1.0	1.0
330	137.66666666666666	7.0	32.0	6.0	6.0	0.0	1.0
340	129.66666666666666	6.0	9.0	6.0	4.0	0.0	2.0
350	132.0	36.0	19.0	39.0	5.0	4.0	31.0
360	459.6666666666667	49.0	56.0	47.0	8.0	5.0	41.0
370	973.0	14.0	332.0	28.0	1.0	15.0	13.0
380	1004.0	5.0	137.0	25.0	1.0	20.0	4.0
390	1259.6666666666667	4.0	73.0	15.0	1.0	11.0	3.0
400	1491.0	0.0	68.0	7.0	0.0	7.0	0.0
410	1267.3333333333333	2.0	160.0	18.0	1.0	17.0	1.0
420	1989.8333333333333	1.0	95.0	7.0	1.0	7.0	0.0
430	1872.3333333333333	22.0	170.0	29.0	1.0	8.0	21.0
440	1902.6666666666667	112.0	198.0	118.0	3.0	8.0	109.0
450	1874.0	1.0	276.0	10.0	1.0	10.0	0.0
460	1325.6666666666667	14.0	167.0	32.0	1.0	19.0	13.0
470	1493.0	2.0	75.0	8.0	0.0	6.0	2.0
480	1369.3333333333333	36.0	230.0	35.0	18.0	7.0	18.0
490	2029.6666666666667	3.0	224.0	7.0	0.0	4.0	3.0
500	2090.0	11.0	153.0	14.0	10.0	7.0	1.0
510	2167.3333333333335	6.0	78.0	15.0	1.0	10.0	5.0
520	2000.5	2.0	171.0	20.0	2.0	18.0	0.0
530	2287.6666666666665	9.0	74.0	34.0	9.0	25.0	0.0
540	2141.3333333333335	1.0	71.0	11.0	0.0	10.0	1.0
550	2448.0	35.0	123.0	78.0	2.0	43.0	33.0
560	2022.6666666666667	10.0	143.0	32.0	3.0	23.0	7.0
570	2046.3333333333333	1.0	239.0	15.0	0.0	14.0	1.0
580	2095.3333333333335	1.0	157.0	17.0	0.0	16.0	1.0
590	2348.0	3.0	102.0	20.0	1.0	18.0	2.0
600	2555.3333333333335	1.0	138.0	14.0	0.0	13.0	1.0
610	2119.6666666666665	1.0	204.0	27.0	0.0	26.0	1.0
620	2595.3333333333335	16.0	152.0	18.0	7.0	8.0	9.0
630	2342.5	39.0	163.0	66.0	9.0	28.0	30.0
640	2366.3333333333335	3.0	207.0	21.0	0.0	18.0	3.0
650	2362.8333333333335	0.0	256.0	24.0	0.0	24.0	0.0
660	2279.0	1.0	158.0	12.0	0.0	11.0	1.0
670	2418.8333333333335	0.0	105.0	7.0	0.0	7.0	0.0
680	2253.3333333333335	2.0	231.0	25.0	0.0	23.0	2.0
690	2554.3333333333335	3.0	203.0	31.0	3.0	31.0	0.0
700	2477.3333333333335	0.0	203.0	18.0	0.0	18.0	0.0
710	2325.3333333333335	2.0	189.0	26.0	1.0	25.0	1.0
720	2513.6666666666665	0.0	147.0	26.0	0.0	26.0	0.0
730	2470.6666666666665	0.0	136.0	11.0	0.0	11.0	0.0
740	2677.6666666666665	1.0	154.0	46.0	1.0	45.0	0.0
750	2520.8333333333335	1.0	80.0	2.0	1.0	2.0	0.0
760	2440.6666666666665	7.0	104.0	25.0	7.0	20.0	0.0
770	2546.0	0.0	38.0	0.0	0.0	0.0	0.0
780	2669.0	1.0	126.0	20.0	0.0	19.0	1.0
790	2455.8333333333335	9.0	128.0	8.0	3.0	2.0	6.0
800	2475.6666666666665	5.0	300.0	19.0	2.0	16.0	3.0
810	2339.5	1.0	248.0	28.0	1.0	28.0	0.0
820	2582.8333333333335	6.0	200.0	19.0	4.0	17.0	2.0
830	2504.3333333333335	1.0	131.0	22.0	0.0	21.0	1.0
840	2661.1666666666665	5.0	270.0	7.0	5.0	7.0	0.0
850	2704.8333333333335	2.0	145.0	24.0	0.0	22.0	2.0
860	2604.6666666666665	1.0	167.0	13.0	0.0	12.0	1.0
870	2652.0	3.0	175.0	5.0	2.0	4.0	1.0
880	2443.8333333333335	1.0	122.0	6.0	1.0	6.0	0.0
890	2426.0	3.0	164.0	11.0	1.0	9.0	2.0
900	2365.6666666666665	0.0	184.0	11.0	0.0	11.0	0.0
910	2678.6666666666665	0.0	76.0	4.0	0.0	4.0	0.0
920	2758.1666666666665	0.0	259.0	9.0	0.0	9.0	0.0
930	2499.3333333333335	2.0	204.0	7.0	2.0	7.0	0.0
940	2756.1666666666665	2.0	58.0	17.0	1.0	15.0	1.0
950	2554.0	4.0	189.0	14.0	1.0	11.0	3.0
960	2798.3333333333335	1.0	167.0	17.0	0.0	16.0	1.0
970	2512.3333333333335	6.0	74.0	22.0	1.0	17.0	5.0
980	2572.6666666666665	0.0	111.0	7.0	0.0	7.0	0.0
990	2452.6666666666665	2.0	148.0	17.0	0.0	15.0	2.0
1000	2522.3333333333335	2.0	82.0	4.0	1.0	2.0	1.0
