0	267.3333333333333	0.0	0.0	0.0	0.0	0.0	0.0
10	70.0	0.0	0.0	0.0	0.0	0.0	0.0
20	70.0	0.0	0.0	0.0	0.0	0.0	0.0
30	70.0	0.0	0.0	0.0	0.0	0.0	0.0
40	70.0	0.0	0.0	0.0	0.0	0.0	0.0
50	70.0	0.0	0.0	0.0	0.0	0.0	0.0
60	70.0	0.0	0.0	0.0	0.0	0.0	0.0
70	70.0	0.0	0.0	0.0	0.0	0.0	0.0
80	70.0	0.0	0.0	0.0	0.0	0.0	0.0
90	70.0	0.0	0.0	0.0	0.0	0.0	0.0
100	70.0	0.0	0.0	0.0	0.0	0.0	0.0
110	70.0	0.0	0.0	0.0	0.0	0.0	0.0
120	70.0	0.0	0.0	0.0	0.0	0.0	0.0
130	70.0	0.0	0.0	0.0	0.0	0.0	0.0
140	70.0	0.0	0.0	0.0	0.0	0.0	0.0
150	70.0	0.0	0.0	0.0	0.0	0.0	0.0
160	70.0	0.0	0.0	0.0	0.0	0.0	0.0
170	70.0	0.0	0.0	0.0	0.0	0.0	0.0
180	70.0	0.0	0.0	0.0	0.0	0.0	0.0
190	70.0	0.0	0.0	0.0	0.0	0.0	0.0
200	70.66666666666667	0.0	0.0	0.0	0.0	0.0	0.0
210	71.33333333333333	0.0	0.0	0.0	0.0	0.0	0.0
220	71.66666666666667	0.0	0.0	0.0	0.0	0.0	0.0
230	70.66666666666667	0.0	0.0	0.0	0.0	0.0	0.0
240	72.66666666666667	0.0	0.0	0.0	0.0	0.0	0.0
250	72.33333333333333	0.0	0.0	0.0	0.0	0.0	0.0
260	102.0	0.0	0.0	0.0	0.0	0.0	0.0
270	159.33333333333334	26.0	7.0	24.0	2.0	0.0	24.0
280	147.0	0.0	0.0	1.0	0.0	1.0	0.0
290	336.0	9.0	32.0	7.0	2.0	0.0	7.0
300	247.0	1.0	0.0	2.0	0.0	1.0	1.0
310	154.0	5.0	0.0	9.0	3.0	4.0	2.0
320	124.0	15.0	39.0	16.0	11.0	6.0	4.0
330	130.0	43.0	7.0	43.0	5.0	3.0	38.0
340	130.0	9.0	7.0	13.0	3.0	6.0	6.0
350	130.66666666666666	2.0	1.0	1.0	2.0	0.0	0.0
360	222.66666666666666	41.0	56.0	59.0	10.0	20.0	31.0
370	482.3333333333333	70.0	45.0	77.0	5.0	9.0	65.0
380	727.6666666666666	1.0	149.0	3.0	1.0	2.0	0.0
390	876.6666666666666	21.0	81.0	36.0	2.0	15.0	19.0
400	728.3333333333334	50.0	107.0	75.0	6.0	31.0	44.0
410	886.3333333333334	70.0	160.0	76.0	12.0	16.0	58.0
420	927.3333333333334	0.0	90.0	3.0	0.0	3.0	0.0
430	1090.3333333333333	10.0	96.0	28.0	1.0	19.0	9.0
440	1295.6666666666667	12.0	152.0	21.0	1.0	10.0	11.0
450	1548.6666666666667	4.0	201.0	25.0	3.0	21.0	1.0
460	1889.6666666666667	1.0	259.0	7.0	1.0	7.0	0.0
470	1735.3333333333333	10.0	439.0	22.0	7.0	18.0	3.0
480	2177.3333333333335	3.0	225.0	5.0	3.0	4.0	0.0
490	2076.6666666666665	6.0	117.0	15.0	2.0	9.0	4.0
500	1708.3333333333333	2.0	104.0	6.0	2.0	6.0	0.0
510	2294.6666666666665	12.0	190.0	21.0	9.0	10.0	3.0
520	2240.0	2.0	104.0	24.0	1.0	22.0	1.0
530	2192.5	5.0	227.0	28.0	0.0	23.0	5.0
540	2084.6666666666665	3.0	170.0	29.0	1.0	27.0	2.0
550	2074.0	5.0	156.0	15.0	4.0	14.0	1.0
560	2167.6666666666665	1.0	159.0	6.0	1.0	6.0	0.0
570	2427.8333333333335	1.0	197.0	15.0	0.0	14.0	1.0
580	2354.5	1.0	91.0	22.0	0.0	21.0	1.0
590	2367.3333333333335	5.0	290.0	18.0	0.0	13.0	5.0
600	2421.5	6.0	183.0	30.0	0.0	24.0	6.0
610	2319.8333333333335	1.0	156.0	8.0	0.0	7.0	1.0
620	2223.5	3.0	136.0	21.0	1.0	19.0	2.0
630	2528.1666666666665	11.0	264.0	33.0	5.0	24.0	6.0
640	2293.5	2.0	167.0	17.0	0.0	15.0	2.0
650	2429.6666666666665	14.0	120.0	18.0	13.0	10.0	1.0
660	2293.1666666666665	2.0	232.0	11.0	1.0	10.0	1.0
670	2200.3333333333335	3.0	124.0	22.0	3.0	22.0	0.0
680	2672.0	0.0	265.0	12.0	0.0	12.0	0.0
690	2524.6666666666665	4.0	204.0	9.0	1.0	6.0	3.0
700	2637.6666666666665	3.0	272.0	22.0	0.0	19.0	3.0
710	2497.6666666666665	5.0	114.0	4.0	4.0	3.0	1.0
720	2831.3333333333335	4.0	327.0	23.0	3.0	22.0	1.0
730	2564.8333333333335	1.0	70.0	24.0	0.0	23.0	1.0
740	2705.6666666666665	0.0	167.0	6.0	0.0	6.0	0.0
750	2559.1666666666665	0.0	181.0	7.0	0.0	7.0	0.0
760	2724.6666666666665	23.0	163.0	29.0	11.0	17.0	12.0
770	2674.0	1.0	204.0	19.0	1.0	18.0	0.0
780	2791.0	2.0	179.0	16.0	2.0	16.0	0.0
790	2757.3333333333335	0.0	53.0	10.0	0.0	10.0	0.0
800	2541.6666666666665	1.0	223.0	11.0	0.0	10.0	1.0
810	2642.3333333333335	0.0	72.0	4.0	0.0	4.0	0.0
820	2621.6666666666665	14.0	121.0	20.0	0.0	6.0	14.0
830	2669.3333333333335	6.0	123.0	16.0	3.0	11.0	3.0
840	2446.6666666666665	0.0	300.0	18.0	0.0	18.0	0.0
850	2847.8333333333335	9.0	137.0	29.0	8.0	20.0	1.0
860	2730.1666666666665	1.0	201.0	17.0	0.0	16.0	1.0
870	2711.1666666666665	1.0	81.0	4.0	1.0	3.0	0.0
880	2725.8333333333335	0.0	59.0	8.0	0.0	8.0	0.0
890	1500.6666666666667	0.0	112.0	16.0	0.0	16.0	0.0
900	2619.1666666666665	1.0	201.0	10.0	0.0	9.0	1.0
910	2394.5	3.0	288.0	17.0	0.0	14.0	3.0
920	2813.6666666666665	20.0	392.0	33.0	1.0	14.0	19.0
930	2718.0	1.0	379.0	12.0	1.0	11.0	0.0
940	2571.1666666666665	3.0	309.0	13.0	1.0	10.0	2.0
950	2654.5	0.0	413.0	22.0	0.0	22.0	0.0
960	2541.3333333333335	1.0	284.0	19.0	0.0	18.0	1.0
970	2503.1666666666665	0.0	256.0	22.0	0.0	22.0	0.0
980	2566.0	0.0	301.0	11.0	0.0	11.0	0.0
990	2624.0	1.0	72.0	12.0	0.0	11.0	1.0
1000	2831.5	4.0	137.0	18.0	1.0	15.0	3.0
