0	265.1555555555556	0.0	0.0
10	2028.7944444444443	175.33333333333334	8607.366666666667
20	1978.2611111111112	197.93333333333334	9469.8
30	2006.7111111111112	183.93333333333334	9179.066666666668
40	2037.616666666667	193.06666666666666	9607.3
50	2023.7722222222224	156.36666666666667	9378.533333333333
60	2073.7944444444443	75.13333333333334	8461.4
70	2105.316666666667	18.233333333333334	8917.866666666667
80	2081.7166666666667	0.0	8333.4
90	2085.972222222222	0.0	8026.166666666667
100	2149.4333333333334	0.0	8162.133333333333
110	2185.9666666666662	0.0	8658.666666666666
120	2178.45	0.0	8654.1
130	2215.55	0.0	8961.4
140	2218.1833333333334	0.0	8443.0
150	2222.6111111111113	0.0	8599.866666666667
160	2264.538888888889	0.0	8803.933333333332
170	2268.7277777777776	0.0	8524.4
180	2299.7499999999995	0.0	8952.5
190	2309.244444444444	0.0	9364.7
200	2319.338888888888	0.0	9304.866666666667
210	2345.883333333333	0.0	9190.233333333334
220	2335.966666666667	0.0	8719.0
230	2377.1833333333334	0.0	9155.666666666666
240	2368.288888888889	0.0	9378.933333333332
250	2394.444444444445	0.0	9216.533333333333
260	2409.8999999999996	0.0	8704.866666666667
270	2413.6111111111113	0.0	8980.866666666667
280	2459.2611111111105	0.0	9459.5
290	2422.65	0.0	8888.266666666666
300	2494.3722222222223	0.0	9795.9
310	2463.3388888888885	0.0	8808.366666666667
320	2497.188888888889	0.0	8389.866666666667
330	2525.5444444444447	0.0	9096.3
340	2501.6500000000005	0.0	8802.433333333332
350	2505.194444444445	0.0	8564.133333333333
360	2509.622222222222	0.0	9059.266666666666
370	2557.1666666666665	0.0	9193.9
380	2523.722222222223	0.0	8867.066666666668
390	2597.2944444444443	0.0	9324.7
400	2589.472222222222	0.0	8941.166666666666
410	2594.6833333333334	0.0	9007.833333333334
420	2617.005555555556	0.0	8781.133333333333
430	2626.161111111111	0.0	9624.533333333333
440	2647.4000000000005	0.0	8768.433333333332
450	2628.233333333333	0.0	9418.9
460	2652.65	0.0	8506.1
470	2663.2166666666667	0.0	9512.666666666666
480	2650.738888888889	0.0	9206.666666666666
490	2622.566666666666	0.0	9278.6
500	2663.994444444444	0.0	8575.033333333333
510	2662.761111111111	0.0	9400.0
520	2661.6555555555556	0.0	9262.0
530	2684.861111111111	0.0	9388.7
540	2693.6111111111113	0.0	9214.9
550	2684.7944444444443	0.0	10065.933333333332
560	2707.9333333333334	0.0	10118.9
570	2697.244444444445	0.0	9306.4
580	2767.9944444444436	0.0	9510.133333333333
590	2762.633333333333	0.0	8844.3
600	2741.8055555555557	0.0	9142.5
610	2747.8611111111104	0.0	9322.9
620	2736.6055555555554	0.0	9073.7
630	2731.4555555555553	0.0	9103.0
640	2774.1166666666672	0.0	9776.7
650	2774.672222222222	0.0	9804.366666666667
660	2735.2833333333338	0.0	9269.733333333334
670	2754.8222222222225	0.0	9246.4
680	2746.6666666666665	0.0	9508.2
690	2749.8833333333337	0.0	9679.2
700	2808.5611111111116	0.0	9938.266666666666
710	2785.9	0.0	9354.833333333334
720	2785.822222222222	0.0	9638.166666666666
730	2799.35	0.0	9674.866666666667
740	2854.8555555555554	0.0	9628.066666666668
750	2815.722222222222	0.0	9893.5
760	2846.222222222223	0.0	10121.233333333334
770	2832.9499999999994	0.0	9541.366666666667
780	2776.1888888888884	0.0	9539.566666666668
790	2826.4666666666662	0.0	9441.166666666666
800	2840.944444444445	0.0	9879.433333333332
810	2900.272222222223	0.0	9818.133333333333
820	2884.3722222222223	0.0	10201.2
830	2892.494444444444	0.0	9730.166666666666
840	2913.805555555556	0.0	9509.233333333334
850	2937.6222222222223	0.0	9770.633333333333
860	2909.45	0.0	9153.433333333332
870	2945.916666666666	0.0	9299.066666666668
880	2935.2166666666667	0.0	9751.3
890	2941.7222222222217	0.0	9595.6
900	2985.5555555555547	0.0	10256.8
910	2987.3555555555554	0.0	9809.6
920	2927.3111111111116	0.0	9982.0
930	3016.311111111111	0.0	9914.466666666667
940	2976.9666666666667	0.0	9676.966666666667
950	2974.5333333333333	0.0	9752.266666666666
960	3002.4055555555556	0.0	9693.5
970	3025.9611111111108	0.0	10039.766666666666
980	2997.9055555555556	0.0	10239.433333333332
990	3037.011111111111	0.0	10246.233333333334
1000	3038.483333333332	0.0	10172.066666666668
