0	260.6666666666667	0.0	0.0
10	2045.1666666666667	288.0	10608.0
20	1963.3333333333333	240.0	10121.0
30	1713.3333333333333	195.0	8972.0
40	1958.8333333333333	190.0	8270.0
50	1809.1666666666667	87.0	5666.0
60	2006.8333333333333	0.0	6376.0
70	2147.8333333333335	0.0	12245.0
80	2098.3333333333335	0.0	7269.0
90	2161.6666666666665	0.0	7503.0
100	2070.0	0.0	8677.0
110	2207.8333333333335	0.0	10994.0
120	2106.6666666666665	0.0	5820.0
130	2173.5	0.0	9109.0
140	2237.3333333333335	0.0	10826.0
150	2250.3333333333335	0.0	8660.0
160	2222.1666666666665	0.0	8736.0
170	2416.6666666666665	0.0	11263.0
180	1997.5	0.0	10134.0
190	2305.0	0.0	8893.0
200	2187.6666666666665	0.0	8302.0
210	2339.5	0.0	6355.0
220	2284.3333333333335	0.0	8379.0
230	2428.0	0.0	10574.0
240	2272.0	0.0	9916.0
250	2303.3333333333335	0.0	6805.0
260	2540.6666666666665	0.0	7645.0
270	2320.8333333333335	0.0	9520.0
280	2332.5	0.0	10513.0
290	2508.0	0.0	10974.0
300	2583.3333333333335	0.0	9820.0
310	2608.1666666666665	0.0	9092.0
320	2662.3333333333335	0.0	9764.0
330	2456.8333333333335	0.0	11810.0
340	2743.3333333333335	0.0	8103.0
350	2753.5	0.0	7503.0
360	2626.5	0.0	11086.0
370	2512.8333333333335	0.0	10496.0
380	2446.5	0.0	12446.0
390	2787.5	0.0	9025.0
400	2408.3333333333335	0.0	7700.0
410	2864.5	0.0	11676.0
420	2523.6666666666665	0.0	9030.0
430	2520.0	0.0	10749.0
440	2694.6666666666665	0.0	7225.0
450	2606.1666666666665	0.0	7085.0
460	2581.3333333333335	0.0	8652.0
470	2407.0	0.0	6803.0
480	2472.3333333333335	0.0	11169.0
490	2638.3333333333335	0.0	8462.0
500	2667.1666666666665	0.0	8849.0
510	2630.8333333333335	0.0	9895.0
520	2799.0	0.0	8431.0
530	2386.6666666666665	0.0	10637.0
540	2661.0	0.0	6872.0
550	2838.3333333333335	0.0	9356.0
560	2772.6666666666665	0.0	8155.0
570	2700.0	0.0	9361.0
580	2609.0	0.0	7844.0
590	2712.1666666666665	0.0	11044.0
600	2603.3333333333335	0.0	9519.0
610	2784.3333333333335	0.0	9966.0
620	2811.1666666666665	0.0	11355.0
630	2610.8333333333335	0.0	6800.0
640	2743.8333333333335	0.0	11288.0
650	2391.6666666666665	0.0	8075.0
660	2930.0	0.0	11529.0
670	2541.5	0.0	8216.0
680	2628.6666666666665	0.0	6482.0
690	2428.3333333333335	0.0	10200.0
700	3013.3333333333335	0.0	7861.0
710	2837.3333333333335	0.0	8954.0
720	2265.8333333333335	0.0	7006.0
730	2739.0	0.0	8006.0
740	2970.8333333333335	0.0	10464.0
750	2644.8333333333335	0.0	6561.0
760	2779.1666666666665	0.0	9456.0
770	2920.5	0.0	8242.0
780	2602.1666666666665	0.0	6985.0
790	2481.0	0.0	7019.0
800	3082.5	0.0	12390.0
810	3056.0	0.0	11455.0
820	2735.8333333333335	0.0	8316.0
830	3035.5	0.0	8078.0
840	3078.6666666666665	0.0	8751.0
850	3381.3333333333335	0.0	9438.0
860	2844.3333333333335	0.0	10790.0
870	3033.0	0.0	9673.0
880	2755.5	0.0	7095.0
890	3170.6666666666665	0.0	10640.0
900	3181.0	0.0	11945.0
910	3176.0	0.0	13737.0
920	2920.3333333333335	0.0	8619.0
930	2841.3333333333335	0.0	8606.0
940	2795.8333333333335	0.0	6676.0
950	3122.1666666666665	0.0	12149.0
960	3177.5	0.0	9930.0
970	3086.3333333333335	0.0	11349.0
980	3059.0	0.0	12621.0
990	3305.0	0.0	10682.0
1000	3016.5	0.0	8955.0
