0	302.6666666666667	0.0	0.0
10	2187.5	109.0	7089.0
20	1918.0	182.0	9735.0
30	2027.6666666666667	81.0	6734.0
40	1973.8333333333333	254.0	10577.0
50	1881.5	166.0	9516.0
60	2209.0	196.0	10315.0
70	2126.8333333333335	12.0	10477.0
80	2188.8333333333335	0.0	9257.0
90	2020.5	0.0	4950.0
100	2121.6666666666665	0.0	10254.0
110	2287.6666666666665	0.0	6111.0
120	2106.3333333333335	0.0	8914.0
130	2237.8333333333335	0.0	9095.0
140	2297.6666666666665	0.0	10868.0
150	2200.6666666666665	0.0	9642.0
160	2431.6666666666665	0.0	10229.0
170	2180.5	0.0	7218.0
180	2400.6666666666665	0.0	6438.0
190	2244.3333333333335	0.0	8872.0
200	2199.0	0.0	9726.0
210	2370.1666666666665	0.0	12015.0
220	2257.0	0.0	9567.0
230	2318.6666666666665	0.0	8753.0
240	2552.5	0.0	8592.0
250	2394.3333333333335	0.0	10176.0
260	2398.3333333333335	0.0	11256.0
270	2404.8333333333335	0.0	10757.0
280	2517.8333333333335	0.0	8985.0
290	2495.3333333333335	0.0	9259.0
300	2465.0	0.0	9241.0
310	2459.0	0.0	8396.0
320	2318.1666666666665	0.0	7928.0
330	2614.1666666666665	0.0	8539.0
340	2399.0	0.0	8067.0
350	2614.6666666666665	0.0	7955.0
360	2519.3333333333335	0.0	12230.0
370	2396.0	0.0	8535.0
380	2594.0	0.0	7462.0
390	2729.3333333333335	0.0	9386.0
400	3047.0	0.0	9839.0
410	2698.0	0.0	8039.0
420	2713.6666666666665	0.0	9116.0
430	2287.6666666666665	0.0	8421.0
440	2637.5	0.0	10898.0
450	2532.6666666666665	0.0	9101.0
460	2840.0	0.0	9305.0
470	2609.8333333333335	0.0	10564.0
480	2636.5	0.0	10204.0
490	2702.6666666666665	0.0	8313.0
500	2455.6666666666665	0.0	8103.0
510	2802.0	0.0	10595.0
520	2687.3333333333335	0.0	10959.0
530	2652.0	0.0	9550.0
540	2543.1666666666665	0.0	7413.0
550	2781.1666666666665	0.0	10008.0
560	2440.5	0.0	12856.0
570	2416.3333333333335	0.0	8048.0
580	2683.0	0.0	8803.0
590	2390.5	0.0	10067.0
600	2660.1666666666665	0.0	10628.0
610	2725.6666666666665	0.0	8084.0
620	2790.1666666666665	0.0	12352.0
630	2943.8333333333335	0.0	13016.0
640	2719.0	0.0	8790.0
650	2812.5	0.0	11398.0
660	2626.1666666666665	0.0	9279.0
670	3034.6666666666665	0.0	7109.0
680	2790.6666666666665	0.0	9445.0
690	2874.3333333333335	0.0	9164.0
700	2680.5	0.0	7577.0
710	2687.3333333333335	0.0	9117.0
720	2795.3333333333335	0.0	10928.0
730	2778.0	0.0	11031.0
740	2860.5	0.0	8590.0
750	2934.1666666666665	0.0	10549.0
760	2915.1666666666665	0.0	10708.0
770	2875.5	0.0	9029.0
780	2679.0	0.0	10719.0
790	2788.0	0.0	6699.0
800	2617.5	0.0	8078.0
810	2859.6666666666665	0.0	12401.0
820	2854.3333333333335	0.0	13104.0
830	2953.1666666666665	0.0	10755.0
840	2761.0	0.0	11613.0
850	2714.8333333333335	0.0	8426.0
860	2947.6666666666665	0.0	6223.0
870	2846.5	0.0	9058.0
880	2819.8333333333335	0.0	8345.0
890	2609.0	0.0	9001.0
900	3050.8333333333335	0.0	10801.0
910	3049.0	0.0	11163.0
920	2854.0	0.0	10399.0
930	2967.1666666666665	0.0	9291.0
940	2879.6666666666665	0.0	9274.0
950	2969.5	0.0	11662.0
960	3028.1666666666665	0.0	10735.0
970	2952.5	0.0	11804.0
980	3019.6666666666665	0.0	8810.0
990	3066.8333333333335	0.0	11135.0
1000	2668.5	0.0	7104.0
