0	275.0	0.0	0.0
10	2027.1666666666667	177.0	8807.0
20	1651.3333333333333	186.0	8111.0
30	2067.5	87.0	5969.0
40	1973.5	136.0	7841.0
50	1944.6666666666667	165.0	6954.0
60	2033.6666666666667	87.0	5284.0
70	2077.3333333333335	162.0	9797.0
80	1994.1666666666667	0.0	7765.0
90	1954.1666666666667	0.0	7918.0
100	1995.3333333333333	0.0	8271.0
110	2138.6666666666665	0.0	9397.0
120	2206.5	0.0	10801.0
130	2265.0	0.0	8986.0
140	2159.5	0.0	9077.0
150	2127.0	0.0	8145.0
160	2180.1666666666665	0.0	6716.0
170	2280.5	0.0	6726.0
180	2442.0	0.0	8451.0
190	2229.6666666666665	0.0	11388.0
200	2115.6666666666665	0.0	5952.0
210	2487.8333333333335	0.0	9292.0
220	2250.0	0.0	8533.0
230	2093.1666666666665	0.0	8546.0
240	2403.3333333333335	0.0	9793.0
250	2284.5	0.0	8730.0
260	2433.0	0.0	6613.0
270	2158.8333333333335	0.0	9045.0
280	2471.6666666666665	0.0	8799.0
290	2410.5	0.0	9448.0
300	2547.3333333333335	0.0	7040.0
310	2300.6666666666665	0.0	8934.0
320	2434.1666666666665	0.0	6829.0
330	2362.8333333333335	0.0	9683.0
340	2432.0	0.0	8592.0
350	2405.6666666666665	0.0	9860.0
360	2536.6666666666665	0.0	10192.0
370	2364.8333333333335	0.0	7622.0
380	2453.8333333333335	0.0	9179.0
390	2667.0	0.0	10022.0
400	2636.3333333333335	0.0	9023.0
410	2626.0	0.0	8092.0
420	2648.0	0.0	8060.0
430	2635.8333333333335	0.0	10049.0
440	2683.3333333333335	0.0	5090.0
450	2759.3333333333335	0.0	8187.0
460	2548.1666666666665	0.0	10476.0
470	2673.3333333333335	0.0	11649.0
480	2470.1666666666665	0.0	11439.0
490	2378.5	0.0	8844.0
500	2568.8333333333335	0.0	8182.0
510	2652.8333333333335	0.0	9724.0
520	2660.3333333333335	0.0	7638.0
530	2531.1666666666665	0.0	8872.0
540	2776.6666666666665	0.0	11409.0
550	2499.6666666666665	0.0	9306.0
560	2593.6666666666665	0.0	12071.0
570	2586.3333333333335	0.0	9940.0
580	2815.5	0.0	7543.0
590	2749.0	0.0	6662.0
600	2665.1666666666665	0.0	6911.0
610	2662.6666666666665	0.0	6464.0
620	2541.1666666666665	0.0	11073.0
630	2746.6666666666665	0.0	10453.0
640	2586.6666666666665	0.0	9030.0
650	2879.1666666666665	0.0	12671.0
660	2834.0	0.0	9012.0
670	2475.0	0.0	8119.0
680	2847.0	0.0	7478.0
690	2581.6666666666665	0.0	8792.0
700	2822.5	0.0	6033.0
710	2948.3333333333335	0.0	9001.0
720	2749.5	0.0	12159.0
730	2731.6666666666665	0.0	7990.0
740	2705.3333333333335	0.0	10059.0
750	2764.6666666666665	0.0	10159.0
760	2755.8333333333335	0.0	11032.0
770	2571.1666666666665	0.0	6631.0
780	2545.6666666666665	0.0	9454.0
790	2565.5	0.0	9940.0
800	2948.0	0.0	9264.0
810	2985.3333333333335	0.0	12009.0
820	2550.8333333333335	0.0	11948.0
830	2923.0	0.0	7298.0
840	2802.8333333333335	0.0	10203.0
850	2863.8333333333335	0.0	10904.0
860	3076.6666666666665	0.0	10154.0
870	2684.6666666666665	0.0	6377.0
880	2838.1666666666665	0.0	10321.0
890	2944.6666666666665	0.0	9735.0
900	3016.1666666666665	0.0	10862.0
910	2979.8333333333335	0.0	9622.0
920	3203.0	0.0	10378.0
930	3186.0	0.0	8797.0
940	2974.1666666666665	0.0	9380.0
950	2934.0	0.0	8948.0
960	3075.5	0.0	7398.0
970	2950.1666666666665	0.0	6807.0
980	3009.1666666666665	0.0	10409.0
990	3008.0	0.0	8712.0
1000	3134.5	0.0	11225.0
