0	277.6666666666667	0.0
10	70.0	0.0
20	70.0	0.0
30	70.0	0.0
40	70.0	0.0
50	70.0	0.0
60	70.0	0.0
70	70.0	0.0
80	73.66666666666667	0.0
90	70.0	0.0
100	116.33333333333333	0.0
110	218.66666666666666	0.0
120	226.0	0.0
130	186.66666666666666	0.0
140	152.33333333333334	0.0
150	219.66666666666666	0.0
160	136.66666666666666	0.0
170	278.0	3.0
180	358.0	0.0
190	238.66666666666666	0.0
200	345.0	11.0
210	277.3333333333333	1.0
220	256.0	12.0
230	243.66666666666666	0.0
240	366.0	0.0
250	407.6666666666667	3.0
260	270.3333333333333	11.0
270	357.6666666666667	0.0
280	454.3333333333333	4.0
290	407.6666666666667	52.0
300	559.6666666666666	3.0
310	645.3333333333334	3.0
320	653.0	0.0
330	1073.6666666666667	0.0
340	1887.1666666666667	8.0
350	2429.3333333333335	41.0
360	1575.6666666666667	0.0
370	2611.0	17.0
380	2152.3333333333335	1.0
390	2547.6666666666665	46.0
400	2273.0	15.0
410	2577.5	16.0
420	2348.6666666666665	4.0
430	2069.6666666666665	9.0
440	2440.6666666666665	0.0
450	2559.3333333333335	10.0
460	2116.3333333333335	1.0
470	2162.5	35.0
480	1957.1666666666667	19.0
490	1641.0	0.0
500	1575.3333333333333	4.0
510	2357.0	1.0
520	2079.1666666666665	15.0
530	2109.0	83.0
540	2128.6666666666665	63.0
550	1880.3333333333333	25.0
560	1380.3333333333333	2.0
570	2074.3333333333335	38.0
580	2397.1666666666665	11.0
590	1858.0	22.0
600	1727.3333333333333	2.0
610	1970.8333333333333	17.0
620	1728.6666666666667	11.0
630	1249.0	23.0
640	2321.3333333333335	12.0
650	2303.3333333333335	14.0
660	2085.6666666666665	0.0
670	2327.6666666666665	31.0
680	2453.3333333333335	37.0
690	2304.6666666666665	25.0
700	2433.1666666666665	2.0
710	2341.6666666666665	2.0
720	1852.6666666666667	32.0
730	1911.0	39.0
740	1947.6666666666667	11.0
750	2070.6666666666665	0.0
760	1867.0	15.0
770	1851.8333333333333	0.0
780	1846.0	7.0
790	2729.0	12.0
800	2464.3333333333335	24.0
810	2371.3333333333335	37.0
820	1835.8333333333333	0.0
830	2057.0	0.0
840	1948.3333333333333	12.0
850	1701.0	1.0
860	1871.8333333333333	1.0
870	1809.0	3.0
880	2082.1666666666665	14.0
890	1878.8333333333333	0.0
900	2058.6666666666665	0.0
910	2153.6666666666665	27.0
920	2380.5	0.0
930	1966.3333333333333	0.0
940	2471.0	0.0
950	2199.8333333333335	0.0
960	2569.5	0.0
970	2334.6666666666665	0.0
980	2424.0	0.0
990	1826.1666666666667	0.0
1000	2345.6666666666665	0.0
