0	268.0	0.0	0.0	0.0	0.0	0.0	0.0
10	1987.6666666666667	476.0	1167.0	484.0	203.0	155.0	273.0
20	2106.8333333333335	324.0	1883.0	317.0	206.0	171.0	118.0
30	1894.5	200.0	1014.0	233.0	124.0	140.0	76.0
40	1849.3333333333333	0.0	0.0	0.0	0.0	0.0	0.0
50	2237.1666666666665	0.0	0.0	0.0	0.0	0.0	0.0
60	2258.0	0.0	0.0	0.0	0.0	0.0	0.0
70	2241.5	0.0	0.0	0.0	0.0	0.0	0.0
80	2213.1666666666665	0.0	0.0	0.0	0.0	0.0	0.0
90	2226.1666666666665	0.0	0.0	0.0	0.0	0.0	0.0
100	2524.3333333333335	0.0	0.0	0.0	0.0	0.0	0.0
110	2376.8333333333335	0.0	0.0	0.0	0.0	0.0	0.0
120	2136.8333333333335	0.0	0.0	0.0	0.0	0.0	0.0
130	2426.1666666666665	0.0	0.0	0.0	0.0	0.0	0.0
140	2440.8333333333335	0.0	0.0	0.0	0.0	0.0	0.0
150	2601.1666666666665	0.0	0.0	0.0	0.0	0.0	0.0
160	2550.8333333333335	0.0	0.0	0.0	0.0	0.0	0.0
170	2564.6666666666665	0.0	0.0	0.0	0.0	0.0	0.0
180	2609.8333333333335	0.0	0.0	0.0	0.0	0.0	0.0
190	2201.1666666666665	0.0	0.0	0.0	0.0	0.0	0.0
200	2301.5	0.0	0.0	0.0	0.0	0.0	0.0
210	2199.6666666666665	0.0	0.0	0.0	0.0	0.0	0.0
220	2194.6666666666665	0.0	0.0	0.0	0.0	0.0	0.0
230	2673.3333333333335	0.0	0.0	0.0	0.0	0.0	0.0
240	2279.1666666666665	0.0	0.0	0.0	0.0	0.0	0.0
250	2864.8333333333335	0.0	0.0	0.0	0.0	0.0	0.0
260	2725.8333333333335	0.0	0.0	0.0	0.0	0.0	0.0
270	2474.3333333333335	0.0	0.0	0.0	0.0	0.0	0.0
280	2460.1666666666665	0.0	0.0	0.0	0.0	0.0	0.0
290	2665.5	0.0	0.0	0.0	0.0	0.0	0.0
300	2643.6666666666665	0.0	0.0	0.0	0.0	0.0	0.0
310	2622.8333333333335	0.0	0.0	0.0	0.0	0.0	0.0
320	2458.3333333333335	0.0	0.0	0.0	0.0	0.0	0.0
330	2980.1666666666665	0.0	0.0	0.0	0.0	0.0	0.0
340	2989.8333333333335	0.0	0.0	0.0	0.0	0.0	0.0
350	2694.0	0.0	0.0	0.0	0.0	0.0	0.0
360	2736.1666666666665	0.0	0.0	0.0	0.0	0.0	0.0
370	3212.8333333333335	0.0	0.0	0.0	0.0	0.0	0.0
380	3069.6666666666665	0.0	0.0	0.0	0.0	0.0	0.0
390	3142.5	0.0	0.0	0.0	0.0	0.0	0.0
400	2986.6666666666665	0.0	0.0	0.0	0.0	0.0	0.0
410	2804.8333333333335	0.0	0.0	0.0	0.0	0.0	0.0
420	2779.1666666666665	0.0	0.0	0.0	0.0	0.0	0.0
430	2982.8333333333335	0.0	0.0	0.0	0.0	0.0	0.0
440	3371.1666666666665	0.0	0.0	0.0	0.0	0.0	0.0
450	3329.5	0.0	0.0	0.0	0.0	0.0	0.0
460	3370.3333333333335	0.0	0.0	0.0	0.0	0.0	0.0
470	2988.3333333333335	0.0	0.0	0.0	0.0	0.0	0.0
480	2961.0	0.0	0.0	0.0	0.0	0.0	0.0
490	3440.6666666666665	0.0	0.0	0.0	0.0	0.0	0.0
500	3208.8333333333335	0.0	0.0	0.0	0.0	0.0	0.0
510	2534.5	0.0	0.0	0.0	0.0	0.0	0.0
520	3274.1666666666665	0.0	0.0	0.0	0.0	0.0	0.0
530	3833.0	0.0	0.0	0.0	0.0	0.0	0.0
540	2923.0	0.0	0.0	0.0	0.0	0.0	0.0
550	3316.8333333333335	0.0	0.0	0.0	0.0	0.0	0.0
560	3303.0	0.0	0.0	0.0	0.0	0.0	0.0
570	3559.8333333333335	0.0	0.0	0.0	0.0	0.0	0.0
580	3825.1666666666665	0.0	0.0	0.0	0.0	0.0	0.0
590	3506.8333333333335	0.0	0.0	0.0	0.0	0.0	0.0
600	3435.3333333333335	0.0	0.0	0.0	0.0	0.0	0.0
610	3450.8333333333335	0.0	0.0	0.0	0.0	0.0	0.0
620	3772.1666666666665	0.0	0.0	0.0	0.0	0.0	0.0
630	3803.1666666666665	0.0	0.0	0.0	0.0	0.0	0.0
640	3847.0	0.0	0.0	0.0	0.0	0.0	0.0
650	4012.8333333333335	0.0	0.0	0.0	0.0	0.0	0.0
660	3313.0	0.0	0.0	0.0	0.0	0.0	0.0
670	3634.6666666666665	0.0	0.0	0.0	0.0	0.0	0.0
680	3835.1666666666665	0.0	0.0	0.0	0.0	0.0	0.0
690	3570.0	0.0	0.0	0.0	0.0	0.0	0.0
700	3217.5	0.0	0.0	0.0	0.0	0.0	0.0
710	3842.3333333333335	0.0	0.0	0.0	0.0	0.0	0.0
720	3226.5	0.0	0.0	0.0	0.0	0.0	0.0
730	3838.0	0.0	0.0	0.0	0.0	0.0	0.0
740	3663.0	0.0	0.0	0.0	0.0	0.0	0.0
750	3657.6666666666665	0.0	0.0	0.0	0.0	0.0	0.0
760	3768.3333333333335	0.0	0.0	0.0	0.0	0.0	0.0
770	4178.0	0.0	0.0	0.0	0.0	0.0	0.0
780	3627.8333333333335	0.0	0.0	0.0	0.0	0.0	0.0
790	3235.1666666666665	0.0	0.0	0.0	0.0	0.0	0.0
800	3181.3333333333335	0.0	0.0	0.0	0.0	0.0	0.0
810	3993.5	0.0	0.0	0.0	0.0	0.0	0.0
820	3822.1666666666665	0.0	0.0	0.0	0.0	0.0	0.0
830	3537.3333333333335	0.0	0.0	0.0	0.0	0.0	0.0
840	3487.5	0.0	0.0	0.0	0.0	0.0	0.0
850	3421.3333333333335	0.0	0.0	0.0	0.0	0.0	0.0
860	3678.6666666666665	0.0	0.0	0.0	0.0	0.0	0.0
870	3884.5	0.0	0.0	0.0	0.0	0.0	0.0
880	3435.0	0.0	0.0	0.0	0.0	0.0	0.0
890	3827.8333333333335	0.0	0.0	0.0	0.0	0.0	0.0
900	3843.0	0.0	0.0	0.0	0.0	0.0	0.0
910	4018.5	0.0	0.0	0.0	0.0	0.0	0.0
920	3767.0	0.0	0.0	0.0	0.0	0.0	0.0
930	3466.5	0.0	0.0	0.0	0.0	0.0	0.0
940	3350.3333333333335	0.0	0.0	0.0	0.0	0.0	0.0
950	3592.1666666666665	0.0	0.0	0.0	0.0	0.0	0.0
960	3516.0	0.0	0.0	0.0	0.0	0.0	0.0
970	3753.8333333333335	0.0	0.0	0.0	0.0	0.0	0.0
980	3896.8333333333335	0.0	0.0	0.0	0.0	0.0	0.0
990	4019.8333333333335	0.0	0.0	0.0	0.0	0.0	0.0
1000	4106.166666666667	0.0	0.0	0.0	0.0	0.0	0.0
