0	251.0	0.0	0.0	0.0	0.0	0.0	0.0
10	1734.0	430.0	1834.0	511.0	225.0	269.0	205.0
20	2000.5	299.0	1901.0	276.0	216.0	168.0	83.0
30	1938.3333333333333	271.0	242.0	250.0	51.0	20.0	220.0
40	2023.8333333333333	0.0	0.0	0.0	0.0	0.0	0.0
50	2156.3333333333335	0.0	0.0	0.0	0.0	0.0	0.0
60	2067.3333333333335	0.0	0.0	0.0	0.0	0.0	0.0
70	2414.8333333333335	0.0	0.0	0.0	0.0	0.0	0.0
80	2242.3333333333335	0.0	0.0	0.0	0.0	0.0	0.0
90	2500.5	0.0	0.0	0.0	0.0	0.0	0.0
100	2399.8333333333335	0.0	0.0	0.0	0.0	0.0	0.0
110	2542.8333333333335	0.0	0.0	0.0	0.0	0.0	0.0
120	2619.8333333333335	0.0	0.0	0.0	0.0	0.0	0.0
130	2615.1666666666665	0.0	0.0	0.0	0.0	0.0	0.0
140	2825.3333333333335	0.0	0.0	0.0	0.0	0.0	0.0
150	2783.3333333333335	0.0	0.0	0.0	0.0	0.0	0.0
160	2847.3333333333335	0.0	0.0	0.0	0.0	0.0	0.0
170	2706.5	0.0	0.0	0.0	0.0	0.0	0.0
180	2496.0	0.0	0.0	0.0	0.0	0.0	0.0
190	2517.5	0.0	0.0	0.0	0.0	0.0	0.0
200	2485.6666666666665	0.0	0.0	0.0	0.0	0.0	0.0
210	2530.8333333333335	0.0	0.0	0.0	0.0	0.0	0.0
220	2785.5	0.0	0.0	0.0	0.0	0.0	0.0
230	2652.0	0.0	0.0	0.0	0.0	0.0	0.0
240	2652.3333333333335	0.0	0.0	0.0	0.0	0.0	0.0
250	2606.5	0.0	0.0	0.0	0.0	0.0	0.0
260	2417.0	0.0	0.0	0.0	0.0	0.0	0.0
270	2682.3333333333335	0.0	0.0	0.0	0.0	0.0	0.0
280	2210.1666666666665	0.0	0.0	0.0	0.0	0.0	0.0
290	2866.5	0.0	0.0	0.0	0.0	0.0	0.0
300	2943.1666666666665	0.0	0.0	0.0	0.0	0.0	0.0
310	2656.8333333333335	0.0	0.0	0.0	0.0	0.0	0.0
320	2952.5	0.0	0.0	0.0	0.0	0.0	0.0
330	2875.8333333333335	0.0	0.0	0.0	0.0	0.0	0.0
340	3189.3333333333335	0.0	0.0	0.0	0.0	0.0	0.0
350	2683.1666666666665	0.0	0.0	0.0	0.0	0.0	0.0
360	2924.6666666666665	0.0	0.0	0.0	0.0	0.0	0.0
370	2959.8333333333335	0.0	0.0	0.0	0.0	0.0	0.0
380	2861.1666666666665	0.0	0.0	0.0	0.0	0.0	0.0
390	3223.0	0.0	0.0	0.0	0.0	0.0	0.0
400	3414.5	0.0	0.0	0.0	0.0	0.0	0.0
410	3623.8333333333335	0.0	0.0	0.0	0.0	0.0	0.0
420	3189.6666666666665	0.0	0.0	0.0	0.0	0.0	0.0
430	2927.8333333333335	0.0	0.0	0.0	0.0	0.0	0.0
440	3226.1666666666665	0.0	0.0	0.0	0.0	0.0	0.0
450	2885.1666666666665	0.0	0.0	0.0	0.0	0.0	0.0
460	2816.3333333333335	0.0	0.0	0.0	0.0	0.0	0.0
470	3543.5	0.0	0.0	0.0	0.0	0.0	0.0
480	3152.6666666666665	0.0	0.0	0.0	0.0	0.0	0.0
490	3403.0	0.0	0.0	0.0	0.0	0.0	0.0
500	3054.5	0.0	0.0	0.0	0.0	0.0	0.0
510	3448.8333333333335	0.0	0.0	0.0	0.0	0.0	0.0
520	3426.6666666666665	0.0	0.0	0.0	0.0	0.0	0.0
530	3962.1666666666665	0.0	0.0	0.0	0.0	0.0	0.0
540	3066.6666666666665	0.0	0.0	0.0	0.0	0.0	0.0
550	3670.6666666666665	0.0	0.0	0.0	0.0	0.0	0.0
560	3614.1666666666665	0.0	0.0	0.0	0.0	0.0	0.0
570	3586.1666666666665	0.0	0.0	0.0	0.0	0.0	0.0
580	3825.6666666666665	0.0	0.0	0.0	0.0	0.0	0.0
590	3497.1666666666665	0.0	0.0	0.0	0.0	0.0	0.0
600	3972.0	0.0	0.0	0.0	0.0	0.0	0.0
610	3612.5	0.0	0.0	0.0	0.0	0.0	0.0
620	3656.6666666666665	0.0	0.0	0.0	0.0	0.0	0.0
630	3360.3333333333335	0.0	0.0	0.0	0.0	0.0	0.0
640	3736.1666666666665	0.0	0.0	0.0	0.0	0.0	0.0
650	3540.8333333333335	0.0	0.0	0.0	0.0	0.0	0.0
660	3714.5	0.0	0.0	0.0	0.0	0.0	0.0
670	3529.1666666666665	0.0	0.0	0.0	0.0	0.0	0.0
680	3527.5	0.0	0.0	0.0	0.0	0.0	0.0
690	3604.1666666666665	0.0	0.0	0.0	0.0	0.0	0.0
700	3795.1666666666665	0.0	0.0	0.0	0.0	0.0	0.0
710	3861.3333333333335	0.0	0.0	0.0	0.0	0.0	0.0
720	3484.6666666666665	0.0	0.0	0.0	0.0	0.0	0.0
730	3977.5	0.0	0.0	0.0	0.0	0.0	0.0
740	4025.0	0.0	0.0	0.0	0.0	0.0	0.0
750	3992.5	0.0	0.0	0.0	0.0	0.0	0.0
760	3872.5	0.0	0.0	0.0	0.0	0.0	0.0
770	3643.0	0.0	0.0	0.0	0.0	0.0	0.0
780	3416.5	0.0	0.0	0.0	0.0	0.0	0.0
790	3493.6666666666665	0.0	0.0	0.0	0.0	0.0	0.0
800	3923.0	0.0	0.0	0.0	0.0	0.0	0.0
810	3267.1666666666665	0.0	0.0	0.0	0.0	0.0	0.0
820	3845.0	0.0	0.0	0.0	0.0	0.0	0.0
830	3845.1666666666665	0.0	0.0	0.0	0.0	0.0	0.0
840	3933.0	0.0	0.0	0.0	0.0	0.0	0.0
850	3580.1666666666665	0.0	0.0	0.0	0.0	0.0	0.0
860	4096.333333333333	0.0	0.0	0.0	0.0	0.0	0.0
870	4016.6666666666665	0.0	0.0	0.0	0.0	0.0	0.0
880	3404.0	0.0	0.0	0.0	0.0	0.0	0.0
890	3609.0	0.0	0.0	0.0	0.0	0.0	0.0
900	3667.1666666666665	0.0	0.0	0.0	0.0	0.0	0.0
910	3660.5	0.0	0.0	0.0	0.0	0.0	0.0
920	3830.3333333333335	0.0	0.0	0.0	0.0	0.0	0.0
930	3699.6666666666665	0.0	0.0	0.0	0.0	0.0	0.0
940	3602.5	0.0	0.0	0.0	0.0	0.0	0.0
950	4003.1666666666665	0.0	0.0	0.0	0.0	0.0	0.0
960	3708.0	0.0	0.0	0.0	0.0	0.0	0.0
970	3615.5	0.0	0.0	0.0	0.0	0.0	0.0
980	3364.5	0.0	0.0	0.0	0.0	0.0	0.0
990	3317.5	0.0	0.0	0.0	0.0	0.0	0.0
1000	3522.1666666666665	0.0	0.0	0.0	0.0	0.0	0.0
