0	262.0	0.0	0.0	0.0	0.0	0.0	0.0
10	1798.3333333333333	224.0	1511.0	310.0	151.0	222.0	73.0
20	1968.1666666666667	358.0	1909.0	368.0	197.0	194.0	161.0
30	1841.6666666666667	271.0	1331.0	323.0	201.0	206.0	70.0
40	1949.6666666666667	147.0	623.0	156.0	62.0	60.0	85.0
50	2260.1666666666665	0.0	0.0	0.0	0.0	0.0	0.0
60	2321.3333333333335	0.0	0.0	0.0	0.0	0.0	0.0
70	2126.0	0.0	0.0	0.0	0.0	0.0	0.0
80	2510.8333333333335	0.0	0.0	0.0	0.0	0.0	0.0
90	2539.5	0.0	0.0	0.0	0.0	0.0	0.0
100	2770.5	0.0	0.0	0.0	0.0	0.0	0.0
110	2657.1666666666665	0.0	0.0	0.0	0.0	0.0	0.0
120	2665.8333333333335	0.0	0.0	0.0	0.0	0.0	0.0
130	2737.6666666666665	0.0	0.0	0.0	0.0	0.0	0.0
140	2063.3333333333335	0.0	0.0	0.0	0.0	0.0	0.0
150	2298.6666666666665	0.0	0.0	0.0	0.0	0.0	0.0
160	2364.6666666666665	0.0	0.0	0.0	0.0	0.0	0.0
170	2366.0	0.0	0.0	0.0	0.0	0.0	0.0
180	2748.3333333333335	0.0	0.0	0.0	0.0	0.0	0.0
190	2314.5	0.0	0.0	0.0	0.0	0.0	0.0
200	2288.0	0.0	0.0	0.0	0.0	0.0	0.0
210	2324.8333333333335	0.0	0.0	0.0	0.0	0.0	0.0
220	2164.5	0.0	0.0	0.0	0.0	0.0	0.0
230	2401.1666666666665	0.0	0.0	0.0	0.0	0.0	0.0
240	2485.8333333333335	0.0	0.0	0.0	0.0	0.0	0.0
250	3180.3333333333335	0.0	0.0	0.0	0.0	0.0	0.0
260	2753.6666666666665	0.0	0.0	0.0	0.0	0.0	0.0
270	2806.5	0.0	0.0	0.0	0.0	0.0	0.0
280	3000.8333333333335	0.0	0.0	0.0	0.0	0.0	0.0
290	2777.0	0.0	0.0	0.0	0.0	0.0	0.0
300	2825.0	0.0	0.0	0.0	0.0	0.0	0.0
310	2890.3333333333335	0.0	0.0	0.0	0.0	0.0	0.0
320	2500.8333333333335	0.0	0.0	0.0	0.0	0.0	0.0
330	3040.6666666666665	0.0	0.0	0.0	0.0	0.0	0.0
340	2517.3333333333335	0.0	0.0	0.0	0.0	0.0	0.0
350	2793.5	0.0	0.0	0.0	0.0	0.0	0.0
360	3343.0	0.0	0.0	0.0	0.0	0.0	0.0
370	2974.8333333333335	0.0	0.0	0.0	0.0	0.0	0.0
380	3669.8333333333335	0.0	0.0	0.0	0.0	0.0	0.0
390	3387.5	0.0	0.0	0.0	0.0	0.0	0.0
400	3465.1666666666665	0.0	0.0	0.0	0.0	0.0	0.0
410	3287.6666666666665	0.0	0.0	0.0	0.0	0.0	0.0
420	3566.8333333333335	0.0	0.0	0.0	0.0	0.0	0.0
430	3311.6666666666665	0.0	0.0	0.0	0.0	0.0	0.0
440	3391.3333333333335	0.0	0.0	0.0	0.0	0.0	0.0
450	3380.5	0.0	0.0	0.0	0.0	0.0	0.0
460	3392.5	0.0	0.0	0.0	0.0	0.0	0.0
470	3152.0	0.0	0.0	0.0	0.0	0.0	0.0
480	3482.3333333333335	0.0	0.0	0.0	0.0	0.0	0.0
490	3314.1666666666665	0.0	0.0	0.0	0.0	0.0	0.0
500	3841.0	0.0	0.0	0.0	0.0	0.0	0.0
510	3185.1666666666665	0.0	0.0	0.0	0.0	0.0	0.0
520	3293.8333333333335	0.0	0.0	0.0	0.0	0.0	0.0
530	3774.1666666666665	0.0	0.0	0.0	0.0	0.0	0.0
540	3800.3333333333335	0.0	0.0	0.0	0.0	0.0	0.0
550	3253.3333333333335	0.0	0.0	0.0	0.0	0.0	0.0
560	3754.6666666666665	0.0	0.0	0.0	0.0	0.0	0.0
570	3850.0	0.0	0.0	0.0	0.0	0.0	0.0
580	3782.5	0.0	0.0	0.0	0.0	0.0	0.0
590	3697.0	0.0	0.0	0.0	0.0	0.0	0.0
600	4132.666666666667	0.0	0.0	0.0	0.0	0.0	0.0
610	3869.6666666666665	0.0	0.0	0.0	0.0	0.0	0.0
620	3479.3333333333335	0.0	0.0	0.0	0.0	0.0	0.0
630	3522.3333333333335	0.0	0.0	0.0	0.0	0.0	0.0
640	3791.3333333333335	0.0	0.0	0.0	0.0	0.0	0.0
650	3166.6666666666665	0.0	0.0	0.0	0.0	0.0	0.0
660	3600.1666666666665	0.0	0.0	0.0	0.0	0.0	0.0
670	3888.8333333333335	0.0	0.0	0.0	0.0	0.0	0.0
680	3672.3333333333335	0.0	0.0	0.0	0.0	0.0	0.0
690	3559.5	0.0	0.0	0.0	0.0	0.0	0.0
700	3689.8333333333335	0.0	0.0	0.0	0.0	0.0	0.0
710	3439.6666666666665	0.0	0.0	0.0	0.0	0.0	0.0
720	3686.6666666666665	0.0	0.0	0.0	0.0	0.0	0.0
730	3448.0	0.0	0.0	0.0	0.0	0.0	0.0
740	3353.1666666666665	0.0	0.0	0.0	0.0	0.0	0.0
750	3981.3333333333335	0.0	0.0	0.0	0.0	0.0	0.0
760	3857.6666666666665	0.0	0.0	0.0	0.0	0.0	0.0
770	3766.3333333333335	0.0	0.0	0.0	0.0	0.0	0.0
780	3919.0	0.0	0.0	0.0	0.0	0.0	0.0
790	4028.1666666666665	0.0	0.0	0.0	0.0	0.0	0.0
800	3519.5	0.0	0.0	0.0	0.0	0.0	0.0
810	3712.8333333333335	0.0	0.0	0.0	0.0	0.0	0.0
820	3419.6666666666665	0.0	0.0	0.0	0.0	0.0	0.0
830	4024.1666666666665	0.0	0.0	0.0	0.0	0.0	0.0
840	3955.0	0.0	0.0	0.0	0.0	0.0	0.0
850	3832.3333333333335	0.0	0.0	0.0	0.0	0.0	0.0
860	3956.8333333333335	0.0	0.0	0.0	0.0	0.0	0.0
870	3904.6666666666665	0.0	0.0	0.0	0.0	0.0	0.0
880	3986.3333333333335	0.0	0.0	0.0	0.0	0.0	0.0
890	3443.5	0.0	0.0	0.0	0.0	0.0	0.0
900	3625.5	0.0	0.0	0.0	0.0	0.0	0.0
910	3776.6666666666665	0.0	0.0	0.0	0.0	0.0	0.0
920	3871.8333333333335	0.0	0.0	0.0	0.0	0.0	0.0
930	3626.5	0.0	0.0	0.0	0.0	0.0	0.0
940	3531.1666666666665	0.0	0.0	0.0	0.0	0.0	0.0
950	3907.0	0.0	0.0	0.0	0.0	0.0	0.0
960	3782.6666666666665	0.0	0.0	0.0	0.0	0.0	0.0
970	3814.1666666666665	0.0	0.0	0.0	0.0	0.0	0.0
980	3607.1666666666665	0.0	0.0	0.0	0.0	0.0	0.0
990	3717.3333333333335	0.0	0.0	0.0	0.0	0.0	0.0
1000	3827.1666666666665	0.0	0.0	0.0	0.0	0.0	0.0
