0	224.66666666666666	0.0	0.0	0.0	0.0	0.0	0.0
10	1880.1666666666667	134.0	1505.0	163.0	94.0	106.0	40.0
20	1922.6666666666667	288.0	1809.0	349.0	178.0	216.0	110.0
30	1866.0	181.0	1608.0	253.0	111.0	154.0	70.0
40	2120.3333333333335	345.0	2151.0	415.0	191.0	241.0	154.0
50	1794.0	52.0	254.0	55.0	46.0	49.0	6.0
60	1863.1666666666667	0.0	0.0	0.0	0.0	0.0	0.0
70	2272.8333333333335	0.0	0.0	0.0	0.0	0.0	0.0
80	2383.1666666666665	0.0	0.0	0.0	0.0	0.0	0.0
90	2336.0	0.0	0.0	0.0	0.0	0.0	0.0
100	2552.0	0.0	0.0	0.0	0.0	0.0	0.0
110	2515.0	0.0	0.0	0.0	0.0	0.0	0.0
120	2480.1666666666665	0.0	0.0	0.0	0.0	0.0	0.0
130	2313.1666666666665	0.0	0.0	0.0	0.0	0.0	0.0
140	2565.5	0.0	0.0	0.0	0.0	0.0	0.0
150	2286.1666666666665	0.0	0.0	0.0	0.0	0.0	0.0
160	2461.0	0.0	0.0	0.0	0.0	0.0	0.0
170	2594.0	0.0	0.0	0.0	0.0	0.0	0.0
180	2330.8333333333335	0.0	0.0	0.0	0.0	0.0	0.0
190	2491.6666666666665	0.0	0.0	0.0	0.0	0.0	0.0
200	2194.5	0.0	0.0	0.0	0.0	0.0	0.0
210	2266.6666666666665	0.0	0.0	0.0	0.0	0.0	0.0
220	2320.0	0.0	0.0	0.0	0.0	0.0	0.0
230	2273.0	0.0	0.0	0.0	0.0	0.0	0.0
240	2447.5	0.0	0.0	0.0	0.0	0.0	0.0
250	2943.1666666666665	0.0	0.0	0.0	0.0	0.0	0.0
260	2516.1666666666665	0.0	0.0	0.0	0.0	0.0	0.0
270	2681.5	0.0	0.0	0.0	0.0	0.0	0.0
280	2444.8333333333335	0.0	0.0	0.0	0.0	0.0	0.0
290	2728.1666666666665	0.0	0.0	0.0	0.0	0.0	0.0
300	2909.1666666666665	0.0	0.0	0.0	0.0	0.0	0.0
310	3043.0	0.0	0.0	0.0	0.0	0.0	0.0
320	3186.8333333333335	0.0	0.0	0.0	0.0	0.0	0.0
330	2733.0	0.0	0.0	0.0	0.0	0.0	0.0
340	2626.5	0.0	0.0	0.0	0.0	0.0	0.0
350	3048.5	0.0	0.0	0.0	0.0	0.0	0.0
360	2539.0	0.0	0.0	0.0	0.0	0.0	0.0
370	2951.3333333333335	0.0	0.0	0.0	0.0	0.0	0.0
380	2942.5	0.0	0.0	0.0	0.0	0.0	0.0
390	2940.5	0.0	0.0	0.0	0.0	0.0	0.0
400	3448.1666666666665	0.0	0.0	0.0	0.0	0.0	0.0
410	3097.3333333333335	0.0	0.0	0.0	0.0	0.0	0.0
420	2969.8333333333335	0.0	0.0	0.0	0.0	0.0	0.0
430	3011.1666666666665	0.0	0.0	0.0	0.0	0.0	0.0
440	3481.3333333333335	0.0	0.0	0.0	0.0	0.0	0.0
450	3281.0	0.0	0.0	0.0	0.0	0.0	0.0
460	3875.8333333333335	0.0	0.0	0.0	0.0	0.0	0.0
470	3426.3333333333335	0.0	0.0	0.0	0.0	0.0	0.0
480	3631.5	0.0	0.0	0.0	0.0	0.0	0.0
490	3541.5	0.0	0.0	0.0	0.0	0.0	0.0
500	3366.8333333333335	0.0	0.0	0.0	0.0	0.0	0.0
510	3789.1666666666665	0.0	0.0	0.0	0.0	0.0	0.0
520	3218.6666666666665	0.0	0.0	0.0	0.0	0.0	0.0
530	3853.8333333333335	0.0	0.0	0.0	0.0	0.0	0.0
540	3378.1666666666665	0.0	0.0	0.0	0.0	0.0	0.0
550	3670.5	0.0	0.0	0.0	0.0	0.0	0.0
560	3702.6666666666665	0.0	0.0	0.0	0.0	0.0	0.0
570	3467.5	0.0	0.0	0.0	0.0	0.0	0.0
580	3172.8333333333335	0.0	0.0	0.0	0.0	0.0	0.0
590	3511.6666666666665	0.0	0.0	0.0	0.0	0.0	0.0
600	3378.8333333333335	0.0	0.0	0.0	0.0	0.0	0.0
610	3032.3333333333335	0.0	0.0	0.0	0.0	0.0	0.0
620	3504.1666666666665	0.0	0.0	0.0	0.0	0.0	0.0
630	3432.6666666666665	0.0	0.0	0.0	0.0	0.0	0.0
640	4106.166666666667	0.0	0.0	0.0	0.0	0.0	0.0
650	3401.0	0.0	0.0	0.0	0.0	0.0	0.0
660	3750.5	0.0	0.0	0.0	0.0	0.0	0.0
670	3469.0	0.0	0.0	0.0	0.0	0.0	0.0
680	3878.6666666666665	0.0	0.0	0.0	0.0	0.0	0.0
690	4045.5	0.0	0.0	0.0	0.0	0.0	0.0
700	3844.0	0.0	0.0	0.0	0.0	0.0	0.0
710	3500.8333333333335	0.0	0.0	0.0	0.0	0.0	0.0
720	3704.0	0.0	0.0	0.0	0.0	0.0	0.0
730	3443.0	0.0	0.0	0.0	0.0	0.0	0.0
740	3654.1666666666665	0.0	0.0	0.0	0.0	0.0	0.0
750	3742.3333333333335	0.0	0.0	0.0	0.0	0.0	0.0
760	3872.1666666666665	0.0	0.0	0.0	0.0	0.0	0.0
770	3784.6666666666665	0.0	0.0	0.0	0.0	0.0	0.0
780	3215.5	0.0	0.0	0.0	0.0	0.0	0.0
790	3946.3333333333335	0.0	0.0	0.0	0.0	0.0	0.0
800	3771.6666666666665	0.0	0.0	0.0	0.0	0.0	0.0
810	3969.5	0.0	0.0	0.0	0.0	0.0	0.0
820	3522.0	0.0	0.0	0.0	0.0	0.0	0.0
830	3683.6666666666665	0.0	0.0	0.0	0.0	0.0	0.0
840	3135.0	0.0	0.0	0.0	0.0	0.0	0.0
850	3636.0	0.0	0.0	0.0	0.0	0.0	0.0
860	3869.1666666666665	0.0	0.0	0.0	0.0	0.0	0.0
870	3743.5	0.0	0.0	0.0	0.0	0.0	0.0
880	3653.3333333333335	0.0	0.0	0.0	0.0	0.0	0.0
890	3871.3333333333335	0.0	0.0	0.0	0.0	0.0	0.0
900	3679.3333333333335	0.0	0.0	0.0	0.0	0.0	0.0
910	3984.3333333333335	0.0	0.0	0.0	0.0	0.0	0.0
920	3670.8333333333335	0.0	0.0	0.0	0.0	0.0	0.0
930	3869.8333333333335	0.0	0.0	0.0	0.0	0.0	0.0
940	3712.8333333333335	0.0	0.0	0.0	0.0	0.0	0.0
950	3796.3333333333335	0.0	0.0	0.0	0.0	0.0	0.0
960	3457.3333333333335	0.0	0.0	0.0	0.0	0.0	0.0
970	3912.1666666666665	0.0	0.0	0.0	0.0	0.0	0.0
980	3971.0	0.0	0.0	0.0	0.0	0.0	0.0
990	3680.8333333333335	0.0	0.0	0.0	0.0	0.0	0.0
1000	3641.0	0.0	0.0	0.0	0.0	0.0	0.0
