0	236.0	0.0
10	1830.3333333333333	1000.0
20	2219.6666666666665	0.0
30	2081.6666666666665	0.0
40	2294.3333333333335	0.0
50	2203.8333333333335	0.0
60	2317.1666666666665	0.0
70	2254.8333333333335	0.0
80	2321.6666666666665	0.0
90	2291.0	0.0
100	2457.3333333333335	0.0
110	2164.6666666666665	0.0
120	2470.0	0.0
130	2725.5	0.0
140	2242.0	0.0
150	2403.6666666666665	0.0
160	2581.8333333333335	0.0
170	2870.5	0.0
180	2206.1666666666665	0.0
190	2513.1666666666665	0.0
200	2629.0	0.0
210	2819.3333333333335	0.0
220	2766.6666666666665	0.0
230	2529.6666666666665	0.0
240	2615.0	0.0
250	2575.8333333333335	0.0
260	2834.1666666666665	0.0
270	2107.1666666666665	0.0
280	2519.5	0.0
290	2304.6666666666665	0.0
300	2394.0	0.0
310	2349.1666666666665	0.0
320	2619.6666666666665	0.0
330	3080.6666666666665	0.0
340	3114.6666666666665	0.0
350	3296.1666666666665	0.0
360	3054.3333333333335	0.0
370	3125.1666666666665	0.0
380	2820.5	0.0
390	3394.0	0.0
400	3332.6666666666665	0.0
410	3142.3333333333335	0.0
420	3109.0	0.0
430	3263.6666666666665	0.0
440	3031.8333333333335	0.0
450	3328.0	0.0
460	3244.0	0.0
470	3264.1666666666665	0.0
480	3540.1666666666665	0.0
490	3233.3333333333335	0.0
500	3266.3333333333335	0.0
510	3164.6666666666665	0.0
520	3465.8333333333335	0.0
530	3250.5	0.0
540	3788.1666666666665	0.0
550	3241.1666666666665	0.0
560	3513.1666666666665	0.0
570	3191.3333333333335	0.0
580	3349.8333333333335	0.0
590	2934.3333333333335	0.0
600	3645.3333333333335	0.0
610	3819.5	0.0
620	3931.8333333333335	0.0
630	3944.6666666666665	0.0
640	3456.5	0.0
650	3353.3333333333335	0.0
660	3765.0	0.0
670	3515.0	0.0
680	3662.0	0.0
690	3671.6666666666665	0.0
700	3847.0	0.0
710	3391.1666666666665	0.0
720	3330.3333333333335	0.0
730	3255.3333333333335	0.0
740	3762.8333333333335	0.0
750	3972.0	0.0
760	3560.3333333333335	0.0
770	3212.1666666666665	0.0
780	3348.8333333333335	0.0
790	3406.0	0.0
800	3353.1666666666665	0.0
810	3495.8333333333335	0.0
820	3604.3333333333335	0.0
830	4013.8333333333335	0.0
840	3825.5	0.0
850	3760.6666666666665	0.0
860	3601.3333333333335	0.0
870	3726.6666666666665	0.0
880	3765.8333333333335	0.0
890	3980.5	0.0
900	3257.8333333333335	0.0
910	3959.8333333333335	0.0
920	3897.0	0.0
930	3971.8333333333335	0.0
940	3658.8333333333335	0.0
950	3471.8333333333335	0.0
960	3896.5	0.0
970	3725.0	0.0
980	3891.8333333333335	0.0
990	3875.6666666666665	0.0
1000	3932.5	0.0
