0	255.33333333333334	0.0
10	2023.3333333333333	1000.0
20	1829.8333333333333	0.0
30	1872.8333333333333	0.0
40	2200.0	0.0
50	1944.6666666666667	0.0
60	2362.3333333333335	0.0
70	2407.6666666666665	0.0
80	2537.1666666666665	0.0
90	2384.0	0.0
100	2330.6666666666665	0.0
110	2737.6666666666665	0.0
120	2770.5	0.0
130	2634.6666666666665	0.0
140	2489.5	0.0
150	2812.0	0.0
160	2832.5	0.0
170	2710.3333333333335	0.0
180	2200.6666666666665	0.0
190	2177.8333333333335	0.0
200	2742.5	0.0
210	2820.1666666666665	0.0
220	2532.5	0.0
230	2391.6666666666665	0.0
240	2670.8333333333335	0.0
250	2794.1666666666665	0.0
260	2585.3333333333335	0.0
270	2567.1666666666665	0.0
280	2368.3333333333335	0.0
290	2298.8333333333335	0.0
300	2932.3333333333335	0.0
310	2707.1666666666665	0.0
320	2776.8333333333335	0.0
330	2530.3333333333335	0.0
340	3215.5	0.0
350	2965.1666666666665	0.0
360	3021.5	0.0
370	2809.5	0.0
380	2926.8333333333335	0.0
390	2921.0	0.0
400	2695.8333333333335	0.0
410	3215.6666666666665	0.0
420	2841.3333333333335	0.0
430	3494.3333333333335	0.0
440	3414.6666666666665	0.0
450	2901.0	0.0
460	3473.6666666666665	0.0
470	3326.5	0.0
480	3024.6666666666665	0.0
490	3121.5	0.0
500	2904.6666666666665	0.0
510	3047.3333333333335	0.0
520	3208.0	0.0
530	3702.5	0.0
540	3396.1666666666665	0.0
550	3234.8333333333335	0.0
560	3461.3333333333335	0.0
570	3453.3333333333335	0.0
580	3160.1666666666665	0.0
590	3827.5	0.0
600	3809.3333333333335	0.0
610	3642.0	0.0
620	3574.0	0.0
630	3247.0	0.0
640	3792.5	0.0
650	3379.3333333333335	0.0
660	3338.3333333333335	0.0
670	3294.6666666666665	0.0
680	3424.0	0.0
690	3727.3333333333335	0.0
700	3341.1666666666665	0.0
710	3603.3333333333335	0.0
720	3416.6666666666665	0.0
730	3551.5	0.0
740	3604.1666666666665	0.0
750	3273.6666666666665	0.0
760	3459.5	0.0
770	3614.3333333333335	0.0
780	3878.1666666666665	0.0
790	3776.8333333333335	0.0
800	4101.666666666667	0.0
810	3634.5	0.0
820	3534.1666666666665	0.0
830	3357.1666666666665	0.0
840	3343.8333333333335	0.0
850	3623.6666666666665	0.0
860	3879.6666666666665	0.0
870	3902.0	0.0
880	3824.0	0.0
890	3944.0	0.0
900	3725.1666666666665	0.0
910	4059.6666666666665	0.0
920	3529.5	0.0
930	3700.0	0.0
940	3813.5	0.0
950	4009.6666666666665	0.0
960	3561.5	0.0
970	3447.5	0.0
980	3688.3333333333335	0.0
990	3786.1666666666665	0.0
1000	3931.6666666666665	0.0
