0	256.0	0.0	0.0
10	1685.3333333333333	9.0	6973.0
20	2160.0	13.0	10530.0
30	2051.0	5.0	10678.0
40	2062.1666666666665	8.0	10282.0
50	2120.6666666666665	4.0	11005.0
60	2048.6666666666665	2.0	7357.0
70	2194.6666666666665	10.0	6337.0
80	2225.8333333333335	2.0	6876.0
90	2164.5	11.0	8443.0
100	2104.3333333333335	2.0	7428.0
110	2084.8333333333335	5.0	6964.0
120	2264.5	9.0	8901.0
130	2359.8333333333335	15.0	10200.0
140	2111.3333333333335	15.0	9753.0
150	2265.1666666666665	8.0	11340.0
160	2305.5	2.0	8243.0
170	2343.6666666666665	8.0	7573.0
180	2407.3333333333335	6.0	6102.0
190	2413.1666666666665	9.0	7967.0
200	2458.8333333333335	4.0	7162.0
210	2354.0	6.0	9314.0
220	2469.0	5.0	8492.0
230	2204.1666666666665	7.0	9543.0
240	2413.5	12.0	9488.0
250	2383.1666666666665	1.0	8731.0
260	2319.0	7.0	7420.0
270	2095.6666666666665	8.0	6942.0
280	2621.5	4.0	7000.0
290	2274.1666666666665	11.0	9770.0
300	2557.6666666666665	2.0	12180.0
310	2534.8333333333335	3.0	6824.0
320	2457.0	2.0	9409.0
330	2311.0	12.0	9050.0
340	2755.5	4.0	8841.0
350	2452.3333333333335	7.0	7780.0
360	2511.5	6.0	10894.0
370	2467.1666666666665	14.0	8921.0
380	2599.8333333333335	3.0	10898.0
390	2597.0	6.0	10150.0
400	2566.3333333333335	3.0	7152.0
410	2621.8333333333335	3.0	10208.0
420	2789.3333333333335	3.0	5771.0
430	2687.8333333333335	13.0	8741.0
440	2571.0	5.0	8716.0
450	2485.6666666666665	6.0	6372.0
460	2977.6666666666665	10.0	9675.0
470	2793.6666666666665	5.0	11997.0
480	2851.8333333333335	5.0	11260.0
490	2758.1666666666665	3.0	6534.0
500	2790.3333333333335	5.0	11299.0
510	2696.3333333333335	6.0	10783.0
520	2490.5	4.0	5396.0
530	2614.3333333333335	4.0	10668.0
540	2782.1666666666665	5.0	9540.0
550	2578.0	1.0	8134.0
560	2879.3333333333335	4.0	9852.0
570	2529.3333333333335	6.0	11213.0
580	2493.6666666666665	4.0	6851.0
590	2574.5	7.0	10395.0
600	2912.3333333333335	2.0	7395.0
610	2758.6666666666665	4.0	9533.0
620	2787.0	6.0	8412.0
630	2521.5	6.0	13531.0
640	2902.0	2.0	7644.0
650	2953.0	8.0	9125.0
660	2925.1666666666665	4.0	12095.0
670	2784.1666666666665	5.0	7674.0
680	3178.8333333333335	4.0	7724.0
690	2880.3333333333335	3.0	8182.0
700	2921.5	10.0	13790.0
710	2792.5	6.0	9427.0
720	3043.6666666666665	3.0	10523.0
730	2931.0	2.0	7172.0
740	3029.1666666666665	7.0	11698.0
750	2875.8333333333335	7.0	11112.0
760	2816.1666666666665	3.0	8177.0
770	2763.3333333333335	10.0	13337.0
780	3146.1666666666665	4.0	8332.0
790	2973.1666666666665	3.0	8684.0
800	2842.3333333333335	2.0	8202.0
810	2847.8333333333335	5.0	10499.0
820	3131.8333333333335	5.0	12813.0
830	2997.3333333333335	7.0	11359.0
840	3138.1666666666665	7.0	10253.0
850	2874.6666666666665	5.0	11337.0
860	2989.5	9.0	8715.0
870	3234.8333333333335	7.0	11884.0
880	2803.6666666666665	3.0	10972.0
890	2723.6666666666665	1.0	9512.0
900	2909.6666666666665	5.0	9872.0
910	3206.1666666666665	4.0	9139.0
920	2817.8333333333335	5.0	10088.0
930	3059.0	10.0	11918.0
940	2977.1666666666665	8.0	8629.0
950	2956.6666666666665	5.0	11743.0
960	3042.3333333333335	8.0	8229.0
970	2927.0	6.0	8808.0
980	3157.0	1.0	10840.0
990	3039.5	5.0	10959.0
1000	3222.5	10.0	15111.0
