0	292.0	0.0
10	1888.0	1000.0
20	1912.5	0.0
30	1943.6666666666667	0.0
40	2124.8333333333335	0.0
50	2088.8333333333335	0.0
60	2225.1666666666665	0.0
70	2257.8333333333335	0.0
80	2173.1666666666665	0.0
90	2246.1666666666665	0.0
100	2388.0	0.0
110	2044.6666666666667	0.0
120	2162.3333333333335	0.0
130	2409.1666666666665	0.0
140	2260.5	0.0
150	2155.8333333333335	0.0
160	2168.1666666666665	0.0
170	2115.0	0.0
180	2330.3333333333335	0.0
190	2438.8333333333335	0.0
200	2492.3333333333335	0.0
210	2218.0	0.0
220	2275.6666666666665	0.0
230	2312.1666666666665	0.0
240	2253.5	0.0
250	2554.5	0.0
260	2490.0	0.0
270	2570.3333333333335	0.0
280	2422.0	0.0
290	2337.6666666666665	0.0
300	2584.1666666666665	0.0
310	2800.1666666666665	0.0
320	2434.8333333333335	0.0
330	2417.5	0.0
340	2543.3333333333335	0.0
350	2560.8333333333335	0.0
360	2463.8333333333335	0.0
370	2789.5	0.0
380	2650.5	0.0
390	2227.6666666666665	0.0
400	2498.3333333333335	0.0
410	2485.0	0.0
420	2525.5	0.0
430	2712.5	0.0
440	2483.0	0.0
450	2737.5	0.0
460	2590.8333333333335	0.0
470	2768.1666666666665	0.0
480	2751.1666666666665	0.0
490	2552.1666666666665	0.0
500	2952.3333333333335	0.0
510	2698.1666666666665	0.0
520	2687.0	0.0
530	2740.0	0.0
540	2754.0	0.0
550	2731.3333333333335	0.0
560	2923.0	0.0
570	2585.6666666666665	0.0
580	2703.3333333333335	0.0
590	2803.8333333333335	0.0
600	2630.6666666666665	0.0
610	2954.8333333333335	0.0
620	2523.1666666666665	0.0
630	2821.1666666666665	0.0
640	2674.5	0.0
650	2699.3333333333335	0.0
660	2655.0	0.0
670	2790.8333333333335	0.0
680	2786.5	0.0
690	2648.3333333333335	0.0
700	2628.8333333333335	0.0
710	2916.6666666666665	0.0
720	2781.1666666666665	0.0
730	2992.8333333333335	0.0
740	2837.8333333333335	0.0
750	2573.5	0.0
760	2609.0	0.0
770	2891.8333333333335	0.0
780	2973.1666666666665	0.0
790	3093.3333333333335	0.0
800	2784.1666666666665	0.0
810	2869.3333333333335	0.0
820	2686.6666666666665	0.0
830	2735.8333333333335	0.0
840	3088.6666666666665	0.0
850	2750.5	0.0
860	2869.6666666666665	0.0
870	2893.1666666666665	0.0
880	2671.0	0.0
890	2713.5	0.0
900	3121.1666666666665	0.0
910	2801.6666666666665	0.0
920	2604.0	0.0
930	3011.1666666666665	0.0
940	2816.3333333333335	0.0
950	2947.8333333333335	0.0
960	3046.3333333333335	0.0
970	2826.8333333333335	0.0
980	3170.3333333333335	0.0
990	2938.5	0.0
1000	2862.0	0.0
