0	242.0	0.0
10	1979.8333333333333	1000.0
20	2116.3333333333335	0.0
30	1959.1666666666667	0.0
40	2234.3333333333335	0.0
50	1920.8333333333333	0.0
60	2038.3333333333333	0.0
70	2084.3333333333335	0.0
80	2060.3333333333335	0.0
90	2229.3333333333335	0.0
100	2179.0	0.0
110	2175.8333333333335	0.0
120	2099.6666666666665	0.0
130	2451.1666666666665	0.0
140	2182.3333333333335	0.0
150	2128.6666666666665	0.0
160	2248.1666666666665	0.0
170	2250.3333333333335	0.0
180	2195.3333333333335	0.0
190	2163.3333333333335	0.0
200	2325.3333333333335	0.0
210	2343.8333333333335	0.0
220	2232.3333333333335	0.0
230	2271.8333333333335	0.0
240	2363.6666666666665	0.0
250	2428.1666666666665	0.0
260	2392.3333333333335	0.0
270	2451.1666666666665	0.0
280	2506.8333333333335	0.0
290	2601.3333333333335	0.0
300	2526.3333333333335	0.0
310	2412.5	0.0
320	2352.5	0.0
330	2419.5	0.0
340	2399.8333333333335	0.0
350	2443.6666666666665	0.0
360	2341.1666666666665	0.0
370	2370.5	0.0
380	2696.0	0.0
390	2508.1666666666665	0.0
400	2621.0	0.0
410	2423.1666666666665	0.0
420	2505.6666666666665	0.0
430	2559.3333333333335	0.0
440	2257.0	0.0
450	2525.5	0.0
460	2792.6666666666665	0.0
470	2651.0	0.0
480	2587.1666666666665	0.0
490	2454.1666666666665	0.0
500	2783.0	0.0
510	2879.6666666666665	0.0
520	2665.5	0.0
530	2629.0	0.0
540	2475.3333333333335	0.0
550	2469.8333333333335	0.0
560	2606.0	0.0
570	2317.6666666666665	0.0
580	2794.6666666666665	0.0
590	2953.8333333333335	0.0
600	2739.0	0.0
610	2816.5	0.0
620	3006.6666666666665	0.0
630	2835.8333333333335	0.0
640	2735.8333333333335	0.0
650	2853.6666666666665	0.0
660	2786.0	0.0
670	2764.3333333333335	0.0
680	2750.3333333333335	0.0
690	2708.5	0.0
700	2894.1666666666665	0.0
710	3047.1666666666665	0.0
720	2835.8333333333335	0.0
730	2702.5	0.0
740	2777.1666666666665	0.0
750	2870.3333333333335	0.0
760	2550.5	0.0
770	2761.0	0.0
780	3007.8333333333335	0.0
790	2745.5	0.0
800	2981.6666666666665	0.0
810	2750.0	0.0
820	2961.1666666666665	0.0
830	2637.0	0.0
840	2821.6666666666665	0.0
850	2899.0	0.0
860	2802.6666666666665	0.0
870	2654.3333333333335	0.0
880	3016.0	0.0
890	2800.8333333333335	0.0
900	2772.6666666666665	0.0
910	2950.5	0.0
920	2920.1666666666665	0.0
930	2665.3333333333335	0.0
940	3003.6666666666665	0.0
950	2933.1666666666665	0.0
960	3045.5	0.0
970	2907.1666666666665	0.0
980	3008.6666666666665	0.0
990	2841.6666666666665	0.0
1000	3045.0	0.0
