0	258.3333333333333	0.0
10	1812.3333333333333	1000.0
20	1836.5	0.0
30	1769.3333333333333	0.0
40	2177.1666666666665	0.0
50	2267.5	0.0
60	2148.0	0.0
70	2095.6666666666665	0.0
80	2125.3333333333335	0.0
90	2141.1666666666665	0.0
100	2176.0	0.0
110	2246.5	0.0
120	2119.1666666666665	0.0
130	2107.0	0.0
140	2326.3333333333335	0.0
150	2151.6666666666665	0.0
160	2456.1666666666665	0.0
170	2385.8333333333335	0.0
180	2277.8333333333335	0.0
190	2539.0	0.0
200	2355.5	0.0
210	2539.1666666666665	0.0
220	2617.6666666666665	0.0
230	2395.0	0.0
240	2161.6666666666665	0.0
250	2330.0	0.0
260	2390.5	0.0
270	2498.5	0.0
280	2593.0	0.0
290	2523.8333333333335	0.0
300	2682.3333333333335	0.0
310	2319.6666666666665	0.0
320	2475.5	0.0
330	2441.1666666666665	0.0
340	2527.8333333333335	0.0
350	2366.1666666666665	0.0
360	2550.5	0.0
370	2589.0	0.0
380	2739.8333333333335	0.0
390	2514.3333333333335	0.0
400	2596.3333333333335	0.0
410	2432.6666666666665	0.0
420	2808.3333333333335	0.0
430	2679.6666666666665	0.0
440	2621.0	0.0
450	2555.0	0.0
460	2772.0	0.0
470	2770.3333333333335	0.0
480	2935.3333333333335	0.0
490	2840.6666666666665	0.0
500	3029.1666666666665	0.0
510	2917.1666666666665	0.0
520	2627.3333333333335	0.0
530	2777.3333333333335	0.0
540	2781.6666666666665	0.0
550	2749.8333333333335	0.0
560	2813.1666666666665	0.0
570	2891.5	0.0
580	2593.8333333333335	0.0
590	2834.3333333333335	0.0
600	2778.6666666666665	0.0
610	2339.3333333333335	0.0
620	2576.8333333333335	0.0
630	2723.0	0.0
640	2867.0	0.0
650	2915.8333333333335	0.0
660	3014.3333333333335	0.0
670	2677.6666666666665	0.0
680	3063.1666666666665	0.0
690	2969.8333333333335	0.0
700	3003.6666666666665	0.0
710	2935.8333333333335	0.0
720	2903.6666666666665	0.0
730	3145.0	0.0
740	2804.5	0.0
750	2848.3333333333335	0.0
760	2807.0	0.0
770	2833.0	0.0
780	3049.1666666666665	0.0
790	2949.0	0.0
800	2834.8333333333335	0.0
810	2727.5	0.0
820	2829.8333333333335	0.0
830	2837.6666666666665	0.0
840	3087.8333333333335	0.0
850	3123.1666666666665	0.0
860	2704.6666666666665	0.0
870	3330.3333333333335	0.0
880	2925.5	0.0
890	2905.8333333333335	0.0
900	3109.6666666666665	0.0
910	3068.8333333333335	0.0
920	3027.5	0.0
930	3043.0	0.0
940	3029.0	0.0
950	3156.3333333333335	0.0
960	2896.6666666666665	0.0
970	3125.5	0.0
980	3055.6666666666665	0.0
990	2978.0	0.0
1000	2690.6666666666665	0.0
