0	248.66666666666666	0.0
10	1840.0	1000.0
20	1901.6666666666667	0.0
30	2125.1666666666665	0.0
40	2049.3333333333335	0.0
50	2114.8333333333335	0.0
60	2057.0	0.0
70	2039.8333333333333	0.0
80	2126.6666666666665	0.0
90	2070.5	0.0
100	2215.3333333333335	0.0
110	2276.3333333333335	0.0
120	2339.0	0.0
130	2096.3333333333335	0.0
140	2334.0	0.0
150	2214.3333333333335	0.0
160	2500.3333333333335	0.0
170	2430.8333333333335	0.0
180	2375.5	0.0
190	2331.0	0.0
200	2409.8333333333335	0.0
210	2685.5	0.0
220	2522.3333333333335	0.0
230	2262.3333333333335	0.0
240	2380.8333333333335	0.0
250	2301.8333333333335	0.0
260	2475.6666666666665	0.0
270	2441.0	0.0
280	2319.6666666666665	0.0
290	2546.3333333333335	0.0
300	2665.8333333333335	0.0
310	2310.3333333333335	0.0
320	2395.1666666666665	0.0
330	2532.1666666666665	0.0
340	2354.6666666666665	0.0
350	2482.5	0.0
360	2669.0	0.0
370	2640.5	0.0
380	2484.1666666666665	0.0
390	2716.5	0.0
400	2563.6666666666665	0.0
410	2518.0	0.0
420	2788.8333333333335	0.0
430	2434.3333333333335	0.0
440	2678.8333333333335	0.0
450	2889.3333333333335	0.0
460	2509.3333333333335	0.0
470	2525.8333333333335	0.0
480	2632.0	0.0
490	2745.6666666666665	0.0
500	2569.6666666666665	0.0
510	2976.5	0.0
520	2689.6666666666665	0.0
530	2857.1666666666665	0.0
540	2502.8333333333335	0.0
550	2691.5	0.0
560	2543.8333333333335	0.0
570	2875.6666666666665	0.0
580	2493.5	0.0
590	2814.8333333333335	0.0
600	2581.3333333333335	0.0
610	2847.3333333333335	0.0
620	2869.5	0.0
630	2780.3333333333335	0.0
640	2731.6666666666665	0.0
650	2608.5	0.0
660	2733.8333333333335	0.0
670	3231.0	0.0
680	2875.0	0.0
690	3060.5	0.0
700	2672.6666666666665	0.0
710	3029.0	0.0
720	2954.5	0.0
730	2930.5	0.0
740	3258.0	0.0
750	3139.5	0.0
760	2765.1666666666665	0.0
770	2966.8333333333335	0.0
780	2812.3333333333335	0.0
790	2857.3333333333335	0.0
800	2769.8333333333335	0.0
810	3074.6666666666665	0.0
820	3366.8333333333335	0.0
830	2914.5	0.0
840	2586.0	0.0
850	3306.6666666666665	0.0
860	3069.1666666666665	0.0
870	3126.3333333333335	0.0
880	3327.5	0.0
890	3001.3333333333335	0.0
900	3132.6666666666665	0.0
910	2860.5	0.0
920	2911.6666666666665	0.0
930	3044.8333333333335	0.0
940	3124.0	0.0
950	3176.3333333333335	0.0
960	3120.0	0.0
970	2916.6666666666665	0.0
980	3095.6666666666665	0.0
990	3183.8333333333335	0.0
1000	3106.1666666666665	0.0
