0	243.33333333333334	0.0
10	1944.3333333333333	1000.0
20	2219.8333333333335	0.0
30	1940.6666666666667	0.0
40	1707.6666666666667	0.0
50	2010.8333333333333	0.0
60	2148.8333333333335	0.0
70	2198.6666666666665	0.0
80	2243.8333333333335	0.0
90	2122.5	0.0
100	2140.5	0.0
110	2370.6666666666665	0.0
120	2335.0	0.0
130	2103.1666666666665	0.0
140	2195.8333333333335	0.0
150	2199.6666666666665	0.0
160	2194.3333333333335	0.0
170	2183.1666666666665	0.0
180	2302.0	0.0
190	2359.3333333333335	0.0
200	2281.5	0.0
210	2310.0	0.0
220	2268.1666666666665	0.0
230	2464.0	0.0
240	2474.5	0.0
250	2558.3333333333335	0.0
260	2661.6666666666665	0.0
270	2355.1666666666665	0.0
280	2289.1666666666665	0.0
290	2468.6666666666665	0.0
300	2389.6666666666665	0.0
310	2569.0	0.0
320	2381.8333333333335	0.0
330	2427.6666666666665	0.0
340	2528.5	0.0
350	2671.3333333333335	0.0
360	2588.0	0.0
370	2634.1666666666665	0.0
380	2717.8333333333335	0.0
390	2565.1666666666665	0.0
400	2714.0	0.0
410	2380.3333333333335	0.0
420	2642.8333333333335	0.0
430	2702.6666666666665	0.0
440	2715.5	0.0
450	2723.3333333333335	0.0
460	2497.0	0.0
470	2572.5	0.0
480	2724.1666666666665	0.0
490	2586.8333333333335	0.0
500	2561.0	0.0
510	2383.3333333333335	0.0
520	2827.0	0.0
530	2355.0	0.0
540	2587.8333333333335	0.0
550	2494.0	0.0
560	2569.5	0.0
570	2908.6666666666665	0.0
580	2671.0	0.0
590	3060.5	0.0
600	2661.3333333333335	0.0
610	2717.5	0.0
620	2756.5	0.0
630	2885.6666666666665	0.0
640	2865.6666666666665	0.0
650	2751.8333333333335	0.0
660	2516.1666666666665	0.0
670	2591.1666666666665	0.0
680	2722.3333333333335	0.0
690	2737.6666666666665	0.0
700	2756.0	0.0
710	2701.0	0.0
720	2781.1666666666665	0.0
730	2740.8333333333335	0.0
740	2386.8333333333335	0.0
750	2830.5	0.0
760	2816.6666666666665	0.0
770	2573.6666666666665	0.0
780	2715.0	0.0
790	2581.1666666666665	0.0
800	2777.0	0.0
810	2613.6666666666665	0.0
820	2733.8333333333335	0.0
830	2854.3333333333335	0.0
840	3029.5	0.0
850	3089.5	0.0
860	2824.6666666666665	0.0
870	2813.3333333333335	0.0
880	2674.5	0.0
890	3072.6666666666665	0.0
900	2755.6666666666665	0.0
910	2811.6666666666665	0.0
920	2663.6666666666665	0.0
930	2705.0	0.0
940	2753.8333333333335	0.0
950	2657.6666666666665	0.0
960	3080.3333333333335	0.0
970	2671.3333333333335	0.0
980	2650.1666666666665	0.0
990	3098.8333333333335	0.0
1000	2657.8333333333335	0.0
