0	236.66666666666666	0.0	0.0	0.0	0.0	0.0	0.0
10	1800.0	1000.0	1317.0	786.0	426.0	186.0	574.0
20	2076.5	0.0	0.0	0.0	0.0	0.0	0.0
30	2105.6666666666665	0.0	0.0	0.0	0.0	0.0	0.0
40	2142.1666666666665	0.0	0.0	0.0	0.0	0.0	0.0
50	2024.6666666666667	0.0	0.0	0.0	0.0	0.0	0.0
60	2054.5	0.0	0.0	0.0	0.0	0.0	0.0
70	2067.5	0.0	0.0	0.0	0.0	0.0	0.0
80	2193.3333333333335	0.0	0.0	0.0	0.0	0.0	0.0
90	2120.1666666666665	0.0	0.0	0.0	0.0	0.0	0.0
100	2131.1666666666665	0.0	0.0	0.0	0.0	0.0	0.0
110	2072.6666666666665	0.0	0.0	0.0	0.0	0.0	0.0
120	1899.6666666666667	0.0	0.0	0.0	0.0	0.0	0.0
130	2218.6666666666665	0.0	0.0	0.0	0.0	0.0	0.0
140	2245.8333333333335	0.0	0.0	0.0	0.0	0.0	0.0
150	2180.8333333333335	0.0	0.0	0.0	0.0	0.0	0.0
160	2265.8333333333335	0.0	0.0	0.0	0.0	0.0	0.0
170	2245.5	0.0	0.0	0.0	0.0	0.0	0.0
180	2062.5	0.0	0.0	0.0	0.0	0.0	0.0
190	2207.5	0.0	0.0	0.0	0.0	0.0	0.0
200	2288.1666666666665	0.0	0.0	0.0	0.0	0.0	0.0
210	2318.6666666666665	0.0	0.0	0.0	0.0	0.0	0.0
220	2154.6666666666665	0.0	0.0	0.0	0.0	0.0	0.0
230	2328.3333333333335	0.0	0.0	0.0	0.0	0.0	0.0
240	2552.5	0.0	0.0	0.0	0.0	0.0	0.0
250	2517.5	0.0	0.0	0.0	0.0	0.0	0.0
260	2286.6666666666665	0.0	0.0	0.0	0.0	0.0	0.0
270	2173.5	0.0	0.0	0.0	0.0	0.0	0.0
280	2144.6666666666665	0.0	0.0	0.0	0.0	0.0	0.0
290	2606.3333333333335	0.0	0.0	0.0	0.0	0.0	0.0
300	2472.0	0.0	0.0	0.0	0.0	0.0	0.0
310	2652.6666666666665	0.0	0.0	0.0	0.0	0.0	0.0
320	2455.5	0.0	0.0	0.0	0.0	0.0	0.0
330	2759.5	0.0	0.0	0.0	0.0	0.0	0.0
340	2500.1666666666665	0.0	0.0	0.0	0.0	0.0	0.0
350	2592.0	0.0	0.0	0.0	0.0	0.0	0.0
360	2589.1666666666665	0.0	0.0	0.0	0.0	0.0	0.0
370	2639.0	0.0	0.0	0.0	0.0	0.0	0.0
380	2300.6666666666665	0.0	0.0	0.0	0.0	0.0	0.0
390	2459.8333333333335	0.0	0.0	0.0	0.0	0.0	0.0
400	2591.5	0.0	0.0	0.0	0.0	0.0	0.0
410	2592.3333333333335	0.0	0.0	0.0	0.0	0.0	0.0
420	2459.6666666666665	0.0	0.0	0.0	0.0	0.0	0.0
430	2455.6666666666665	0.0	0.0	0.0	0.0	0.0	0.0
440	2314.8333333333335	0.0	0.0	0.0	0.0	0.0	0.0
450	2556.3333333333335	0.0	0.0	0.0	0.0	0.0	0.0
460	2459.3333333333335	0.0	0.0	0.0	0.0	0.0	0.0
470	2567.6666666666665	0.0	0.0	0.0	0.0	0.0	0.0
480	2785.1666666666665	0.0	0.0	0.0	0.0	0.0	0.0
490	2475.8333333333335	0.0	0.0	0.0	0.0	0.0	0.0
500	2451.8333333333335	0.0	0.0	0.0	0.0	0.0	0.0
510	2481.3333333333335	0.0	0.0	0.0	0.0	0.0	0.0
520	2366.8333333333335	0.0	0.0	0.0	0.0	0.0	0.0
530	2381.8333333333335	0.0	0.0	0.0	0.0	0.0	0.0
540	2716.1666666666665	0.0	0.0	0.0	0.0	0.0	0.0
550	2692.0	0.0	0.0	0.0	0.0	0.0	0.0
560	2785.8333333333335	0.0	0.0	0.0	0.0	0.0	0.0
570	2453.3333333333335	0.0	0.0	0.0	0.0	0.0	0.0
580	2712.8333333333335	0.0	0.0	0.0	0.0	0.0	0.0
590	2676.5	0.0	0.0	0.0	0.0	0.0	0.0
600	2815.6666666666665	0.0	0.0	0.0	0.0	0.0	0.0
610	2625.5	0.0	0.0	0.0	0.0	0.0	0.0
620	2565.3333333333335	0.0	0.0	0.0	0.0	0.0	0.0
630	2745.0	0.0	0.0	0.0	0.0	0.0	0.0
640	2720.5	0.0	0.0	0.0	0.0	0.0	0.0
650	2572.6666666666665	0.0	0.0	0.0	0.0	0.0	0.0
660	2878.1666666666665	0.0	0.0	0.0	0.0	0.0	0.0
670	2548.0	0.0	0.0	0.0	0.0	0.0	0.0
680	2490.5	0.0	0.0	0.0	0.0	0.0	0.0
690	2637.3333333333335	0.0	0.0	0.0	0.0	0.0	0.0
700	2595.5	0.0	0.0	0.0	0.0	0.0	0.0
710	2518.0	0.0	0.0	0.0	0.0	0.0	0.0
720	2872.6666666666665	0.0	0.0	0.0	0.0	0.0	0.0
730	3002.0	0.0	0.0	0.0	0.0	0.0	0.0
740	2453.0	0.0	0.0	0.0	0.0	0.0	0.0
750	2797.1666666666665	0.0	0.0	0.0	0.0	0.0	0.0
760	2656.1666666666665	0.0	0.0	0.0	0.0	0.0	0.0
770	2764.1666666666665	0.0	0.0	0.0	0.0	0.0	0.0
780	2484.0	0.0	0.0	0.0	0.0	0.0	0.0
790	2507.6666666666665	0.0	0.0	0.0	0.0	0.0	0.0
800	2626.0	0.0	0.0	0.0	0.0	0.0	0.0
810	2829.6666666666665	0.0	0.0	0.0	0.0	0.0	0.0
820	2730.6666666666665	0.0	0.0	0.0	0.0	0.0	0.0
830	2816.6666666666665	0.0	0.0	0.0	0.0	0.0	0.0
840	2905.6666666666665	0.0	0.0	0.0	0.0	0.0	0.0
850	2760.5	0.0	0.0	0.0	0.0	0.0	0.0
860	2848.5	0.0	0.0	0.0	0.0	0.0	0.0
870	2768.0	0.0	0.0	0.0	0.0	0.0	0.0
880	2797.1666666666665	0.0	0.0	0.0	0.0	0.0	0.0
890	2653.6666666666665	0.0	0.0	0.0	0.0	0.0	0.0
900	2497.5	0.0	0.0	0.0	0.0	0.0	0.0
910	2543.0	0.0	0.0	0.0	0.0	0.0	0.0
920	2786.3333333333335	0.0	0.0	0.0	0.0	0.0	0.0
930	2874.5	0.0	0.0	0.0	0.0	0.0	0.0
940	3029.3333333333335	0.0	0.0	0.0	0.0	0.0	0.0
950	2835.1666666666665	0.0	0.0	0.0	0.0	0.0	0.0
960	3044.1666666666665	0.0	0.0	0.0	0.0	0.0	0.0
970	2554.8333333333335	0.0	0.0	0.0	0.0	0.0	0.0
980	2759.8333333333335	0.0	0.0	0.0	0.0	0.0	0.0
990	2727.3333333333335	0.0	0.0	0.0	0.0	0.0	0.0
1000	2915.8333333333335	0.0	0.0	0.0	0.0	0.0	0.0
