0	249.33333333333334	0.0	0.0	0.0	0.0	0.0	0.0
10	1867.1666666666667	792.0	2270.0	635.0	552.0	338.0	240.0
20	1909.8333333333333	208.0	772.0	294.0	145.0	209.0	63.0
30	1681.6666666666667	0.0	0.0	0.0	0.0	0.0	0.0
40	2073.5	0.0	0.0	0.0	0.0	0.0	0.0
50	2015.8333333333333	0.0	0.0	0.0	0.0	0.0	0.0
60	2089.8333333333335	0.0	0.0	0.0	0.0	0.0	0.0
70	2092.8333333333335	0.0	0.0	0.0	0.0	0.0	0.0
80	1950.8333333333333	0.0	0.0	0.0	0.0	0.0	0.0
90	2129.6666666666665	0.0	0.0	0.0	0.0	0.0	0.0
100	2145.8333333333335	0.0	0.0	0.0	0.0	0.0	0.0
110	1980.5	0.0	0.0	0.0	0.0	0.0	0.0
120	2047.5	0.0	0.0	0.0	0.0	0.0	0.0
130	2191.3333333333335	0.0	0.0	0.0	0.0	0.0	0.0
140	2313.3333333333335	0.0	0.0	0.0	0.0	0.0	0.0
150	2178.5	0.0	0.0	0.0	0.0	0.0	0.0
160	2189.3333333333335	0.0	0.0	0.0	0.0	0.0	0.0
170	2397.5	0.0	0.0	0.0	0.0	0.0	0.0
180	2161.6666666666665	0.0	0.0	0.0	0.0	0.0	0.0
190	2323.1666666666665	0.0	0.0	0.0	0.0	0.0	0.0
200	2408.0	0.0	0.0	0.0	0.0	0.0	0.0
210	2215.1666666666665	0.0	0.0	0.0	0.0	0.0	0.0
220	2238.1666666666665	0.0	0.0	0.0	0.0	0.0	0.0
230	2342.1666666666665	0.0	0.0	0.0	0.0	0.0	0.0
240	2495.5	0.0	0.0	0.0	0.0	0.0	0.0
250	2476.8333333333335	0.0	0.0	0.0	0.0	0.0	0.0
260	2436.1666666666665	0.0	0.0	0.0	0.0	0.0	0.0
270	2365.1666666666665	0.0	0.0	0.0	0.0	0.0	0.0
280	2247.1666666666665	0.0	0.0	0.0	0.0	0.0	0.0
290	2262.0	0.0	0.0	0.0	0.0	0.0	0.0
300	2409.8333333333335	0.0	0.0	0.0	0.0	0.0	0.0
310	2518.5	0.0	0.0	0.0	0.0	0.0	0.0
320	2329.6666666666665	0.0	0.0	0.0	0.0	0.0	0.0
330	2377.5	0.0	0.0	0.0	0.0	0.0	0.0
340	2432.8333333333335	0.0	0.0	0.0	0.0	0.0	0.0
350	2572.8333333333335	0.0	0.0	0.0	0.0	0.0	0.0
360	2470.5	0.0	0.0	0.0	0.0	0.0	0.0
370	2359.6666666666665	0.0	0.0	0.0	0.0	0.0	0.0
380	2598.0	0.0	0.0	0.0	0.0	0.0	0.0
390	2505.0	0.0	0.0	0.0	0.0	0.0	0.0
400	2223.0	0.0	0.0	0.0	0.0	0.0	0.0
410	2330.0	0.0	0.0	0.0	0.0	0.0	0.0
420	2248.6666666666665	0.0	0.0	0.0	0.0	0.0	0.0
430	2672.5	0.0	0.0	0.0	0.0	0.0	0.0
440	2731.1666666666665	0.0	0.0	0.0	0.0	0.0	0.0
450	2703.3333333333335	0.0	0.0	0.0	0.0	0.0	0.0
460	2364.8333333333335	0.0	0.0	0.0	0.0	0.0	0.0
470	2536.3333333333335	0.0	0.0	0.0	0.0	0.0	0.0
480	2757.6666666666665	0.0	0.0	0.0	0.0	0.0	0.0
490	2603.1666666666665	0.0	0.0	0.0	0.0	0.0	0.0
500	2687.6666666666665	0.0	0.0	0.0	0.0	0.0	0.0
510	2582.1666666666665	0.0	0.0	0.0	0.0	0.0	0.0
520	2607.0	0.0	0.0	0.0	0.0	0.0	0.0
530	2421.8333333333335	0.0	0.0	0.0	0.0	0.0	0.0
540	2597.0	0.0	0.0	0.0	0.0	0.0	0.0
550	2641.6666666666665	0.0	0.0	0.0	0.0	0.0	0.0
560	2430.8333333333335	0.0	0.0	0.0	0.0	0.0	0.0
570	2797.3333333333335	0.0	0.0	0.0	0.0	0.0	0.0
580	2849.6666666666665	0.0	0.0	0.0	0.0	0.0	0.0
590	2712.1666666666665	0.0	0.0	0.0	0.0	0.0	0.0
600	2530.5	0.0	0.0	0.0	0.0	0.0	0.0
610	2895.3333333333335	0.0	0.0	0.0	0.0	0.0	0.0
620	2650.1666666666665	0.0	0.0	0.0	0.0	0.0	0.0
630	2599.8333333333335	0.0	0.0	0.0	0.0	0.0	0.0
640	2681.1666666666665	0.0	0.0	0.0	0.0	0.0	0.0
650	2677.1666666666665	0.0	0.0	0.0	0.0	0.0	0.0
660	2862.3333333333335	0.0	0.0	0.0	0.0	0.0	0.0
670	2775.0	0.0	0.0	0.0	0.0	0.0	0.0
680	2746.3333333333335	0.0	0.0	0.0	0.0	0.0	0.0
690	2920.8333333333335	0.0	0.0	0.0	0.0	0.0	0.0
700	2828.5	0.0	0.0	0.0	0.0	0.0	0.0
710	2847.6666666666665	0.0	0.0	0.0	0.0	0.0	0.0
720	2950.3333333333335	0.0	0.0	0.0	0.0	0.0	0.0
730	2660.6666666666665	0.0	0.0	0.0	0.0	0.0	0.0
740	2745.6666666666665	0.0	0.0	0.0	0.0	0.0	0.0
750	2826.1666666666665	0.0	0.0	0.0	0.0	0.0	0.0
760	2970.5	0.0	0.0	0.0	0.0	0.0	0.0
770	2828.3333333333335	0.0	0.0	0.0	0.0	0.0	0.0
780	2852.1666666666665	0.0	0.0	0.0	0.0	0.0	0.0
790	2961.5	0.0	0.0	0.0	0.0	0.0	0.0
800	2643.6666666666665	0.0	0.0	0.0	0.0	0.0	0.0
810	2745.3333333333335	0.0	0.0	0.0	0.0	0.0	0.0
820	2850.3333333333335	0.0	0.0	0.0	0.0	0.0	0.0
830	2608.1666666666665	0.0	0.0	0.0	0.0	0.0	0.0
840	2829.3333333333335	0.0	0.0	0.0	0.0	0.0	0.0
850	3007.6666666666665	0.0	0.0	0.0	0.0	0.0	0.0
860	2784.6666666666665	0.0	0.0	0.0	0.0	0.0	0.0
870	2941.6666666666665	0.0	0.0	0.0	0.0	0.0	0.0
880	2774.5	0.0	0.0	0.0	0.0	0.0	0.0
890	2589.0	0.0	0.0	0.0	0.0	0.0	0.0
900	3004.1666666666665	0.0	0.0	0.0	0.0	0.0	0.0
910	3008.5	0.0	0.0	0.0	0.0	0.0	0.0
920	2997.6666666666665	0.0	0.0	0.0	0.0	0.0	0.0
930	2800.3333333333335	0.0	0.0	0.0	0.0	0.0	0.0
940	2683.5	0.0	0.0	0.0	0.0	0.0	0.0
950	3046.5	0.0	0.0	0.0	0.0	0.0	0.0
960	2514.1666666666665	0.0	0.0	0.0	0.0	0.0	0.0
970	2910.3333333333335	0.0	0.0	0.0	0.0	0.0	0.0
980	2882.1666666666665	0.0	0.0	0.0	0.0	0.0	0.0
990	2723.5	0.0	0.0	0.0	0.0	0.0	0.0
1000	3067.3333333333335	0.0	0.0	0.0	0.0	0.0	0.0
