0	263.6666666666667	0.0	0.0	0.0	0.0	0.0	0.0
10	1838.3333333333333	299.0	1097.0	111.0	233.0	44.0	66.0
20	1919.1666666666667	275.0	782.0	151.0	207.0	71.0	68.0
30	2236.8333333333335	299.0	1220.0	107.0	267.0	71.0	32.0
40	1928.8333333333333	127.0	199.0	90.0	73.0	36.0	54.0
50	2074.5	0.0	0.0	0.0	0.0	0.0	0.0
60	2026.8333333333333	0.0	0.0	0.0	0.0	0.0	0.0
70	2148.1666666666665	0.0	0.0	0.0	0.0	0.0	0.0
80	2555.0	0.0	0.0	0.0	0.0	0.0	0.0
90	2317.3333333333335	0.0	0.0	0.0	0.0	0.0	0.0
100	2360.6666666666665	0.0	0.0	0.0	0.0	0.0	0.0
110	2122.3333333333335	0.0	0.0	0.0	0.0	0.0	0.0
120	2460.1666666666665	0.0	0.0	0.0	0.0	0.0	0.0
130	1848.1666666666667	0.0	0.0	0.0	0.0	0.0	0.0
140	2396.5	0.0	0.0	0.0	0.0	0.0	0.0
150	2284.8333333333335	0.0	0.0	0.0	0.0	0.0	0.0
160	2551.0	0.0	0.0	0.0	0.0	0.0	0.0
170	2752.0	0.0	0.0	0.0	0.0	0.0	0.0
180	2386.1666666666665	0.0	0.0	0.0	0.0	0.0	0.0
190	2727.8333333333335	0.0	0.0	0.0	0.0	0.0	0.0
200	2729.5	0.0	0.0	0.0	0.0	0.0	0.0
210	3099.5	0.0	0.0	0.0	0.0	0.0	0.0
220	2496.5	0.0	0.0	0.0	0.0	0.0	0.0
230	2697.8333333333335	0.0	0.0	0.0	0.0	0.0	0.0
240	3496.5	0.0	0.0	0.0	0.0	0.0	0.0
250	2974.3333333333335	0.0	0.0	0.0	0.0	0.0	0.0
260	2877.1666666666665	0.0	0.0	0.0	0.0	0.0	0.0
270	2921.0	0.0	0.0	0.0	0.0	0.0	0.0
280	3079.5	0.0	0.0	0.0	0.0	0.0	0.0
290	3048.8333333333335	0.0	0.0	0.0	0.0	0.0	0.0
300	2980.1666666666665	0.0	0.0	0.0	0.0	0.0	0.0
310	3123.5	0.0	0.0	0.0	0.0	0.0	0.0
320	3350.0	0.0	0.0	0.0	0.0	0.0	0.0
330	3317.5	0.0	0.0	0.0	0.0	0.0	0.0
340	2969.6666666666665	0.0	0.0	0.0	0.0	0.0	0.0
350	3606.1666666666665	0.0	0.0	0.0	0.0	0.0	0.0
360	3564.3333333333335	0.0	0.0	0.0	0.0	0.0	0.0
370	3648.0	0.0	0.0	0.0	0.0	0.0	0.0
380	3670.1666666666665	0.0	0.0	0.0	0.0	0.0	0.0
390	3397.1666666666665	0.0	0.0	0.0	0.0	0.0	0.0
400	3634.1666666666665	0.0	0.0	0.0	0.0	0.0	0.0
410	3426.0	0.0	0.0	0.0	0.0	0.0	0.0
420	3423.0	0.0	0.0	0.0	0.0	0.0	0.0
430	3177.5	0.0	0.0	0.0	0.0	0.0	0.0
440	3813.1666666666665	0.0	0.0	0.0	0.0	0.0	0.0
450	3984.6666666666665	0.0	0.0	0.0	0.0	0.0	0.0
460	3759.8333333333335	0.0	0.0	0.0	0.0	0.0	0.0
470	3726.1666666666665	0.0	0.0	0.0	0.0	0.0	0.0
480	3202.0	0.0	0.0	0.0	0.0	0.0	0.0
490	3628.5	0.0	0.0	0.0	0.0	0.0	0.0
500	3989.6666666666665	0.0	0.0	0.0	0.0	0.0	0.0
510	3524.3333333333335	0.0	0.0	0.0	0.0	0.0	0.0
520	3862.0	0.0	0.0	0.0	0.0	0.0	0.0
530	3496.0	0.0	0.0	0.0	0.0	0.0	0.0
540	3752.8333333333335	0.0	0.0	0.0	0.0	0.0	0.0
550	3605.8333333333335	0.0	0.0	0.0	0.0	0.0	0.0
560	3271.1666666666665	0.0	0.0	0.0	0.0	0.0	0.0
570	3161.1666666666665	0.0	0.0	0.0	0.0	0.0	0.0
580	3552.6666666666665	0.0	0.0	0.0	0.0	0.0	0.0
590	3170.8333333333335	0.0	0.0	0.0	0.0	0.0	0.0
600	3650.6666666666665	0.0	0.0	0.0	0.0	0.0	0.0
610	3657.5	0.0	0.0	0.0	0.0	0.0	0.0
620	3536.1666666666665	0.0	0.0	0.0	0.0	0.0	0.0
630	4002.8333333333335	0.0	0.0	0.0	0.0	0.0	0.0
640	3547.1666666666665	0.0	0.0	0.0	0.0	0.0	0.0
650	3899.3333333333335	0.0	0.0	0.0	0.0	0.0	0.0
660	3521.8333333333335	0.0	0.0	0.0	0.0	0.0	0.0
670	3840.6666666666665	0.0	0.0	0.0	0.0	0.0	0.0
680	3904.0	0.0	0.0	0.0	0.0	0.0	0.0
690	4046.3333333333335	0.0	0.0	0.0	0.0	0.0	0.0
700	3423.3333333333335	0.0	0.0	0.0	0.0	0.0	0.0
710	3634.0	0.0	0.0	0.0	0.0	0.0	0.0
720	3785.8333333333335	0.0	0.0	0.0	0.0	0.0	0.0
730	3776.8333333333335	0.0	0.0	0.0	0.0	0.0	0.0
740	3897.8333333333335	0.0	0.0	0.0	0.0	0.0	0.0
750	3929.0	0.0	0.0	0.0	0.0	0.0	0.0
760	3963.6666666666665	0.0	0.0	0.0	0.0	0.0	0.0
770	3131.0	0.0	0.0	0.0	0.0	0.0	0.0
780	3715.1666666666665	0.0	0.0	0.0	0.0	0.0	0.0
790	3761.1666666666665	0.0	0.0	0.0	0.0	0.0	0.0
800	4016.8333333333335	0.0	0.0	0.0	0.0	0.0	0.0
810	3725.8333333333335	0.0	0.0	0.0	0.0	0.0	0.0
820	4293.0	0.0	0.0	0.0	0.0	0.0	0.0
830	3936.0	0.0	0.0	0.0	0.0	0.0	0.0
840	3789.1666666666665	0.0	0.0	0.0	0.0	0.0	0.0
850	3942.6666666666665	0.0	0.0	0.0	0.0	0.0	0.0
860	4006.6666666666665	0.0	0.0	0.0	0.0	0.0	0.0
870	3897.6666666666665	0.0	0.0	0.0	0.0	0.0	0.0
880	3720.3333333333335	0.0	0.0	0.0	0.0	0.0	0.0
890	3850.0	0.0	0.0	0.0	0.0	0.0	0.0
900	3953.3333333333335	0.0	0.0	0.0	0.0	0.0	0.0
910	3886.1666666666665	0.0	0.0	0.0	0.0	0.0	0.0
920	3888.1666666666665	0.0	0.0	0.0	0.0	0.0	0.0
930	4031.1666666666665	0.0	0.0	0.0	0.0	0.0	0.0
940	3911.5	0.0	0.0	0.0	0.0	0.0	0.0
950	3794.5	0.0	0.0	0.0	0.0	0.0	0.0
960	3811.3333333333335	0.0	0.0	0.0	0.0	0.0	0.0
970	3732.1666666666665	0.0	0.0	0.0	0.0	0.0	0.0
980	3558.6666666666665	0.0	0.0	0.0	0.0	0.0	0.0
990	3988.3333333333335	0.0	0.0	0.0	0.0	0.0	0.0
1000	4056.0	0.0	0.0	0.0	0.0	0.0	0.0
