0	288.0	0.0	0.0	0.0	0.0	0.0	0.0
10	1961.6666666666667	320.0	963.0	104.0	256.0	39.0	64.0
20	2016.3333333333333	426.0	863.0	274.0	214.0	61.0	212.0
30	2304.6666666666665	221.0	762.0	101.0	144.0	22.0	77.0
40	1926.0	33.0	99.0	3.0	31.0	1.0	2.0
50	2053.6666666666665	0.0	0.0	0.0	0.0	0.0	0.0
60	2181.5	0.0	0.0	0.0	0.0	0.0	0.0
70	2549.6666666666665	0.0	0.0	0.0	0.0	0.0	0.0
80	2424.0	0.0	0.0	0.0	0.0	0.0	0.0
90	2744.0	0.0	0.0	0.0	0.0	0.0	0.0
100	2799.3333333333335	0.0	0.0	0.0	0.0	0.0	0.0
110	2904.3333333333335	0.0	0.0	0.0	0.0	0.0	0.0
120	2752.0	0.0	0.0	0.0	0.0	0.0	0.0
130	2574.0	0.0	0.0	0.0	0.0	0.0	0.0
140	2760.1666666666665	0.0	0.0	0.0	0.0	0.0	0.0
150	2911.5	0.0	0.0	0.0	0.0	0.0	0.0
160	2842.8333333333335	0.0	0.0	0.0	0.0	0.0	0.0
170	3173.8333333333335	0.0	0.0	0.0	0.0	0.0	0.0
180	2848.8333333333335	0.0	0.0	0.0	0.0	0.0	0.0
190	2622.1666666666665	0.0	0.0	0.0	0.0	0.0	0.0
200	2946.8333333333335	0.0	0.0	0.0	0.0	0.0	0.0
210	2634.5	0.0	0.0	0.0	0.0	0.0	0.0
220	2659.5	0.0	0.0	0.0	0.0	0.0	0.0
230	2865.5	0.0	0.0	0.0	0.0	0.0	0.0
240	2905.0	0.0	0.0	0.0	0.0	0.0	0.0
250	3144.0	0.0	0.0	0.0	0.0	0.0	0.0
260	3072.3333333333335	0.0	0.0	0.0	0.0	0.0	0.0
270	2753.1666666666665	0.0	0.0	0.0	0.0	0.0	0.0
280	3459.6666666666665	0.0	0.0	0.0	0.0	0.0	0.0
290	3219.1666666666665	0.0	0.0	0.0	0.0	0.0	0.0
300	2950.6666666666665	0.0	0.0	0.0	0.0	0.0	0.0
310	3395.5	0.0	0.0	0.0	0.0	0.0	0.0
320	3257.0	0.0	0.0	0.0	0.0	0.0	0.0
330	3429.0	0.0	0.0	0.0	0.0	0.0	0.0
340	3044.6666666666665	0.0	0.0	0.0	0.0	0.0	0.0
350	3165.3333333333335	0.0	0.0	0.0	0.0	0.0	0.0
360	3176.0	0.0	0.0	0.0	0.0	0.0	0.0
370	3590.6666666666665	0.0	0.0	0.0	0.0	0.0	0.0
380	3561.1666666666665	0.0	0.0	0.0	0.0	0.0	0.0
390	3144.0	0.0	0.0	0.0	0.0	0.0	0.0
400	3685.3333333333335	0.0	0.0	0.0	0.0	0.0	0.0
410	3575.3333333333335	0.0	0.0	0.0	0.0	0.0	0.0
420	3032.8333333333335	0.0	0.0	0.0	0.0	0.0	0.0
430	3433.1666666666665	0.0	0.0	0.0	0.0	0.0	0.0
440	3144.0	0.0	0.0	0.0	0.0	0.0	0.0
450	3600.6666666666665	0.0	0.0	0.0	0.0	0.0	0.0
460	3268.8333333333335	0.0	0.0	0.0	0.0	0.0	0.0
470	3565.6666666666665	0.0	0.0	0.0	0.0	0.0	0.0
480	3619.6666666666665	0.0	0.0	0.0	0.0	0.0	0.0
490	3660.3333333333335	0.0	0.0	0.0	0.0	0.0	0.0
500	2999.8333333333335	0.0	0.0	0.0	0.0	0.0	0.0
510	3803.6666666666665	0.0	0.0	0.0	0.0	0.0	0.0
520	3989.6666666666665	0.0	0.0	0.0	0.0	0.0	0.0
530	3057.8333333333335	0.0	0.0	0.0	0.0	0.0	0.0
540	3649.3333333333335	0.0	0.0	0.0	0.0	0.0	0.0
550	3581.6666666666665	0.0	0.0	0.0	0.0	0.0	0.0
560	3822.3333333333335	0.0	0.0	0.0	0.0	0.0	0.0
570	3505.0	0.0	0.0	0.0	0.0	0.0	0.0
580	3568.0	0.0	0.0	0.0	0.0	0.0	0.0
590	3531.5	0.0	0.0	0.0	0.0	0.0	0.0
600	3473.6666666666665	0.0	0.0	0.0	0.0	0.0	0.0
610	3255.1666666666665	0.0	0.0	0.0	0.0	0.0	0.0
620	3491.3333333333335	0.0	0.0	0.0	0.0	0.0	0.0
630	3549.5	0.0	0.0	0.0	0.0	0.0	0.0
640	3799.5	0.0	0.0	0.0	0.0	0.0	0.0
650	3479.5	0.0	0.0	0.0	0.0	0.0	0.0
660	3863.0	0.0	0.0	0.0	0.0	0.0	0.0
670	3840.8333333333335	0.0	0.0	0.0	0.0	0.0	0.0
680	3538.6666666666665	0.0	0.0	0.0	0.0	0.0	0.0
690	3570.6666666666665	0.0	0.0	0.0	0.0	0.0	0.0
700	4031.5	0.0	0.0	0.0	0.0	0.0	0.0
710	3909.5	0.0	0.0	0.0	0.0	0.0	0.0
720	3641.5	0.0	0.0	0.0	0.0	0.0	0.0
730	3792.5	0.0	0.0	0.0	0.0	0.0	0.0
740	3192.8333333333335	0.0	0.0	0.0	0.0	0.0	0.0
750	3877.0	0.0	0.0	0.0	0.0	0.0	0.0
760	3728.5	0.0	0.0	0.0	0.0	0.0	0.0
770	3946.3333333333335	0.0	0.0	0.0	0.0	0.0	0.0
780	3837.1666666666665	0.0	0.0	0.0	0.0	0.0	0.0
790	3461.6666666666665	0.0	0.0	0.0	0.0	0.0	0.0
800	3569.5	0.0	0.0	0.0	0.0	0.0	0.0
810	3634.8333333333335	0.0	0.0	0.0	0.0	0.0	0.0
820	3771.1666666666665	0.0	0.0	0.0	0.0	0.0	0.0
830	3582.0	0.0	0.0	0.0	0.0	0.0	0.0
840	3741.6666666666665	0.0	0.0	0.0	0.0	0.0	0.0
850	3842.5	0.0	0.0	0.0	0.0	0.0	0.0
860	4023.3333333333335	0.0	0.0	0.0	0.0	0.0	0.0
870	3641.5	0.0	0.0	0.0	0.0	0.0	0.0
880	3584.1666666666665	0.0	0.0	0.0	0.0	0.0	0.0
890	4120.166666666667	0.0	0.0	0.0	0.0	0.0	0.0
900	3713.8333333333335	0.0	0.0	0.0	0.0	0.0	0.0
910	4084.1666666666665	0.0	0.0	0.0	0.0	0.0	0.0
920	3893.8333333333335	0.0	0.0	0.0	0.0	0.0	0.0
930	3771.1666666666665	0.0	0.0	0.0	0.0	0.0	0.0
940	3652.1666666666665	0.0	0.0	0.0	0.0	0.0	0.0
950	3470.8333333333335	0.0	0.0	0.0	0.0	0.0	0.0
960	3929.5	0.0	0.0	0.0	0.0	0.0	0.0
970	3877.8333333333335	0.0	0.0	0.0	0.0	0.0	0.0
980	4144.833333333333	0.0	0.0	0.0	0.0	0.0	0.0
990	3938.0	0.0	0.0	0.0	0.0	0.0	0.0
1000	3634.0	0.0	0.0	0.0	0.0	0.0	0.0
