0	283.0	0.0
10	70.0	139.0
20	70.0	216.0
30	70.0	11.0
40	70.0	65.0
50	70.0	5.0
60	70.0	10.0
70	70.0	163.0
80	70.0	163.0
90	70.0	13.0
100	70.0	164.0
110	70.0	10.0
120	70.0	41.0
130	70.0	0.0
140	70.0	0.0
150	70.66666666666667	0.0
160	72.33333333333333	0.0
170	75.66666666666667	0.0
180	71.33333333333333	0.0
190	81.33333333333333	0.0
200	503.0	0.0
210	570.0	0.0
220	360.3333333333333	0.0
230	161.66666666666666	0.0
240	189.0	0.0
250	163.33333333333334	0.0
260	164.66666666666666	0.0
270	178.66666666666666	0.0
280	194.66666666666666	0.0
290	229.66666666666666	0.0
300	187.0	0.0
310	427.6666666666667	0.0
320	549.6666666666666	0.0
330	440.3333333333333	0.0
340	415.3333333333333	0.0
350	830.6666666666666	0.0
360	891.0	0.0
370	1068.0	0.0
380	1188.6666666666667	0.0
390	972.3333333333334	0.0
400	1713.3333333333333	0.0
410	1641.0	0.0
420	1542.6666666666667	0.0
430	1832.0	0.0
440	1888.0	0.0
450	1663.0	0.0
460	1962.0	0.0
470	2042.3333333333333	0.0
480	1761.6666666666667	0.0
490	2279.0	0.0
500	2091.0	0.0
510	2064.0	0.0
520	2336.3333333333335	0.0
530	2141.5	0.0
540	2379.8333333333335	0.0
550	2279.6666666666665	0.0
560	2273.8333333333335	0.0
570	2467.0	0.0
580	2574.8333333333335	0.0
590	2556.1666666666665	0.0
600	2548.5	0.0
610	2325.3333333333335	0.0
620	2352.3333333333335	0.0
630	2538.8333333333335	0.0
640	2383.6666666666665	0.0
650	2672.3333333333335	0.0
660	2299.3333333333335	0.0
670	2662.1666666666665	0.0
680	2663.5	0.0
690	2358.0	0.0
700	2612.3333333333335	0.0
710	2552.1666666666665	0.0
720	2603.0	0.0
730	2714.1666666666665	0.0
740	2589.8333333333335	0.0
750	2527.0	0.0
760	2370.3333333333335	0.0
770	2648.0	0.0
780	2391.6666666666665	0.0
790	2686.6666666666665	0.0
800	2527.3333333333335	0.0
810	2594.8333333333335	0.0
820	2654.3333333333335	0.0
830	2402.6666666666665	0.0
840	2577.0	0.0
850	2700.6666666666665	0.0
860	2410.0	0.0
870	2505.6666666666665	0.0
880	2496.8333333333335	0.0
890	2576.5	0.0
900	2618.1666666666665	0.0
910	2511.8333333333335	0.0
920	2607.5	0.0
930	2674.3333333333335	0.0
940	2604.0	0.0
950	2284.1666666666665	0.0
960	2228.0	0.0
970	2478.3333333333335	0.0
980	2442.3333333333335	0.0
990	2689.6666666666665	0.0
1000	2532.6666666666665	0.0
