0	226.33333333333334	0.0
10	70.0	22.0
20	70.0	67.0
30	70.0	60.0
40	70.0	4.0
50	70.0	6.0
60	70.0	107.0
70	70.0	205.0
80	70.0	182.0
90	70.0	13.0
100	70.0	162.0
110	70.0	14.0
120	70.0	14.0
130	70.0	5.0
140	70.0	45.0
150	70.0	94.0
160	70.33333333333333	0.0
170	70.0	0.0
180	71.0	0.0
190	101.66666666666667	0.0
200	133.66666666666666	0.0
210	150.66666666666666	0.0
220	158.66666666666666	0.0
230	331.3333333333333	0.0
240	131.0	0.0
250	153.33333333333334	0.0
260	236.33333333333334	0.0
270	255.33333333333334	0.0
280	161.66666666666666	0.0
290	209.0	0.0
300	254.33333333333334	0.0
310	330.0	0.0
320	580.6666666666666	0.0
330	557.3333333333334	0.0
340	634.3333333333334	0.0
350	680.3333333333334	0.0
360	921.0	0.0
370	1090.0	0.0
380	1411.3333333333333	0.0
390	1108.0	0.0
400	857.6666666666666	0.0
410	1337.0	0.0
420	1689.6666666666667	0.0
430	1699.6666666666667	0.0
440	1523.0	0.0
450	2061.3333333333335	0.0
460	2038.6666666666667	0.0
470	1830.3333333333333	0.0
480	2084.3333333333335	0.0
490	2481.5	0.0
500	2179.6666666666665	0.0
510	2178.0	0.0
520	2141.3333333333335	0.0
530	2188.0	0.0
540	2115.3333333333335	0.0
550	2026.6666666666667	0.0
560	2328.6666666666665	0.0
570	2458.1666666666665	0.0
580	2358.3333333333335	0.0
590	2374.6666666666665	0.0
600	2426.1666666666665	0.0
610	2189.5	0.0
620	2250.1666666666665	0.0
630	2471.8333333333335	0.0
640	2632.5	0.0
650	2529.0	0.0
660	2339.6666666666665	0.0
670	2613.8333333333335	0.0
680	2122.3333333333335	0.0
690	2356.8333333333335	0.0
700	2683.8333333333335	0.0
710	2403.0	0.0
720	2570.8333333333335	0.0
730	2389.8333333333335	0.0
740	2404.6666666666665	0.0
750	2454.5	0.0
760	2694.1666666666665	0.0
770	2656.8333333333335	0.0
780	2488.1666666666665	0.0
790	2539.0	0.0
800	2474.6666666666665	0.0
810	2322.3333333333335	0.0
820	2473.6666666666665	0.0
830	2454.6666666666665	0.0
840	2136.5	0.0
850	2355.6666666666665	0.0
860	2346.0	0.0
870	2328.6666666666665	0.0
880	2638.1666666666665	0.0
890	2419.5	0.0
900	2418.3333333333335	0.0
910	2420.8333333333335	0.0
920	2363.3333333333335	0.0
930	2501.1666666666665	0.0
940	2494.5	0.0
950	2703.1666666666665	0.0
960	2542.1666666666665	0.0
970	2571.0	0.0
980	2367.1666666666665	0.0
990	2750.3333333333335	0.0
1000	2396.3333333333335	0.0
