0	218.0	0.0
10	70.0	0.0
20	70.0	0.0
30	70.0	0.0
40	70.0	0.0
50	70.0	0.0
60	70.0	0.0
70	70.0	0.0
80	70.0	0.0
90	70.0	0.0
100	70.0	0.0
110	70.0	0.0
120	70.0	0.0
130	70.0	0.0
140	70.0	1.0
150	70.0	0.0
160	70.0	0.0
170	70.0	0.0
180	70.0	7.0
190	70.66666666666667	0.0
200	71.0	0.0
210	73.0	0.0
220	73.66666666666667	0.0
230	73.0	0.0
240	87.66666666666667	0.0
250	135.0	0.0
260	148.66666666666666	69.0
270	197.66666666666666	3.0
280	120.0	25.0
290	186.33333333333334	31.0
300	186.0	6.0
310	201.66666666666666	10.0
320	147.0	76.0
330	131.0	74.0
340	148.0	112.0
350	131.33333333333334	50.0
360	560.0	142.0
370	575.3333333333334	134.0
380	800.3333333333334	115.0
390	851.3333333333334	37.0
400	688.0	52.0
410	1128.3333333333333	56.0
420	1319.0	0.0
430	1591.3333333333333	0.0
440	1719.0	0.0
450	1510.0	0.0
460	2159.6666666666665	0.0
470	1820.0	0.0
480	1496.0	0.0
490	1780.6666666666667	0.0
500	1772.6666666666667	0.0
510	1608.0	0.0
520	2390.0	0.0
530	2545.3333333333335	0.0
540	1944.3333333333333	0.0
550	2154.3333333333335	0.0
560	2213.3333333333335	0.0
570	2317.0	0.0
580	2257.3333333333335	0.0
590	2574.8333333333335	0.0
600	2204.5	0.0
610	2635.5	0.0
620	2410.8333333333335	0.0
630	2430.5	0.0
640	2590.0	0.0
650	2125.8333333333335	0.0
660	2631.3333333333335	0.0
670	2616.5	0.0
680	2509.6666666666665	0.0
690	2444.8333333333335	0.0
700	2364.0	0.0
710	2719.3333333333335	0.0
720	2747.6666666666665	0.0
730	2933.5	0.0
740	2520.1666666666665	0.0
750	2638.0	0.0
760	2647.0	0.0
770	2461.6666666666665	0.0
780	2438.3333333333335	0.0
790	2589.0	0.0
800	2518.3333333333335	0.0
810	2822.6666666666665	0.0
820	2172.3333333333335	0.0
830	2205.3333333333335	0.0
840	2792.3333333333335	0.0
850	2717.1666666666665	0.0
860	2605.1666666666665	0.0
870	2974.8333333333335	0.0
880	2598.6666666666665	0.0
890	2400.3333333333335	0.0
900	2450.6666666666665	0.0
910	2920.8333333333335	0.0
920	2717.6666666666665	0.0
930	2349.5	0.0
940	2678.0	0.0
950	2963.3333333333335	0.0
960	2603.1666666666665	0.0
970	2591.0	0.0
980	2549.6666666666665	0.0
990	2352.0	0.0
1000	2694.3333333333335	0.0
