0	262.0	0.0
10	70.0	1.0
20	70.0	0.0
30	70.0	0.0
40	70.0	0.0
50	70.0	0.0
60	70.0	0.0
70	70.0	0.0
80	70.0	0.0
90	70.0	0.0
100	70.0	0.0
110	70.0	0.0
120	70.0	0.0
130	70.0	0.0
140	70.0	0.0
150	70.0	0.0
160	70.0	0.0
170	70.33333333333333	1.0
180	70.66666666666667	0.0
190	70.66666666666667	0.0
200	72.66666666666667	0.0
210	73.33333333333333	0.0
220	72.66666666666667	0.0
230	72.33333333333333	0.0
240	94.66666666666667	0.0
250	121.0	0.0
260	183.66666666666666	0.0
270	117.66666666666667	28.0
280	272.6666666666667	61.0
290	282.3333333333333	4.0
300	128.0	88.0
310	129.33333333333334	92.0
320	148.66666666666666	107.0
330	161.66666666666666	169.0
340	438.3333333333333	65.0
350	491.3333333333333	148.0
360	775.3333333333334	106.0
370	833.0	130.0
380	829.3333333333334	0.0
390	1196.3333333333333	0.0
400	1310.6666666666667	0.0
410	1271.6666666666667	0.0
420	1319.6666666666667	0.0
430	1738.3333333333333	0.0
440	1929.3333333333333	0.0
450	1975.0	0.0
460	1745.3333333333333	0.0
470	1408.3333333333333	0.0
480	2366.8333333333335	0.0
490	2217.0	0.0
500	2257.1666666666665	0.0
510	2442.5	0.0
520	2303.6666666666665	0.0
530	2346.0	0.0
540	2611.6666666666665	0.0
550	2354.8333333333335	0.0
560	2347.0	0.0
570	2428.6666666666665	0.0
580	2156.6666666666665	0.0
590	2359.8333333333335	0.0
600	2511.6666666666665	0.0
610	2314.8333333333335	0.0
620	2202.8333333333335	0.0
630	2466.8333333333335	0.0
640	2280.8333333333335	0.0
650	2536.0	0.0
660	2566.3333333333335	0.0
670	2619.0	0.0
680	2473.3333333333335	0.0
690	2472.5	0.0
700	2569.0	0.0
710	2541.0	0.0
720	2219.3333333333335	0.0
730	2232.6666666666665	0.0
740	2529.8333333333335	0.0
750	2474.3333333333335	0.0
760	2596.6666666666665	0.0
770	2683.6666666666665	0.0
780	2615.6666666666665	0.0
790	2548.8333333333335	0.0
800	2659.8333333333335	0.0
810	2763.3333333333335	0.0
820	2615.8333333333335	0.0
830	2487.8333333333335	0.0
840	2600.5	0.0
850	2554.3333333333335	0.0
860	2349.0	0.0
870	2812.6666666666665	0.0
880	2599.8333333333335	0.0
890	2578.5	0.0
900	2940.8333333333335	0.0
910	2006.3333333333333	0.0
920	2458.6666666666665	0.0
930	2596.6666666666665	0.0
940	2579.5	0.0
950	2641.6666666666665	0.0
960	2759.8333333333335	0.0
970	2555.6666666666665	0.0
980	2537.3333333333335	0.0
990	2700.3333333333335	0.0
1000	1995.6666666666667	0.0
