0	301.0	0.0
10	70.0	0.0
20	70.0	0.0
30	70.0	0.0
40	70.0	0.0
50	70.0	0.0
60	70.0	66.0
70	70.0	0.0
80	70.0	0.0
90	70.0	0.0
100	70.0	0.0
110	70.0	0.0
120	70.0	0.0
130	70.0	0.0
140	70.0	0.0
150	70.0	0.0
160	70.0	0.0
170	70.0	0.0
180	71.33333333333333	1.0
190	70.66666666666667	0.0
200	74.0	0.0
210	77.33333333333333	0.0
220	73.0	0.0
230	74.66666666666667	0.0
240	110.66666666666667	1.0
250	190.0	4.0
260	200.33333333333334	29.0
270	120.66666666666667	29.0
280	392.0	3.0
290	199.66666666666666	28.0
300	154.0	23.0
310	168.66666666666666	79.0
320	518.0	76.0
330	487.3333333333333	63.0
340	698.0	203.0
350	1090.0	156.0
360	1042.3333333333333	239.0
370	1230.3333333333333	0.0
380	1097.3333333333333	0.0
390	1348.3333333333333	0.0
400	1091.3333333333333	0.0
410	1658.3333333333333	0.0
420	1687.3333333333333	0.0
430	1378.0	0.0
440	2246.0	0.0
450	2185.0	0.0
460	2044.0	0.0
470	2078.5	0.0
480	2225.3333333333335	0.0
490	2005.3333333333333	0.0
500	2093.6666666666665	0.0
510	2204.1666666666665	0.0
520	2383.5	0.0
530	2169.0	0.0
540	2146.6666666666665	0.0
550	2194.1666666666665	0.0
560	2310.0	0.0
570	2501.5	0.0
580	2402.3333333333335	0.0
590	2525.0	0.0
600	2506.0	0.0
610	2267.0	0.0
620	2336.3333333333335	0.0
630	2462.6666666666665	0.0
640	2484.8333333333335	0.0
650	2724.3333333333335	0.0
660	2540.0	0.0
670	2623.1666666666665	0.0
680	2573.0	0.0
690	2600.3333333333335	0.0
700	2497.0	0.0
710	2335.0	0.0
720	2469.0	0.0
730	2361.1666666666665	0.0
740	2508.3333333333335	0.0
750	2578.3333333333335	0.0
760	2670.6666666666665	0.0
770	2713.6666666666665	0.0
780	2749.0	0.0
790	2618.5	0.0
800	2666.3333333333335	0.0
810	2768.5	0.0
820	2534.0	0.0
830	2687.6666666666665	0.0
840	2607.6666666666665	0.0
850	2172.3333333333335	0.0
860	2940.8333333333335	0.0
870	2900.0	0.0
880	2696.0	0.0
890	2687.5	0.0
900	2895.0	0.0
910	2342.0	0.0
920	2915.3333333333335	0.0
930	2443.8333333333335	0.0
940	2434.1666666666665	0.0
950	2712.0	0.0
960	2819.0	0.0
970	2724.3333333333335	0.0
980	2612.8333333333335	0.0
990	2555.5	0.0
1000	2734.1666666666665	0.0
