0	262.43333333333334	0.0
10	271.96666666666664	148.43333333333334
20	286.85555555555555	130.3
30	483.8888888888888	94.83333333333333
40	853.211111111111	96.43333333333334
50	1205.4944444444443	114.46666666666667
60	1335.8222222222223	97.63333333333334
70	1656.1333333333334	95.4
80	1850.211111111111	85.6
90	1982.216666666667	66.3
100	2131.8166666666666	34.56666666666667
110	2227.4888888888886	17.933333333333334
120	2225.316666666666	9.0
130	2276.661111111111	4.233333333333333
140	2239.055555555555	3.6
150	2223.6944444444443	1.2666666666666666
160	2284.261111111111	0.0
170	2238.7499999999995	0.0
180	2238.461111111111	0.0
190	2305.3666666666672	0.0
200	2287.8944444444446	0.0
210	2313.2888888888892	0.0
220	2361.8444444444444	0.0
230	2214.6	0.0
240	2169.9277777777784	0.0
250	2169.666666666667	0.0
260	2181.161111111111	0.0
270	2211.4722222222217	0.0
280	2105.6166666666663	0.0
290	2061.5333333333338	0.0
300	2021.6555555555553	0.0
310	2126.0722222222225	0.0
320	2088.3388888888885	0.0
330	2143.527777777778	0.0
340	2123.688888888888	0.0
350	2074.611111111111	0.0
360	2162.8222222222225	0.0
370	2081.8888888888887	0.0
380	2008.4277777777777	0.0
390	2108.416666666667	0.0
400	2071.911111111111	0.0
410	2042.5944444444444	0.0
420	2024.5722222222223	0.0
430	2044.3111111111111	0.0
440	2088.4555555555553	0.0
450	2141.0999999999995	0.0
460	2070.344444444444	0.0
470	2147.261111111111	0.0
480	2121.8777777777777	0.0
490	2051.861111111111	0.0
500	2057.0388888888892	0.0
510	2121.105555555556	0.0
520	2183.0444444444443	0.0
530	2145.711111111111	0.0
540	2175.8666666666663	0.0
550	2185.3833333333337	0.0
560	2215.6	0.0
570	2190.005555555555	0.0
580	2114.022222222222	0.0
590	2186.6222222222223	0.0
600	2217.244444444444	0.0
610	2160.2666666666664	0.0
620	2112.8	0.0
630	2074.1888888888893	0.0
640	2128.244444444444	0.0
650	2186.0277777777783	0.0
660	2145.788888888889	0.0
670	2224.472222222223	0.0
680	2230.811111111111	0.0
690	2253.511111111111	0.0
700	2227.355555555556	0.0
710	2247.616666666667	0.0
720	2227.9555555555557	0.0
730	2275.8444444444444	0.0
740	2342.105555555556	0.0
750	2286.7166666666667	0.0
760	2341.9555555555557	0.0
770	2280.627777777778	0.0
780	2267.133333333333	0.0
790	2252.772222222223	0.0
800	2273.1333333333337	0.0
810	2308.0777777777776	0.0
820	2289.5777777777776	0.0
830	2272.961111111111	0.0
840	2208.888888888889	0.0
850	2237.05	0.0
860	2254.1722222222224	0.0
870	2267.2166666666662	0.0
880	2336.9833333333327	0.0
890	2256.6	0.0
900	2202.8666666666672	0.0
910	2207.744444444444	0.0
920	2231.461111111111	0.0
930	2139.227777777777	0.0
940	2231.4	0.0
950	2204.8388888888885	0.0
960	2267.2055555555553	0.0
970	2250.516666666667	0.0
980	2197.022222222222	0.0
990	2175.6222222222223	0.0
1000	2243.5444444444447	0.0
