0	267.3333333333333	0.0
10	81.0	116.0
20	70.0	48.0
30	70.0	87.0
40	70.0	175.0
50	70.0	185.0
60	70.0	141.0
70	70.0	131.0
80	70.0	85.0
90	75.33333333333333	32.0
100	1659.3333333333333	0.0
110	2051.0	0.0
120	2081.6666666666665	0.0
130	1940.8333333333333	0.0
140	2117.1666666666665	0.0
150	2327.1666666666665	0.0
160	2396.8333333333335	0.0
170	2291.3333333333335	0.0
180	2327.6666666666665	0.0
190	2401.5	0.0
200	2307.3333333333335	0.0
210	2381.0	0.0
220	2052.3333333333335	0.0
230	2449.8333333333335	0.0
240	2544.1666666666665	0.0
250	2362.3333333333335	0.0
260	2328.0	0.0
270	2631.6666666666665	0.0
280	1869.6666666666667	0.0
290	1254.0	0.0
300	1870.6666666666667	0.0
310	1926.6666666666667	0.0
320	1992.5	0.0
330	2399.5	0.0
340	2221.8333333333335	0.0
350	2154.1666666666665	0.0
360	1783.0	0.0
370	1850.8333333333333	0.0
380	1587.3333333333333	0.0
390	2366.3333333333335	0.0
400	1934.8333333333333	0.0
410	1908.0	0.0
420	2121.8333333333335	0.0
430	1397.6666666666667	0.0
440	1309.1666666666667	0.0
450	1378.3333333333333	0.0
460	1565.3333333333333	0.0
470	1573.5	0.0
480	1647.3333333333333	0.0
490	1582.6666666666667	0.0
500	1985.0	0.0
510	1904.3333333333333	0.0
520	1854.3333333333333	0.0
530	1870.3333333333333	0.0
540	1649.3333333333333	0.0
550	1485.1666666666667	0.0
560	1472.3333333333333	0.0
570	1718.6666666666667	0.0
580	1522.1666666666667	0.0
590	1868.1666666666667	0.0
600	1921.1666666666667	0.0
610	1997.3333333333333	0.0
620	1829.0	0.0
630	2016.0	0.0
640	1961.3333333333333	0.0
650	2252.3333333333335	0.0
660	1934.0	0.0
670	2460.3333333333335	0.0
680	2174.3333333333335	0.0
690	2252.3333333333335	0.0
700	1985.6666666666667	0.0
710	2407.6666666666665	0.0
720	2480.0	0.0
730	2493.3333333333335	0.0
740	2514.5	0.0
750	2505.3333333333335	0.0
760	2270.6666666666665	0.0
770	1824.6666666666667	0.0
780	2273.5	0.0
790	2552.8333333333335	0.0
800	2597.3333333333335	0.0
810	2670.6666666666665	0.0
820	2689.0	0.0
830	2232.5	0.0
840	2316.6666666666665	0.0
850	2294.0	0.0
860	2518.6666666666665	0.0
870	2077.6666666666665	0.0
880	2680.0	0.0
890	1745.3333333333333	0.0
900	1848.0	0.0
910	2392.8333333333335	0.0
920	2174.0	0.0
930	1747.6666666666667	0.0
940	1989.5	0.0
950	1529.3333333333333	0.0
960	2513.6666666666665	0.0
970	2262.1666666666665	0.0
980	2327.6666666666665	0.0
990	2322.0	0.0
1000	2327.1666666666665	0.0
