0	263.0	0.0
10	119.33333333333333	108.0
20	102.0	213.0
30	166.0	125.0
40	246.33333333333334	37.0
50	1481.3333333333333	84.0
60	1722.0	88.0
70	1741.3333333333333	149.0
80	2019.6666666666667	35.0
90	2003.6666666666667	116.0
100	2021.6666666666667	45.0
110	2089.6666666666665	0.0
120	2216.5	0.0
130	2232.6666666666665	0.0
140	2357.0	0.0
150	2248.6666666666665	0.0
160	2329.0	0.0
170	1748.6666666666667	0.0
180	2427.5	0.0
190	2174.6666666666665	0.0
200	2732.1666666666665	0.0
210	2510.3333333333335	0.0
220	1688.0	0.0
230	2620.8333333333335	0.0
240	2277.3333333333335	0.0
250	2145.0	0.0
260	2454.6666666666665	0.0
270	2473.6666666666665	0.0
280	2518.5	0.0
290	2320.6666666666665	0.0
300	2385.3333333333335	0.0
310	2533.0	0.0
320	2245.6666666666665	0.0
330	2491.0	0.0
340	2415.1666666666665	0.0
350	1878.0	0.0
360	2404.0	0.0
370	2239.3333333333335	0.0
380	1813.0	0.0
390	1783.0	0.0
400	1900.3333333333333	0.0
410	1834.5	0.0
420	2170.8333333333335	0.0
430	2005.3333333333333	0.0
440	2067.8333333333335	0.0
450	2070.1666666666665	0.0
460	2334.3333333333335	0.0
470	1681.6666666666667	0.0
480	1933.0	0.0
490	1707.1666666666667	0.0
500	2618.3333333333335	0.0
510	2366.8333333333335	0.0
520	2468.3333333333335	0.0
530	2383.0	0.0
540	2580.6666666666665	0.0
550	2542.8333333333335	0.0
560	2267.0	0.0
570	2320.8333333333335	0.0
580	2431.6666666666665	0.0
590	2424.6666666666665	0.0
600	2364.3333333333335	0.0
610	2661.3333333333335	0.0
620	2355.6666666666665	0.0
630	1977.6666666666667	0.0
640	2203.0	0.0
650	2002.8333333333333	0.0
660	2444.3333333333335	0.0
670	1705.3333333333333	0.0
680	2328.8333333333335	0.0
690	2286.1666666666665	0.0
700	2341.6666666666665	0.0
710	1753.6666666666667	0.0
720	1720.6666666666667	0.0
730	1640.1666666666667	0.0
740	2686.5	0.0
750	2565.1666666666665	0.0
760	2600.3333333333335	0.0
770	2391.8333333333335	0.0
780	2351.6666666666665	0.0
790	2425.6666666666665	0.0
800	2512.3333333333335	0.0
810	2751.6666666666665	0.0
820	1836.0	0.0
830	1866.6666666666667	0.0
840	1667.0	0.0
850	2423.6666666666665	0.0
860	1956.3333333333333	0.0
870	1775.3333333333333	0.0
880	1864.6666666666667	0.0
890	2079.5	0.0
900	1899.3333333333333	0.0
910	1804.3333333333333	0.0
920	2237.0	0.0
930	1839.1666666666667	0.0
940	2045.0	0.0
950	1787.6666666666667	0.0
960	2537.3333333333335	0.0
970	2672.8333333333335	0.0
980	1795.6666666666667	0.0
990	1820.6666666666667	0.0
1000	1855.3333333333333	0.0
