0	251.66666666666666	0.0
10	126.33333333333333	108.0
20	843.6666666666666	118.0
30	1146.6666666666667	37.0
40	1302.6666666666667	117.0
50	1430.6666666666667	108.0
60	1862.0	89.0
70	1803.3333333333333	106.0
80	2431.5	34.0
90	2184.5	104.0
100	2073.6666666666665	101.0
110	2173.0	75.0
120	2158.6666666666665	3.0
130	2080.3333333333335	0.0
140	2024.5	0.0
150	2220.1666666666665	0.0
160	2108.6666666666665	0.0
170	2149.3333333333335	0.0
180	2309.3333333333335	0.0
190	2158.0	0.0
200	1995.0	0.0
210	2321.0	0.0
220	2363.6666666666665	0.0
230	2379.0	0.0
240	2420.3333333333335	0.0
250	2611.3333333333335	0.0
260	2111.3333333333335	0.0
270	2695.8333333333335	0.0
280	1845.3333333333333	0.0
290	1839.6666666666667	0.0
300	2622.1666666666665	0.0
310	1787.6666666666667	0.0
320	1860.6666666666667	0.0
330	1922.1666666666667	0.0
340	1741.0	0.0
350	1473.3333333333333	0.0
360	2168.3333333333335	0.0
370	1506.0	0.0
380	1785.8333333333333	0.0
390	2191.5	0.0
400	1704.3333333333333	0.0
410	1875.0	0.0
420	1867.3333333333333	0.0
430	1931.8333333333333	0.0
440	1801.6666666666667	0.0
450	1921.0	0.0
460	2007.6666666666667	0.0
470	1945.8333333333333	0.0
480	1847.3333333333333	0.0
490	1518.6666666666667	0.0
500	2109.3333333333335	0.0
510	2473.0	0.0
520	2348.3333333333335	0.0
530	1917.8333333333333	0.0
540	2233.5	0.0
550	1859.6666666666667	0.0
560	1794.5	0.0
570	2294.1666666666665	0.0
580	2629.6666666666665	0.0
590	2489.3333333333335	0.0
600	2018.8333333333333	0.0
610	2130.0	0.0
620	2529.6666666666665	0.0
630	1844.6666666666667	0.0
640	1756.1666666666667	0.0
650	2639.3333333333335	0.0
660	2215.0	0.0
670	2017.0	0.0
680	2136.6666666666665	0.0
690	1975.5	0.0
700	1889.0	0.0
710	2011.6666666666667	0.0
720	2477.0	0.0
730	2504.0	0.0
740	1841.0	0.0
750	2391.0	0.0
760	1789.0	0.0
770	2236.0	0.0
780	2200.3333333333335	0.0
790	2457.3333333333335	0.0
800	2445.0	0.0
810	2506.6666666666665	0.0
820	2319.5	0.0
830	2588.3333333333335	0.0
840	2385.3333333333335	0.0
850	2407.0	0.0
860	2664.0	0.0
870	2419.0	0.0
880	2550.6666666666665	0.0
890	2810.3333333333335	0.0
900	2469.3333333333335	0.0
910	1880.3333333333333	0.0
920	1420.0	0.0
930	1727.6666666666667	0.0
940	1759.3333333333333	0.0
950	1874.6666666666667	0.0
960	1521.6666666666667	0.0
970	2167.5	0.0
980	2588.3333333333335	0.0
990	1685.6666666666667	0.0
1000	2357.6666666666665	0.0
