0	250.0	0.0
10	70.0	231.0
20	70.0	66.0
30	70.0	101.0
40	70.0	135.0
50	70.0	112.0
60	765.6666666666666	25.0
70	1403.3333333333333	51.0
80	1746.6666666666667	178.0
90	1982.6666666666667	84.0
100	2172.5	17.0
110	2021.0	0.0
120	2012.5	0.0
130	2256.0	0.0
140	2212.6666666666665	0.0
150	2069.0	0.0
160	2120.6666666666665	0.0
170	2267.3333333333335	0.0
180	2306.8333333333335	0.0
190	2504.6666666666665	0.0
200	2498.3333333333335	0.0
210	2681.3333333333335	0.0
220	2181.0	0.0
230	2217.3333333333335	0.0
240	2338.6666666666665	0.0
250	2377.1666666666665	0.0
260	2365.0	0.0
270	2382.8333333333335	0.0
280	2640.6666666666665	0.0
290	2223.0	0.0
300	2437.8333333333335	0.0
310	2484.8333333333335	0.0
320	2254.3333333333335	0.0
330	1664.1666666666667	0.0
340	1826.8333333333333	0.0
350	1980.1666666666667	0.0
360	2076.8333333333335	0.0
370	2166.0	0.0
380	2204.1666666666665	0.0
390	1933.0	0.0
400	2049.1666666666665	0.0
410	2068.5	0.0
420	1656.3333333333333	0.0
430	1849.3333333333333	0.0
440	2062.5	0.0
450	2226.3333333333335	0.0
460	2478.0	0.0
470	2368.3333333333335	0.0
480	2559.6666666666665	0.0
490	2400.6666666666665	0.0
500	2368.0	0.0
510	2600.3333333333335	0.0
520	2396.3333333333335	0.0
530	2482.6666666666665	0.0
540	2488.0	0.0
550	2522.0	0.0
560	2662.5	0.0
570	2627.3333333333335	0.0
580	2437.8333333333335	0.0
590	2425.6666666666665	0.0
600	2563.8333333333335	0.0
610	2276.6666666666665	0.0
620	2590.6666666666665	0.0
630	2488.3333333333335	0.0
640	2441.6666666666665	0.0
650	2248.8333333333335	0.0
660	2202.1666666666665	0.0
670	2034.0	0.0
680	1897.5	0.0
690	1883.3333333333333	0.0
700	1717.5	0.0
710	2297.0	0.0
720	2401.0	0.0
730	2207.0	0.0
740	2239.1666666666665	0.0
750	2208.5	0.0
760	2061.8333333333335	0.0
770	2562.3333333333335	0.0
780	2495.8333333333335	0.0
790	2414.6666666666665	0.0
800	2385.3333333333335	0.0
810	1842.6666666666667	0.0
820	2074.8333333333335	0.0
830	2080.0	0.0
840	2302.0	0.0
850	1703.6666666666667	0.0
860	2179.3333333333335	0.0
870	2757.6666666666665	0.0
880	2411.0	0.0
890	2293.1666666666665	0.0
900	2478.8333333333335	0.0
910	1733.0	0.0
920	1855.6666666666667	0.0
930	1522.0	0.0
940	2019.0	0.0
950	2243.3333333333335	0.0
960	2648.0	0.0
970	1834.1666666666667	0.0
980	2398.0	0.0
990	2405.8333333333335	0.0
1000	2336.3333333333335	0.0
