0	307.3333333333333	0.0
10	70.0	0.0
20	70.0	85.0
30	70.0	37.0
40	70.0	92.0
50	70.0	0.0
60	70.0	174.0
70	70.0	73.0
80	137.0	70.0
90	1609.0	83.0
100	1717.3333333333333	108.0
110	2457.3333333333335	126.0
120	1901.3333333333333	81.0
130	2238.0	71.0
140	2081.5	0.0
150	2010.3333333333333	0.0
160	2221.0	0.0
170	2321.5	0.0
180	2075.3333333333335	0.0
190	2261.3333333333335	0.0
200	2530.1666666666665	0.0
210	2475.0	0.0
220	2288.3333333333335	0.0
230	2209.0	0.0
240	2315.3333333333335	0.0
250	2581.8333333333335	0.0
260	2126.0	0.0
270	1740.0	0.0
280	2076.6666666666665	0.0
290	2040.3333333333333	0.0
300	1771.6666666666667	0.0
310	2388.0	0.0
320	1805.5	0.0
330	2082.3333333333335	0.0
340	2302.6666666666665	0.0
350	2144.0	0.0
360	2393.0	0.0
370	2575.6666666666665	0.0
380	2187.3333333333335	0.0
390	2202.0	0.0
400	2187.6666666666665	0.0
410	2539.1666666666665	0.0
420	2258.3333333333335	0.0
430	2268.6666666666665	0.0
440	2508.3333333333335	0.0
450	2449.3333333333335	0.0
460	1915.0	0.0
470	2270.8333333333335	0.0
480	1777.8333333333333	0.0
490	2105.0	0.0
500	2018.3333333333333	0.0
510	2453.3333333333335	0.0
520	2330.3333333333335	0.0
530	2326.6666666666665	0.0
540	1974.3333333333333	0.0
550	2029.6666666666667	0.0
560	2174.0	0.0
570	2332.0	0.0
580	1757.5	0.0
590	1377.1666666666667	0.0
600	1516.3333333333333	0.0
610	1569.3333333333333	0.0
620	1611.0	0.0
630	1452.6666666666667	0.0
640	1867.1666666666667	0.0
650	2129.0	0.0
660	1893.6666666666667	0.0
670	2442.3333333333335	0.0
680	1639.0	0.0
690	2369.8333333333335	0.0
700	1687.6666666666667	0.0
710	2439.8333333333335	0.0
720	2551.3333333333335	0.0
730	2247.3333333333335	0.0
740	2445.6666666666665	0.0
750	2521.8333333333335	0.0
760	2762.0	0.0
770	2400.6666666666665	0.0
780	2618.1666666666665	0.0
790	2278.6666666666665	0.0
800	2654.5	0.0
810	2548.5	0.0
820	2306.3333333333335	0.0
830	1602.8333333333333	0.0
840	1786.6666666666667	0.0
850	1780.6666666666667	0.0
860	2013.1666666666667	0.0
870	2239.0	0.0
880	2032.8333333333333	0.0
890	2396.3333333333335	0.0
900	2292.3333333333335	0.0
910	2173.1666666666665	0.0
920	2119.8333333333335	0.0
930	2227.6666666666665	0.0
940	2025.6666666666667	0.0
950	1689.6666666666667	0.0
960	2024.3333333333333	0.0
970	1936.6666666666667	0.0
980	2366.6666666666665	0.0
990	2471.0	0.0
1000	1904.0	0.0
