0	242.66666666666666	0.0
10	115.66666666666667	147.0
20	100.66666666666667	302.0
30	140.0	99.0
40	635.0	59.0
50	1198.6666666666667	69.0
60	2089.0	87.0
70	1507.3333333333333	66.0
80	1836.6666666666667	52.0
90	2489.1666666666665	78.0
100	2207.1666666666665	41.0
110	2369.3333333333335	0.0
120	2124.6666666666665	0.0
130	2250.1666666666665	0.0
140	2229.5	0.0
150	2221.6666666666665	0.0
160	2318.8333333333335	0.0
170	2340.3333333333335	0.0
180	2175.0	0.0
190	2184.3333333333335	0.0
200	2313.5	0.0
210	2324.6666666666665	0.0
220	2502.1666666666665	0.0
230	2383.0	0.0
240	2444.5	0.0
250	2596.6666666666665	0.0
260	2365.0	0.0
270	2129.6666666666665	0.0
280	2277.0	0.0
290	2675.5	0.0
300	2262.3333333333335	0.0
310	1998.3333333333333	0.0
320	2338.5	0.0
330	2314.6666666666665	0.0
340	2121.3333333333335	0.0
350	2221.0	0.0
360	1873.3333333333333	0.0
370	2119.8333333333335	0.0
380	2480.3333333333335	0.0
390	2404.3333333333335	0.0
400	1900.1666666666667	0.0
410	1907.5	0.0
420	1632.0	0.0
430	2057.5	0.0
440	1867.0	0.0
450	2093.3333333333335	0.0
460	2163.3333333333335	0.0
470	2309.1666666666665	0.0
480	2154.5	0.0
490	2078.5	0.0
500	2145.3333333333335	0.0
510	1648.3333333333333	0.0
520	2218.5	0.0
530	2070.5	0.0
540	1960.3333333333333	0.0
550	1871.1666666666667	0.0
560	2132.3333333333335	0.0
570	2129.6666666666665	0.0
580	2436.0	0.0
590	2378.6666666666665	0.0
600	2450.6666666666665	0.0
610	2363.1666666666665	0.0
620	2406.0	0.0
630	2403.6666666666665	0.0
640	2298.6666666666665	0.0
650	2280.0	0.0
660	1966.6666666666667	0.0
670	2289.8333333333335	0.0
680	2693.0	0.0
690	2554.1666666666665	0.0
700	2403.0	0.0
710	2491.3333333333335	0.0
720	2511.5	0.0
730	2533.8333333333335	0.0
740	2334.6666666666665	0.0
750	2230.0	0.0
760	2460.1666666666665	0.0
770	2351.3333333333335	0.0
780	2458.0	0.0
790	1960.6666666666667	0.0
800	2070.8333333333335	0.0
810	1756.6666666666667	0.0
820	1747.3333333333333	0.0
830	2359.0	0.0
840	2394.5	0.0
850	2370.3333333333335	0.0
860	2487.3333333333335	0.0
870	2677.5	0.0
880	2472.3333333333335	0.0
890	2552.0	0.0
900	2588.6666666666665	0.0
910	2455.0	0.0
920	2747.6666666666665	0.0
930	2673.6666666666665	0.0
940	2124.6666666666665	0.0
950	1754.5	0.0
960	2014.1666666666667	0.0
970	2270.6666666666665	0.0
980	2042.0	0.0
990	2404.6666666666665	0.0
1000	2272.0	0.0
