0	245.0	0.0	0.0	0.0	0.0	0.0	0.0
10	80.33333333333333	1000.0	772.0	695.0	524.0	167.0	476.0
20	70.0	0.0	0.0	0.0	0.0	0.0	0.0
30	70.0	0.0	0.0	0.0	0.0	0.0	0.0
40	70.0	0.0	0.0	0.0	0.0	0.0	0.0
50	70.0	0.0	0.0	0.0	0.0	0.0	0.0
60	70.0	0.0	0.0	0.0	0.0	0.0	0.0
70	70.0	0.0	0.0	0.0	0.0	0.0	0.0
80	70.0	0.0	0.0	0.0	0.0	0.0	0.0
90	70.0	0.0	0.0	0.0	0.0	0.0	0.0
100	70.0	0.0	0.0	0.0	0.0	0.0	0.0
110	70.0	0.0	0.0	0.0	0.0	0.0	0.0
120	70.0	0.0	0.0	0.0	0.0	0.0	0.0
130	70.0	0.0	0.0	0.0	0.0	0.0	0.0
140	70.0	0.0	0.0	0.0	0.0	0.0	0.0
150	70.0	0.0	0.0	0.0	0.0	0.0	0.0
160	70.0	0.0	0.0	0.0	0.0	0.0	0.0
170	71.0	0.0	0.0	0.0	0.0	0.0	0.0
180	73.0	0.0	0.0	0.0	0.0	0.0	0.0
190	71.0	0.0	0.0	0.0	0.0	0.0	0.0
200	77.0	0.0	0.0	0.0	0.0	0.0	0.0
210	139.66666666666666	0.0	0.0	0.0	0.0	0.0	0.0
220	85.33333333333333	0.0	0.0	0.0	0.0	0.0	0.0
230	110.0	0.0	0.0	0.0	0.0	0.0	0.0
240	222.0	0.0	0.0	0.0	0.0	0.0	0.0
250	185.33333333333334	0.0	0.0	0.0	0.0	0.0	0.0
260	139.33333333333334	0.0	0.0	0.0	0.0	0.0	0.0
270	265.6666666666667	0.0	0.0	0.0	0.0	0.0	0.0
280	133.66666666666666	0.0	0.0	0.0	0.0	0.0	0.0
290	309.3333333333333	0.0	0.0	0.0	0.0	0.0	0.0
300	246.66666666666666	0.0	0.0	0.0	0.0	0.0	0.0
310	146.66666666666666	0.0	0.0	0.0	0.0	0.0	0.0
320	138.0	0.0	0.0	0.0	0.0	0.0	0.0
330	147.0	0.0	0.0	0.0	0.0	0.0	0.0
340	162.33333333333334	0.0	0.0	0.0	0.0	0.0	0.0
350	202.0	0.0	0.0	0.0	0.0	0.0	0.0
360	163.0	0.0	0.0	0.0	0.0	0.0	0.0
370	162.0	0.0	0.0	0.0	0.0	0.0	0.0
380	673.3333333333334	0.0	0.0	0.0	0.0	0.0	0.0
390	601.6666666666666	0.0	0.0	0.0	0.0	0.0	0.0
400	666.3333333333334	0.0	0.0	0.0	0.0	0.0	0.0
410	893.0	0.0	0.0	0.0	0.0	0.0	0.0
420	883.0	0.0	0.0	0.0	0.0	0.0	0.0
430	1085.0	0.0	0.0	0.0	0.0	0.0	0.0
440	1094.6666666666667	0.0	0.0	0.0	0.0	0.0	0.0
450	1338.6666666666667	0.0	0.0	0.0	0.0	0.0	0.0
460	1121.0	0.0	0.0	0.0	0.0	0.0	0.0
470	1297.3333333333333	0.0	0.0	0.0	0.0	0.0	0.0
480	1298.3333333333333	0.0	0.0	0.0	0.0	0.0	0.0
490	2114.6666666666665	0.0	0.0	0.0	0.0	0.0	0.0
500	1775.3333333333333	0.0	0.0	0.0	0.0	0.0	0.0
510	1990.0	0.0	0.0	0.0	0.0	0.0	0.0
520	1988.3333333333333	0.0	0.0	0.0	0.0	0.0	0.0
530	1655.0	0.0	0.0	0.0	0.0	0.0	0.0
540	1949.3333333333333	0.0	0.0	0.0	0.0	0.0	0.0
550	1947.0	0.0	0.0	0.0	0.0	0.0	0.0
560	2318.3333333333335	0.0	0.0	0.0	0.0	0.0	0.0
570	2029.8333333333333	0.0	0.0	0.0	0.0	0.0	0.0
580	2327.6666666666665	0.0	0.0	0.0	0.0	0.0	0.0
590	2247.3333333333335	0.0	0.0	0.0	0.0	0.0	0.0
600	2251.3333333333335	0.0	0.0	0.0	0.0	0.0	0.0
610	2170.0	0.0	0.0	0.0	0.0	0.0	0.0
620	2255.6666666666665	0.0	0.0	0.0	0.0	0.0	0.0
630	2252.6666666666665	0.0	0.0	0.0	0.0	0.0	0.0
640	2622.0	0.0	0.0	0.0	0.0	0.0	0.0
650	2313.6666666666665	0.0	0.0	0.0	0.0	0.0	0.0
660	2271.5	0.0	0.0	0.0	0.0	0.0	0.0
670	2532.5	0.0	0.0	0.0	0.0	0.0	0.0
680	2520.8333333333335	0.0	0.0	0.0	0.0	0.0	0.0
690	2272.0	0.0	0.0	0.0	0.0	0.0	0.0
700	2396.1666666666665	0.0	0.0	0.0	0.0	0.0	0.0
710	2417.3333333333335	0.0	0.0	0.0	0.0	0.0	0.0
720	2273.8333333333335	0.0	0.0	0.0	0.0	0.0	0.0
730	2617.0	0.0	0.0	0.0	0.0	0.0	0.0
740	2345.0	0.0	0.0	0.0	0.0	0.0	0.0
750	2472.3333333333335	0.0	0.0	0.0	0.0	0.0	0.0
760	2662.3333333333335	0.0	0.0	0.0	0.0	0.0	0.0
770	2528.6666666666665	0.0	0.0	0.0	0.0	0.0	0.0
780	2599.8333333333335	0.0	0.0	0.0	0.0	0.0	0.0
790	2478.6666666666665	0.0	0.0	0.0	0.0	0.0	0.0
800	2531.3333333333335	0.0	0.0	0.0	0.0	0.0	0.0
810	2203.8333333333335	0.0	0.0	0.0	0.0	0.0	0.0
820	2642.1666666666665	0.0	0.0	0.0	0.0	0.0	0.0
830	2531.1666666666665	0.0	0.0	0.0	0.0	0.0	0.0
840	2660.6666666666665	0.0	0.0	0.0	0.0	0.0	0.0
850	2614.3333333333335	0.0	0.0	0.0	0.0	0.0	0.0
860	2180.6666666666665	0.0	0.0	0.0	0.0	0.0	0.0
870	2705.5	0.0	0.0	0.0	0.0	0.0	0.0
880	2551.3333333333335	0.0	0.0	0.0	0.0	0.0	0.0
890	2769.6666666666665	0.0	0.0	0.0	0.0	0.0	0.0
900	2783.5	0.0	0.0	0.0	0.0	0.0	0.0
910	2598.8333333333335	0.0	0.0	0.0	0.0	0.0	0.0
920	2467.5	0.0	0.0	0.0	0.0	0.0	0.0
930	2500.6666666666665	0.0	0.0	0.0	0.0	0.0	0.0
940	2571.3333333333335	0.0	0.0	0.0	0.0	0.0	0.0
950	2840.6666666666665	0.0	0.0	0.0	0.0	0.0	0.0
960	2806.0	0.0	0.0	0.0	0.0	0.0	0.0
970	2706.8333333333335	0.0	0.0	0.0	0.0	0.0	0.0
980	2747.0	0.0	0.0	0.0	0.0	0.0	0.0
990	2091.0	0.0	0.0	0.0	0.0	0.0	0.0
1000	2134.6666666666665	0.0	0.0	0.0	0.0	0.0	0.0
