0	276.3333333333333	0.0	0.0	0.0	0.0	0.0	0.0
10	70.0	12.0	144.0	124.0	6.0	118.0	6.0
20	70.0	59.0	154.0	156.0	29.0	126.0	30.0
30	70.0	881.0	847.0	542.0	523.0	160.0	358.0
40	70.0	48.0	45.0	3.0	45.0	0.0	3.0
50	70.0	0.0	0.0	0.0	0.0	0.0	0.0
60	70.0	0.0	0.0	0.0	0.0	0.0	0.0
70	70.0	0.0	0.0	0.0	0.0	0.0	0.0
80	70.0	0.0	0.0	0.0	0.0	0.0	0.0
90	70.0	0.0	0.0	0.0	0.0	0.0	0.0
100	70.0	0.0	0.0	0.0	0.0	0.0	0.0
110	70.0	0.0	0.0	0.0	0.0	0.0	0.0
120	70.0	0.0	0.0	0.0	0.0	0.0	0.0
130	70.0	0.0	0.0	0.0	0.0	0.0	0.0
140	70.0	0.0	0.0	0.0	0.0	0.0	0.0
150	70.0	0.0	0.0	0.0	0.0	0.0	0.0
160	70.0	0.0	0.0	0.0	0.0	0.0	0.0
170	70.33333333333333	0.0	0.0	0.0	0.0	0.0	0.0
180	70.0	0.0	0.0	0.0	0.0	0.0	0.0
190	81.66666666666667	0.0	0.0	0.0	0.0	0.0	0.0
200	72.0	0.0	0.0	0.0	0.0	0.0	0.0
210	113.66666666666667	0.0	0.0	0.0	0.0	0.0	0.0
220	229.0	0.0	0.0	0.0	0.0	0.0	0.0
230	182.33333333333334	0.0	0.0	0.0	0.0	0.0	0.0
240	454.0	0.0	0.0	0.0	0.0	0.0	0.0
250	171.66666666666666	0.0	0.0	0.0	0.0	0.0	0.0
260	178.0	0.0	0.0	0.0	0.0	0.0	0.0
270	156.0	0.0	0.0	0.0	0.0	0.0	0.0
280	254.0	0.0	0.0	0.0	0.0	0.0	0.0
290	178.66666666666666	0.0	0.0	0.0	0.0	0.0	0.0
300	147.33333333333334	0.0	0.0	0.0	0.0	0.0	0.0
310	155.66666666666666	0.0	0.0	0.0	0.0	0.0	0.0
320	147.0	0.0	0.0	0.0	0.0	0.0	0.0
330	130.0	0.0	0.0	0.0	0.0	0.0	0.0
340	184.33333333333334	0.0	0.0	0.0	0.0	0.0	0.0
350	234.66666666666666	0.0	0.0	0.0	0.0	0.0	0.0
360	759.3333333333334	0.0	0.0	0.0	0.0	0.0	0.0
370	702.6666666666666	0.0	0.0	0.0	0.0	0.0	0.0
380	644.3333333333334	0.0	0.0	0.0	0.0	0.0	0.0
390	839.1666666666666	0.0	0.0	0.0	0.0	0.0	0.0
400	755.6666666666666	0.0	0.0	0.0	0.0	0.0	0.0
410	1120.0	0.0	0.0	0.0	0.0	0.0	0.0
420	1323.1666666666667	0.0	0.0	0.0	0.0	0.0	0.0
430	1477.6666666666667	0.0	0.0	0.0	0.0	0.0	0.0
440	1754.3333333333333	0.0	0.0	0.0	0.0	0.0	0.0
450	1593.6666666666667	0.0	0.0	0.0	0.0	0.0	0.0
460	1715.6666666666667	0.0	0.0	0.0	0.0	0.0	0.0
470	1938.1666666666667	0.0	0.0	0.0	0.0	0.0	0.0
480	2125.6666666666665	0.0	0.0	0.0	0.0	0.0	0.0
490	1785.0	0.0	0.0	0.0	0.0	0.0	0.0
500	2115.3333333333335	0.0	0.0	0.0	0.0	0.0	0.0
510	2135.3333333333335	0.0	0.0	0.0	0.0	0.0	0.0
520	2068.3333333333335	0.0	0.0	0.0	0.0	0.0	0.0
530	2151.6666666666665	0.0	0.0	0.0	0.0	0.0	0.0
540	2145.0	0.0	0.0	0.0	0.0	0.0	0.0
550	2302.3333333333335	0.0	0.0	0.0	0.0	0.0	0.0
560	2377.6666666666665	0.0	0.0	0.0	0.0	0.0	0.0
570	2084.0	0.0	0.0	0.0	0.0	0.0	0.0
580	2345.6666666666665	0.0	0.0	0.0	0.0	0.0	0.0
590	2157.0	0.0	0.0	0.0	0.0	0.0	0.0
600	2270.0	0.0	0.0	0.0	0.0	0.0	0.0
610	2379.5	0.0	0.0	0.0	0.0	0.0	0.0
620	2328.3333333333335	0.0	0.0	0.0	0.0	0.0	0.0
630	2353.3333333333335	0.0	0.0	0.0	0.0	0.0	0.0
640	2507.3333333333335	0.0	0.0	0.0	0.0	0.0	0.0
650	2540.0	0.0	0.0	0.0	0.0	0.0	0.0
660	2446.0	0.0	0.0	0.0	0.0	0.0	0.0
670	2436.6666666666665	0.0	0.0	0.0	0.0	0.0	0.0
680	2567.3333333333335	0.0	0.0	0.0	0.0	0.0	0.0
690	2539.1666666666665	0.0	0.0	0.0	0.0	0.0	0.0
700	2578.0	0.0	0.0	0.0	0.0	0.0	0.0
710	2464.3333333333335	0.0	0.0	0.0	0.0	0.0	0.0
720	2727.0	0.0	0.0	0.0	0.0	0.0	0.0
730	2566.6666666666665	0.0	0.0	0.0	0.0	0.0	0.0
740	2703.3333333333335	0.0	0.0	0.0	0.0	0.0	0.0
750	2441.6666666666665	0.0	0.0	0.0	0.0	0.0	0.0
760	2512.5	0.0	0.0	0.0	0.0	0.0	0.0
770	2578.3333333333335	0.0	0.0	0.0	0.0	0.0	0.0
780	2646.6666666666665	0.0	0.0	0.0	0.0	0.0	0.0
790	2668.6666666666665	0.0	0.0	0.0	0.0	0.0	0.0
800	2316.6666666666665	0.0	0.0	0.0	0.0	0.0	0.0
810	2458.6666666666665	0.0	0.0	0.0	0.0	0.0	0.0
820	2534.3333333333335	0.0	0.0	0.0	0.0	0.0	0.0
830	2521.6666666666665	0.0	0.0	0.0	0.0	0.0	0.0
840	2718.5	0.0	0.0	0.0	0.0	0.0	0.0
850	2500.3333333333335	0.0	0.0	0.0	0.0	0.0	0.0
860	2542.3333333333335	0.0	0.0	0.0	0.0	0.0	0.0
870	2715.0	0.0	0.0	0.0	0.0	0.0	0.0
880	2756.6666666666665	0.0	0.0	0.0	0.0	0.0	0.0
890	2478.3333333333335	0.0	0.0	0.0	0.0	0.0	0.0
900	2480.3333333333335	0.0	0.0	0.0	0.0	0.0	0.0
910	2658.6666666666665	0.0	0.0	0.0	0.0	0.0	0.0
920	2602.3333333333335	0.0	0.0	0.0	0.0	0.0	0.0
930	2628.0	0.0	0.0	0.0	0.0	0.0	0.0
940	2028.0	0.0	0.0	0.0	0.0	0.0	0.0
950	2165.1666666666665	0.0	0.0	0.0	0.0	0.0	0.0
960	2184.6666666666665	0.0	0.0	0.0	0.0	0.0	0.0
970	2370.6666666666665	0.0	0.0	0.0	0.0	0.0	0.0
980	2566.6666666666665	0.0	0.0	0.0	0.0	0.0	0.0
990	2706.5	0.0	0.0	0.0	0.0	0.0	0.0
1000	2560.3333333333335	0.0	0.0	0.0	0.0	0.0	0.0
