0	262.0	0.0	0.0	0.0	0.0	0.0	0.0
10	70.0	404.0	330.0	344.0	251.0	163.0	153.0
20	70.0	596.0	273.0	391.0	237.0	25.0	359.0
30	70.0	0.0	0.0	0.0	0.0	0.0	0.0
40	70.0	0.0	0.0	0.0	0.0	0.0	0.0
50	70.0	0.0	0.0	0.0	0.0	0.0	0.0
60	70.0	0.0	0.0	0.0	0.0	0.0	0.0
70	70.0	0.0	0.0	0.0	0.0	0.0	0.0
80	70.0	0.0	0.0	0.0	0.0	0.0	0.0
90	70.0	0.0	0.0	0.0	0.0	0.0	0.0
100	70.0	0.0	0.0	0.0	0.0	0.0	0.0
110	70.0	0.0	0.0	0.0	0.0	0.0	0.0
120	70.0	0.0	0.0	0.0	0.0	0.0	0.0
130	70.0	0.0	0.0	0.0	0.0	0.0	0.0
140	70.0	0.0	0.0	0.0	0.0	0.0	0.0
150	70.0	0.0	0.0	0.0	0.0	0.0	0.0
160	71.66666666666667	0.0	0.0	0.0	0.0	0.0	0.0
170	70.66666666666667	0.0	0.0	0.0	0.0	0.0	0.0
180	72.66666666666667	0.0	0.0	0.0	0.0	0.0	0.0
190	70.33333333333333	0.0	0.0	0.0	0.0	0.0	0.0
200	72.0	0.0	0.0	0.0	0.0	0.0	0.0
210	76.66666666666667	0.0	0.0	0.0	0.0	0.0	0.0
220	71.66666666666667	0.0	0.0	0.0	0.0	0.0	0.0
230	70.33333333333333	0.0	0.0	0.0	0.0	0.0	0.0
240	135.33333333333334	0.0	0.0	0.0	0.0	0.0	0.0
250	221.0	0.0	0.0	0.0	0.0	0.0	0.0
260	146.33333333333334	0.0	0.0	0.0	0.0	0.0	0.0
270	233.66666666666666	0.0	0.0	0.0	0.0	0.0	0.0
280	190.66666666666666	0.0	0.0	0.0	0.0	0.0	0.0
290	151.66666666666666	0.0	0.0	0.0	0.0	0.0	0.0
300	138.0	0.0	0.0	0.0	0.0	0.0	0.0
310	170.66666666666666	0.0	0.0	0.0	0.0	0.0	0.0
320	146.0	0.0	0.0	0.0	0.0	0.0	0.0
330	148.33333333333334	0.0	0.0	0.0	0.0	0.0	0.0
340	138.0	0.0	0.0	0.0	0.0	0.0	0.0
350	157.0	0.0	0.0	0.0	0.0	0.0	0.0
360	175.33333333333334	0.0	0.0	0.0	0.0	0.0	0.0
370	260.6666666666667	0.0	0.0	0.0	0.0	0.0	0.0
380	562.6666666666666	0.0	0.0	0.0	0.0	0.0	0.0
390	758.6666666666666	0.0	0.0	0.0	0.0	0.0	0.0
400	617.3333333333334	0.0	0.0	0.0	0.0	0.0	0.0
410	908.8333333333334	0.0	0.0	0.0	0.0	0.0	0.0
420	807.6666666666666	0.0	0.0	0.0	0.0	0.0	0.0
430	853.6666666666666	0.0	0.0	0.0	0.0	0.0	0.0
440	1274.3333333333333	0.0	0.0	0.0	0.0	0.0	0.0
450	1378.0	0.0	0.0	0.0	0.0	0.0	0.0
460	2024.0	0.0	0.0	0.0	0.0	0.0	0.0
470	1617.6666666666667	0.0	0.0	0.0	0.0	0.0	0.0
480	2083.0	0.0	0.0	0.0	0.0	0.0	0.0
490	2435.0	0.0	0.0	0.0	0.0	0.0	0.0
500	1995.6666666666667	0.0	0.0	0.0	0.0	0.0	0.0
510	2231.1666666666665	0.0	0.0	0.0	0.0	0.0	0.0
520	2153.6666666666665	0.0	0.0	0.0	0.0	0.0	0.0
530	1924.6666666666667	0.0	0.0	0.0	0.0	0.0	0.0
540	2284.0	0.0	0.0	0.0	0.0	0.0	0.0
550	2103.6666666666665	0.0	0.0	0.0	0.0	0.0	0.0
560	2384.0	0.0	0.0	0.0	0.0	0.0	0.0
570	2191.6666666666665	0.0	0.0	0.0	0.0	0.0	0.0
580	2117.6666666666665	0.0	0.0	0.0	0.0	0.0	0.0
590	2302.6666666666665	0.0	0.0	0.0	0.0	0.0	0.0
600	2408.0	0.0	0.0	0.0	0.0	0.0	0.0
610	2389.3333333333335	0.0	0.0	0.0	0.0	0.0	0.0
620	2224.6666666666665	0.0	0.0	0.0	0.0	0.0	0.0
630	2267.3333333333335	0.0	0.0	0.0	0.0	0.0	0.0
640	2414.8333333333335	0.0	0.0	0.0	0.0	0.0	0.0
650	2408.6666666666665	0.0	0.0	0.0	0.0	0.0	0.0
660	2686.3333333333335	0.0	0.0	0.0	0.0	0.0	0.0
670	2873.6666666666665	0.0	0.0	0.0	0.0	0.0	0.0
680	2651.1666666666665	0.0	0.0	0.0	0.0	0.0	0.0
690	2571.3333333333335	0.0	0.0	0.0	0.0	0.0	0.0
700	2705.1666666666665	0.0	0.0	0.0	0.0	0.0	0.0
710	2425.1666666666665	0.0	0.0	0.0	0.0	0.0	0.0
720	2376.3333333333335	0.0	0.0	0.0	0.0	0.0	0.0
730	2480.6666666666665	0.0	0.0	0.0	0.0	0.0	0.0
740	2471.3333333333335	0.0	0.0	0.0	0.0	0.0	0.0
750	2511.3333333333335	0.0	0.0	0.0	0.0	0.0	0.0
760	2552.3333333333335	0.0	0.0	0.0	0.0	0.0	0.0
770	2752.0	0.0	0.0	0.0	0.0	0.0	0.0
780	2758.5	0.0	0.0	0.0	0.0	0.0	0.0
790	2751.5	0.0	0.0	0.0	0.0	0.0	0.0
800	2476.0	0.0	0.0	0.0	0.0	0.0	0.0
810	2773.1666666666665	0.0	0.0	0.0	0.0	0.0	0.0
820	2716.8333333333335	0.0	0.0	0.0	0.0	0.0	0.0
830	2730.8333333333335	0.0	0.0	0.0	0.0	0.0	0.0
840	2701.0	0.0	0.0	0.0	0.0	0.0	0.0
850	2752.6666666666665	0.0	0.0	0.0	0.0	0.0	0.0
860	2750.8333333333335	0.0	0.0	0.0	0.0	0.0	0.0
870	2516.6666666666665	0.0	0.0	0.0	0.0	0.0	0.0
880	2522.0	0.0	0.0	0.0	0.0	0.0	0.0
890	2623.1666666666665	0.0	0.0	0.0	0.0	0.0	0.0
900	2706.8333333333335	0.0	0.0	0.0	0.0	0.0	0.0
910	2706.0	0.0	0.0	0.0	0.0	0.0	0.0
920	2345.8333333333335	0.0	0.0	0.0	0.0	0.0	0.0
930	2371.6666666666665	0.0	0.0	0.0	0.0	0.0	0.0
940	2561.5	0.0	0.0	0.0	0.0	0.0	0.0
950	2650.8333333333335	0.0	0.0	0.0	0.0	0.0	0.0
960	2424.3333333333335	0.0	0.0	0.0	0.0	0.0	0.0
970	2448.3333333333335	0.0	0.0	0.0	0.0	0.0	0.0
980	2439.0	0.0	0.0	0.0	0.0	0.0	0.0
990	2468.0	0.0	0.0	0.0	0.0	0.0	0.0
1000	2693.0	0.0	0.0	0.0	0.0	0.0	0.0
