0	236.66666666666666	0.0	0.0	0.0	0.0	0.0	0.0
10	70.0	755.0	549.0	491.0	461.0	155.0	294.0
20	70.0	245.0	159.0	90.0	162.0	2.0	83.0
30	70.0	0.0	0.0	0.0	0.0	0.0	0.0
40	70.0	0.0	0.0	0.0	0.0	0.0	0.0
50	70.0	0.0	0.0	0.0	0.0	0.0	0.0
60	70.0	0.0	0.0	0.0	0.0	0.0	0.0
70	70.0	0.0	0.0	0.0	0.0	0.0	0.0
80	70.0	0.0	0.0	0.0	0.0	0.0	0.0
90	70.0	0.0	0.0	0.0	0.0	0.0	0.0
100	70.0	0.0	0.0	0.0	0.0	0.0	0.0
110	70.0	0.0	0.0	0.0	0.0	0.0	0.0
120	70.0	0.0	0.0	0.0	0.0	0.0	0.0
130	70.0	0.0	0.0	0.0	0.0	0.0	0.0
140	70.0	0.0	0.0	0.0	0.0	0.0	0.0
150	70.0	0.0	0.0	0.0	0.0	0.0	0.0
160	70.0	0.0	0.0	0.0	0.0	0.0	0.0
170	71.33333333333333	0.0	0.0	0.0	0.0	0.0	0.0
180	70.33333333333333	0.0	0.0	0.0	0.0	0.0	0.0
190	81.66666666666667	0.0	0.0	0.0	0.0	0.0	0.0
200	72.33333333333333	0.0	0.0	0.0	0.0	0.0	0.0
210	71.66666666666667	0.0	0.0	0.0	0.0	0.0	0.0
220	133.66666666666666	0.0	0.0	0.0	0.0	0.0	0.0
230	143.33333333333334	0.0	0.0	0.0	0.0	0.0	0.0
240	105.0	0.0	0.0	0.0	0.0	0.0	0.0
250	134.0	0.0	0.0	0.0	0.0	0.0	0.0
260	173.66666666666666	0.0	0.0	0.0	0.0	0.0	0.0
270	120.0	0.0	0.0	0.0	0.0	0.0	0.0
280	169.33333333333334	0.0	0.0	0.0	0.0	0.0	0.0
290	140.33333333333334	0.0	0.0	0.0	0.0	0.0	0.0
300	154.33333333333334	0.0	0.0	0.0	0.0	0.0	0.0
310	163.66666666666666	0.0	0.0	0.0	0.0	0.0	0.0
320	148.0	0.0	0.0	0.0	0.0	0.0	0.0
330	138.33333333333334	0.0	0.0	0.0	0.0	0.0	0.0
340	153.33333333333334	0.0	0.0	0.0	0.0	0.0	0.0
350	205.66666666666666	0.0	0.0	0.0	0.0	0.0	0.0
360	192.66666666666666	0.0	0.0	0.0	0.0	0.0	0.0
370	248.33333333333334	0.0	0.0	0.0	0.0	0.0	0.0
380	289.0	0.0	0.0	0.0	0.0	0.0	0.0
390	302.0	0.0	0.0	0.0	0.0	0.0	0.0
400	504.6666666666667	0.0	0.0	0.0	0.0	0.0	0.0
410	704.0	0.0	0.0	0.0	0.0	0.0	0.0
420	761.0	0.0	0.0	0.0	0.0	0.0	0.0
430	1011.6666666666666	0.0	0.0	0.0	0.0	0.0	0.0
440	1067.6666666666667	0.0	0.0	0.0	0.0	0.0	0.0
450	1284.0	0.0	0.0	0.0	0.0	0.0	0.0
460	1198.3333333333333	0.0	0.0	0.0	0.0	0.0	0.0
470	1165.0	0.0	0.0	0.0	0.0	0.0	0.0
480	1484.0	0.0	0.0	0.0	0.0	0.0	0.0
490	1909.3333333333333	0.0	0.0	0.0	0.0	0.0	0.0
500	1359.6666666666667	0.0	0.0	0.0	0.0	0.0	0.0
510	1925.1666666666667	0.0	0.0	0.0	0.0	0.0	0.0
520	1931.3333333333333	0.0	0.0	0.0	0.0	0.0	0.0
530	1499.1666666666667	0.0	0.0	0.0	0.0	0.0	0.0
540	2359.6666666666665	0.0	0.0	0.0	0.0	0.0	0.0
550	2362.1666666666665	0.0	0.0	0.0	0.0	0.0	0.0
560	2441.1666666666665	0.0	0.0	0.0	0.0	0.0	0.0
570	2244.0	0.0	0.0	0.0	0.0	0.0	0.0
580	1963.3333333333333	0.0	0.0	0.0	0.0	0.0	0.0
590	2378.0	0.0	0.0	0.0	0.0	0.0	0.0
600	2256.3333333333335	0.0	0.0	0.0	0.0	0.0	0.0
610	2366.8333333333335	0.0	0.0	0.0	0.0	0.0	0.0
620	2661.8333333333335	0.0	0.0	0.0	0.0	0.0	0.0
630	2380.6666666666665	0.0	0.0	0.0	0.0	0.0	0.0
640	2337.1666666666665	0.0	0.0	0.0	0.0	0.0	0.0
650	2421.0	0.0	0.0	0.0	0.0	0.0	0.0
660	2507.0	0.0	0.0	0.0	0.0	0.0	0.0
670	2516.6666666666665	0.0	0.0	0.0	0.0	0.0	0.0
680	2470.8333333333335	0.0	0.0	0.0	0.0	0.0	0.0
690	2514.8333333333335	0.0	0.0	0.0	0.0	0.0	0.0
700	2571.6666666666665	0.0	0.0	0.0	0.0	0.0	0.0
710	2467.3333333333335	0.0	0.0	0.0	0.0	0.0	0.0
720	2285.3333333333335	0.0	0.0	0.0	0.0	0.0	0.0
730	2405.1666666666665	0.0	0.0	0.0	0.0	0.0	0.0
740	2300.0	0.0	0.0	0.0	0.0	0.0	0.0
750	2457.3333333333335	0.0	0.0	0.0	0.0	0.0	0.0
760	2696.5	0.0	0.0	0.0	0.0	0.0	0.0
770	2755.3333333333335	0.0	0.0	0.0	0.0	0.0	0.0
780	2466.3333333333335	0.0	0.0	0.0	0.0	0.0	0.0
790	2553.3333333333335	0.0	0.0	0.0	0.0	0.0	0.0
800	2594.3333333333335	0.0	0.0	0.0	0.0	0.0	0.0
810	2505.5	0.0	0.0	0.0	0.0	0.0	0.0
820	2683.3333333333335	0.0	0.0	0.0	0.0	0.0	0.0
830	2664.0	0.0	0.0	0.0	0.0	0.0	0.0
840	2508.3333333333335	0.0	0.0	0.0	0.0	0.0	0.0
850	2622.8333333333335	0.0	0.0	0.0	0.0	0.0	0.0
860	1897.0	0.0	0.0	0.0	0.0	0.0	0.0
870	2168.6666666666665	0.0	0.0	0.0	0.0	0.0	0.0
880	2748.6666666666665	0.0	0.0	0.0	0.0	0.0	0.0
890	2680.1666666666665	0.0	0.0	0.0	0.0	0.0	0.0
900	2922.3333333333335	0.0	0.0	0.0	0.0	0.0	0.0
910	2827.1666666666665	0.0	0.0	0.0	0.0	0.0	0.0
920	2683.6666666666665	0.0	0.0	0.0	0.0	0.0	0.0
930	2775.6666666666665	0.0	0.0	0.0	0.0	0.0	0.0
940	2745.0	0.0	0.0	0.0	0.0	0.0	0.0
950	2669.1666666666665	0.0	0.0	0.0	0.0	0.0	0.0
960	2641.1666666666665	0.0	0.0	0.0	0.0	0.0	0.0
970	2664.1666666666665	0.0	0.0	0.0	0.0	0.0	0.0
980	2508.0	0.0	0.0	0.0	0.0	0.0	0.0
990	2285.3333333333335	0.0	0.0	0.0	0.0	0.0	0.0
1000	2398.3333333333335	0.0	0.0	0.0	0.0	0.0	0.0
