0	277.6666666666667	0.0	0.0	0.0	0.0	0.0	0.0
10	70.0	435.0	380.0	367.0	261.0	176.0	174.0
20	70.0	565.0	349.0	448.0	248.0	91.0	317.0
30	70.0	0.0	0.0	0.0	0.0	0.0	0.0
40	70.0	0.0	0.0	0.0	0.0	0.0	0.0
50	70.0	0.0	0.0	0.0	0.0	0.0	0.0
60	70.0	0.0	0.0	0.0	0.0	0.0	0.0
70	70.0	0.0	0.0	0.0	0.0	0.0	0.0
80	70.0	0.0	0.0	0.0	0.0	0.0	0.0
90	70.0	0.0	0.0	0.0	0.0	0.0	0.0
100	70.0	0.0	0.0	0.0	0.0	0.0	0.0
110	70.0	0.0	0.0	0.0	0.0	0.0	0.0
120	70.0	0.0	0.0	0.0	0.0	0.0	0.0
130	70.0	0.0	0.0	0.0	0.0	0.0	0.0
140	70.0	0.0	0.0	0.0	0.0	0.0	0.0
150	70.0	0.0	0.0	0.0	0.0	0.0	0.0
160	70.33333333333333	0.0	0.0	0.0	0.0	0.0	0.0
170	71.0	0.0	0.0	0.0	0.0	0.0	0.0
180	74.0	0.0	0.0	0.0	0.0	0.0	0.0
190	71.0	0.0	0.0	0.0	0.0	0.0	0.0
200	156.33333333333334	0.0	0.0	0.0	0.0	0.0	0.0
210	103.33333333333333	0.0	0.0	0.0	0.0	0.0	0.0
220	147.0	0.0	0.0	0.0	0.0	0.0	0.0
230	130.0	0.0	0.0	0.0	0.0	0.0	0.0
240	130.0	0.0	0.0	0.0	0.0	0.0	0.0
250	130.0	0.0	0.0	0.0	0.0	0.0	0.0
260	130.0	0.0	0.0	0.0	0.0	0.0	0.0
270	156.66666666666666	0.0	0.0	0.0	0.0	0.0	0.0
280	130.0	0.0	0.0	0.0	0.0	0.0	0.0
290	155.33333333333334	0.0	0.0	0.0	0.0	0.0	0.0
300	130.0	0.0	0.0	0.0	0.0	0.0	0.0
310	434.3333333333333	0.0	0.0	0.0	0.0	0.0	0.0
320	511.6666666666667	0.0	0.0	0.0	0.0	0.0	0.0
330	822.3333333333334	0.0	0.0	0.0	0.0	0.0	0.0
340	752.3333333333334	0.0	0.0	0.0	0.0	0.0	0.0
350	827.6666666666666	0.0	0.0	0.0	0.0	0.0	0.0
360	1082.0	0.0	0.0	0.0	0.0	0.0	0.0
370	1148.3333333333333	0.0	0.0	0.0	0.0	0.0	0.0
380	1101.3333333333333	0.0	0.0	0.0	0.0	0.0	0.0
390	1119.6666666666667	0.0	0.0	0.0	0.0	0.0	0.0
400	1644.6666666666667	0.0	0.0	0.0	0.0	0.0	0.0
410	1703.6666666666667	0.0	0.0	0.0	0.0	0.0	0.0
420	1365.0	0.0	0.0	0.0	0.0	0.0	0.0
430	2185.6666666666665	0.0	0.0	0.0	0.0	0.0	0.0
440	1666.0	0.0	0.0	0.0	0.0	0.0	0.0
450	1871.3333333333333	0.0	0.0	0.0	0.0	0.0	0.0
460	2100.6666666666665	0.0	0.0	0.0	0.0	0.0	0.0
470	2211.0	0.0	0.0	0.0	0.0	0.0	0.0
480	2057.3333333333335	0.0	0.0	0.0	0.0	0.0	0.0
490	2367.3333333333335	0.0	0.0	0.0	0.0	0.0	0.0
500	1920.0	0.0	0.0	0.0	0.0	0.0	0.0
510	2172.0	0.0	0.0	0.0	0.0	0.0	0.0
520	1894.6666666666667	0.0	0.0	0.0	0.0	0.0	0.0
530	2064.0	0.0	0.0	0.0	0.0	0.0	0.0
540	2261.3333333333335	0.0	0.0	0.0	0.0	0.0	0.0
550	2241.3333333333335	0.0	0.0	0.0	0.0	0.0	0.0
560	2286.6666666666665	0.0	0.0	0.0	0.0	0.0	0.0
570	2395.6666666666665	0.0	0.0	0.0	0.0	0.0	0.0
580	2269.3333333333335	0.0	0.0	0.0	0.0	0.0	0.0
590	2489.5	0.0	0.0	0.0	0.0	0.0	0.0
600	2296.0	0.0	0.0	0.0	0.0	0.0	0.0
610	2697.1666666666665	0.0	0.0	0.0	0.0	0.0	0.0
620	2224.0	0.0	0.0	0.0	0.0	0.0	0.0
630	2657.0	0.0	0.0	0.0	0.0	0.0	0.0
640	2484.6666666666665	0.0	0.0	0.0	0.0	0.0	0.0
650	2646.0	0.0	0.0	0.0	0.0	0.0	0.0
660	2741.5	0.0	0.0	0.0	0.0	0.0	0.0
670	2849.8333333333335	0.0	0.0	0.0	0.0	0.0	0.0
680	2508.1666666666665	0.0	0.0	0.0	0.0	0.0	0.0
690	2287.6666666666665	0.0	0.0	0.0	0.0	0.0	0.0
700	2688.0	0.0	0.0	0.0	0.0	0.0	0.0
710	2421.6666666666665	0.0	0.0	0.0	0.0	0.0	0.0
720	2704.0	0.0	0.0	0.0	0.0	0.0	0.0
730	2492.8333333333335	0.0	0.0	0.0	0.0	0.0	0.0
740	2534.3333333333335	0.0	0.0	0.0	0.0	0.0	0.0
750	2732.1666666666665	0.0	0.0	0.0	0.0	0.0	0.0
760	2875.1666666666665	0.0	0.0	0.0	0.0	0.0	0.0
770	2508.5	0.0	0.0	0.0	0.0	0.0	0.0
780	2502.6666666666665	0.0	0.0	0.0	0.0	0.0	0.0
790	2468.0	0.0	0.0	0.0	0.0	0.0	0.0
800	2733.3333333333335	0.0	0.0	0.0	0.0	0.0	0.0
810	2701.6666666666665	0.0	0.0	0.0	0.0	0.0	0.0
820	2499.0	0.0	0.0	0.0	0.0	0.0	0.0
830	2888.0	0.0	0.0	0.0	0.0	0.0	0.0
840	2834.5	0.0	0.0	0.0	0.0	0.0	0.0
850	2846.5	0.0	0.0	0.0	0.0	0.0	0.0
860	2533.5	0.0	0.0	0.0	0.0	0.0	0.0
870	2338.6666666666665	0.0	0.0	0.0	0.0	0.0	0.0
880	2491.3333333333335	0.0	0.0	0.0	0.0	0.0	0.0
890	2671.6666666666665	0.0	0.0	0.0	0.0	0.0	0.0
900	2335.5	0.0	0.0	0.0	0.0	0.0	0.0
910	1856.3333333333333	0.0	0.0	0.0	0.0	0.0	0.0
920	2757.6666666666665	0.0	0.0	0.0	0.0	0.0	0.0
930	2145.5	0.0	0.0	0.0	0.0	0.0	0.0
940	2139.6666666666665	0.0	0.0	0.0	0.0	0.0	0.0
950	1739.6666666666667	0.0	0.0	0.0	0.0	0.0	0.0
960	2257.6666666666665	0.0	0.0	0.0	0.0	0.0	0.0
970	1454.3333333333333	0.0	0.0	0.0	0.0	0.0	0.0
980	1837.0	0.0	0.0	0.0	0.0	0.0	0.0
990	1872.3333333333333	0.0	0.0	0.0	0.0	0.0	0.0
1000	1612.3333333333333	0.0	0.0	0.0	0.0	0.0	0.0
