0	222.0	0.0
10	2142.8333333333335	392.0
20	1959.6666666666667	229.0
30	2128.6666666666665	78.0
40	2210.8333333333335	107.0
50	2115.1666666666665	138.0
60	2137.5	56.0
70	2057.6666666666665	0.0
80	2093.8333333333335	0.0
90	1959.5	0.0
100	1934.6666666666667	0.0
110	2103.3333333333335	0.0
120	2211.8333333333335	0.0
130	2284.3333333333335	0.0
140	2086.0	0.0
150	2336.6666666666665	0.0
160	2232.3333333333335	0.0
170	2203.5	0.0
180	2165.3333333333335	0.0
190	2144.1666666666665	0.0
200	2327.3333333333335	0.0
210	2434.3333333333335	0.0
220	2343.5	0.0
230	2282.3333333333335	0.0
240	2298.6666666666665	0.0
250	2431.3333333333335	0.0
260	2376.0	0.0
270	2563.8333333333335	0.0
280	2322.8333333333335	0.0
290	2280.1666666666665	0.0
300	2381.1666666666665	0.0
310	2480.0	0.0
320	2566.0	0.0
330	2547.3333333333335	0.0
340	2358.3333333333335	0.0
350	2429.6666666666665	0.0
360	2520.3333333333335	0.0
370	2304.1666666666665	0.0
380	2442.5	0.0
390	2536.8333333333335	0.0
400	2742.6666666666665	0.0
410	2595.5	0.0
420	2453.0	0.0
430	2424.0	0.0
440	2759.0	0.0
450	2648.0	0.0
460	2688.0	0.0
470	2448.8333333333335	0.0
480	2767.6666666666665	0.0
490	2688.3333333333335	0.0
500	2699.8333333333335	0.0
510	2630.6666666666665	0.0
520	2803.8333333333335	0.0
530	2499.3333333333335	0.0
540	2547.3333333333335	0.0
550	2692.3333333333335	0.0
560	2416.6666666666665	0.0
570	2564.1666666666665	0.0
580	2654.8333333333335	0.0
590	2519.0	0.0
600	2603.5	0.0
610	2688.6666666666665	0.0
620	2663.6666666666665	0.0
630	2927.3333333333335	0.0
640	2612.0	0.0
650	2644.0	0.0
660	2599.5	0.0
670	2716.8333333333335	0.0
680	2792.8333333333335	0.0
690	2760.0	0.0
700	2666.6666666666665	0.0
710	3126.0	0.0
720	2822.1666666666665	0.0
730	2733.5	0.0
740	2704.5	0.0
750	2531.5	0.0
760	3099.1666666666665	0.0
770	3076.6666666666665	0.0
780	2878.8333333333335	0.0
790	2835.0	0.0
800	2701.6666666666665	0.0
810	3085.6666666666665	0.0
820	2883.8333333333335	0.0
830	2867.3333333333335	0.0
840	3062.3333333333335	0.0
850	2539.0	0.0
860	3102.8333333333335	0.0
870	3155.5	0.0
880	3108.5	0.0
890	2928.8333333333335	0.0
900	2975.5	0.0
910	2816.8333333333335	0.0
920	2914.0	0.0
930	2915.6666666666665	0.0
940	2843.0	0.0
950	3006.5	0.0
960	2916.3333333333335	0.0
970	3075.1666666666665	0.0
980	3157.3333333333335	0.0
990	2936.6666666666665	0.0
1000	2978.1666666666665	0.0
