0	286.6666666666667	0.0
10	866.0	1000.0
20	210.66666666666666	0.0
30	130.0	0.0
40	130.0	0.0
50	490.0	0.0
60	189.66666666666666	0.0
70	131.33333333333334	0.0
80	629.6666666666666	0.0
90	520.3333333333334	0.0
100	852.3333333333334	0.0
110	740.0	0.0
120	1002.6666666666666	0.0
130	1292.0	0.0
140	1191.6666666666667	0.0
150	1075.0	0.0
160	1131.0	0.0
170	1279.3333333333333	0.0
180	1392.3333333333333	0.0
190	1518.0	0.0
200	2032.6666666666667	0.0
210	1987.6666666666667	0.0
220	2141.3333333333335	0.0
230	2167.0	0.0
240	1554.0	0.0
250	2215.3333333333335	0.0
260	2128.8333333333335	0.0
270	2289.0	0.0
280	2125.0	0.0
290	2290.0	0.0
300	2200.6666666666665	0.0
310	1883.6666666666667	0.0
320	2324.3333333333335	0.0
330	2419.1666666666665	0.0
340	2241.6666666666665	0.0
350	2451.3333333333335	0.0
360	2534.3333333333335	0.0
370	2449.1666666666665	0.0
380	2178.1666666666665	0.0
390	2419.6666666666665	0.0
400	2517.5	0.0
410	2433.6666666666665	0.0
420	2422.0	0.0
430	2443.0	0.0
440	2517.1666666666665	0.0
450	2588.3333333333335	0.0
460	2472.0	0.0
470	2483.0	0.0
480	2669.5	0.0
490	2661.0	0.0
500	2555.0	0.0
510	2697.3333333333335	0.0
520	2444.1666666666665	0.0
530	2561.6666666666665	0.0
540	2467.8333333333335	0.0
550	2708.8333333333335	0.0
560	2607.3333333333335	0.0
570	2791.8333333333335	0.0
580	2721.3333333333335	0.0
590	2624.6666666666665	0.0
600	2723.3333333333335	0.0
610	2510.6666666666665	0.0
620	2338.3333333333335	0.0
630	2683.6666666666665	0.0
640	2622.3333333333335	0.0
650	2386.6666666666665	0.0
660	2439.8333333333335	0.0
670	2486.0	0.0
680	2834.6666666666665	0.0
690	2387.5	0.0
700	2545.3333333333335	0.0
710	2353.0	0.0
720	2333.0	0.0
730	2413.5	0.0
740	2447.1666666666665	0.0
750	2476.6666666666665	0.0
760	2532.6666666666665	0.0
770	2392.0	0.0
780	2615.3333333333335	0.0
790	2409.0	0.0
800	2606.1666666666665	0.0
810	2593.5	0.0
820	2572.1666666666665	0.0
830	2280.3333333333335	0.0
840	2019.5	0.0
850	1913.3333333333333	0.0
860	1778.3333333333333	0.0
870	2410.0	0.0
880	1734.5	0.0
890	2088.3333333333335	0.0
900	2369.0	0.0
910	2021.3333333333333	0.0
920	2723.6666666666665	0.0
930	2229.6666666666665	0.0
940	1761.3333333333333	0.0
950	2192.0	0.0
960	1913.8333333333333	0.0
970	2445.0	0.0
980	2151.0	0.0
990	1735.0	0.0
1000	2588.3333333333335	0.0
