0	224.33333333333334
10	2056.3333333333335
20	1957.3333333333333
30	1991.8333333333333
40	2103.3333333333335
50	2154.5
60	2132.3333333333335
70	2138.1666666666665
80	2110.6666666666665
90	2117.1666666666665
100	2212.3333333333335
110	2230.3333333333335
120	2212.3333333333335
130	2105.3333333333335
140	2201.3333333333335
150	2220.8333333333335
160	2278.0
170	2299.0
180	2282.8333333333335
190	2406.8333333333335
200	2343.3333333333335
210	2220.8333333333335
220	2379.0
230	2206.6666666666665
240	2257.3333333333335
250	2568.5
260	2358.6666666666665
270	2291.6666666666665
280	2295.0
290	2396.0
300	2458.0
310	2348.8333333333335
320	2135.1666666666665
330	2351.3333333333335
340	2345.5
350	2604.0
360	2509.8333333333335
370	2715.1666666666665
380	2645.5
390	2603.5
400	2537.5
410	2457.6666666666665
420	2699.5
430	2388.1666666666665
440	2836.5
450	2682.3333333333335
460	2785.0
470	2798.5
480	2738.1666666666665
490	2613.8333333333335
500	2802.3333333333335
510	2596.5
520	2627.6666666666665
530	2503.0
540	2664.6666666666665
550	2873.6666666666665
560	2969.0
570	2395.3333333333335
580	2681.8333333333335
590	2719.3333333333335
600	2700.0
610	2593.8333333333335
620	2792.3333333333335
630	2671.8333333333335
640	2798.1666666666665
650	2688.5
660	2841.3333333333335
670	2701.6666666666665
680	2784.8333333333335
690	2858.0
700	2630.0
710	2889.6666666666665
720	2774.0
730	2630.0
740	2676.5
750	2797.0
760	2419.6666666666665
770	2835.3333333333335
780	2732.8333333333335
790	2600.3333333333335
800	2929.5
810	2581.6666666666665
820	2657.8333333333335
830	2894.3333333333335
840	2784.6666666666665
850	2824.6666666666665
860	2798.8333333333335
870	2882.0
880	2800.1666666666665
890	2676.3333333333335
900	2990.0
910	3032.5
920	2883.1666666666665
930	2865.0
940	3095.3333333333335
950	2864.5
960	2664.3333333333335
970	2758.0
980	2984.0
990	2563.6666666666665
1000	2969.6666666666665
1010	2834.6666666666665
1020	2954.5
1030	3041.1666666666665
1040	3097.3333333333335
1050	3116.3333333333335
1060	3079.5
1070	2910.6666666666665
1080	2695.6666666666665
1090	2688.3333333333335
1100	2881.1666666666665
1110	2906.0
1120	2762.3333333333335
1130	2797.5
1140	2836.3333333333335
1150	3052.6666666666665
1160	3218.6666666666665
1170	3004.1666666666665
1180	2925.6666666666665
1190	2938.3333333333335
1200	2871.5
1210	3337.0
1220	2754.0
1230	3177.0
1240	3033.5
1250	3048.6666666666665
1260	3090.1666666666665
1270	3257.1666666666665
1280	3149.1666666666665
1290	3082.5
1300	3095.8333333333335
1310	3468.8333333333335
1320	3607.3333333333335
1330	3441.6666666666665
1340	3385.6666666666665
1350	3114.1666666666665
1360	3450.5
1370	3190.1666666666665
1380	3312.5
1390	3309.0
1400	3358.5
1410	3539.8333333333335
1420	3539.6666666666665
1430	3354.6666666666665
1440	3282.6666666666665
1450	3448.6666666666665
1460	3388.8333333333335
1470	3227.5
1480	3379.0
1490	3169.0
1500	3312.3333333333335
1510	3775.0
1520	3407.6666666666665
1530	3417.1666666666665
1540	3488.5
1550	3518.6666666666665
1560	3674.6666666666665
1570	3566.5
1580	3854.5
1590	3439.5
1600	3114.1666666666665
1610	3487.8333333333335
1620	3674.0
1630	3744.8333333333335
1640	3313.8333333333335
1650	3461.6666666666665
1660	3440.8333333333335
1670	3411.6666666666665
1680	3490.3333333333335
1690	3307.1666666666665
1700	3598.1666666666665
1710	3723.5
1720	3530.0
1730	3468.8333333333335
1740	3556.5
1750	3606.5
1760	3531.5
1770	3383.3333333333335
1780	3265.8333333333335
1790	3317.5
1800	3267.1666666666665
1810	3520.0
1820	3542.5
1830	3965.6666666666665
1840	3422.8333333333335
1850	3647.3333333333335
1860	3479.1666666666665
1870	3471.1666666666665
1880	3561.3333333333335
1890	3425.1666666666665
1900	3627.1666666666665
1910	3884.0
1920	3496.0
1930	3546.0
1940	3644.3333333333335
1950	3672.6666666666665
1960	3460.8333333333335
1970	3889.6666666666665
1980	3684.5
1990	3531.0
2000	3642.8333333333335
