0	275.0
10	2138.8333333333335
20	2095.1666666666665
30	2019.0
40	1968.5
50	2135.6666666666665
60	2144.8333333333335
70	2174.8333333333335
80	2211.5
90	2097.1666666666665
100	2229.6666666666665
110	2163.5
120	2230.6666666666665
130	2104.0
140	2249.3333333333335
150	1996.1666666666667
160	2163.5
170	2331.1666666666665
180	2256.5
190	2265.1666666666665
200	2267.1666666666665
210	2242.6666666666665
220	2297.6666666666665
230	2304.6666666666665
240	2275.8333333333335
250	2408.0
260	2487.5
270	2330.3333333333335
280	2266.0
290	2535.6666666666665
300	2599.1666666666665
310	2441.8333333333335
320	2564.5
330	2763.0
340	2470.8333333333335
350	2668.3333333333335
360	2575.6666666666665
370	2683.5
380	2517.5
390	2485.3333333333335
400	2563.6666666666665
410	2592.3333333333335
420	2366.0
430	2526.6666666666665
440	2591.0
450	2551.6666666666665
460	2371.5
470	2364.0
480	2624.6666666666665
490	2501.6666666666665
500	2566.6666666666665
510	2699.0
520	2700.1666666666665
530	2724.8333333333335
540	2708.1666666666665
550	2474.0
560	2627.0
570	2714.0
580	2638.5
590	2930.6666666666665
600	2837.5
610	2545.1666666666665
620	2721.6666666666665
630	2767.5
640	2998.5
650	2622.0
660	2606.0
670	2611.3333333333335
680	2454.1666666666665
690	2670.8333333333335
700	2524.0
710	2770.5
720	2698.8333333333335
730	2715.3333333333335
740	2746.0
750	2548.1666666666665
760	2898.6666666666665
770	2710.3333333333335
780	2907.1666666666665
790	2893.6666666666665
800	2894.3333333333335
810	2793.1666666666665
820	2646.3333333333335
830	2906.0
840	2748.6666666666665
850	2890.3333333333335
860	2692.6666666666665
870	2934.5
880	2486.3333333333335
890	2894.1666666666665
900	2608.8333333333335
910	3171.1666666666665
920	2995.3333333333335
930	3106.8333333333335
940	2779.0
950	3195.3333333333335
960	2741.1666666666665
970	3062.6666666666665
980	3153.1666666666665
990	2909.1666666666665
1000	2696.3333333333335
1010	3113.1666666666665
1020	3205.6666666666665
1030	3035.8333333333335
1040	2910.6666666666665
1050	3067.6666666666665
1060	3167.3333333333335
1070	3229.8333333333335
1080	2931.0
1090	2952.0
1100	3136.3333333333335
1110	3244.3333333333335
1120	3374.3333333333335
1130	2979.3333333333335
1140	2931.1666666666665
1150	2944.6666666666665
1160	3126.8333333333335
1170	3129.0
1180	3045.3333333333335
1190	2962.5
1200	3164.3333333333335
1210	2969.1666666666665
1220	2984.6666666666665
1230	2985.1666666666665
1240	3135.1666666666665
1250	3267.1666666666665
1260	3240.5
1270	3186.0
1280	3335.6666666666665
1290	3354.0
1300	3127.6666666666665
1310	3322.1666666666665
1320	3253.0
1330	3321.3333333333335
1340	3245.3333333333335
1350	3503.3333333333335
1360	3127.0
1370	2957.3333333333335
1380	3250.8333333333335
1390	3551.1666666666665
1400	3495.8333333333335
1410	3469.8333333333335
1420	3269.3333333333335
1430	3470.3333333333335
1440	3588.8333333333335
1450	3343.0
1460	3209.8333333333335
1470	3332.6666666666665
1480	3397.5
1490	3353.8333333333335
1500	3381.5
1510	3395.0
1520	3349.0
1530	3419.0
1540	3673.8333333333335
1550	3279.6666666666665
1560	3360.0
1570	3315.1666666666665
1580	3632.3333333333335
1590	3461.1666666666665
1600	3655.0
1610	3555.8333333333335
1620	3342.3333333333335
1630	3652.0
1640	3553.6666666666665
1650	3352.3333333333335
1660	3518.6666666666665
1670	3398.5
1680	3493.8333333333335
1690	3635.1666666666665
1700	3388.0
1710	3545.5
1720	3430.5
1730	3920.3333333333335
1740	3447.8333333333335
1750	3379.8333333333335
1760	3831.5
1770	3366.1666666666665
1780	3069.0
1790	3334.3333333333335
1800	3199.8333333333335
1810	3689.1666666666665
1820	3738.3333333333335
1830	3610.3333333333335
1840	3084.1666666666665
1850	3739.1666666666665
1860	3613.5
1870	3660.0
1880	3650.0
1890	3509.8333333333335
1900	3741.3333333333335
1910	3601.6666666666665
1920	3467.6666666666665
1930	3435.6666666666665
1940	3667.1666666666665
1950	3507.3333333333335
1960	3822.8333333333335
1970	3578.6666666666665
1980	3842.5
1990	3523.1666666666665
2000	3874.3333333333335
