0	260.6666666666667
10	2117.1666666666665
20	1905.6666666666667
30	2103.0
40	1975.5
50	2203.5
60	1915.5
70	2110.6666666666665
80	1974.0
90	2186.0
100	2078.3333333333335
110	2001.1666666666667
120	2035.0
130	2286.1666666666665
140	2213.3333333333335
150	2134.1666666666665
160	2148.0
170	2261.6666666666665
180	2202.8333333333335
190	2302.8333333333335
200	2316.6666666666665
210	2419.6666666666665
220	2353.0
230	2362.8333333333335
240	2253.6666666666665
250	2084.8333333333335
260	2366.8333333333335
270	2101.6666666666665
280	2497.0
290	2488.6666666666665
300	2332.5
310	2510.3333333333335
320	2557.6666666666665
330	2451.3333333333335
340	2378.1666666666665
350	2540.6666666666665
360	2586.0
370	2399.3333333333335
380	2568.3333333333335
390	2462.6666666666665
400	2702.8333333333335
410	2640.6666666666665
420	2628.6666666666665
430	2581.0
440	2386.5
450	2318.1666666666665
460	2927.0
470	2540.5
480	2401.8333333333335
490	2428.0
500	2656.5
510	2436.6666666666665
520	2512.3333333333335
530	2710.5
540	2926.3333333333335
550	2515.0
560	2683.0
570	2702.6666666666665
580	2568.1666666666665
590	2690.5
600	2691.6666666666665
610	2533.5
620	2592.0
630	2453.1666666666665
640	2865.0
650	2424.8333333333335
660	2698.0
670	2648.3333333333335
680	2941.0
690	2623.0
700	2890.1666666666665
710	2562.6666666666665
720	2701.6666666666665
730	2699.6666666666665
740	2685.5
750	2971.6666666666665
760	2546.0
770	2807.3333333333335
780	2757.3333333333335
790	2839.1666666666665
800	2734.1666666666665
810	2850.1666666666665
820	2530.0
830	2862.1666666666665
840	2848.1666666666665
850	2824.1666666666665
860	2710.0
870	2798.3333333333335
880	2845.3333333333335
890	3136.1666666666665
900	3074.6666666666665
910	2917.6666666666665
920	3208.8333333333335
930	3086.3333333333335
940	2936.3333333333335
950	2852.8333333333335
960	2945.1666666666665
970	2713.0
980	2470.3333333333335
990	3201.5
1000	2806.6666666666665
1010	2901.0
1020	2862.5
1030	3024.0
1040	2945.6666666666665
1050	2724.8333333333335
1060	2820.5
1070	2869.8333333333335
1080	2544.6666666666665
1090	3006.1666666666665
1100	3113.1666666666665
1110	2969.1666666666665
1120	3378.6666666666665
1130	3051.8333333333335
1140	2956.6666666666665
1150	3077.1666666666665
1160	3114.5
1170	3195.6666666666665
1180	3046.1666666666665
1190	3143.0
1200	2968.0
1210	3470.8333333333335
1220	3268.0
1230	3100.6666666666665
1240	2591.1666666666665
1250	3472.1666666666665
1260	3270.3333333333335
1270	3237.0
1280	3132.8333333333335
1290	3170.5
1300	3070.5
1310	3174.5
1320	3417.1666666666665
1330	3545.3333333333335
1340	3139.5
1350	3083.5
1360	2946.6666666666665
1370	3067.5
1380	3274.6666666666665
1390	2867.6666666666665
1400	3480.5
1410	3208.1666666666665
1420	3411.0
1430	3084.3333333333335
1440	3008.8333333333335
1450	3268.5
1460	3457.6666666666665
1470	3611.5
1480	3217.0
1490	3397.8333333333335
1500	3318.0
1510	3260.0
1520	3424.1666666666665
1530	3233.3333333333335
1540	3668.8333333333335
1550	3348.0
1560	3212.3333333333335
1570	3265.1666666666665
1580	3243.6666666666665
1590	3445.1666666666665
1600	3452.1666666666665
1610	3163.5
1620	3736.5
1630	3234.3333333333335
1640	3191.6666666666665
1650	3438.6666666666665
1660	3260.6666666666665
1670	3647.5
1680	3154.8333333333335
1690	3464.8333333333335
1700	3591.6666666666665
1710	3347.3333333333335
1720	3374.8333333333335
1730	3706.3333333333335
1740	3741.6666666666665
1750	3309.0
1760	3658.0
1770	3294.8333333333335
1780	3649.8333333333335
1790	3304.0
1800	3246.6666666666665
1810	3567.6666666666665
1820	2945.8333333333335
1830	3700.5
1840	3175.6666666666665
1850	3460.8333333333335
1860	3558.1666666666665
1870	3914.3333333333335
1880	3801.6666666666665
1890	3785.0
1900	3491.3333333333335
1910	3457.3333333333335
1920	3737.8333333333335
1930	3482.6666666666665
1940	3889.8333333333335
1950	3524.1666666666665
1960	3756.1666666666665
1970	3565.0
1980	3517.0
1990	3630.3333333333335
2000	3462.5
