0	246.66666666666666
10	2091.6666666666665
20	1954.1666666666667
30	1868.6666666666667
40	1976.8333333333333
50	2028.0
60	1910.8333333333333
70	2182.0
80	2015.5
90	2031.3333333333333
100	1985.1666666666667
110	2150.8333333333335
120	2101.5
130	2042.0
140	2135.0
150	2106.8333333333335
160	2247.5
170	2135.6666666666665
180	1981.0
190	2240.8333333333335
200	2278.0
210	2218.6666666666665
220	2146.5
230	2463.6666666666665
240	2336.8333333333335
250	2422.0
260	2294.6666666666665
270	2388.6666666666665
280	2610.6666666666665
290	2318.1666666666665
300	2518.5
310	2346.6666666666665
320	2272.6666666666665
330	2487.6666666666665
340	2338.8333333333335
350	2430.8333333333335
360	2731.1666666666665
370	2454.3333333333335
380	2596.5
390	2712.6666666666665
400	2686.1666666666665
410	2329.6666666666665
420	2491.8333333333335
430	2469.5
440	2414.3333333333335
450	2524.5
460	2551.5
470	2345.3333333333335
480	2653.5
490	2554.5
500	2671.6666666666665
510	2552.1666666666665
520	2671.3333333333335
530	2744.8333333333335
540	2469.3333333333335
550	2696.0
560	2625.5
570	2684.8333333333335
580	2820.3333333333335
590	2561.1666666666665
600	2578.8333333333335
610	2579.3333333333335
620	2699.1666666666665
630	2596.8333333333335
640	2603.6666666666665
650	2875.0
660	2816.0
670	2912.5
680	2821.5
690	2548.6666666666665
700	2634.1666666666665
710	2655.0
720	2946.6666666666665
730	2784.8333333333335
740	2872.3333333333335
750	2734.8333333333335
760	2511.6666666666665
770	2838.8333333333335
780	2581.3333333333335
790	2908.6666666666665
800	2652.3333333333335
810	2625.0
820	2835.0
830	2888.8333333333335
840	2733.5
850	3065.8333333333335
860	2983.3333333333335
870	2837.6666666666665
880	2754.1666666666665
890	2952.1666666666665
900	2787.6666666666665
910	2889.1666666666665
920	2936.1666666666665
930	2949.5
940	2884.0
950	2683.6666666666665
960	2908.0
970	3012.3333333333335
980	2797.3333333333335
990	2917.1666666666665
1000	3134.5
1010	2647.3333333333335
1020	2577.1666666666665
1030	2914.1666666666665
1040	2738.3333333333335
1050	3031.0
1060	2871.1666666666665
1070	3214.1666666666665
1080	3139.0
1090	3121.1666666666665
1100	3067.0
1110	2850.3333333333335
1120	2791.1666666666665
1130	3133.8333333333335
1140	2987.6666666666665
1150	2940.0
1160	3155.1666666666665
1170	3021.3333333333335
1180	2960.6666666666665
1190	3297.6666666666665
1200	3089.5
1210	3458.1666666666665
1220	2872.6666666666665
1230	2987.0
1240	3092.6666666666665
1250	3484.3333333333335
1260	3105.5
1270	3484.1666666666665
1280	3229.6666666666665
1290	3341.1666666666665
1300	3266.5
1310	3172.1666666666665
1320	3425.3333333333335
1330	3126.1666666666665
1340	3686.6666666666665
1350	3097.8333333333335
1360	3117.1666666666665
1370	3915.3333333333335
1380	3357.5
1390	3316.0
1400	3217.6666666666665
1410	2983.6666666666665
1420	3263.8333333333335
1430	3418.3333333333335
1440	2988.6666666666665
1450	3109.0
1460	3182.6666666666665
1470	3081.0
1480	3344.5
1490	3584.8333333333335
1500	3327.3333333333335
1510	3343.0
1520	3191.5
1530	2971.3333333333335
1540	3195.1666666666665
1550	3287.3333333333335
1560	3363.0
1570	3719.1666666666665
1580	3728.1666666666665
1590	3426.6666666666665
1600	3595.6666666666665
1610	3419.3333333333335
1620	3204.8333333333335
1630	3301.3333333333335
1640	3170.6666666666665
1650	3317.6666666666665
1660	3265.6666666666665
1670	3627.6666666666665
1680	3665.0
1690	3313.8333333333335
1700	3404.3333333333335
1710	3770.8333333333335
1720	3494.8333333333335
1730	3673.0
1740	3183.8333333333335
1750	3460.1666666666665
1760	3410.5
1770	3692.0
1780	3787.6666666666665
1790	3693.6666666666665
1800	3316.1666666666665
1810	3433.1666666666665
1820	3445.8333333333335
1830	3607.5
1840	3411.6666666666665
1850	3695.0
1860	3682.6666666666665
1870	3483.1666666666665
1880	3376.8333333333335
1890	3750.0
1900	3307.6666666666665
1910	3840.3333333333335
1920	3594.3333333333335
1930	3501.3333333333335
1940	3667.0
1950	3739.6666666666665
1960	3702.1666666666665
1970	3498.8333333333335
1980	3743.8333333333335
1990	3799.6666666666665
2000	3782.8333333333335
