0	276.3333333333333
10	2037.0
20	2111.6666666666665
30	2058.0
40	1921.6666666666667
50	2005.0
60	2100.8333333333335
70	2064.0
80	2201.6666666666665
90	2258.8333333333335
100	1999.3333333333333
110	2162.1666666666665
120	2137.5
130	2298.0
140	2093.8333333333335
150	2026.6666666666667
160	2360.8333333333335
170	2255.8333333333335
180	2297.6666666666665
190	2323.6666666666665
200	2260.3333333333335
210	2443.8333333333335
220	2233.3333333333335
230	2381.1666666666665
240	2443.8333333333335
250	2291.1666666666665
260	2159.3333333333335
270	2301.3333333333335
280	2338.6666666666665
290	2318.8333333333335
300	2381.6666666666665
310	2380.6666666666665
320	2573.6666666666665
330	2468.6666666666665
340	2681.8333333333335
350	2369.6666666666665
360	2553.5
370	2485.0
380	2437.3333333333335
390	2654.3333333333335
400	2362.6666666666665
410	2586.0
420	2451.8333333333335
430	2788.1666666666665
440	2284.1666666666665
450	2351.3333333333335
460	2550.8333333333335
470	2486.0
480	2479.3333333333335
490	2501.6666666666665
500	2505.1666666666665
510	2611.3333333333335
520	2530.0
530	2746.8333333333335
540	2456.5
550	2633.6666666666665
560	2681.3333333333335
570	2289.0
580	2599.5
590	2460.3333333333335
600	2459.0
610	2523.5
620	2744.5
630	2714.6666666666665
640	2324.1666666666665
650	2367.8333333333335
660	2910.5
670	2580.3333333333335
680	2722.0
690	2611.6666666666665
700	2572.3333333333335
710	2717.8333333333335
720	2813.5
730	2836.0
740	2635.8333333333335
750	2691.0
760	2876.6666666666665
770	2873.5
780	2821.0
790	2665.5
800	2810.6666666666665
810	2768.6666666666665
820	2675.0
830	2603.3333333333335
840	2939.0
850	2785.8333333333335
860	2777.8333333333335
870	2853.5
880	2355.3333333333335
890	2728.5
900	3019.6666666666665
910	3077.0
920	2838.0
930	3026.0
940	3206.5
950	2850.3333333333335
960	2795.5
970	2969.8333333333335
980	3043.0
990	2870.1666666666665
1000	2798.6666666666665
1010	2877.3333333333335
1020	2750.0
1030	3053.1666666666665
1040	2870.1666666666665
1050	3057.3333333333335
1060	2835.8333333333335
1070	3202.0
1080	3118.6666666666665
1090	2997.3333333333335
1100	3009.3333333333335
1110	3190.6666666666665
1120	3082.3333333333335
1130	3125.3333333333335
1140	3115.3333333333335
1150	3289.6666666666665
1160	3096.5
1170	3179.6666666666665
1180	3203.3333333333335
1190	3159.8333333333335
1200	3160.6666666666665
1210	3055.1666666666665
1220	2791.1666666666665
1230	3257.5
1240	3114.5
1250	2958.1666666666665
1260	3279.1666666666665
1270	2964.5
1280	3283.8333333333335
1290	3066.8333333333335
1300	3247.5
1310	2658.1666666666665
1320	3311.6666666666665
1330	3114.6666666666665
1340	3383.0
1350	3535.8333333333335
1360	3476.8333333333335
1370	3530.1666666666665
1380	3116.3333333333335
1390	3133.1666666666665
1400	3303.5
1410	3584.3333333333335
1420	3240.5
1430	3300.0
1440	3300.3333333333335
1450	3183.1666666666665
1460	3063.0
1470	3248.0
1480	3396.0
1490	3334.8333333333335
1500	3496.1666666666665
1510	3482.1666666666665
1520	3072.5
1530	3520.5
1540	3368.1666666666665
1550	3832.8333333333335
1560	3481.1666666666665
1570	3542.1666666666665
1580	3658.1666666666665
1590	3310.1666666666665
1600	3817.5
1610	3816.3333333333335
1620	3622.8333333333335
1630	3444.1666666666665
1640	3630.6666666666665
1650	3595.0
1660	3705.1666666666665
1670	3619.0
1680	3283.8333333333335
1690	3270.5
1700	3591.3333333333335
1710	3456.0
1720	3653.5
1730	3557.8333333333335
1740	3903.8333333333335
1750	3510.8333333333335
1760	3242.0
1770	3440.5
1780	3976.5
1790	3180.0
1800	3892.8333333333335
1810	3554.1666666666665
1820	3332.1666666666665
1830	3606.1666666666665
1840	3422.0
1850	3464.3333333333335
1860	3582.1666666666665
1870	3585.5
1880	3678.3333333333335
1890	3683.1666666666665
1900	3396.0
1910	3540.0
1920	3679.6666666666665
1930	3701.0
1940	3692.5
1950	3880.6666666666665
1960	3651.8333333333335
1970	3652.3333333333335
1980	3393.3333333333335
1990	3424.5
2000	3614.3333333333335
