0	272.0	0.0	0.0	0.0	0.0	0.0	0.0
10	97.0	146.0	205.0	34.0	113.0	1.0	33.0
20	140.0	312.0	340.0	94.0	229.0	4.0	83.0
30	104.66666666666667	366.0	495.0	250.0	140.0	19.0	226.0
40	107.0	176.0	634.0	143.0	70.0	26.0	106.0
50	256.0	0.0	0.0	0.0	0.0	0.0	0.0
60	269.0	0.0	0.0	0.0	0.0	0.0	0.0
70	1885.6666666666667	0.0	0.0	0.0	0.0	0.0	0.0
80	1920.3333333333333	0.0	0.0	0.0	0.0	0.0	0.0
90	2007.3333333333333	0.0	0.0	0.0	0.0	0.0	0.0
100	2284.3333333333335	0.0	0.0	0.0	0.0	0.0	0.0
110	2345.5	0.0	0.0	0.0	0.0	0.0	0.0
120	2183.8333333333335	0.0	0.0	0.0	0.0	0.0	0.0
130	2152.1666666666665	0.0	0.0	0.0	0.0	0.0	0.0
140	2346.3333333333335	0.0	0.0	0.0	0.0	0.0	0.0
150	2239.1666666666665	0.0	0.0	0.0	0.0	0.0	0.0
160	2035.0	0.0	0.0	0.0	0.0	0.0	0.0
170	2389.3333333333335	0.0	0.0	0.0	0.0	0.0	0.0
180	2425.6666666666665	0.0	0.0	0.0	0.0	0.0	0.0
190	2244.5	0.0	0.0	0.0	0.0	0.0	0.0
200	2453.6666666666665	0.0	0.0	0.0	0.0	0.0	0.0
210	2075.8333333333335	0.0	0.0	0.0	0.0	0.0	0.0
220	2535.6666666666665	0.0	0.0	0.0	0.0	0.0	0.0
230	2362.0	0.0	0.0	0.0	0.0	0.0	0.0
240	2604.1666666666665	0.0	0.0	0.0	0.0	0.0	0.0
250	2478.6666666666665	0.0	0.0	0.0	0.0	0.0	0.0
260	2458.6666666666665	0.0	0.0	0.0	0.0	0.0	0.0
270	2494.3333333333335	0.0	0.0	0.0	0.0	0.0	0.0
280	2613.1666666666665	0.0	0.0	0.0	0.0	0.0	0.0
290	2360.1666666666665	0.0	0.0	0.0	0.0	0.0	0.0
300	2420.6666666666665	0.0	0.0	0.0	0.0	0.0	0.0
310	2428.3333333333335	0.0	0.0	0.0	0.0	0.0	0.0
320	2183.3333333333335	0.0	0.0	0.0	0.0	0.0	0.0
330	2171.0	0.0	0.0	0.0	0.0	0.0	0.0
340	1456.1666666666667	0.0	0.0	0.0	0.0	0.0	0.0
350	1206.0	0.0	0.0	0.0	0.0	0.0	0.0
360	1271.8333333333333	0.0	0.0	0.0	0.0	0.0	0.0
370	1358.6666666666667	0.0	0.0	0.0	0.0	0.0	0.0
380	1348.6666666666667	0.0	0.0	0.0	0.0	0.0	0.0
390	1660.1666666666667	0.0	0.0	0.0	0.0	0.0	0.0
400	2156.1666666666665	0.0	0.0	0.0	0.0	0.0	0.0
410	1982.3333333333333	0.0	0.0	0.0	0.0	0.0	0.0
420	2068.3333333333335	0.0	0.0	0.0	0.0	0.0	0.0
430	1173.3333333333333	0.0	0.0	0.0	0.0	0.0	0.0
440	2175.3333333333335	0.0	0.0	0.0	0.0	0.0	0.0
450	2232.3333333333335	0.0	0.0	0.0	0.0	0.0	0.0
460	2214.0	0.0	0.0	0.0	0.0	0.0	0.0
470	2588.3333333333335	0.0	0.0	0.0	0.0	0.0	0.0
480	2313.3333333333335	0.0	0.0	0.0	0.0	0.0	0.0
490	2571.6666666666665	0.0	0.0	0.0	0.0	0.0	0.0
500	2382.5	0.0	0.0	0.0	0.0	0.0	0.0
510	2443.6666666666665	0.0	0.0	0.0	0.0	0.0	0.0
520	2345.1666666666665	0.0	0.0	0.0	0.0	0.0	0.0
530	2392.3333333333335	0.0	0.0	0.0	0.0	0.0	0.0
540	2293.6666666666665	0.0	0.0	0.0	0.0	0.0	0.0
550	2283.3333333333335	0.0	0.0	0.0	0.0	0.0	0.0
560	2418.3333333333335	0.0	0.0	0.0	0.0	0.0	0.0
570	2574.3333333333335	0.0	0.0	0.0	0.0	0.0	0.0
580	2561.5	0.0	0.0	0.0	0.0	0.0	0.0
590	2747.0	0.0	0.0	0.0	0.0	0.0	0.0
600	2250.0	0.0	0.0	0.0	0.0	0.0	0.0
610	2318.5	0.0	0.0	0.0	0.0	0.0	0.0
620	2269.3333333333335	0.0	0.0	0.0	0.0	0.0	0.0
630	2349.0	0.0	0.0	0.0	0.0	0.0	0.0
640	2170.8333333333335	0.0	0.0	0.0	0.0	0.0	0.0
650	2564.0	0.0	0.0	0.0	0.0	0.0	0.0
660	2486.3333333333335	0.0	0.0	0.0	0.0	0.0	0.0
670	1835.5	0.0	0.0	0.0	0.0	0.0	0.0
680	2047.3333333333333	0.0	0.0	0.0	0.0	0.0	0.0
690	2003.1666666666667	0.0	0.0	0.0	0.0	0.0	0.0
700	1932.6666666666667	0.0	0.0	0.0	0.0	0.0	0.0
710	2265.3333333333335	0.0	0.0	0.0	0.0	0.0	0.0
720	2144.0	0.0	0.0	0.0	0.0	0.0	0.0
730	1845.6666666666667	0.0	0.0	0.0	0.0	0.0	0.0
740	1858.1666666666667	0.0	0.0	0.0	0.0	0.0	0.0
750	2555.6666666666665	0.0	0.0	0.0	0.0	0.0	0.0
760	2121.5	0.0	0.0	0.0	0.0	0.0	0.0
770	2340.6666666666665	0.0	0.0	0.0	0.0	0.0	0.0
780	2464.1666666666665	0.0	0.0	0.0	0.0	0.0	0.0
790	2397.0	0.0	0.0	0.0	0.0	0.0	0.0
800	1737.0	0.0	0.0	0.0	0.0	0.0	0.0
810	1907.5	0.0	0.0	0.0	0.0	0.0	0.0
820	2276.3333333333335	0.0	0.0	0.0	0.0	0.0	0.0
830	1893.8333333333333	0.0	0.0	0.0	0.0	0.0	0.0
840	2305.1666666666665	0.0	0.0	0.0	0.0	0.0	0.0
850	2628.0	0.0	0.0	0.0	0.0	0.0	0.0
860	2538.6666666666665	0.0	0.0	0.0	0.0	0.0	0.0
870	2441.3333333333335	0.0	0.0	0.0	0.0	0.0	0.0
880	2704.3333333333335	0.0	0.0	0.0	0.0	0.0	0.0
890	2455.6666666666665	0.0	0.0	0.0	0.0	0.0	0.0
900	2399.8333333333335	0.0	0.0	0.0	0.0	0.0	0.0
910	2450.6666666666665	0.0	0.0	0.0	0.0	0.0	0.0
920	1649.8333333333333	0.0	0.0	0.0	0.0	0.0	0.0
930	1915.3333333333333	0.0	0.0	0.0	0.0	0.0	0.0
940	2379.3333333333335	0.0	0.0	0.0	0.0	0.0	0.0
950	1775.3333333333333	0.0	0.0	0.0	0.0	0.0	0.0
960	2017.3333333333333	0.0	0.0	0.0	0.0	0.0	0.0
970	2201.3333333333335	0.0	0.0	0.0	0.0	0.0	0.0
980	1742.0	0.0	0.0	0.0	0.0	0.0	0.0
990	1853.3333333333333	0.0	0.0	0.0	0.0	0.0	0.0
1000	2213.6666666666665	0.0	0.0	0.0	0.0	0.0	0.0
