0	260.0	0.0	0.0	0.0	0.0	0.0	0.0
10	70.0	195.0	203.0	35.0	183.0	15.0	12.0
20	91.66666666666667	306.0	270.0	95.0	219.0	1.0	87.0
30	143.66666666666666	198.0	761.0	119.0	110.0	25.0	88.0
40	806.3333333333334	249.0	435.0	203.0	77.0	23.0	172.0
50	178.0	52.0	88.0	51.0	8.0	2.0	44.0
60	1769.6666666666667	0.0	0.0	0.0	0.0	0.0	0.0
70	1887.0	0.0	0.0	0.0	0.0	0.0	0.0
80	2035.8333333333333	0.0	0.0	0.0	0.0	0.0	0.0
90	2424.8333333333335	0.0	0.0	0.0	0.0	0.0	0.0
100	2359.3333333333335	0.0	0.0	0.0	0.0	0.0	0.0
110	2395.1666666666665	0.0	0.0	0.0	0.0	0.0	0.0
120	2197.8333333333335	0.0	0.0	0.0	0.0	0.0	0.0
130	2108.1666666666665	0.0	0.0	0.0	0.0	0.0	0.0
140	2252.3333333333335	0.0	0.0	0.0	0.0	0.0	0.0
150	1981.0	0.0	0.0	0.0	0.0	0.0	0.0
160	2363.0	0.0	0.0	0.0	0.0	0.0	0.0
170	2382.3333333333335	0.0	0.0	0.0	0.0	0.0	0.0
180	2200.5	0.0	0.0	0.0	0.0	0.0	0.0
190	2074.0	0.0	0.0	0.0	0.0	0.0	0.0
200	2298.5	0.0	0.0	0.0	0.0	0.0	0.0
210	2285.5	0.0	0.0	0.0	0.0	0.0	0.0
220	2442.6666666666665	0.0	0.0	0.0	0.0	0.0	0.0
230	2419.3333333333335	0.0	0.0	0.0	0.0	0.0	0.0
240	2413.1666666666665	0.0	0.0	0.0	0.0	0.0	0.0
250	1791.3333333333333	0.0	0.0	0.0	0.0	0.0	0.0
260	2300.0	0.0	0.0	0.0	0.0	0.0	0.0
270	2368.6666666666665	0.0	0.0	0.0	0.0	0.0	0.0
280	2486.0	0.0	0.0	0.0	0.0	0.0	0.0
290	2286.6666666666665	0.0	0.0	0.0	0.0	0.0	0.0
300	1638.0	0.0	0.0	0.0	0.0	0.0	0.0
310	1955.6666666666667	0.0	0.0	0.0	0.0	0.0	0.0
320	1650.6666666666667	0.0	0.0	0.0	0.0	0.0	0.0
330	1793.3333333333333	0.0	0.0	0.0	0.0	0.0	0.0
340	2161.3333333333335	0.0	0.0	0.0	0.0	0.0	0.0
350	1820.0	0.0	0.0	0.0	0.0	0.0	0.0
360	1994.3333333333333	0.0	0.0	0.0	0.0	0.0	0.0
370	1822.6666666666667	0.0	0.0	0.0	0.0	0.0	0.0
380	2180.0	0.0	0.0	0.0	0.0	0.0	0.0
390	1897.0	0.0	0.0	0.0	0.0	0.0	0.0
400	2315.1666666666665	0.0	0.0	0.0	0.0	0.0	0.0
410	2343.5	0.0	0.0	0.0	0.0	0.0	0.0
420	1757.8333333333333	0.0	0.0	0.0	0.0	0.0	0.0
430	2381.3333333333335	0.0	0.0	0.0	0.0	0.0	0.0
440	1864.8333333333333	0.0	0.0	0.0	0.0	0.0	0.0
450	2214.8333333333335	0.0	0.0	0.0	0.0	0.0	0.0
460	2002.5	0.0	0.0	0.0	0.0	0.0	0.0
470	2383.1666666666665	0.0	0.0	0.0	0.0	0.0	0.0
480	1818.0	0.0	0.0	0.0	0.0	0.0	0.0
490	1897.0	0.0	0.0	0.0	0.0	0.0	0.0
500	2050.5	0.0	0.0	0.0	0.0	0.0	0.0
510	2101.0	0.0	0.0	0.0	0.0	0.0	0.0
520	2244.0	0.0	0.0	0.0	0.0	0.0	0.0
530	1688.0	0.0	0.0	0.0	0.0	0.0	0.0
540	1956.6666666666667	0.0	0.0	0.0	0.0	0.0	0.0
550	2340.8333333333335	0.0	0.0	0.0	0.0	0.0	0.0
560	1976.0	0.0	0.0	0.0	0.0	0.0	0.0
570	1955.6666666666667	0.0	0.0	0.0	0.0	0.0	0.0
580	1810.1666666666667	0.0	0.0	0.0	0.0	0.0	0.0
590	1644.0	0.0	0.0	0.0	0.0	0.0	0.0
600	2064.5	0.0	0.0	0.0	0.0	0.0	0.0
610	1853.0	0.0	0.0	0.0	0.0	0.0	0.0
620	1743.1666666666667	0.0	0.0	0.0	0.0	0.0	0.0
630	1948.0	0.0	0.0	0.0	0.0	0.0	0.0
640	1843.5	0.0	0.0	0.0	0.0	0.0	0.0
650	2155.1666666666665	0.0	0.0	0.0	0.0	0.0	0.0
660	2270.6666666666665	0.0	0.0	0.0	0.0	0.0	0.0
670	2054.8333333333335	0.0	0.0	0.0	0.0	0.0	0.0
680	2446.1666666666665	0.0	0.0	0.0	0.0	0.0	0.0
690	2444.6666666666665	0.0	0.0	0.0	0.0	0.0	0.0
700	2219.1666666666665	0.0	0.0	0.0	0.0	0.0	0.0
710	2405.8333333333335	0.0	0.0	0.0	0.0	0.0	0.0
720	2533.0	0.0	0.0	0.0	0.0	0.0	0.0
730	2504.5	0.0	0.0	0.0	0.0	0.0	0.0
740	2430.8333333333335	0.0	0.0	0.0	0.0	0.0	0.0
750	2130.8333333333335	0.0	0.0	0.0	0.0	0.0	0.0
760	2056.1666666666665	0.0	0.0	0.0	0.0	0.0	0.0
770	2200.5	0.0	0.0	0.0	0.0	0.0	0.0
780	1902.0	0.0	0.0	0.0	0.0	0.0	0.0
790	2424.8333333333335	0.0	0.0	0.0	0.0	0.0	0.0
800	2014.0	0.0	0.0	0.0	0.0	0.0	0.0
810	2113.3333333333335	0.0	0.0	0.0	0.0	0.0	0.0
820	1922.0	0.0	0.0	0.0	0.0	0.0	0.0
830	1888.0	0.0	0.0	0.0	0.0	0.0	0.0
840	2367.1666666666665	0.0	0.0	0.0	0.0	0.0	0.0
850	2401.8333333333335	0.0	0.0	0.0	0.0	0.0	0.0
860	2292.6666666666665	0.0	0.0	0.0	0.0	0.0	0.0
870	2578.6666666666665	0.0	0.0	0.0	0.0	0.0	0.0
880	2274.3333333333335	0.0	0.0	0.0	0.0	0.0	0.0
890	2473.3333333333335	0.0	0.0	0.0	0.0	0.0	0.0
900	2445.6666666666665	0.0	0.0	0.0	0.0	0.0	0.0
910	2745.3333333333335	0.0	0.0	0.0	0.0	0.0	0.0
920	2457.6666666666665	0.0	0.0	0.0	0.0	0.0	0.0
930	2582.0	0.0	0.0	0.0	0.0	0.0	0.0
940	2534.8333333333335	0.0	0.0	0.0	0.0	0.0	0.0
950	2519.3333333333335	0.0	0.0	0.0	0.0	0.0	0.0
960	2435.3333333333335	0.0	0.0	0.0	0.0	0.0	0.0
970	2501.1666666666665	0.0	0.0	0.0	0.0	0.0	0.0
980	2400.8333333333335	0.0	0.0	0.0	0.0	0.0	0.0
990	2301.5	0.0	0.0	0.0	0.0	0.0	0.0
1000	2290.0	0.0	0.0	0.0	0.0	0.0	0.0
