0	257.74444444444447	0.0
10	1995.0333333333333	342.1333333333333
20	1956.1166666666672	325.03333333333336
30	1989.3000000000002	219.73333333333332
40	2054.6222222222223	96.93333333333334
50	2079.833333333333	15.166666666666666
60	2083.366666666667	1.0
70	2122.1388888888887	0.0
80	2110.0722222222225	0.0
90	2122.116666666667	0.0
100	2139.1722222222224	0.0
110	2163.4666666666667	0.0
120	2211.6944444444443	0.0
130	2222.7166666666662	0.0
140	2237.3666666666672	0.0
150	2272.061111111111	0.0
160	2269.522222222223	0.0
170	2274.7055555555553	0.0
180	2308.155555555555	0.0
190	2289.755555555555	0.0
200	2295.7722222222224	0.0
210	2395.022222222222	0.0
220	2344.7944444444443	0.0
230	2428.6833333333334	0.0
240	2384.5333333333333	0.0
250	2397.755555555556	0.0
260	2441.244444444444	0.0
270	2440.1499999999996	0.0
280	2479.983333333333	0.0
290	2455.122222222223	0.0
300	2440.472222222222	0.0
310	2501.216666666667	0.0
320	2498.5833333333335	0.0
330	2537.4055555555556	0.0
340	2508.872222222222	0.0
350	2547.133333333333	0.0
360	2497.3166666666666	0.0
370	2572.4333333333334	0.0
380	2506.0777777777776	0.0
390	2571.433333333334	0.0
400	2625.477777777778	0.0
410	2613.2055555555557	0.0
420	2578.116666666667	0.0
430	2622.983333333333	0.0
440	2665.8055555555557	0.0
450	2613.077777777778	0.0
460	2665.7722222222214	0.0
470	2650.3055555555557	0.0
480	2664.527777777778	0.0
490	2702.683333333333	0.0
500	2668.5500000000006	0.0
510	2718.494444444444	0.0
520	2665.2777777777787	0.0
530	2652.488888888888	0.0
540	2695.4222222222224	0.0
550	2653.527777777777	0.0
560	2708.355555555556	0.0
570	2702.166666666666	0.0
580	2728.444444444445	0.0
590	2794.555555555555	0.0
600	2759.338888888889	0.0
610	2784.538888888888	0.0
620	2736.2277777777776	0.0
630	2752.0	0.0
640	2771.6055555555563	0.0
650	2773.477777777778	0.0
660	2759.1277777777777	0.0
670	2796.444444444444	0.0
680	2757.5777777777776	0.0
690	2763.722222222222	0.0
700	2785.733333333334	0.0
710	2801.5111111111105	0.0
720	2853.0722222222225	0.0
730	2820.3277777777785	0.0
740	2830.022222222223	0.0
750	2845.6111111111113	0.0
760	2858.8666666666672	0.0
770	2833.1277777777773	0.0
780	2861.366666666667	0.0
790	2891.983333333333	0.0
800	2834.605555555555	0.0
810	2864.511111111111	0.0
820	2833.2388888888886	0.0
830	2869.3111111111116	0.0
840	2849.577777777778	0.0
850	2945.0277777777783	0.0
860	2894.7944444444447	0.0
870	2921.872222222222	0.0
880	2903.2999999999997	0.0
890	2949.727777777778	0.0
900	2906.805555555555	0.0
910	2934.1833333333334	0.0
920	2948.755555555555	0.0
930	2985.088888888889	0.0
940	2930.561111111111	0.0
950	2999.694444444445	0.0
960	2997.833333333334	0.0
970	2966.3611111111113	0.0
980	2966.4722222222213	0.0
990	3042.988888888888	0.0
1000	3031.122222222222	0.0
