0	237.33333333333334	0.0
10	1881.1666666666667	272.0
20	1707.1666666666667	151.0
30	2009.1666666666667	384.0
40	1830.0	193.0
50	2080.0	0.0
60	2029.5	0.0
70	1964.0	0.0
80	2100.0	0.0
90	2201.0	0.0
100	2127.1666666666665	0.0
110	2301.5	0.0
120	2147.5	0.0
130	1925.5	0.0
140	1968.6666666666667	0.0
150	2229.3333333333335	0.0
160	2227.5	0.0
170	2246.1666666666665	0.0
180	2327.1666666666665	0.0
190	2073.0	0.0
200	2263.3333333333335	0.0
210	2401.1666666666665	0.0
220	2461.8333333333335	0.0
230	2323.5	0.0
240	2278.8333333333335	0.0
250	2389.0	0.0
260	2257.5	0.0
270	2505.1666666666665	0.0
280	2595.3333333333335	0.0
290	2394.1666666666665	0.0
300	2623.5	0.0
310	2690.0	0.0
320	2550.1666666666665	0.0
330	2246.5	0.0
340	2583.5	0.0
350	2638.0	0.0
360	2457.6666666666665	0.0
370	2582.5	0.0
380	2529.1666666666665	0.0
390	2456.8333333333335	0.0
400	2568.1666666666665	0.0
410	2755.3333333333335	0.0
420	2690.6666666666665	0.0
430	2684.5	0.0
440	2858.8333333333335	0.0
450	2707.8333333333335	0.0
460	2427.5	0.0
470	2668.5	0.0
480	2363.3333333333335	0.0
490	2747.3333333333335	0.0
500	2600.0	0.0
510	2545.0	0.0
520	2741.3333333333335	0.0
530	2959.1666666666665	0.0
540	2703.6666666666665	0.0
550	2527.6666666666665	0.0
560	2660.5	0.0
570	2184.6666666666665	0.0
580	2769.8333333333335	0.0
590	2584.6666666666665	0.0
600	2726.6666666666665	0.0
610	2439.6666666666665	0.0
620	2431.3333333333335	0.0
630	2661.1666666666665	0.0
640	2577.1666666666665	0.0
650	2752.3333333333335	0.0
660	2744.3333333333335	0.0
670	3002.5	0.0
680	2595.6666666666665	0.0
690	2845.0	0.0
700	2833.5	0.0
710	2722.6666666666665	0.0
720	2922.6666666666665	0.0
730	2469.3333333333335	0.0
740	2880.0	0.0
750	3099.6666666666665	0.0
760	2915.8333333333335	0.0
770	2606.8333333333335	0.0
780	2910.1666666666665	0.0
790	2817.3333333333335	0.0
800	3008.6666666666665	0.0
810	3019.8333333333335	0.0
820	2948.1666666666665	0.0
830	3157.1666666666665	0.0
840	2723.3333333333335	0.0
850	2969.8333333333335	0.0
860	2764.5	0.0
870	2752.3333333333335	0.0
880	2583.1666666666665	0.0
890	2978.8333333333335	0.0
900	2649.6666666666665	0.0
910	2879.1666666666665	0.0
920	2854.3333333333335	0.0
930	2946.6666666666665	0.0
940	2713.8333333333335	0.0
950	3013.6666666666665	0.0
960	2912.0	0.0
970	3061.5	0.0
980	3189.3333333333335	0.0
990	3112.1666666666665	0.0
1000	2857.5	0.0
