0	256.0	0.0
10	1899.8333333333333	375.0
20	2090.3333333333335	522.0
30	2008.0	103.0
40	2060.0	0.0
50	2010.8333333333333	0.0
60	1985.6666666666667	0.0
70	1989.0	0.0
80	1964.1666666666667	0.0
90	2058.1666666666665	0.0
100	2040.5	0.0
110	2167.5	0.0
120	2226.0	0.0
130	2059.0	0.0
140	2360.8333333333335	0.0
150	2340.3333333333335	0.0
160	2273.8333333333335	0.0
170	2400.3333333333335	0.0
180	2577.0	0.0
190	2346.6666666666665	0.0
200	2410.5	0.0
210	2325.6666666666665	0.0
220	2405.6666666666665	0.0
230	2387.5	0.0
240	2223.8333333333335	0.0
250	2419.5	0.0
260	2332.8333333333335	0.0
270	2268.5	0.0
280	2328.0	0.0
290	2409.0	0.0
300	2474.3333333333335	0.0
310	2376.3333333333335	0.0
320	2698.5	0.0
330	2473.8333333333335	0.0
340	2679.3333333333335	0.0
350	2725.8333333333335	0.0
360	2554.5	0.0
370	2490.3333333333335	0.0
380	2199.8333333333335	0.0
390	2571.8333333333335	0.0
400	2614.0	0.0
410	2515.0	0.0
420	2670.5	0.0
430	2624.8333333333335	0.0
440	2625.3333333333335	0.0
450	2647.1666666666665	0.0
460	2394.3333333333335	0.0
470	2381.5	0.0
480	2837.0	0.0
490	2611.6666666666665	0.0
500	2708.0	0.0
510	2565.5	0.0
520	2444.5	0.0
530	2724.1666666666665	0.0
540	2504.5	0.0
550	2852.5	0.0
560	2588.3333333333335	0.0
570	2757.8333333333335	0.0
580	2563.0	0.0
590	2608.3333333333335	0.0
600	2771.0	0.0
610	2743.1666666666665	0.0
620	2619.6666666666665	0.0
630	2656.3333333333335	0.0
640	2802.0	0.0
650	2901.0	0.0
660	3061.0	0.0
670	3006.0	0.0
680	2878.6666666666665	0.0
690	2560.1666666666665	0.0
700	2748.6666666666665	0.0
710	2698.6666666666665	0.0
720	2923.3333333333335	0.0
730	2746.1666666666665	0.0
740	2875.0	0.0
750	2875.1666666666665	0.0
760	2857.1666666666665	0.0
770	2741.6666666666665	0.0
780	2703.0	0.0
790	3070.3333333333335	0.0
800	2984.6666666666665	0.0
810	2598.5	0.0
820	2882.5	0.0
830	2901.8333333333335	0.0
840	2955.0	0.0
850	2680.8333333333335	0.0
860	2970.0	0.0
870	2924.5	0.0
880	2958.5	0.0
890	2979.6666666666665	0.0
900	2659.3333333333335	0.0
910	3050.0	0.0
920	2886.0	0.0
930	3040.0	0.0
940	3122.8333333333335	0.0
950	3065.1666666666665	0.0
960	3155.0	0.0
970	2916.6666666666665	0.0
980	2798.1666666666665	0.0
990	2921.0	0.0
1000	2793.1666666666665	0.0
