0	235.33333333333334	0.0
10	2068.5	1000.0
20	2101.1666666666665	0.0
30	2098.0	0.0
40	1989.3333333333333	0.0
50	1953.6666666666667	0.0
60	2037.1666666666667	0.0
70	2009.0	0.0
80	2054.1666666666665	0.0
90	2066.8333333333335	0.0
100	2025.0	0.0
110	2299.3333333333335	0.0
120	2204.0	0.0
130	2102.8333333333335	0.0
140	2112.0	0.0
150	2322.1666666666665	0.0
160	2228.1666666666665	0.0
170	2256.6666666666665	0.0
180	2267.8333333333335	0.0
190	2233.1666666666665	0.0
200	2414.3333333333335	0.0
210	2334.1666666666665	0.0
220	2195.3333333333335	0.0
230	2439.3333333333335	0.0
240	2218.8333333333335	0.0
250	2290.8333333333335	0.0
260	2309.5	0.0
270	2513.0	0.0
280	2431.1666666666665	0.0
290	2420.0	0.0
300	2382.1666666666665	0.0
310	2363.8333333333335	0.0
320	2517.3333333333335	0.0
330	2571.8333333333335	0.0
340	2282.6666666666665	0.0
350	2251.1666666666665	0.0
360	2588.1666666666665	0.0
370	2441.8333333333335	0.0
380	2519.6666666666665	0.0
390	2746.3333333333335	0.0
400	2361.0	0.0
410	2423.1666666666665	0.0
420	2695.8333333333335	0.0
430	2662.1666666666665	0.0
440	2508.6666666666665	0.0
450	2343.3333333333335	0.0
460	2508.6666666666665	0.0
470	2446.6666666666665	0.0
480	2566.6666666666665	0.0
490	2642.6666666666665	0.0
500	2484.8333333333335	0.0
510	2530.0	0.0
520	2421.8333333333335	0.0
530	2543.0	0.0
540	2714.8333333333335	0.0
550	2531.8333333333335	0.0
560	2421.5	0.0
570	2483.1666666666665	0.0
580	2349.6666666666665	0.0
590	2419.5	0.0
600	2662.3333333333335	0.0
610	2651.5	0.0
620	2551.1666666666665	0.0
630	2859.8333333333335	0.0
640	2451.6666666666665	0.0
650	2602.6666666666665	0.0
660	2625.8333333333335	0.0
670	2289.1666666666665	0.0
680	2515.5	0.0
690	2544.5	0.0
700	2785.1666666666665	0.0
710	2636.8333333333335	0.0
720	2684.0	0.0
730	2505.1666666666665	0.0
740	2723.0	0.0
750	2620.1666666666665	0.0
760	2434.6666666666665	0.0
770	2572.8333333333335	0.0
780	2423.5	0.0
790	2788.3333333333335	0.0
800	2724.8333333333335	0.0
810	2490.5	0.0
820	2555.0	0.0
830	2449.1666666666665	0.0
840	2772.5	0.0
850	2709.0	0.0
860	2968.1666666666665	0.0
870	2569.6666666666665	0.0
880	2447.3333333333335	0.0
890	2851.8333333333335	0.0
900	2530.1666666666665	0.0
910	2567.6666666666665	0.0
920	2776.6666666666665	0.0
930	2716.1666666666665	0.0
940	2965.5	0.0
950	2867.6666666666665	0.0
960	2423.0	0.0
970	3160.1666666666665	0.0
980	2875.5	0.0
990	2531.3333333333335	0.0
1000	2924.3333333333335	0.0
