0	250.09999999999994	0.0	0.0	0.0	0.0	0.0	0.0
10	70.0	15.566666666666666	49.9	3.933333333333333	14.033333333333333	2.2333333333333334	1.5333333333333334
20	70.0	10.866666666666667	50.166666666666664	3.1666666666666665	10.166666666666666	2.433333333333333	0.7
30	70.0	10.066666666666666	45.43333333333333	3.433333333333333	8.666666666666666	1.8666666666666667	1.4
40	70.0	23.333333333333332	62.266666666666666	6.333333333333333	20.266666666666666	3.0	3.066666666666667
50	70.0	13.7	49.96666666666667	4.333333333333333	11.866666666666667	2.3333333333333335	1.8333333333333333
60	70.0	18.733333333333334	58.03333333333333	4.966666666666667	16.433333333333334	2.3666666666666667	2.3
70	70.0	19.533333333333335	58.06666666666667	6.066666666666666	15.9	2.2666666666666666	3.6333333333333333
80	70.0	19.633333333333333	60.96666666666667	8.5	13.966666666666667	2.8333333333333335	5.666666666666667
90	70.0	23.133333333333333	70.46666666666667	11.033333333333333	16.0	3.9	7.133333333333334
100	70.0	17.0	64.83333333333333	7.5	12.466666666666667	2.933333333333333	4.533333333333333
110	70.0	27.933333333333334	72.7	14.066666666666666	17.766666666666666	3.8	10.166666666666666
120	70.0	22.366666666666667	66.83333333333333	8.166666666666666	17.766666666666666	3.566666666666667	4.6
130	70.0	39.36666666666667	97.1	18.6	24.3	3.033333333333333	15.066666666666666
140	70.0	17.133333333333333	60.9	9.866666666666667	9.933333333333334	2.6333333333333333	7.2
150	70.0	33.3	86.33333333333333	14.8	22.033333333333335	3.5	11.266666666666667
160	70.0	20.233333333333334	59.03333333333333	11.366666666666667	12.4	3.433333333333333	7.833333333333333
170	70.02222222222221	23.566666666666666	73.4	10.233333333333333	15.6	2.2	7.966666666666667
180	70.33333333333331	29.2	93.16666666666667	16.2	18.4	5.3	10.8
190	70.93333333333334	30.2	87.6	17.166666666666668	17.066666666666666	3.7333333333333334	13.133333333333333
200	72.01111111111109	18.666666666666668	57.666666666666664	9.833333333333334	11.866666666666667	2.8	6.8
210	74.26666666666667	36.93333333333333	84.2	24.1	16.8	3.2666666666666666	20.133333333333333
220	76.98888888888888	37.03333333333333	85.53333333333333	27.1	13.766666666666667	3.6333333333333333	23.266666666666666
230	86.7888888888889	37.53333333333333	84.36666666666666	29.5	11.433333333333334	3.1333333333333333	26.1
240	116.92222222222222	44.833333333333336	105.73333333333333	36.56666666666667	14.066666666666666	5.133333333333334	30.766666666666666
250	226.41111111111107	24.4	97.2	22.9	7.6	5.066666666666666	16.8
260	291.1555555555555	43.36666666666667	168.43333333333334	39.5	10.366666666666667	5.5	33.0
270	413.64444444444433	36.3	221.9	38.03333333333333	8.466666666666667	9.2	27.833333333333332
280	507.67222222222233	40.9	327.03333333333336	42.63333333333333	11.766666666666667	11.266666666666667	29.133333333333333
290	599.3666666666667	47.46666666666667	369.6666666666667	52.13333333333333	11.133333333333333	14.2	36.333333333333336
300	724.0111111111112	33.666666666666664	340.46666666666664	39.233333333333334	7.966666666666667	12.566666666666666	25.7
310	817.411111111111	42.0	342.56666666666666	47.46666666666667	7.4	12.2	34.6
320	924.711111111111	49.266666666666666	316.73333333333335	53.53333333333333	9.2	12.866666666666667	40.06666666666667
330	1031.1999999999998	27.7	261.73333333333335	33.86666666666667	4.5	9.933333333333334	23.2
340	1140.388888888889	28.633333333333333	212.26666666666668	30.2	5.3	6.4	23.333333333333332
350	1206.8111111111111	14.766666666666667	132.7	15.5	3.2333333333333334	3.8666666666666667	11.533333333333333
360	1288.9333333333332	11.733333333333333	101.43333333333334	12.9	2.4	3.4	9.333333333333334
370	1366.3111111111111	9.933333333333334	45.233333333333334	10.866666666666667	0.9	1.7333333333333334	9.033333333333333
380	1467.9888888888888	0.0	0.0	0.0	0.0	0.0	0.0
390	1691.5444444444447	0.0	0.0	0.0	0.0	0.0	0.0
400	1781.7777777777778	0.0	0.0	0.0	0.0	0.0	0.0
410	1913.5222222222224	0.0	0.0	0.0	0.0	0.0	0.0
420	1889.6611111111115	0.0	0.0	0.0	0.0	0.0	0.0
430	1998.111111111111	0.0	0.0	0.0	0.0	0.0	0.0
440	2079.088888888889	0.0	0.0	0.0	0.0	0.0	0.0
450	2063.7444444444445	0.0	0.0	0.0	0.0	0.0	0.0
460	2129.3500000000004	0.0	0.0	0.0	0.0	0.0	0.0
470	2180.9555555555553	0.0	0.0	0.0	0.0	0.0	0.0
480	2185.994444444444	0.0	0.0	0.0	0.0	0.0	0.0
490	2248.616666666667	0.0	0.0	0.0	0.0	0.0	0.0
500	2255.844444444445	0.0	0.0	0.0	0.0	0.0	0.0
510	2263.3277777777776	0.0	0.0	0.0	0.0	0.0	0.0
520	2272.972222222222	0.0	0.0	0.0	0.0	0.0	0.0
530	2331.1277777777777	0.0	0.0	0.0	0.0	0.0	0.0
540	2347.8166666666666	0.0	0.0	0.0	0.0	0.0	0.0
550	2375.55	0.0	0.0	0.0	0.0	0.0	0.0
560	2380.122222222222	0.0	0.0	0.0	0.0	0.0	0.0
570	2346.394444444444	0.0	0.0	0.0	0.0	0.0	0.0
580	2432.4166666666665	0.0	0.0	0.0	0.0	0.0	0.0
590	2468.2222222222217	0.0	0.0	0.0	0.0	0.0	0.0
600	2508.2111111111108	0.0	0.0	0.0	0.0	0.0	0.0
610	2504.9999999999995	0.0	0.0	0.0	0.0	0.0	0.0
620	2519.3833333333328	0.0	0.0	0.0	0.0	0.0	0.0
630	2474.6166666666672	0.0	0.0	0.0	0.0	0.0	0.0
640	2517.4222222222224	0.0	0.0	0.0	0.0	0.0	0.0
650	2534.6833333333334	0.0	0.0	0.0	0.0	0.0	0.0
660	2565.8722222222223	0.0	0.0	0.0	0.0	0.0	0.0
670	2587.1333333333328	0.0	0.0	0.0	0.0	0.0	0.0
680	2558.649999999999	0.0	0.0	0.0	0.0	0.0	0.0
690	2582.2	0.0	0.0	0.0	0.0	0.0	0.0
700	2583.0444444444443	0.0	0.0	0.0	0.0	0.0	0.0
710	2534.433333333333	0.0	0.0	0.0	0.0	0.0	0.0
720	2540.827777777778	0.0	0.0	0.0	0.0	0.0	0.0
730	2581.4777777777776	0.0	0.0	0.0	0.0	0.0	0.0
740	2522.694444444445	0.0	0.0	0.0	0.0	0.0	0.0
750	2565.7277777777776	0.0	0.0	0.0	0.0	0.0	0.0
760	2579.9222222222224	0.0	0.0	0.0	0.0	0.0	0.0
770	2561.822222222222	0.0	0.0	0.0	0.0	0.0	0.0
780	2584.744444444444	0.0	0.0	0.0	0.0	0.0	0.0
790	2577.45	0.0	0.0	0.0	0.0	0.0	0.0
800	2574.955555555556	0.0	0.0	0.0	0.0	0.0	0.0
810	2564.644444444444	0.0	0.0	0.0	0.0	0.0	0.0
820	2532.333333333334	0.0	0.0	0.0	0.0	0.0	0.0
830	2534.1222222222223	0.0	0.0	0.0	0.0	0.0	0.0
840	2573.0499999999997	0.0	0.0	0.0	0.0	0.0	0.0
850	2479.7944444444443	0.0	0.0	0.0	0.0	0.0	0.0
860	2506.7944444444443	0.0	0.0	0.0	0.0	0.0	0.0
870	2525.766666666667	0.0	0.0	0.0	0.0	0.0	0.0
880	2563.0888888888885	0.0	0.0	0.0	0.0	0.0	0.0
890	2547.761111111111	0.0	0.0	0.0	0.0	0.0	0.0
900	2543.5611111111107	0.0	0.0	0.0	0.0	0.0	0.0
910	2507.3611111111118	0.0	0.0	0.0	0.0	0.0	0.0
920	2458.333333333334	0.0	0.0	0.0	0.0	0.0	0.0
930	2502.0666666666666	0.0	0.0	0.0	0.0	0.0	0.0
940	2419.8944444444446	0.0	0.0	0.0	0.0	0.0	0.0
950	2413.461111111111	0.0	0.0	0.0	0.0	0.0	0.0
960	2315.405555555555	0.0	0.0	0.0	0.0	0.0	0.0
970	2265.7611111111114	0.0	0.0	0.0	0.0	0.0	0.0
980	2328.6944444444443	0.0	0.0	0.0	0.0	0.0	0.0
990	2298.216666666667	0.0	0.0	0.0	0.0	0.0	0.0
1000	2307.522222222222	0.0	0.0	0.0	0.0	0.0	0.0
