0	236.0	0.0	0.0	0.0	0.0	0.0	0.0
10	70.0	51.0	78.0	22.0	33.0	3.0	18.0
20	70.0	0.0	27.0	2.0	0.0	2.0	0.0
30	70.0	26.0	72.0	7.0	24.0	5.0	2.0
40	70.0	24.0	56.0	3.0	23.0	1.0	1.0
50	70.0	0.0	29.0	0.0	0.0	0.0	0.0
60	70.0	27.0	76.0	8.0	25.0	6.0	2.0
70	70.0	0.0	37.0	2.0	0.0	2.0	0.0
80	70.0	31.0	66.0	11.0	24.0	4.0	7.0
90	70.0	0.0	36.0	1.0	0.0	1.0	0.0
100	70.0	0.0	23.0	1.0	0.0	1.0	0.0
110	70.0	0.0	28.0	1.0	0.0	1.0	0.0
120	70.0	50.0	113.0	4.0	49.0	3.0	1.0
130	70.0	0.0	24.0	1.0	0.0	1.0	0.0
140	70.0	0.0	44.0	4.0	0.0	4.0	0.0
150	70.0	0.0	32.0	1.0	0.0	1.0	0.0
160	70.0	0.0	27.0	2.0	0.0	2.0	0.0
170	70.0	47.0	111.0	4.0	46.0	3.0	1.0
180	70.33333333333333	44.0	103.0	7.0	42.0	5.0	2.0
190	70.33333333333333	15.0	64.0	4.0	14.0	3.0	1.0
200	72.33333333333333	0.0	22.0	0.0	0.0	0.0	0.0
210	73.0	0.0	34.0	0.0	0.0	0.0	0.0
220	74.0	0.0	16.0	0.0	0.0	0.0	0.0
230	74.66666666666667	24.0	61.0	5.0	21.0	2.0	3.0
240	132.66666666666666	0.0	34.0	3.0	0.0	3.0	0.0
250	250.0	0.0	11.0	2.0	0.0	2.0	0.0
260	194.33333333333334	3.0	137.0	3.0	3.0	3.0	0.0
270	142.66666666666666	35.0	178.0	31.0	10.0	5.0	25.0
280	122.33333333333333	49.0	463.0	55.0	14.0	15.0	35.0
290	129.66666666666666	62.0	277.0	62.0	8.0	4.0	54.0
300	130.0	69.0	617.0	74.0	15.0	16.0	54.0
310	167.0	95.0	463.0	119.0	10.0	33.0	85.0
320	573.0	62.0	391.0	64.0	9.0	11.0	53.0
330	604.3333333333334	65.0	314.0	70.0	9.0	10.0	56.0
340	1100.3333333333333	66.0	767.0	82.0	15.0	30.0	51.0
350	966.3333333333334	51.0	468.0	63.0	16.0	28.0	35.0
360	1418.6666666666667	42.0	891.0	60.0	13.0	31.0	29.0
370	1143.0	62.0	316.0	71.0	4.0	13.0	58.0
380	1138.3333333333333	0.0	0.0	0.0	0.0	0.0	0.0
390	1791.0	0.0	0.0	0.0	0.0	0.0	0.0
400	1906.3333333333333	0.0	0.0	0.0	0.0	0.0	0.0
410	2083.3333333333335	0.0	0.0	0.0	0.0	0.0	0.0
420	1911.3333333333333	0.0	0.0	0.0	0.0	0.0	0.0
430	1997.6666666666667	0.0	0.0	0.0	0.0	0.0	0.0
440	2154.3333333333335	0.0	0.0	0.0	0.0	0.0	0.0
450	2068.0	0.0	0.0	0.0	0.0	0.0	0.0
460	2297.6666666666665	0.0	0.0	0.0	0.0	0.0	0.0
470	2438.8333333333335	0.0	0.0	0.0	0.0	0.0	0.0
480	2405.3333333333335	0.0	0.0	0.0	0.0	0.0	0.0
490	2187.0	0.0	0.0	0.0	0.0	0.0	0.0
500	2094.6666666666665	0.0	0.0	0.0	0.0	0.0	0.0
510	2028.3333333333333	0.0	0.0	0.0	0.0	0.0	0.0
520	2350.3333333333335	0.0	0.0	0.0	0.0	0.0	0.0
530	2181.0	0.0	0.0	0.0	0.0	0.0	0.0
540	2365.3333333333335	0.0	0.0	0.0	0.0	0.0	0.0
550	2213.6666666666665	0.0	0.0	0.0	0.0	0.0	0.0
560	2410.6666666666665	0.0	0.0	0.0	0.0	0.0	0.0
570	2543.6666666666665	0.0	0.0	0.0	0.0	0.0	0.0
580	2460.0	0.0	0.0	0.0	0.0	0.0	0.0
590	2562.0	0.0	0.0	0.0	0.0	0.0	0.0
600	2253.5	0.0	0.0	0.0	0.0	0.0	0.0
610	2603.0	0.0	0.0	0.0	0.0	0.0	0.0
620	2312.6666666666665	0.0	0.0	0.0	0.0	0.0	0.0
630	2522.5	0.0	0.0	0.0	0.0	0.0	0.0
640	2602.5	0.0	0.0	0.0	0.0	0.0	0.0
650	2590.8333333333335	0.0	0.0	0.0	0.0	0.0	0.0
660	2254.3333333333335	0.0	0.0	0.0	0.0	0.0	0.0
670	2696.6666666666665	0.0	0.0	0.0	0.0	0.0	0.0
680	2652.6666666666665	0.0	0.0	0.0	0.0	0.0	0.0
690	2588.8333333333335	0.0	0.0	0.0	0.0	0.0	0.0
700	2470.6666666666665	0.0	0.0	0.0	0.0	0.0	0.0
710	2870.3333333333335	0.0	0.0	0.0	0.0	0.0	0.0
720	2475.3333333333335	0.0	0.0	0.0	0.0	0.0	0.0
730	2807.6666666666665	0.0	0.0	0.0	0.0	0.0	0.0
740	2627.1666666666665	0.0	0.0	0.0	0.0	0.0	0.0
750	2625.6666666666665	0.0	0.0	0.0	0.0	0.0	0.0
760	2481.6666666666665	0.0	0.0	0.0	0.0	0.0	0.0
770	2483.3333333333335	0.0	0.0	0.0	0.0	0.0	0.0
780	2501.3333333333335	0.0	0.0	0.0	0.0	0.0	0.0
790	2630.1666666666665	0.0	0.0	0.0	0.0	0.0	0.0
800	2343.3333333333335	0.0	0.0	0.0	0.0	0.0	0.0
810	2641.8333333333335	0.0	0.0	0.0	0.0	0.0	0.0
820	2202.8333333333335	0.0	0.0	0.0	0.0	0.0	0.0
830	2566.3333333333335	0.0	0.0	0.0	0.0	0.0	0.0
840	2614.1666666666665	0.0	0.0	0.0	0.0	0.0	0.0
850	2546.0	0.0	0.0	0.0	0.0	0.0	0.0
860	2315.0	0.0	0.0	0.0	0.0	0.0	0.0
870	2484.3333333333335	0.0	0.0	0.0	0.0	0.0	0.0
880	2544.0	0.0	0.0	0.0	0.0	0.0	0.0
890	2502.0	0.0	0.0	0.0	0.0	0.0	0.0
900	2495.6666666666665	0.0	0.0	0.0	0.0	0.0	0.0
910	2666.5	0.0	0.0	0.0	0.0	0.0	0.0
920	2397.6666666666665	0.0	0.0	0.0	0.0	0.0	0.0
930	2625.6666666666665	0.0	0.0	0.0	0.0	0.0	0.0
940	2600.0	0.0	0.0	0.0	0.0	0.0	0.0
950	2069.8333333333335	0.0	0.0	0.0	0.0	0.0	0.0
960	1784.1666666666667	0.0	0.0	0.0	0.0	0.0	0.0
970	2062.0	0.0	0.0	0.0	0.0	0.0	0.0
980	2512.3333333333335	0.0	0.0	0.0	0.0	0.0	0.0
990	2051.1666666666665	0.0	0.0	0.0	0.0	0.0	0.0
1000	2144.6666666666665	0.0	0.0	0.0	0.0	0.0	0.0
