0	262.0	0.0	0.0	0.0	0.0	0.0	0.0
10	70.0	27.0	68.0	4.0	26.0	3.0	1.0
20	70.0	11.0	65.0	5.0	11.0	5.0	0.0
30	70.0	0.0	41.0	2.0	0.0	2.0	0.0
40	70.0	170.0	216.0	58.0	129.0	14.0	41.0
50	70.0	133.0	141.0	53.0	87.0	2.0	46.0
60	70.0	67.0	60.0	9.0	66.0	1.0	1.0
70	70.0	32.0	23.0	16.0	22.0	3.0	10.0
80	70.0	40.0	42.0	15.0	28.0	3.0	12.0
90	70.0	2.0	45.0	5.0	0.0	3.0	2.0
100	70.0	17.0	57.0	1.0	16.0	0.0	1.0
110	70.0	71.0	141.0	26.0	53.0	8.0	18.0
120	70.0	11.0	75.0	7.0	10.0	6.0	1.0
130	70.0	53.0	116.0	29.0	25.0	1.0	28.0
140	70.0	0.0	44.0	1.0	0.0	1.0	0.0
150	70.0	0.0	52.0	2.0	0.0	2.0	0.0
160	70.0	9.0	74.0	9.0	7.0	7.0	2.0
170	70.0	0.0	25.0	1.0	0.0	1.0	0.0
180	70.33333333333333	11.0	16.0	9.0	2.0	0.0	9.0
190	71.33333333333333	9.0	33.0	7.0	2.0	0.0	7.0
200	74.0	31.0	3.0	28.0	3.0	0.0	28.0
210	70.0	137.0	129.0	99.0	41.0	2.0	96.0
220	90.66666666666667	25.0	4.0	21.0	4.0	0.0	21.0
230	138.33333333333334	63.0	92.0	59.0	8.0	3.0	55.0
240	151.0	81.0	30.0	82.0	5.0	4.0	76.0
250	184.0	0.0	0.0	0.0	0.0	0.0	0.0
260	433.0	0.0	0.0	0.0	0.0	0.0	0.0
270	307.6666666666667	0.0	0.0	0.0	0.0	0.0	0.0
280	141.66666666666666	0.0	0.0	0.0	0.0	0.0	0.0
290	175.66666666666666	0.0	0.0	0.0	0.0	0.0	0.0
300	172.0	0.0	0.0	0.0	0.0	0.0	0.0
310	146.66666666666666	0.0	0.0	0.0	0.0	0.0	0.0
320	138.33333333333334	0.0	0.0	0.0	0.0	0.0	0.0
330	155.0	0.0	0.0	0.0	0.0	0.0	0.0
340	196.0	0.0	0.0	0.0	0.0	0.0	0.0
350	323.0	0.0	0.0	0.0	0.0	0.0	0.0
360	243.0	0.0	0.0	0.0	0.0	0.0	0.0
370	243.33333333333334	0.0	0.0	0.0	0.0	0.0	0.0
380	228.33333333333334	0.0	0.0	0.0	0.0	0.0	0.0
390	550.6666666666666	0.0	0.0	0.0	0.0	0.0	0.0
400	544.3333333333334	0.0	0.0	0.0	0.0	0.0	0.0
410	1006.3333333333334	0.0	0.0	0.0	0.0	0.0	0.0
420	868.6666666666666	0.0	0.0	0.0	0.0	0.0	0.0
430	743.6666666666666	0.0	0.0	0.0	0.0	0.0	0.0
440	1303.3333333333333	0.0	0.0	0.0	0.0	0.0	0.0
450	1196.3333333333333	0.0	0.0	0.0	0.0	0.0	0.0
460	1214.6666666666667	0.0	0.0	0.0	0.0	0.0	0.0
470	1301.6666666666667	0.0	0.0	0.0	0.0	0.0	0.0
480	1639.6666666666667	0.0	0.0	0.0	0.0	0.0	0.0
490	1688.5	0.0	0.0	0.0	0.0	0.0	0.0
500	1979.0	0.0	0.0	0.0	0.0	0.0	0.0
510	1887.0	0.0	0.0	0.0	0.0	0.0	0.0
520	1810.6666666666667	0.0	0.0	0.0	0.0	0.0	0.0
530	1892.3333333333333	0.0	0.0	0.0	0.0	0.0	0.0
540	1673.5	0.0	0.0	0.0	0.0	0.0	0.0
550	2156.3333333333335	0.0	0.0	0.0	0.0	0.0	0.0
560	2191.6666666666665	0.0	0.0	0.0	0.0	0.0	0.0
570	1743.5	0.0	0.0	0.0	0.0	0.0	0.0
580	2342.3333333333335	0.0	0.0	0.0	0.0	0.0	0.0
590	1988.8333333333333	0.0	0.0	0.0	0.0	0.0	0.0
600	2274.0	0.0	0.0	0.0	0.0	0.0	0.0
610	2303.1666666666665	0.0	0.0	0.0	0.0	0.0	0.0
620	2171.3333333333335	0.0	0.0	0.0	0.0	0.0	0.0
630	2502.5	0.0	0.0	0.0	0.0	0.0	0.0
640	2389.5	0.0	0.0	0.0	0.0	0.0	0.0
650	2320.0	0.0	0.0	0.0	0.0	0.0	0.0
660	2623.6666666666665	0.0	0.0	0.0	0.0	0.0	0.0
670	2541.8333333333335	0.0	0.0	0.0	0.0	0.0	0.0
680	2332.0	0.0	0.0	0.0	0.0	0.0	0.0
690	2506.0	0.0	0.0	0.0	0.0	0.0	0.0
700	2430.3333333333335	0.0	0.0	0.0	0.0	0.0	0.0
710	2596.8333333333335	0.0	0.0	0.0	0.0	0.0	0.0
720	2307.6666666666665	0.0	0.0	0.0	0.0	0.0	0.0
730	2527.5	0.0	0.0	0.0	0.0	0.0	0.0
740	2455.0	0.0	0.0	0.0	0.0	0.0	0.0
750	2677.8333333333335	0.0	0.0	0.0	0.0	0.0	0.0
760	2538.6666666666665	0.0	0.0	0.0	0.0	0.0	0.0
770	2357.3333333333335	0.0	0.0	0.0	0.0	0.0	0.0
780	2707.0	0.0	0.0	0.0	0.0	0.0	0.0
790	2731.8333333333335	0.0	0.0	0.0	0.0	0.0	0.0
800	2553.6666666666665	0.0	0.0	0.0	0.0	0.0	0.0
810	2803.5	0.0	0.0	0.0	0.0	0.0	0.0
820	2511.3333333333335	0.0	0.0	0.0	0.0	0.0	0.0
830	2497.1666666666665	0.0	0.0	0.0	0.0	0.0	0.0
840	2846.3333333333335	0.0	0.0	0.0	0.0	0.0	0.0
850	2725.8333333333335	0.0	0.0	0.0	0.0	0.0	0.0
860	2733.5	0.0	0.0	0.0	0.0	0.0	0.0
870	2729.6666666666665	0.0	0.0	0.0	0.0	0.0	0.0
880	2761.0	0.0	0.0	0.0	0.0	0.0	0.0
890	2590.6666666666665	0.0	0.0	0.0	0.0	0.0	0.0
900	2582.3333333333335	0.0	0.0	0.0	0.0	0.0	0.0
910	3003.1666666666665	0.0	0.0	0.0	0.0	0.0	0.0
920	2712.6666666666665	0.0	0.0	0.0	0.0	0.0	0.0
930	2505.6666666666665	0.0	0.0	0.0	0.0	0.0	0.0
940	2534.8333333333335	0.0	0.0	0.0	0.0	0.0	0.0
950	2821.5	0.0	0.0	0.0	0.0	0.0	0.0
960	2141.6666666666665	0.0	0.0	0.0	0.0	0.0	0.0
970	2602.3333333333335	0.0	0.0	0.0	0.0	0.0	0.0
980	2766.8333333333335	0.0	0.0	0.0	0.0	0.0	0.0
990	2569.5	0.0	0.0	0.0	0.0	0.0	0.0
1000	2592.1666666666665	0.0	0.0	0.0	0.0	0.0	0.0
