0	242.0	0.0	0.0	0.0	0.0	0.0	0.0
10	70.0	0.0	45.0	1.0	0.0	1.0	0.0
20	70.0	31.0	64.0	10.0	27.0	6.0	4.0
30	70.0	0.0	41.0	0.0	0.0	0.0	0.0
40	70.0	76.0	130.0	9.0	73.0	6.0	3.0
50	70.0	0.0	32.0	3.0	0.0	3.0	0.0
60	70.0	0.0	31.0	0.0	0.0	0.0	0.0
70	70.0	0.0	34.0	2.0	0.0	2.0	0.0
80	70.0	0.0	35.0	2.0	0.0	2.0	0.0
90	70.0	0.0	25.0	0.0	0.0	0.0	0.0
100	70.0	0.0	46.0	2.0	0.0	2.0	0.0
110	70.0	1.0	32.0	1.0	1.0	1.0	0.0
120	70.0	27.0	73.0	6.0	25.0	4.0	2.0
130	70.0	0.0	32.0	2.0	0.0	2.0	0.0
140	70.0	0.0	46.0	0.0	0.0	0.0	0.0
150	70.0	44.0	129.0	22.0	26.0	4.0	18.0
160	70.0	25.0	61.0	5.0	22.0	2.0	3.0
170	70.0	55.0	128.0	12.0	45.0	2.0	10.0
180	70.0	15.0	82.0	6.0	13.0	4.0	2.0
190	71.0	0.0	56.0	5.0	0.0	5.0	0.0
200	71.33333333333333	23.0	65.0	4.0	22.0	3.0	1.0
210	80.0	0.0	46.0	1.0	0.0	1.0	0.0
220	80.0	0.0	34.0	2.0	0.0	2.0	0.0
230	74.0	106.0	176.0	90.0	23.0	5.0	83.0
240	87.66666666666667	38.0	67.0	17.0	26.0	4.0	12.0
250	147.33333333333334	3.0	133.0	8.0	2.0	7.0	1.0
260	287.0	42.0	144.0	29.0	20.0	6.0	22.0
270	382.3333333333333	21.0	275.0	31.0	8.0	13.0	13.0
280	749.3333333333334	59.0	385.0	59.0	15.0	11.0	44.0
290	452.0	82.0	343.0	89.0	15.0	21.0	67.0
300	721.6666666666666	17.0	466.0	47.0	5.0	35.0	12.0
310	640.0	94.0	272.0	99.0	5.0	9.0	89.0
320	1035.0	122.0	522.0	121.0	20.0	17.0	102.0
330	1062.0	49.0	299.0	47.0	9.0	7.0	40.0
340	1106.0	70.0	296.0	78.0	3.0	11.0	67.0
350	1139.3333333333333	0.0	0.0	0.0	0.0	0.0	0.0
360	1043.0	0.0	0.0	0.0	0.0	0.0	0.0
370	1271.0	0.0	0.0	0.0	0.0	0.0	0.0
380	1345.3333333333333	0.0	0.0	0.0	0.0	0.0	0.0
390	1594.6666666666667	0.0	0.0	0.0	0.0	0.0	0.0
400	1494.6666666666667	0.0	0.0	0.0	0.0	0.0	0.0
410	1659.6666666666667	0.0	0.0	0.0	0.0	0.0	0.0
420	1789.0	0.0	0.0	0.0	0.0	0.0	0.0
430	2281.3333333333335	0.0	0.0	0.0	0.0	0.0	0.0
440	2196.5	0.0	0.0	0.0	0.0	0.0	0.0
450	2091.3333333333335	0.0	0.0	0.0	0.0	0.0	0.0
460	2168.3333333333335	0.0	0.0	0.0	0.0	0.0	0.0
470	2085.3333333333335	0.0	0.0	0.0	0.0	0.0	0.0
480	2073.3333333333335	0.0	0.0	0.0	0.0	0.0	0.0
490	2397.1666666666665	0.0	0.0	0.0	0.0	0.0	0.0
500	2336.3333333333335	0.0	0.0	0.0	0.0	0.0	0.0
510	2352.0	0.0	0.0	0.0	0.0	0.0	0.0
520	2386.8333333333335	0.0	0.0	0.0	0.0	0.0	0.0
530	2466.6666666666665	0.0	0.0	0.0	0.0	0.0	0.0
540	2495.3333333333335	0.0	0.0	0.0	0.0	0.0	0.0
550	2380.6666666666665	0.0	0.0	0.0	0.0	0.0	0.0
560	2484.8333333333335	0.0	0.0	0.0	0.0	0.0	0.0
570	2303.8333333333335	0.0	0.0	0.0	0.0	0.0	0.0
580	2529.0	0.0	0.0	0.0	0.0	0.0	0.0
590	2705.6666666666665	0.0	0.0	0.0	0.0	0.0	0.0
600	2683.5	0.0	0.0	0.0	0.0	0.0	0.0
610	2577.8333333333335	0.0	0.0	0.0	0.0	0.0	0.0
620	2410.6666666666665	0.0	0.0	0.0	0.0	0.0	0.0
630	2452.1666666666665	0.0	0.0	0.0	0.0	0.0	0.0
640	2617.3333333333335	0.0	0.0	0.0	0.0	0.0	0.0
650	2637.0	0.0	0.0	0.0	0.0	0.0	0.0
660	2772.5	0.0	0.0	0.0	0.0	0.0	0.0
670	2492.0	0.0	0.0	0.0	0.0	0.0	0.0
680	2877.6666666666665	0.0	0.0	0.0	0.0	0.0	0.0
690	2750.6666666666665	0.0	0.0	0.0	0.0	0.0	0.0
700	2554.6666666666665	0.0	0.0	0.0	0.0	0.0	0.0
710	2335.8333333333335	0.0	0.0	0.0	0.0	0.0	0.0
720	2898.5	0.0	0.0	0.0	0.0	0.0	0.0
730	2578.8333333333335	0.0	0.0	0.0	0.0	0.0	0.0
740	2443.3333333333335	0.0	0.0	0.0	0.0	0.0	0.0
750	2766.1666666666665	0.0	0.0	0.0	0.0	0.0	0.0
760	2640.0	0.0	0.0	0.0	0.0	0.0	0.0
770	2521.0	0.0	0.0	0.0	0.0	0.0	0.0
780	2688.5	0.0	0.0	0.0	0.0	0.0	0.0
790	2484.5	0.0	0.0	0.0	0.0	0.0	0.0
800	2645.8333333333335	0.0	0.0	0.0	0.0	0.0	0.0
810	2581.5	0.0	0.0	0.0	0.0	0.0	0.0
820	2529.3333333333335	0.0	0.0	0.0	0.0	0.0	0.0
830	2796.3333333333335	0.0	0.0	0.0	0.0	0.0	0.0
840	2649.6666666666665	0.0	0.0	0.0	0.0	0.0	0.0
850	1995.6666666666667	0.0	0.0	0.0	0.0	0.0	0.0
860	1937.0	0.0	0.0	0.0	0.0	0.0	0.0
870	2109.3333333333335	0.0	0.0	0.0	0.0	0.0	0.0
880	1940.6666666666667	0.0	0.0	0.0	0.0	0.0	0.0
890	2097.3333333333335	0.0	0.0	0.0	0.0	0.0	0.0
900	2255.0	0.0	0.0	0.0	0.0	0.0	0.0
910	1918.8333333333333	0.0	0.0	0.0	0.0	0.0	0.0
920	1860.0	0.0	0.0	0.0	0.0	0.0	0.0
930	1881.1666666666667	0.0	0.0	0.0	0.0	0.0	0.0
940	2325.0	0.0	0.0	0.0	0.0	0.0	0.0
950	1963.5	0.0	0.0	0.0	0.0	0.0	0.0
960	2126.6666666666665	0.0	0.0	0.0	0.0	0.0	0.0
970	1829.1666666666667	0.0	0.0	0.0	0.0	0.0	0.0
980	1895.6666666666667	0.0	0.0	0.0	0.0	0.0	0.0
990	2755.1666666666665	0.0	0.0	0.0	0.0	0.0	0.0
1000	2503.0	0.0	0.0	0.0	0.0	0.0	0.0
