0	254.66666666666666	0.0
10	2137.8333333333335	136.0
20	1960.0	316.0
30	2124.0	153.0
40	2212.5	187.0
50	2056.1666666666665	208.0
60	1973.8333333333333	0.0
70	2001.8333333333333	0.0
80	2071.0	0.0
90	1788.3333333333333	0.0
100	2093.3333333333335	0.0
110	2279.0	0.0
120	2185.6666666666665	0.0
130	2248.0	0.0
140	2464.0	0.0
150	2385.5	0.0
160	2331.3333333333335	0.0
170	2532.0	0.0
180	2585.6666666666665	0.0
190	2362.1666666666665	0.0
200	2688.6666666666665	0.0
210	2468.0	0.0
220	2498.6666666666665	0.0
230	2511.6666666666665	0.0
240	2636.6666666666665	0.0
250	2629.6666666666665	0.0
260	2283.6666666666665	0.0
270	2672.5	0.0
280	2594.6666666666665	0.0
290	2546.5	0.0
300	2700.8333333333335	0.0
310	2666.3333333333335	0.0
320	2772.8333333333335	0.0
330	2603.3333333333335	0.0
340	2622.6666666666665	0.0
350	2648.5	0.0
360	2549.5	0.0
370	2654.1666666666665	0.0
380	2879.5	0.0
390	2633.0	0.0
400	2742.8333333333335	0.0
410	2694.6666666666665	0.0
420	2524.1666666666665	0.0
430	2455.0	0.0
440	2683.6666666666665	0.0
450	2710.1666666666665	0.0
460	2669.5	0.0
470	2884.3333333333335	0.0
480	2763.0	0.0
490	2775.1666666666665	0.0
500	2931.0	0.0
510	2973.5	0.0
520	2901.5	0.0
530	2760.6666666666665	0.0
540	2940.6666666666665	0.0
550	2917.1666666666665	0.0
560	2874.8333333333335	0.0
570	2953.0	0.0
580	2681.3333333333335	0.0
590	2996.3333333333335	0.0
600	2937.0	0.0
610	2802.3333333333335	0.0
620	2937.1666666666665	0.0
630	2855.6666666666665	0.0
640	2898.5	0.0
650	2854.0	0.0
660	3027.1666666666665	0.0
670	2925.0	0.0
680	3090.3333333333335	0.0
690	3006.3333333333335	0.0
700	3001.3333333333335	0.0
710	2980.3333333333335	0.0
720	2750.3333333333335	0.0
730	3130.8333333333335	0.0
740	3196.0	0.0
750	3035.6666666666665	0.0
760	2909.6666666666665	0.0
770	3373.5	0.0
780	3024.1666666666665	0.0
790	2990.8333333333335	0.0
800	3383.6666666666665	0.0
810	2535.1666666666665	0.0
820	3358.8333333333335	0.0
830	3309.0	0.0
840	3325.0	0.0
850	3092.1666666666665	0.0
860	3380.0	0.0
870	3313.6666666666665	0.0
880	3215.1666666666665	0.0
890	3175.3333333333335	0.0
900	2687.3333333333335	0.0
910	3037.0	0.0
920	3074.8333333333335	0.0
930	3189.0	0.0
940	3480.3333333333335	0.0
950	3074.1666666666665	0.0
960	3156.6666666666665	0.0
970	3174.0	0.0
980	3205.3333333333335	0.0
990	3021.3333333333335	0.0
1000	3367.1666666666665	0.0
