0	251.66666666666666	0.0
10	1965.0	254.0
20	2028.3333333333333	295.0
30	1887.5	215.0
40	1908.1666666666667	236.0
50	1885.8333333333333	0.0
60	2050.5	0.0
70	2031.1666666666667	0.0
80	2348.0	0.0
90	2200.6666666666665	0.0
100	2330.5	0.0
110	2356.0	0.0
120	2121.3333333333335	0.0
130	2372.0	0.0
140	2188.3333333333335	0.0
150	2389.5	0.0
160	2589.8333333333335	0.0
170	2448.1666666666665	0.0
180	2580.6666666666665	0.0
190	2577.6666666666665	0.0
200	2545.8333333333335	0.0
210	2349.0	0.0
220	2382.8333333333335	0.0
230	2471.0	0.0
240	2530.8333333333335	0.0
250	2470.0	0.0
260	2586.6666666666665	0.0
270	2632.8333333333335	0.0
280	2802.0	0.0
290	2818.0	0.0
300	2486.3333333333335	0.0
310	2630.3333333333335	0.0
320	2945.5	0.0
330	2913.6666666666665	0.0
340	2709.5	0.0
350	2819.8333333333335	0.0
360	2729.3333333333335	0.0
370	2676.5	0.0
380	2726.3333333333335	0.0
390	2519.6666666666665	0.0
400	2803.1666666666665	0.0
410	2659.0	0.0
420	2746.0	0.0
430	2640.3333333333335	0.0
440	2806.3333333333335	0.0
450	2697.5	0.0
460	2830.0	0.0
470	2839.6666666666665	0.0
480	2799.3333333333335	0.0
490	2982.0	0.0
500	2854.6666666666665	0.0
510	2740.6666666666665	0.0
520	2558.3333333333335	0.0
530	3180.8333333333335	0.0
540	2725.8333333333335	0.0
550	2940.3333333333335	0.0
560	2783.3333333333335	0.0
570	2788.6666666666665	0.0
580	2915.1666666666665	0.0
590	2879.5	0.0
600	2897.3333333333335	0.0
610	2881.6666666666665	0.0
620	2890.6666666666665	0.0
630	3052.5	0.0
640	2969.8333333333335	0.0
650	3076.3333333333335	0.0
660	3371.3333333333335	0.0
670	2915.0	0.0
680	3019.0	0.0
690	2834.5	0.0
700	3228.1666666666665	0.0
710	3015.6666666666665	0.0
720	3030.3333333333335	0.0
730	3299.3333333333335	0.0
740	2870.6666666666665	0.0
750	2891.0	0.0
760	2908.3333333333335	0.0
770	3231.6666666666665	0.0
780	3179.0	0.0
790	3031.8333333333335	0.0
800	3171.5	0.0
810	2987.0	0.0
820	3192.5	0.0
830	3062.5	0.0
840	3235.0	0.0
850	2777.1666666666665	0.0
860	2744.0	0.0
870	3217.8333333333335	0.0
880	3140.8333333333335	0.0
890	3323.0	0.0
900	3153.6666666666665	0.0
910	3053.0	0.0
920	3433.8333333333335	0.0
930	2996.8333333333335	0.0
940	3099.0	0.0
950	3441.5	0.0
960	3097.6666666666665	0.0
970	3238.8333333333335	0.0
980	3313.5	0.0
990	2834.1666666666665	0.0
1000	3602.5	0.0
