0	264.4222222222223	0.0	0.0	0.0	0.0	0.0	0.0
10	1921.6055555555556	106.76666666666667	268.43333333333334	43.266666666666666	76.93333333333334	10.766666666666667	29.833333333333332
20	2023.661111111111	90.3	259.6666666666667	38.03333333333333	66.0	11.766666666666667	24.3
30	2061.8444444444444	92.83333333333333	275.3	43.0	61.166666666666664	9.066666666666666	31.666666666666668
40	2135.416666666667	79.03333333333333	248.63333333333333	31.833333333333332	59.1	10.366666666666667	19.933333333333334
50	2218.938888888889	97.7	276.1333333333333	44.8	66.6	11.333333333333334	31.1
60	2244.244444444445	69.3	226.93333333333334	34.96666666666667	44.166666666666664	7.8	25.133333333333333
70	2328.3388888888885	78.33333333333333	271.8666666666667	33.43333333333333	54.6	7.366666666666666	23.733333333333334
80	2341.6333333333328	93.63333333333334	286.8666666666667	45.46666666666667	61.7	10.533333333333333	31.933333333333334
90	2353.4555555555553	78.43333333333334	257.9	41.766666666666666	47.46666666666667	8.566666666666666	30.966666666666665
100	2426.744444444445	66.4	240.1	36.666666666666664	39.0	7.233333333333333	27.4
110	2520.933333333334	47.266666666666666	169.0	26.333333333333332	26.233333333333334	4.6	21.033333333333335
120	2446.5833333333335	42.06666666666667	161.63333333333333	27.033333333333335	20.566666666666666	4.2	21.5
130	2443.6833333333334	27.3	98.73333333333333	16.9	14.866666666666667	3.9	12.433333333333334
140	2537.6666666666665	22.366666666666667	69.33333333333333	14.6	9.7	1.7333333333333334	12.666666666666666
150	2588.5277777777783	7.233333333333333	43.56666666666667	3.7666666666666666	4.5	0.9333333333333333	2.7333333333333334
160	2517.4777777777776	0.3333333333333333	5.5	0.3333333333333333	0.2	0.2	0.13333333333333333
170	2560.1277777777773	0.7	2.3	0.43333333333333335	0.3	0.03333333333333333	0.4
180	2600.7055555555553	0.0	0.0	0.0	0.0	0.0	0.0
190	2638.1666666666665	0.0	0.0	0.0	0.0	0.0	0.0
200	2722.3055555555557	0.0	0.0	0.0	0.0	0.0	0.0
210	2827.0166666666673	0.0	0.0	0.0	0.0	0.0	0.0
220	2758.844444444444	0.0	0.0	0.0	0.0	0.0	0.0
230	2896.938888888889	0.0	0.0	0.0	0.0	0.0	0.0
240	2892.1277777777777	0.0	0.0	0.0	0.0	0.0	0.0
250	2875.3555555555563	0.0	0.0	0.0	0.0	0.0	0.0
260	2889.588888888889	0.0	0.0	0.0	0.0	0.0	0.0
270	3019.3499999999995	0.0	0.0	0.0	0.0	0.0	0.0
280	3084.8111111111116	0.0	0.0	0.0	0.0	0.0	0.0
290	3074.5222222222224	0.0	0.0	0.0	0.0	0.0	0.0
300	3160.15	0.0	0.0	0.0	0.0	0.0	0.0
310	3186.061111111111	0.0	0.0	0.0	0.0	0.0	0.0
320	3182.2277777777786	0.0	0.0	0.0	0.0	0.0	0.0
330	3220.15	0.0	0.0	0.0	0.0	0.0	0.0
340	3226.155555555556	0.0	0.0	0.0	0.0	0.0	0.0
350	3302.1722222222224	0.0	0.0	0.0	0.0	0.0	0.0
360	3288.9555555555557	0.0	0.0	0.0	0.0	0.0	0.0
370	3385.177777777778	0.0	0.0	0.0	0.0	0.0	0.0
380	3439.2777777777783	0.0	0.0	0.0	0.0	0.0	0.0
390	3340.6722222222224	0.0	0.0	0.0	0.0	0.0	0.0
400	3433.872222222222	0.0	0.0	0.0	0.0	0.0	0.0
410	3353.333333333334	0.0	0.0	0.0	0.0	0.0	0.0
420	3478.433333333334	0.0	0.0	0.0	0.0	0.0	0.0
430	3473.9000000000005	0.0	0.0	0.0	0.0	0.0	0.0
440	3415.7111111111108	0.0	0.0	0.0	0.0	0.0	0.0
450	3515.1777777777775	0.0	0.0	0.0	0.0	0.0	0.0
460	3486.1111111111113	0.0	0.0	0.0	0.0	0.0	0.0
470	3510.8777777777786	0.0	0.0	0.0	0.0	0.0	0.0
480	3402.6333333333337	0.0	0.0	0.0	0.0	0.0	0.0
490	3555.9777777777786	0.0	0.0	0.0	0.0	0.0	0.0
500	3599.733333333333	0.0	0.0	0.0	0.0	0.0	0.0
510	3592.833333333334	0.0	0.0	0.0	0.0	0.0	0.0
520	3627.8777777777773	0.0	0.0	0.0	0.0	0.0	0.0
530	3613.1277777777786	0.0	0.0	0.0	0.0	0.0	0.0
540	3664.9222222222224	0.0	0.0	0.0	0.0	0.0	0.0
550	3653.0166666666673	0.0	0.0	0.0	0.0	0.0	0.0
560	3642.283333333333	0.0	0.0	0.0	0.0	0.0	0.0
570	3557.4277777777775	0.0	0.0	0.0	0.0	0.0	0.0
580	3683.3	0.0	0.0	0.0	0.0	0.0	0.0
590	3665.4277777777775	0.0	0.0	0.0	0.0	0.0	0.0
600	3697.8555555555554	0.0	0.0	0.0	0.0	0.0	0.0
610	3691.6	0.0	0.0	0.0	0.0	0.0	0.0
620	3724.027777777778	0.0	0.0	0.0	0.0	0.0	0.0
630	3688.5999999999995	0.0	0.0	0.0	0.0	0.0	0.0
640	3713.244444444445	0.0	0.0	0.0	0.0	0.0	0.0
650	3624.9111111111115	0.0	0.0	0.0	0.0	0.0	0.0
660	3718.905555555556	0.0	0.0	0.0	0.0	0.0	0.0
670	3699.038888888889	0.0	0.0	0.0	0.0	0.0	0.0
680	3661.016666666666	0.0	0.0	0.0	0.0	0.0	0.0
690	3689.2388888888895	0.0	0.0	0.0	0.0	0.0	0.0
700	3712.1666666666674	0.0	0.0	0.0	0.0	0.0	0.0
710	3716.6722222222215	0.0	0.0	0.0	0.0	0.0	0.0
720	3742.072222222222	0.0	0.0	0.0	0.0	0.0	0.0
730	3737.622222222223	0.0	0.0	0.0	0.0	0.0	0.0
740	3835.5833333333335	0.0	0.0	0.0	0.0	0.0	0.0
750	3671.5611111111116	0.0	0.0	0.0	0.0	0.0	0.0
760	3664.6333333333337	0.0	0.0	0.0	0.0	0.0	0.0
770	3696.811111111111	0.0	0.0	0.0	0.0	0.0	0.0
780	3746.872222222222	0.0	0.0	0.0	0.0	0.0	0.0
790	3770.161111111111	0.0	0.0	0.0	0.0	0.0	0.0
800	3744.2333333333327	0.0	0.0	0.0	0.0	0.0	0.0
810	3845.8833333333337	0.0	0.0	0.0	0.0	0.0	0.0
820	3696.172222222223	0.0	0.0	0.0	0.0	0.0	0.0
830	3726.3999999999996	0.0	0.0	0.0	0.0	0.0	0.0
840	3736.083333333333	0.0	0.0	0.0	0.0	0.0	0.0
850	3823.4388888888893	0.0	0.0	0.0	0.0	0.0	0.0
860	3816.594444444445	0.0	0.0	0.0	0.0	0.0	0.0
870	3775.9500000000003	0.0	0.0	0.0	0.0	0.0	0.0
880	3748.327777777778	0.0	0.0	0.0	0.0	0.0	0.0
890	3712.844444444444	0.0	0.0	0.0	0.0	0.0	0.0
900	3680.8333333333344	0.0	0.0	0.0	0.0	0.0	0.0
910	3812.1555555555556	0.0	0.0	0.0	0.0	0.0	0.0
920	3777.111111111112	0.0	0.0	0.0	0.0	0.0	0.0
930	3755.1166666666672	0.0	0.0	0.0	0.0	0.0	0.0
940	3677.694444444444	0.0	0.0	0.0	0.0	0.0	0.0
950	3805.483333333333	0.0	0.0	0.0	0.0	0.0	0.0
960	3769.533333333333	0.0	0.0	0.0	0.0	0.0	0.0
970	3763.538888888889	0.0	0.0	0.0	0.0	0.0	0.0
980	3765.166666666667	0.0	0.0	0.0	0.0	0.0	0.0
990	3765.772222222222	0.0	0.0	0.0	0.0	0.0	0.0
1000	3774.6	0.0	0.0	0.0	0.0	0.0	0.0
