0	243.33333333333334	0.0	0.0	0.0	0.0	0.0	0.0
10	1819.1666666666667	38.0	152.0	4.0	36.0	2.0	2.0
20	1858.5	120.0	222.0	80.0	90.0	50.0	30.0
30	1987.5	22.0	138.0	8.0	20.0	5.0	2.0
40	2161.1666666666665	134.0	351.0	64.0	100.0	24.0	34.0
50	2059.3333333333335	63.0	190.0	43.0	30.0	10.0	33.0
60	2351.0	44.0	202.0	35.0	16.0	7.0	28.0
70	2366.5	25.0	279.0	6.0	25.0	5.0	0.0
80	2443.1666666666665	150.0	471.0	101.0	99.0	50.0	51.0
90	2574.8333333333335	67.0	264.0	25.0	62.0	7.0	5.0
100	2670.1666666666665	98.0	203.0	80.0	37.0	10.0	61.0
110	2462.5	60.0	232.0	38.0	29.0	7.0	31.0
120	2556.8333333333335	59.0	471.0	26.0	51.0	18.0	8.0
130	2281.8333333333335	75.0	244.0	56.0	51.0	31.0	24.0
140	2340.0	45.0	40.0	35.0	10.0	0.0	35.0
150	2692.6666666666665	0.0	0.0	0.0	0.0	0.0	0.0
160	2471.3333333333335	0.0	0.0	0.0	0.0	0.0	0.0
170	2943.0	0.0	0.0	0.0	0.0	0.0	0.0
180	2517.1666666666665	0.0	0.0	0.0	0.0	0.0	0.0
190	2504.0	0.0	0.0	0.0	0.0	0.0	0.0
200	2804.1666666666665	0.0	0.0	0.0	0.0	0.0	0.0
210	2386.3333333333335	0.0	0.0	0.0	0.0	0.0	0.0
220	2493.8333333333335	0.0	0.0	0.0	0.0	0.0	0.0
230	2773.5	0.0	0.0	0.0	0.0	0.0	0.0
240	2702.8333333333335	0.0	0.0	0.0	0.0	0.0	0.0
250	2823.3333333333335	0.0	0.0	0.0	0.0	0.0	0.0
260	3140.1666666666665	0.0	0.0	0.0	0.0	0.0	0.0
270	3052.5	0.0	0.0	0.0	0.0	0.0	0.0
280	2734.3333333333335	0.0	0.0	0.0	0.0	0.0	0.0
290	2838.8333333333335	0.0	0.0	0.0	0.0	0.0	0.0
300	3253.0	0.0	0.0	0.0	0.0	0.0	0.0
310	3125.5	0.0	0.0	0.0	0.0	0.0	0.0
320	2766.8333333333335	0.0	0.0	0.0	0.0	0.0	0.0
330	3310.3333333333335	0.0	0.0	0.0	0.0	0.0	0.0
340	3055.0	0.0	0.0	0.0	0.0	0.0	0.0
350	3415.6666666666665	0.0	0.0	0.0	0.0	0.0	0.0
360	3601.0	0.0	0.0	0.0	0.0	0.0	0.0
370	2858.3333333333335	0.0	0.0	0.0	0.0	0.0	0.0
380	2666.6666666666665	0.0	0.0	0.0	0.0	0.0	0.0
390	3357.1666666666665	0.0	0.0	0.0	0.0	0.0	0.0
400	3811.5	0.0	0.0	0.0	0.0	0.0	0.0
410	3663.6666666666665	0.0	0.0	0.0	0.0	0.0	0.0
420	3532.8333333333335	0.0	0.0	0.0	0.0	0.0	0.0
430	3515.1666666666665	0.0	0.0	0.0	0.0	0.0	0.0
440	3232.8333333333335	0.0	0.0	0.0	0.0	0.0	0.0
450	3597.5	0.0	0.0	0.0	0.0	0.0	0.0
460	3613.0	0.0	0.0	0.0	0.0	0.0	0.0
470	3143.0	0.0	0.0	0.0	0.0	0.0	0.0
480	2970.6666666666665	0.0	0.0	0.0	0.0	0.0	0.0
490	3996.8333333333335	0.0	0.0	0.0	0.0	0.0	0.0
500	3678.3333333333335	0.0	0.0	0.0	0.0	0.0	0.0
510	4163.666666666667	0.0	0.0	0.0	0.0	0.0	0.0
520	3707.0	0.0	0.0	0.0	0.0	0.0	0.0
530	3523.5	0.0	0.0	0.0	0.0	0.0	0.0
540	3691.0	0.0	0.0	0.0	0.0	0.0	0.0
550	3562.6666666666665	0.0	0.0	0.0	0.0	0.0	0.0
560	3259.6666666666665	0.0	0.0	0.0	0.0	0.0	0.0
570	3868.0	0.0	0.0	0.0	0.0	0.0	0.0
580	3575.8333333333335	0.0	0.0	0.0	0.0	0.0	0.0
590	3456.0	0.0	0.0	0.0	0.0	0.0	0.0
600	3769.3333333333335	0.0	0.0	0.0	0.0	0.0	0.0
610	3670.0	0.0	0.0	0.0	0.0	0.0	0.0
620	3920.3333333333335	0.0	0.0	0.0	0.0	0.0	0.0
630	3695.3333333333335	0.0	0.0	0.0	0.0	0.0	0.0
640	3908.1666666666665	0.0	0.0	0.0	0.0	0.0	0.0
650	3642.0	0.0	0.0	0.0	0.0	0.0	0.0
660	3382.6666666666665	0.0	0.0	0.0	0.0	0.0	0.0
670	3791.3333333333335	0.0	0.0	0.0	0.0	0.0	0.0
680	3473.1666666666665	0.0	0.0	0.0	0.0	0.0	0.0
690	3461.8333333333335	0.0	0.0	0.0	0.0	0.0	0.0
700	3585.0	0.0	0.0	0.0	0.0	0.0	0.0
710	3588.3333333333335	0.0	0.0	0.0	0.0	0.0	0.0
720	3532.6666666666665	0.0	0.0	0.0	0.0	0.0	0.0
730	3633.6666666666665	0.0	0.0	0.0	0.0	0.0	0.0
740	3970.3333333333335	0.0	0.0	0.0	0.0	0.0	0.0
750	3606.5	0.0	0.0	0.0	0.0	0.0	0.0
760	3357.6666666666665	0.0	0.0	0.0	0.0	0.0	0.0
770	3659.1666666666665	0.0	0.0	0.0	0.0	0.0	0.0
780	3644.8333333333335	0.0	0.0	0.0	0.0	0.0	0.0
790	3783.5	0.0	0.0	0.0	0.0	0.0	0.0
800	3898.8333333333335	0.0	0.0	0.0	0.0	0.0	0.0
810	3752.0	0.0	0.0	0.0	0.0	0.0	0.0
820	3675.8333333333335	0.0	0.0	0.0	0.0	0.0	0.0
830	3671.1666666666665	0.0	0.0	0.0	0.0	0.0	0.0
840	3569.8333333333335	0.0	0.0	0.0	0.0	0.0	0.0
850	3719.3333333333335	0.0	0.0	0.0	0.0	0.0	0.0
860	3728.8333333333335	0.0	0.0	0.0	0.0	0.0	0.0
870	4019.1666666666665	0.0	0.0	0.0	0.0	0.0	0.0
880	3436.3333333333335	0.0	0.0	0.0	0.0	0.0	0.0
890	3730.5	0.0	0.0	0.0	0.0	0.0	0.0
900	3879.3333333333335	0.0	0.0	0.0	0.0	0.0	0.0
910	3724.3333333333335	0.0	0.0	0.0	0.0	0.0	0.0
920	3606.5	0.0	0.0	0.0	0.0	0.0	0.0
930	3907.0	0.0	0.0	0.0	0.0	0.0	0.0
940	3673.5	0.0	0.0	0.0	0.0	0.0	0.0
950	3787.8333333333335	0.0	0.0	0.0	0.0	0.0	0.0
960	3369.8333333333335	0.0	0.0	0.0	0.0	0.0	0.0
970	3922.5	0.0	0.0	0.0	0.0	0.0	0.0
980	3467.3333333333335	0.0	0.0	0.0	0.0	0.0	0.0
990	3928.3333333333335	0.0	0.0	0.0	0.0	0.0	0.0
1000	3654.6666666666665	0.0	0.0	0.0	0.0	0.0	0.0
