0	248.66666666666666	0.0	0.0	0.0	0.0	0.0	0.0
10	2047.8333333333333	105.0	243.0	24.0	87.0	6.0	18.0
20	1913.3333333333333	104.0	240.0	67.0	52.0	13.0	52.0
30	1765.5	121.0	417.0	85.0	64.0	23.0	57.0
40	2123.6666666666665	77.0	331.0	38.0	54.0	8.0	23.0
50	2389.6666666666665	92.0	274.0	27.0	71.0	5.0	21.0
60	2289.3333333333335	51.0	238.0	28.0	33.0	10.0	18.0
70	2292.1666666666665	149.0	311.0	107.0	59.0	7.0	90.0
80	2115.1666666666665	19.0	109.0	20.0	3.0	3.0	16.0
90	2373.0	39.0	137.0	30.0	14.0	5.0	25.0
100	2271.6666666666665	106.0	355.0	52.0	79.0	21.0	27.0
110	2390.1666666666665	76.0	175.0	42.0	38.0	4.0	38.0
120	2161.5	61.0	123.0	47.0	17.0	3.0	44.0
130	2601.3333333333335	0.0	0.0	0.0	0.0	0.0	0.0
140	2578.5	0.0	0.0	0.0	0.0	0.0	0.0
150	2405.0	0.0	0.0	0.0	0.0	0.0	0.0
160	2242.0	0.0	0.0	0.0	0.0	0.0	0.0
170	2519.5	0.0	0.0	0.0	0.0	0.0	0.0
180	2401.0	0.0	0.0	0.0	0.0	0.0	0.0
190	2889.1666666666665	0.0	0.0	0.0	0.0	0.0	0.0
200	2948.0	0.0	0.0	0.0	0.0	0.0	0.0
210	2226.1666666666665	0.0	0.0	0.0	0.0	0.0	0.0
220	2736.1666666666665	0.0	0.0	0.0	0.0	0.0	0.0
230	2645.5	0.0	0.0	0.0	0.0	0.0	0.0
240	2812.3333333333335	0.0	0.0	0.0	0.0	0.0	0.0
250	2607.6666666666665	0.0	0.0	0.0	0.0	0.0	0.0
260	2480.3333333333335	0.0	0.0	0.0	0.0	0.0	0.0
270	2720.8333333333335	0.0	0.0	0.0	0.0	0.0	0.0
280	3009.5	0.0	0.0	0.0	0.0	0.0	0.0
290	3360.6666666666665	0.0	0.0	0.0	0.0	0.0	0.0
300	3152.1666666666665	0.0	0.0	0.0	0.0	0.0	0.0
310	3723.5	0.0	0.0	0.0	0.0	0.0	0.0
320	3301.1666666666665	0.0	0.0	0.0	0.0	0.0	0.0
330	3598.5	0.0	0.0	0.0	0.0	0.0	0.0
340	3234.8333333333335	0.0	0.0	0.0	0.0	0.0	0.0
350	3631.1666666666665	0.0	0.0	0.0	0.0	0.0	0.0
360	3520.1666666666665	0.0	0.0	0.0	0.0	0.0	0.0
370	3434.6666666666665	0.0	0.0	0.0	0.0	0.0	0.0
380	3560.5	0.0	0.0	0.0	0.0	0.0	0.0
390	3671.6666666666665	0.0	0.0	0.0	0.0	0.0	0.0
400	3730.8333333333335	0.0	0.0	0.0	0.0	0.0	0.0
410	3306.6666666666665	0.0	0.0	0.0	0.0	0.0	0.0
420	4021.6666666666665	0.0	0.0	0.0	0.0	0.0	0.0
430	3505.1666666666665	0.0	0.0	0.0	0.0	0.0	0.0
440	3468.0	0.0	0.0	0.0	0.0	0.0	0.0
450	3870.8333333333335	0.0	0.0	0.0	0.0	0.0	0.0
460	3351.1666666666665	0.0	0.0	0.0	0.0	0.0	0.0
470	3557.6666666666665	0.0	0.0	0.0	0.0	0.0	0.0
480	3407.5	0.0	0.0	0.0	0.0	0.0	0.0
490	3474.3333333333335	0.0	0.0	0.0	0.0	0.0	0.0
500	3374.3333333333335	0.0	0.0	0.0	0.0	0.0	0.0
510	3472.3333333333335	0.0	0.0	0.0	0.0	0.0	0.0
520	3360.0	0.0	0.0	0.0	0.0	0.0	0.0
530	3428.0	0.0	0.0	0.0	0.0	0.0	0.0
540	3521.0	0.0	0.0	0.0	0.0	0.0	0.0
550	3951.8333333333335	0.0	0.0	0.0	0.0	0.0	0.0
560	3503.8333333333335	0.0	0.0	0.0	0.0	0.0	0.0
570	2980.6666666666665	0.0	0.0	0.0	0.0	0.0	0.0
580	3784.1666666666665	0.0	0.0	0.0	0.0	0.0	0.0
590	4039.0	0.0	0.0	0.0	0.0	0.0	0.0
600	3985.6666666666665	0.0	0.0	0.0	0.0	0.0	0.0
610	3810.5	0.0	0.0	0.0	0.0	0.0	0.0
620	3665.8333333333335	0.0	0.0	0.0	0.0	0.0	0.0
630	3730.8333333333335	0.0	0.0	0.0	0.0	0.0	0.0
640	3439.3333333333335	0.0	0.0	0.0	0.0	0.0	0.0
650	3799.5	0.0	0.0	0.0	0.0	0.0	0.0
660	3668.5	0.0	0.0	0.0	0.0	0.0	0.0
670	3550.0	0.0	0.0	0.0	0.0	0.0	0.0
680	3736.5	0.0	0.0	0.0	0.0	0.0	0.0
690	4145.833333333333	0.0	0.0	0.0	0.0	0.0	0.0
700	3623.6666666666665	0.0	0.0	0.0	0.0	0.0	0.0
710	3435.6666666666665	0.0	0.0	0.0	0.0	0.0	0.0
720	4167.166666666667	0.0	0.0	0.0	0.0	0.0	0.0
730	3562.1666666666665	0.0	0.0	0.0	0.0	0.0	0.0
740	3750.8333333333335	0.0	0.0	0.0	0.0	0.0	0.0
750	4037.8333333333335	0.0	0.0	0.0	0.0	0.0	0.0
760	3957.8333333333335	0.0	0.0	0.0	0.0	0.0	0.0
770	3642.8333333333335	0.0	0.0	0.0	0.0	0.0	0.0
780	3847.3333333333335	0.0	0.0	0.0	0.0	0.0	0.0
790	3886.5	0.0	0.0	0.0	0.0	0.0	0.0
800	3953.3333333333335	0.0	0.0	0.0	0.0	0.0	0.0
810	3947.1666666666665	0.0	0.0	0.0	0.0	0.0	0.0
820	3456.6666666666665	0.0	0.0	0.0	0.0	0.0	0.0
830	3772.1666666666665	0.0	0.0	0.0	0.0	0.0	0.0
840	3292.1666666666665	0.0	0.0	0.0	0.0	0.0	0.0
850	3662.0	0.0	0.0	0.0	0.0	0.0	0.0
860	3514.5	0.0	0.0	0.0	0.0	0.0	0.0
870	4041.1666666666665	0.0	0.0	0.0	0.0	0.0	0.0
880	3962.1666666666665	0.0	0.0	0.0	0.0	0.0	0.0
890	3724.8333333333335	0.0	0.0	0.0	0.0	0.0	0.0
900	3333.6666666666665	0.0	0.0	0.0	0.0	0.0	0.0
910	3901.8333333333335	0.0	0.0	0.0	0.0	0.0	0.0
920	3745.0	0.0	0.0	0.0	0.0	0.0	0.0
930	3688.3333333333335	0.0	0.0	0.0	0.0	0.0	0.0
940	3518.5	0.0	0.0	0.0	0.0	0.0	0.0
950	4013.6666666666665	0.0	0.0	0.0	0.0	0.0	0.0
960	4012.6666666666665	0.0	0.0	0.0	0.0	0.0	0.0
970	3947.6666666666665	0.0	0.0	0.0	0.0	0.0	0.0
980	3781.0	0.0	0.0	0.0	0.0	0.0	0.0
990	3744.8333333333335	0.0	0.0	0.0	0.0	0.0	0.0
1000	3733.5	0.0	0.0	0.0	0.0	0.0	0.0
