0	250.33333333333334	0.0	0.0	0.0	0.0	0.0	0.0
10	2066.5	579.0	3579.0	378.0	400.0	194.0	179.0
20	1690.8333333333333	421.0	4333.0	250.0	379.0	206.0	42.0
30	2095.5	0.0	0.0	0.0	0.0	0.0	0.0
40	2259.3333333333335	0.0	0.0	0.0	0.0	0.0	0.0
50	2318.0	0.0	0.0	0.0	0.0	0.0	0.0
60	2340.6666666666665	0.0	0.0	0.0	0.0	0.0	0.0
70	2215.0	0.0	0.0	0.0	0.0	0.0	0.0
80	2668.0	0.0	0.0	0.0	0.0	0.0	0.0
90	2349.0	0.0	0.0	0.0	0.0	0.0	0.0
100	2470.6666666666665	0.0	0.0	0.0	0.0	0.0	0.0
110	2549.1666666666665	0.0	0.0	0.0	0.0	0.0	0.0
120	2620.6666666666665	0.0	0.0	0.0	0.0	0.0	0.0
130	2368.0	0.0	0.0	0.0	0.0	0.0	0.0
140	2582.8333333333335	0.0	0.0	0.0	0.0	0.0	0.0
150	2802.0	0.0	0.0	0.0	0.0	0.0	0.0
160	2460.8333333333335	0.0	0.0	0.0	0.0	0.0	0.0
170	2446.6666666666665	0.0	0.0	0.0	0.0	0.0	0.0
180	2532.3333333333335	0.0	0.0	0.0	0.0	0.0	0.0
190	2489.0	0.0	0.0	0.0	0.0	0.0	0.0
200	2595.8333333333335	0.0	0.0	0.0	0.0	0.0	0.0
210	2478.3333333333335	0.0	0.0	0.0	0.0	0.0	0.0
220	2926.6666666666665	0.0	0.0	0.0	0.0	0.0	0.0
230	2312.5	0.0	0.0	0.0	0.0	0.0	0.0
240	2746.3333333333335	0.0	0.0	0.0	0.0	0.0	0.0
250	3191.5	0.0	0.0	0.0	0.0	0.0	0.0
260	3167.0	0.0	0.0	0.0	0.0	0.0	0.0
270	2995.8333333333335	0.0	0.0	0.0	0.0	0.0	0.0
280	2773.1666666666665	0.0	0.0	0.0	0.0	0.0	0.0
290	2926.8333333333335	0.0	0.0	0.0	0.0	0.0	0.0
300	3195.5	0.0	0.0	0.0	0.0	0.0	0.0
310	3440.8333333333335	0.0	0.0	0.0	0.0	0.0	0.0
320	2727.0	0.0	0.0	0.0	0.0	0.0	0.0
330	3333.3333333333335	0.0	0.0	0.0	0.0	0.0	0.0
340	3109.8333333333335	0.0	0.0	0.0	0.0	0.0	0.0
350	3129.3333333333335	0.0	0.0	0.0	0.0	0.0	0.0
360	2951.6666666666665	0.0	0.0	0.0	0.0	0.0	0.0
370	3099.0	0.0	0.0	0.0	0.0	0.0	0.0
380	3948.0	0.0	0.0	0.0	0.0	0.0	0.0
390	3341.5	0.0	0.0	0.0	0.0	0.0	0.0
400	2948.0	0.0	0.0	0.0	0.0	0.0	0.0
410	3548.8333333333335	0.0	0.0	0.0	0.0	0.0	0.0
420	3453.8333333333335	0.0	0.0	0.0	0.0	0.0	0.0
430	3138.1666666666665	0.0	0.0	0.0	0.0	0.0	0.0
440	3355.8333333333335	0.0	0.0	0.0	0.0	0.0	0.0
450	3152.5	0.0	0.0	0.0	0.0	0.0	0.0
460	3619.6666666666665	0.0	0.0	0.0	0.0	0.0	0.0
470	3732.3333333333335	0.0	0.0	0.0	0.0	0.0	0.0
480	3783.6666666666665	0.0	0.0	0.0	0.0	0.0	0.0
490	3457.5	0.0	0.0	0.0	0.0	0.0	0.0
500	3583.3333333333335	0.0	0.0	0.0	0.0	0.0	0.0
510	3441.3333333333335	0.0	0.0	0.0	0.0	0.0	0.0
520	3531.8333333333335	0.0	0.0	0.0	0.0	0.0	0.0
530	3404.5	0.0	0.0	0.0	0.0	0.0	0.0
540	3551.5	0.0	0.0	0.0	0.0	0.0	0.0
550	3504.0	0.0	0.0	0.0	0.0	0.0	0.0
560	3139.6666666666665	0.0	0.0	0.0	0.0	0.0	0.0
570	3781.8333333333335	0.0	0.0	0.0	0.0	0.0	0.0
580	3625.8333333333335	0.0	0.0	0.0	0.0	0.0	0.0
590	3917.3333333333335	0.0	0.0	0.0	0.0	0.0	0.0
600	3672.6666666666665	0.0	0.0	0.0	0.0	0.0	0.0
610	3689.3333333333335	0.0	0.0	0.0	0.0	0.0	0.0
620	3880.6666666666665	0.0	0.0	0.0	0.0	0.0	0.0
630	4004.1666666666665	0.0	0.0	0.0	0.0	0.0	0.0
640	3672.5	0.0	0.0	0.0	0.0	0.0	0.0
650	3191.5	0.0	0.0	0.0	0.0	0.0	0.0
660	3450.5	0.0	0.0	0.0	0.0	0.0	0.0
670	3551.5	0.0	0.0	0.0	0.0	0.0	0.0
680	3765.0	0.0	0.0	0.0	0.0	0.0	0.0
690	3266.1666666666665	0.0	0.0	0.0	0.0	0.0	0.0
700	3790.5	0.0	0.0	0.0	0.0	0.0	0.0
710	3979.0	0.0	0.0	0.0	0.0	0.0	0.0
720	3498.3333333333335	0.0	0.0	0.0	0.0	0.0	0.0
730	3808.5	0.0	0.0	0.0	0.0	0.0	0.0
740	3766.0	0.0	0.0	0.0	0.0	0.0	0.0
750	3583.6666666666665	0.0	0.0	0.0	0.0	0.0	0.0
760	3883.6666666666665	0.0	0.0	0.0	0.0	0.0	0.0
770	4016.8333333333335	0.0	0.0	0.0	0.0	0.0	0.0
780	3676.8333333333335	0.0	0.0	0.0	0.0	0.0	0.0
790	3768.5	0.0	0.0	0.0	0.0	0.0	0.0
800	3784.5	0.0	0.0	0.0	0.0	0.0	0.0
810	3857.6666666666665	0.0	0.0	0.0	0.0	0.0	0.0
820	3517.3333333333335	0.0	0.0	0.0	0.0	0.0	0.0
830	3771.1666666666665	0.0	0.0	0.0	0.0	0.0	0.0
840	3457.1666666666665	0.0	0.0	0.0	0.0	0.0	0.0
850	3683.1666666666665	0.0	0.0	0.0	0.0	0.0	0.0
860	3730.1666666666665	0.0	0.0	0.0	0.0	0.0	0.0
870	3782.1666666666665	0.0	0.0	0.0	0.0	0.0	0.0
880	3628.3333333333335	0.0	0.0	0.0	0.0	0.0	0.0
890	3761.6666666666665	0.0	0.0	0.0	0.0	0.0	0.0
900	3800.0	0.0	0.0	0.0	0.0	0.0	0.0
910	3777.0	0.0	0.0	0.0	0.0	0.0	0.0
920	3788.1666666666665	0.0	0.0	0.0	0.0	0.0	0.0
930	3841.0	0.0	0.0	0.0	0.0	0.0	0.0
940	3465.3333333333335	0.0	0.0	0.0	0.0	0.0	0.0
950	3533.5	0.0	0.0	0.0	0.0	0.0	0.0
960	3709.8333333333335	0.0	0.0	0.0	0.0	0.0	0.0
970	3930.6666666666665	0.0	0.0	0.0	0.0	0.0	0.0
980	3965.0	0.0	0.0	0.0	0.0	0.0	0.0
990	4368.0	0.0	0.0	0.0	0.0	0.0	0.0
1000	4086.0	0.0	0.0	0.0	0.0	0.0	0.0
