0	225.0	0.0	0.0	0.0	0.0	0.0	0.0
10	1889.0	437.0	4322.0	307.0	366.0	234.0	71.0
20	1953.6666666666667	437.0	5296.0	245.0	389.0	196.0	48.0
30	2044.3333333333333	126.0	2289.0	94.0	104.0	71.0	22.0
40	2558.6666666666665	0.0	0.0	0.0	0.0	0.0	0.0
50	2481.0	0.0	0.0	0.0	0.0	0.0	0.0
60	2510.6666666666665	0.0	0.0	0.0	0.0	0.0	0.0
70	2532.5	0.0	0.0	0.0	0.0	0.0	0.0
80	2803.8333333333335	0.0	0.0	0.0	0.0	0.0	0.0
90	2715.1666666666665	0.0	0.0	0.0	0.0	0.0	0.0
100	2670.6666666666665	0.0	0.0	0.0	0.0	0.0	0.0
110	2611.6666666666665	0.0	0.0	0.0	0.0	0.0	0.0
120	2507.1666666666665	0.0	0.0	0.0	0.0	0.0	0.0
130	2501.8333333333335	0.0	0.0	0.0	0.0	0.0	0.0
140	2854.3333333333335	0.0	0.0	0.0	0.0	0.0	0.0
150	2276.0	0.0	0.0	0.0	0.0	0.0	0.0
160	2366.1666666666665	0.0	0.0	0.0	0.0	0.0	0.0
170	2076.6666666666665	0.0	0.0	0.0	0.0	0.0	0.0
180	2653.0	0.0	0.0	0.0	0.0	0.0	0.0
190	2456.0	0.0	0.0	0.0	0.0	0.0	0.0
200	2372.1666666666665	0.0	0.0	0.0	0.0	0.0	0.0
210	2573.5	0.0	0.0	0.0	0.0	0.0	0.0
220	2998.3333333333335	0.0	0.0	0.0	0.0	0.0	0.0
230	2231.3333333333335	0.0	0.0	0.0	0.0	0.0	0.0
240	2819.3333333333335	0.0	0.0	0.0	0.0	0.0	0.0
250	2640.6666666666665	0.0	0.0	0.0	0.0	0.0	0.0
260	2373.5	0.0	0.0	0.0	0.0	0.0	0.0
270	2711.3333333333335	0.0	0.0	0.0	0.0	0.0	0.0
280	2791.5	0.0	0.0	0.0	0.0	0.0	0.0
290	2956.0	0.0	0.0	0.0	0.0	0.0	0.0
300	2913.5	0.0	0.0	0.0	0.0	0.0	0.0
310	3415.8333333333335	0.0	0.0	0.0	0.0	0.0	0.0
320	2886.5	0.0	0.0	0.0	0.0	0.0	0.0
330	2559.3333333333335	0.0	0.0	0.0	0.0	0.0	0.0
340	3438.1666666666665	0.0	0.0	0.0	0.0	0.0	0.0
350	2936.0	0.0	0.0	0.0	0.0	0.0	0.0
360	3511.6666666666665	0.0	0.0	0.0	0.0	0.0	0.0
370	3345.6666666666665	0.0	0.0	0.0	0.0	0.0	0.0
380	2939.6666666666665	0.0	0.0	0.0	0.0	0.0	0.0
390	3550.3333333333335	0.0	0.0	0.0	0.0	0.0	0.0
400	3241.8333333333335	0.0	0.0	0.0	0.0	0.0	0.0
410	3784.8333333333335	0.0	0.0	0.0	0.0	0.0	0.0
420	3914.5	0.0	0.0	0.0	0.0	0.0	0.0
430	3256.3333333333335	0.0	0.0	0.0	0.0	0.0	0.0
440	3532.3333333333335	0.0	0.0	0.0	0.0	0.0	0.0
450	3440.1666666666665	0.0	0.0	0.0	0.0	0.0	0.0
460	3578.0	0.0	0.0	0.0	0.0	0.0	0.0
470	3097.3333333333335	0.0	0.0	0.0	0.0	0.0	0.0
480	3398.0	0.0	0.0	0.0	0.0	0.0	0.0
490	3561.0	0.0	0.0	0.0	0.0	0.0	0.0
500	3776.0	0.0	0.0	0.0	0.0	0.0	0.0
510	3605.1666666666665	0.0	0.0	0.0	0.0	0.0	0.0
520	3631.1666666666665	0.0	0.0	0.0	0.0	0.0	0.0
530	3680.3333333333335	0.0	0.0	0.0	0.0	0.0	0.0
540	3681.0	0.0	0.0	0.0	0.0	0.0	0.0
550	4001.6666666666665	0.0	0.0	0.0	0.0	0.0	0.0
560	3578.5	0.0	0.0	0.0	0.0	0.0	0.0
570	3206.6666666666665	0.0	0.0	0.0	0.0	0.0	0.0
580	3494.5	0.0	0.0	0.0	0.0	0.0	0.0
590	3728.8333333333335	0.0	0.0	0.0	0.0	0.0	0.0
600	3713.3333333333335	0.0	0.0	0.0	0.0	0.0	0.0
610	3500.3333333333335	0.0	0.0	0.0	0.0	0.0	0.0
620	3127.8333333333335	0.0	0.0	0.0	0.0	0.0	0.0
630	3293.6666666666665	0.0	0.0	0.0	0.0	0.0	0.0
640	2800.8333333333335	0.0	0.0	0.0	0.0	0.0	0.0
650	3866.0	0.0	0.0	0.0	0.0	0.0	0.0
660	3786.8333333333335	0.0	0.0	0.0	0.0	0.0	0.0
670	3817.6666666666665	0.0	0.0	0.0	0.0	0.0	0.0
680	3949.5	0.0	0.0	0.0	0.0	0.0	0.0
690	3369.1666666666665	0.0	0.0	0.0	0.0	0.0	0.0
700	3660.3333333333335	0.0	0.0	0.0	0.0	0.0	0.0
710	3623.0	0.0	0.0	0.0	0.0	0.0	0.0
720	3740.3333333333335	0.0	0.0	0.0	0.0	0.0	0.0
730	3568.6666666666665	0.0	0.0	0.0	0.0	0.0	0.0
740	3804.3333333333335	0.0	0.0	0.0	0.0	0.0	0.0
750	3520.5	0.0	0.0	0.0	0.0	0.0	0.0
760	3766.5	0.0	0.0	0.0	0.0	0.0	0.0
770	3615.3333333333335	0.0	0.0	0.0	0.0	0.0	0.0
780	3807.3333333333335	0.0	0.0	0.0	0.0	0.0	0.0
790	3915.6666666666665	0.0	0.0	0.0	0.0	0.0	0.0
800	3989.8333333333335	0.0	0.0	0.0	0.0	0.0	0.0
810	3901.0	0.0	0.0	0.0	0.0	0.0	0.0
820	3312.3333333333335	0.0	0.0	0.0	0.0	0.0	0.0
830	4117.333333333333	0.0	0.0	0.0	0.0	0.0	0.0
840	3901.1666666666665	0.0	0.0	0.0	0.0	0.0	0.0
850	3605.0	0.0	0.0	0.0	0.0	0.0	0.0
860	3808.5	0.0	0.0	0.0	0.0	0.0	0.0
870	3705.8333333333335	0.0	0.0	0.0	0.0	0.0	0.0
880	3595.5	0.0	0.0	0.0	0.0	0.0	0.0
890	4031.3333333333335	0.0	0.0	0.0	0.0	0.0	0.0
900	3611.6666666666665	0.0	0.0	0.0	0.0	0.0	0.0
910	4080.3333333333335	0.0	0.0	0.0	0.0	0.0	0.0
920	3515.5	0.0	0.0	0.0	0.0	0.0	0.0
930	3859.8333333333335	0.0	0.0	0.0	0.0	0.0	0.0
940	3919.0	0.0	0.0	0.0	0.0	0.0	0.0
950	3905.3333333333335	0.0	0.0	0.0	0.0	0.0	0.0
960	3638.6666666666665	0.0	0.0	0.0	0.0	0.0	0.0
970	3858.1666666666665	0.0	0.0	0.0	0.0	0.0	0.0
980	3585.1666666666665	0.0	0.0	0.0	0.0	0.0	0.0
990	3976.0	0.0	0.0	0.0	0.0	0.0	0.0
1000	3921.8333333333335	0.0	0.0	0.0	0.0	0.0	0.0
