0	222.66666666666666	0.0	0.0	0.0	0.0	0.0	0.0
10	1947.6666666666667	550.0	3039.0	359.0	387.0	192.0	163.0
20	1856.0	450.0	3425.0	283.0	337.0	169.0	113.0
30	2023.0	0.0	0.0	0.0	0.0	0.0	0.0
40	1907.5	0.0	0.0	0.0	0.0	0.0	0.0
50	2107.6666666666665	0.0	0.0	0.0	0.0	0.0	0.0
60	2273.0	0.0	0.0	0.0	0.0	0.0	0.0
70	1991.3333333333333	0.0	0.0	0.0	0.0	0.0	0.0
80	2782.8333333333335	0.0	0.0	0.0	0.0	0.0	0.0
90	2498.0	0.0	0.0	0.0	0.0	0.0	0.0
100	2620.5	0.0	0.0	0.0	0.0	0.0	0.0
110	2532.3333333333335	0.0	0.0	0.0	0.0	0.0	0.0
120	2519.1666666666665	0.0	0.0	0.0	0.0	0.0	0.0
130	2552.3333333333335	0.0	0.0	0.0	0.0	0.0	0.0
140	2557.6666666666665	0.0	0.0	0.0	0.0	0.0	0.0
150	2224.1666666666665	0.0	0.0	0.0	0.0	0.0	0.0
160	2420.8333333333335	0.0	0.0	0.0	0.0	0.0	0.0
170	2207.3333333333335	0.0	0.0	0.0	0.0	0.0	0.0
180	2501.3333333333335	0.0	0.0	0.0	0.0	0.0	0.0
190	2446.1666666666665	0.0	0.0	0.0	0.0	0.0	0.0
200	2596.0	0.0	0.0	0.0	0.0	0.0	0.0
210	2610.1666666666665	0.0	0.0	0.0	0.0	0.0	0.0
220	2507.6666666666665	0.0	0.0	0.0	0.0	0.0	0.0
230	2532.5	0.0	0.0	0.0	0.0	0.0	0.0
240	2564.3333333333335	0.0	0.0	0.0	0.0	0.0	0.0
250	2587.0	0.0	0.0	0.0	0.0	0.0	0.0
260	2742.3333333333335	0.0	0.0	0.0	0.0	0.0	0.0
270	2916.1666666666665	0.0	0.0	0.0	0.0	0.0	0.0
280	2563.6666666666665	0.0	0.0	0.0	0.0	0.0	0.0
290	2690.1666666666665	0.0	0.0	0.0	0.0	0.0	0.0
300	3232.6666666666665	0.0	0.0	0.0	0.0	0.0	0.0
310	2945.3333333333335	0.0	0.0	0.0	0.0	0.0	0.0
320	2849.1666666666665	0.0	0.0	0.0	0.0	0.0	0.0
330	2962.3333333333335	0.0	0.0	0.0	0.0	0.0	0.0
340	2994.3333333333335	0.0	0.0	0.0	0.0	0.0	0.0
350	2922.5	0.0	0.0	0.0	0.0	0.0	0.0
360	2489.5	0.0	0.0	0.0	0.0	0.0	0.0
370	3150.5	0.0	0.0	0.0	0.0	0.0	0.0
380	3450.1666666666665	0.0	0.0	0.0	0.0	0.0	0.0
390	3568.6666666666665	0.0	0.0	0.0	0.0	0.0	0.0
400	3383.0	0.0	0.0	0.0	0.0	0.0	0.0
410	3703.8333333333335	0.0	0.0	0.0	0.0	0.0	0.0
420	3096.5	0.0	0.0	0.0	0.0	0.0	0.0
430	2680.6666666666665	0.0	0.0	0.0	0.0	0.0	0.0
440	3436.1666666666665	0.0	0.0	0.0	0.0	0.0	0.0
450	3514.0	0.0	0.0	0.0	0.0	0.0	0.0
460	3602.0	0.0	0.0	0.0	0.0	0.0	0.0
470	3479.8333333333335	0.0	0.0	0.0	0.0	0.0	0.0
480	3682.0	0.0	0.0	0.0	0.0	0.0	0.0
490	3105.6666666666665	0.0	0.0	0.0	0.0	0.0	0.0
500	3799.3333333333335	0.0	0.0	0.0	0.0	0.0	0.0
510	3707.1666666666665	0.0	0.0	0.0	0.0	0.0	0.0
520	3265.5	0.0	0.0	0.0	0.0	0.0	0.0
530	3495.0	0.0	0.0	0.0	0.0	0.0	0.0
540	3780.1666666666665	0.0	0.0	0.0	0.0	0.0	0.0
550	3186.8333333333335	0.0	0.0	0.0	0.0	0.0	0.0
560	3782.6666666666665	0.0	0.0	0.0	0.0	0.0	0.0
570	3574.1666666666665	0.0	0.0	0.0	0.0	0.0	0.0
580	3527.5	0.0	0.0	0.0	0.0	0.0	0.0
590	3150.3333333333335	0.0	0.0	0.0	0.0	0.0	0.0
600	3058.8333333333335	0.0	0.0	0.0	0.0	0.0	0.0
610	3973.0	0.0	0.0	0.0	0.0	0.0	0.0
620	3259.0	0.0	0.0	0.0	0.0	0.0	0.0
630	3732.5	0.0	0.0	0.0	0.0	0.0	0.0
640	3772.8333333333335	0.0	0.0	0.0	0.0	0.0	0.0
650	3682.3333333333335	0.0	0.0	0.0	0.0	0.0	0.0
660	3657.3333333333335	0.0	0.0	0.0	0.0	0.0	0.0
670	3597.0	0.0	0.0	0.0	0.0	0.0	0.0
680	3306.6666666666665	0.0	0.0	0.0	0.0	0.0	0.0
690	3453.8333333333335	0.0	0.0	0.0	0.0	0.0	0.0
700	3945.6666666666665	0.0	0.0	0.0	0.0	0.0	0.0
710	4070.8333333333335	0.0	0.0	0.0	0.0	0.0	0.0
720	4109.0	0.0	0.0	0.0	0.0	0.0	0.0
730	3724.8333333333335	0.0	0.0	0.0	0.0	0.0	0.0
740	3547.1666666666665	0.0	0.0	0.0	0.0	0.0	0.0
750	3969.1666666666665	0.0	0.0	0.0	0.0	0.0	0.0
760	3806.3333333333335	0.0	0.0	0.0	0.0	0.0	0.0
770	3766.5	0.0	0.0	0.0	0.0	0.0	0.0
780	4106.333333333333	0.0	0.0	0.0	0.0	0.0	0.0
790	3702.3333333333335	0.0	0.0	0.0	0.0	0.0	0.0
800	3660.5	0.0	0.0	0.0	0.0	0.0	0.0
810	3958.0	0.0	0.0	0.0	0.0	0.0	0.0
820	3779.3333333333335	0.0	0.0	0.0	0.0	0.0	0.0
830	3870.3333333333335	0.0	0.0	0.0	0.0	0.0	0.0
840	3728.8333333333335	0.0	0.0	0.0	0.0	0.0	0.0
850	3672.5	0.0	0.0	0.0	0.0	0.0	0.0
860	3673.8333333333335	0.0	0.0	0.0	0.0	0.0	0.0
870	3681.8333333333335	0.0	0.0	0.0	0.0	0.0	0.0
880	3730.3333333333335	0.0	0.0	0.0	0.0	0.0	0.0
890	3487.6666666666665	0.0	0.0	0.0	0.0	0.0	0.0
900	3695.6666666666665	0.0	0.0	0.0	0.0	0.0	0.0
910	3595.6666666666665	0.0	0.0	0.0	0.0	0.0	0.0
920	3748.1666666666665	0.0	0.0	0.0	0.0	0.0	0.0
930	3856.6666666666665	0.0	0.0	0.0	0.0	0.0	0.0
940	3920.5	0.0	0.0	0.0	0.0	0.0	0.0
950	3971.5	0.0	0.0	0.0	0.0	0.0	0.0
960	3866.5	0.0	0.0	0.0	0.0	0.0	0.0
970	3625.6666666666665	0.0	0.0	0.0	0.0	0.0	0.0
980	3465.0	0.0	0.0	0.0	0.0	0.0	0.0
990	3628.8333333333335	0.0	0.0	0.0	0.0	0.0	0.0
1000	4117.833333333333	0.0	0.0	0.0	0.0	0.0	0.0
