0	280.6666666666667	0.0
10	136.33333333333334	1000.0
20	143.0	0.0
30	143.66666666666666	0.0
40	118.66666666666667	0.0
50	114.0	0.0
60	108.33333333333333	0.0
70	100.0	0.0
80	102.66666666666667	0.0
90	102.66666666666667	0.0
100	104.66666666666667	0.0
110	100.66666666666667	0.0
120	100.66666666666667	0.0
130	103.33333333333333	0.0
140	106.0	0.0
150	115.66666666666667	0.0
160	109.66666666666667	0.0
170	173.66666666666666	0.0
180	133.0	0.0
190	244.33333333333334	0.0
200	456.6666666666667	0.0
210	360.3333333333333	0.0
220	423.6666666666667	0.0
230	315.6666666666667	0.0
240	372.0	0.0
250	441.0	0.0
260	758.0	0.0
270	776.6666666666666	0.0
280	690.3333333333334	0.0
290	727.3333333333334	0.0
300	1172.3333333333333	0.0
310	1111.3333333333333	0.0
320	1361.0	0.0
330	1810.6666666666667	0.0
340	1569.3333333333333	0.0
350	2079.3333333333335	0.0
360	1935.1666666666667	0.0
370	1868.6666666666667	0.0
380	1806.0	0.0
390	1822.6666666666667	0.0
400	1698.6666666666667	0.0
410	1847.3333333333333	0.0
420	2245.3333333333335	0.0
430	2047.0	0.0
440	2003.6666666666667	0.0
450	2306.6666666666665	0.0
460	2100.5	0.0
470	2325.0	0.0
480	2230.0	0.0
490	2033.3333333333333	0.0
500	2237.3333333333335	0.0
510	2434.0	0.0
520	2262.1666666666665	0.0
530	2446.5	0.0
540	2422.0	0.0
550	2197.8333333333335	0.0
560	2144.6666666666665	0.0
570	2652.5	0.0
580	2385.0	0.0
590	2299.0	0.0
600	2670.5	0.0
610	2378.3333333333335	0.0
620	2647.6666666666665	0.0
630	2255.6666666666665	0.0
640	2754.8333333333335	0.0
650	2425.6666666666665	0.0
660	2805.0	0.0
670	2550.3333333333335	0.0
680	2636.0	0.0
690	2546.6666666666665	0.0
700	2698.0	0.0
710	2654.0	0.0
720	2813.1666666666665	0.0
730	2581.0	0.0
740	2410.1666666666665	0.0
750	2545.6666666666665	0.0
760	2432.8333333333335	0.0
770	2593.8333333333335	0.0
780	2466.0	0.0
790	2200.3333333333335	0.0
800	2426.6666666666665	0.0
810	2392.3333333333335	0.0
820	2608.3333333333335	0.0
830	2649.3333333333335	0.0
840	2581.0	0.0
850	2587.3333333333335	0.0
860	2465.3333333333335	0.0
870	2553.5	0.0
880	2710.1666666666665	0.0
890	2194.6666666666665	0.0
900	2548.5	0.0
910	2440.6666666666665	0.0
920	2609.0	0.0
930	2489.6666666666665	0.0
940	2390.6666666666665	0.0
950	1955.0	0.0
960	2549.3333333333335	0.0
970	2255.3333333333335	0.0
980	2248.6666666666665	0.0
990	1940.6666666666667	0.0
1000	2151.3333333333335	0.0
