0	305.3333333333333	0.0
10	70.0	1000.0
20	70.0	0.0
30	70.0	0.0
40	70.0	0.0
50	70.0	0.0
60	70.0	0.0
70	70.0	0.0
80	70.0	0.0
90	70.0	0.0
100	70.0	0.0
110	70.0	0.0
120	70.0	0.0
130	70.0	0.0
140	70.0	0.0
150	70.0	0.0
160	71.66666666666667	0.0
170	71.0	0.0
180	70.0	0.0
190	100.66666666666667	0.0
200	72.33333333333333	0.0
210	82.33333333333333	0.0
220	81.0	0.0
230	284.6666666666667	0.0
240	539.6666666666666	0.0
250	254.33333333333334	0.0
260	269.3333333333333	0.0
270	145.33333333333334	0.0
280	179.66666666666666	0.0
290	143.66666666666666	0.0
300	130.0	0.0
310	164.33333333333334	0.0
320	162.66666666666666	0.0
330	352.3333333333333	0.0
340	214.33333333333334	0.0
350	262.3333333333333	0.0
360	257.6666666666667	0.0
370	130.0	0.0
380	219.0	0.0
390	263.3333333333333	0.0
400	207.66666666666666	0.0
410	147.0	0.0
420	229.33333333333334	0.0
430	527.3333333333334	0.0
440	479.6666666666667	0.0
450	803.3333333333334	0.0
460	1086.3333333333333	0.0
470	1086.0	0.0
480	982.6666666666666	0.0
490	1840.1666666666667	0.0
500	1646.3333333333333	0.0
510	1704.0	0.0
520	1756.0	0.0
530	1975.3333333333333	0.0
540	1898.6666666666667	0.0
550	2303.6666666666665	0.0
560	2023.3333333333333	0.0
570	1943.3333333333333	0.0
580	2387.3333333333335	0.0
590	2097.3333333333335	0.0
600	2376.3333333333335	0.0
610	2022.5	0.0
620	2242.5	0.0
630	2212.0	0.0
640	2275.1666666666665	0.0
650	2314.0	0.0
660	2179.6666666666665	0.0
670	2352.3333333333335	0.0
680	2357.0	0.0
690	2156.5	0.0
700	2625.6666666666665	0.0
710	2621.3333333333335	0.0
720	2332.3333333333335	0.0
730	2572.5	0.0
740	2611.3333333333335	0.0
750	2546.6666666666665	0.0
760	2468.3333333333335	0.0
770	2497.6666666666665	0.0
780	2651.5	0.0
790	2370.0	0.0
800	2528.1666666666665	0.0
810	2664.0	0.0
820	2501.3333333333335	0.0
830	2755.5	0.0
840	2539.6666666666665	0.0
850	2739.3333333333335	0.0
860	2332.6666666666665	0.0
870	2225.6666666666665	0.0
880	2555.1666666666665	0.0
890	2514.1666666666665	0.0
900	2373.6666666666665	0.0
910	2744.3333333333335	0.0
920	2391.6666666666665	0.0
930	2315.6666666666665	0.0
940	2672.3333333333335	0.0
950	2423.0	0.0
960	2771.5	0.0
970	2433.0	0.0
980	2704.0	0.0
990	2741.6666666666665	0.0
1000	1992.8333333333333	0.0
