0	262.6666666666667	0.0
10	70.0	1000.0
20	70.0	0.0
30	70.0	0.0
40	70.0	0.0
50	70.0	0.0
60	70.0	0.0
70	70.0	0.0
80	70.0	0.0
90	70.0	0.0
100	70.0	0.0
110	70.0	0.0
120	70.0	0.0
130	70.0	0.0
140	70.0	0.0
150	70.0	0.0
160	70.0	0.0
170	71.33333333333333	0.0
180	72.33333333333333	0.0
190	70.66666666666667	0.0
200	70.0	0.0
210	125.33333333333333	0.0
220	584.3333333333334	0.0
230	301.0	0.0
240	319.3333333333333	0.0
250	352.0	0.0
260	130.0	0.0
270	163.33333333333334	0.0
280	171.33333333333334	0.0
290	190.33333333333334	0.0
300	155.33333333333334	0.0
310	146.66666666666666	0.0
320	232.33333333333334	0.0
330	241.66666666666666	0.0
340	250.66666666666666	0.0
350	154.0	0.0
360	154.66666666666666	0.0
370	196.33333333333334	0.0
380	202.66666666666666	0.0
390	519.6666666666666	0.0
400	360.0	0.0
410	398.0	0.0
420	690.3333333333334	0.0
430	696.6666666666666	0.0
440	986.6666666666666	0.0
450	1140.6666666666667	0.0
460	1122.3333333333333	0.0
470	975.0	0.0
480	1589.6666666666667	0.0
490	1837.1666666666667	0.0
500	2056.6666666666665	0.0
510	1912.3333333333333	0.0
520	2656.6666666666665	0.0
530	2545.6666666666665	0.0
540	1796.1666666666667	0.0
550	2083.0	0.0
560	1988.3333333333333	0.0
570	2118.0	0.0
580	2295.3333333333335	0.0
590	2566.0	0.0
600	2381.3333333333335	0.0
610	1761.8333333333333	0.0
620	2764.0	0.0
630	2277.0	0.0
640	2438.8333333333335	0.0
650	2653.6666666666665	0.0
660	2274.3333333333335	0.0
670	2537.8333333333335	0.0
680	2229.5	0.0
690	2388.3333333333335	0.0
700	2757.8333333333335	0.0
710	2292.6666666666665	0.0
720	2347.6666666666665	0.0
730	2417.8333333333335	0.0
740	2462.3333333333335	0.0
750	2349.6666666666665	0.0
760	2384.8333333333335	0.0
770	2528.3333333333335	0.0
780	2555.1666666666665	0.0
790	2365.6666666666665	0.0
800	2564.0	0.0
810	2494.3333333333335	0.0
820	2534.6666666666665	0.0
830	2498.5	0.0
840	2766.8333333333335	0.0
850	2613.5	0.0
860	2548.1666666666665	0.0
870	2609.3333333333335	0.0
880	2635.6666666666665	0.0
890	2615.3333333333335	0.0
900	2825.3333333333335	0.0
910	2637.6666666666665	0.0
920	2782.8333333333335	0.0
930	2824.6666666666665	0.0
940	2572.8333333333335	0.0
950	2632.5	0.0
960	2634.3333333333335	0.0
970	2299.3333333333335	0.0
980	2605.5	0.0
990	2704.5	0.0
1000	2542.3333333333335	0.0
