0	250.0	0.0
10	70.66666666666667	1000.0
20	70.0	0.0
30	70.0	0.0
40	70.0	0.0
50	70.0	0.0
60	70.0	0.0
70	70.0	0.0
80	70.0	0.0
90	70.0	0.0
100	70.0	0.0
110	70.0	0.0
120	70.0	0.0
130	70.0	0.0
140	70.0	0.0
150	70.0	0.0
160	70.0	0.0
170	71.33333333333333	0.0
180	72.0	0.0
190	89.33333333333333	0.0
200	130.66666666666666	0.0
210	565.3333333333334	0.0
220	136.0	0.0
230	125.33333333333333	0.0
240	128.66666666666666	0.0
250	130.0	0.0
260	130.0	0.0
270	182.0	0.0
280	199.0	0.0
290	635.6666666666666	0.0
300	689.0	0.0
310	841.3333333333334	0.0
320	555.0	0.0
330	554.6666666666666	0.0
340	924.0	0.0
350	840.6666666666666	0.0
360	591.0	0.0
370	1228.3333333333333	0.0
380	1326.0	0.0
390	1337.0	0.0
400	1303.1666666666667	0.0
410	1247.3333333333333	0.0
420	1751.6666666666667	0.0
430	1728.3333333333333	0.0
440	1532.0	0.0
450	1725.3333333333333	0.0
460	2135.3333333333335	0.0
470	2008.6666666666667	0.0
480	2312.8333333333335	0.0
490	2345.0	0.0
500	2268.0	0.0
510	2248.6666666666665	0.0
520	2520.0	0.0
530	1983.0	0.0
540	2146.0	0.0
550	2620.0	0.0
560	2423.6666666666665	0.0
570	2493.6666666666665	0.0
580	2523.5	0.0
590	2353.6666666666665	0.0
600	2411.0	0.0
610	2688.8333333333335	0.0
620	2404.5	0.0
630	2375.0	0.0
640	2652.5	0.0
650	2623.3333333333335	0.0
660	2552.3333333333335	0.0
670	2478.1666666666665	0.0
680	2835.6666666666665	0.0
690	2645.0	0.0
700	2370.8333333333335	0.0
710	2340.1666666666665	0.0
720	2434.0	0.0
730	2414.3333333333335	0.0
740	2514.3333333333335	0.0
750	2418.5	0.0
760	2464.6666666666665	0.0
770	2485.3333333333335	0.0
780	2530.3333333333335	0.0
790	2693.0	0.0
800	2682.8333333333335	0.0
810	2573.8333333333335	0.0
820	2723.3333333333335	0.0
830	2577.3333333333335	0.0
840	2604.6666666666665	0.0
850	2549.6666666666665	0.0
860	2299.6666666666665	0.0
870	2497.8333333333335	0.0
880	2389.1666666666665	0.0
890	2526.0	0.0
900	2543.1666666666665	0.0
910	2280.3333333333335	0.0
920	2185.3333333333335	0.0
930	2499.6666666666665	0.0
940	2362.1666666666665	0.0
950	2532.6666666666665	0.0
960	2512.6666666666665	0.0
970	2531.0	0.0
980	2286.0	0.0
990	2026.3333333333333	0.0
1000	2010.0	0.0
