0	265.0	0.0	0.0	0.0	0.0	0.0	0.0
10	1926.3333333333333	425.0	3878.0	258.0	347.0	176.0	78.0
20	1775.0	389.0	3119.0	303.0	248.0	144.0	141.0
30	1815.3333333333333	186.0	2164.0	123.0	171.0	103.0	15.0
40	1775.6666666666667	0.0	0.0	0.0	0.0	0.0	0.0
50	1886.5	0.0	0.0	0.0	0.0	0.0	0.0
60	1837.5	0.0	0.0	0.0	0.0	0.0	0.0
70	2060.5	0.0	0.0	0.0	0.0	0.0	0.0
80	1867.5	0.0	0.0	0.0	0.0	0.0	0.0
90	2227.3333333333335	0.0	0.0	0.0	0.0	0.0	0.0
100	2133.3333333333335	0.0	0.0	0.0	0.0	0.0	0.0
110	2222.8333333333335	0.0	0.0	0.0	0.0	0.0	0.0
120	2254.0	0.0	0.0	0.0	0.0	0.0	0.0
130	2355.1666666666665	0.0	0.0	0.0	0.0	0.0	0.0
140	2175.6666666666665	0.0	0.0	0.0	0.0	0.0	0.0
150	2357.0	0.0	0.0	0.0	0.0	0.0	0.0
160	2370.8333333333335	0.0	0.0	0.0	0.0	0.0	0.0
170	2449.0	0.0	0.0	0.0	0.0	0.0	0.0
180	2113.8333333333335	0.0	0.0	0.0	0.0	0.0	0.0
190	2360.1666666666665	0.0	0.0	0.0	0.0	0.0	0.0
200	2500.6666666666665	0.0	0.0	0.0	0.0	0.0	0.0
210	2436.5	0.0	0.0	0.0	0.0	0.0	0.0
220	2359.5	0.0	0.0	0.0	0.0	0.0	0.0
230	2631.0	0.0	0.0	0.0	0.0	0.0	0.0
240	2393.3333333333335	0.0	0.0	0.0	0.0	0.0	0.0
250	2266.8333333333335	0.0	0.0	0.0	0.0	0.0	0.0
260	2456.6666666666665	0.0	0.0	0.0	0.0	0.0	0.0
270	2469.3333333333335	0.0	0.0	0.0	0.0	0.0	0.0
280	2779.5	0.0	0.0	0.0	0.0	0.0	0.0
290	2501.8333333333335	0.0	0.0	0.0	0.0	0.0	0.0
300	2550.6666666666665	0.0	0.0	0.0	0.0	0.0	0.0
310	2390.0	0.0	0.0	0.0	0.0	0.0	0.0
320	2584.5	0.0	0.0	0.0	0.0	0.0	0.0
330	2545.5	0.0	0.0	0.0	0.0	0.0	0.0
340	2574.1666666666665	0.0	0.0	0.0	0.0	0.0	0.0
350	2602.0	0.0	0.0	0.0	0.0	0.0	0.0
360	2411.5	0.0	0.0	0.0	0.0	0.0	0.0
370	2519.1666666666665	0.0	0.0	0.0	0.0	0.0	0.0
380	2346.8333333333335	0.0	0.0	0.0	0.0	0.0	0.0
390	2584.8333333333335	0.0	0.0	0.0	0.0	0.0	0.0
400	2689.0	0.0	0.0	0.0	0.0	0.0	0.0
410	2822.8333333333335	0.0	0.0	0.0	0.0	0.0	0.0
420	2746.8333333333335	0.0	0.0	0.0	0.0	0.0	0.0
430	2687.1666666666665	0.0	0.0	0.0	0.0	0.0	0.0
440	2585.5	0.0	0.0	0.0	0.0	0.0	0.0
450	2735.3333333333335	0.0	0.0	0.0	0.0	0.0	0.0
460	2474.8333333333335	0.0	0.0	0.0	0.0	0.0	0.0
470	2751.0	0.0	0.0	0.0	0.0	0.0	0.0
480	2811.6666666666665	0.0	0.0	0.0	0.0	0.0	0.0
490	2607.0	0.0	0.0	0.0	0.0	0.0	0.0
500	2214.5	0.0	0.0	0.0	0.0	0.0	0.0
510	2976.3333333333335	0.0	0.0	0.0	0.0	0.0	0.0
520	2762.3333333333335	0.0	0.0	0.0	0.0	0.0	0.0
530	2617.0	0.0	0.0	0.0	0.0	0.0	0.0
540	2519.6666666666665	0.0	0.0	0.0	0.0	0.0	0.0
550	2583.3333333333335	0.0	0.0	0.0	0.0	0.0	0.0
560	2625.1666666666665	0.0	0.0	0.0	0.0	0.0	0.0
570	2844.3333333333335	0.0	0.0	0.0	0.0	0.0	0.0
580	2727.3333333333335	0.0	0.0	0.0	0.0	0.0	0.0
590	2677.5	0.0	0.0	0.0	0.0	0.0	0.0
600	3055.3333333333335	0.0	0.0	0.0	0.0	0.0	0.0
610	2797.1666666666665	0.0	0.0	0.0	0.0	0.0	0.0
620	2592.3333333333335	0.0	0.0	0.0	0.0	0.0	0.0
630	2611.6666666666665	0.0	0.0	0.0	0.0	0.0	0.0
640	2731.5	0.0	0.0	0.0	0.0	0.0	0.0
650	2917.0	0.0	0.0	0.0	0.0	0.0	0.0
660	2638.3333333333335	0.0	0.0	0.0	0.0	0.0	0.0
670	2838.3333333333335	0.0	0.0	0.0	0.0	0.0	0.0
680	2642.1666666666665	0.0	0.0	0.0	0.0	0.0	0.0
690	2675.6666666666665	0.0	0.0	0.0	0.0	0.0	0.0
700	2607.8333333333335	0.0	0.0	0.0	0.0	0.0	0.0
710	2900.0	0.0	0.0	0.0	0.0	0.0	0.0
720	2859.6666666666665	0.0	0.0	0.0	0.0	0.0	0.0
730	2388.3333333333335	0.0	0.0	0.0	0.0	0.0	0.0
740	2672.6666666666665	0.0	0.0	0.0	0.0	0.0	0.0
750	2868.1666666666665	0.0	0.0	0.0	0.0	0.0	0.0
760	2877.1666666666665	0.0	0.0	0.0	0.0	0.0	0.0
770	2996.0	0.0	0.0	0.0	0.0	0.0	0.0
780	2915.6666666666665	0.0	0.0	0.0	0.0	0.0	0.0
790	2957.8333333333335	0.0	0.0	0.0	0.0	0.0	0.0
800	3032.0	0.0	0.0	0.0	0.0	0.0	0.0
810	3086.0	0.0	0.0	0.0	0.0	0.0	0.0
820	3081.6666666666665	0.0	0.0	0.0	0.0	0.0	0.0
830	3162.3333333333335	0.0	0.0	0.0	0.0	0.0	0.0
840	2968.5	0.0	0.0	0.0	0.0	0.0	0.0
850	3226.8333333333335	0.0	0.0	0.0	0.0	0.0	0.0
860	3131.6666666666665	0.0	0.0	0.0	0.0	0.0	0.0
870	3116.1666666666665	0.0	0.0	0.0	0.0	0.0	0.0
880	2975.5	0.0	0.0	0.0	0.0	0.0	0.0
890	2843.5	0.0	0.0	0.0	0.0	0.0	0.0
900	3012.5	0.0	0.0	0.0	0.0	0.0	0.0
910	3486.8333333333335	0.0	0.0	0.0	0.0	0.0	0.0
920	3103.1666666666665	0.0	0.0	0.0	0.0	0.0	0.0
930	3023.1666666666665	0.0	0.0	0.0	0.0	0.0	0.0
940	2948.0	0.0	0.0	0.0	0.0	0.0	0.0
950	3344.0	0.0	0.0	0.0	0.0	0.0	0.0
960	2683.8333333333335	0.0	0.0	0.0	0.0	0.0	0.0
970	2777.0	0.0	0.0	0.0	0.0	0.0	0.0
980	2912.3333333333335	0.0	0.0	0.0	0.0	0.0	0.0
990	2968.5	0.0	0.0	0.0	0.0	0.0	0.0
1000	3152.6666666666665	0.0	0.0	0.0	0.0	0.0	0.0
