0	271.0	0.0	0.0	0.0	0.0	0.0	0.0
10	1752.3333333333333	384.0	3357.0	254.0	243.0	109.0	141.0
20	2045.8333333333333	468.0	4142.0	267.0	357.0	151.0	111.0
30	1852.3333333333333	148.0	1350.0	94.0	133.0	77.0	15.0
40	2090.6666666666665	0.0	0.0	0.0	0.0	0.0	0.0
50	1964.1666666666667	0.0	0.0	0.0	0.0	0.0	0.0
60	2265.1666666666665	0.0	0.0	0.0	0.0	0.0	0.0
70	2104.1666666666665	0.0	0.0	0.0	0.0	0.0	0.0
80	2121.6666666666665	0.0	0.0	0.0	0.0	0.0	0.0
90	2236.1666666666665	0.0	0.0	0.0	0.0	0.0	0.0
100	2315.0	0.0	0.0	0.0	0.0	0.0	0.0
110	2109.0	0.0	0.0	0.0	0.0	0.0	0.0
120	2215.1666666666665	0.0	0.0	0.0	0.0	0.0	0.0
130	2277.3333333333335	0.0	0.0	0.0	0.0	0.0	0.0
140	2181.6666666666665	0.0	0.0	0.0	0.0	0.0	0.0
150	2288.6666666666665	0.0	0.0	0.0	0.0	0.0	0.0
160	2339.8333333333335	0.0	0.0	0.0	0.0	0.0	0.0
170	2252.8333333333335	0.0	0.0	0.0	0.0	0.0	0.0
180	2261.6666666666665	0.0	0.0	0.0	0.0	0.0	0.0
190	2403.8333333333335	0.0	0.0	0.0	0.0	0.0	0.0
200	2133.5	0.0	0.0	0.0	0.0	0.0	0.0
210	2395.0	0.0	0.0	0.0	0.0	0.0	0.0
220	2336.1666666666665	0.0	0.0	0.0	0.0	0.0	0.0
230	2087.0	0.0	0.0	0.0	0.0	0.0	0.0
240	2295.3333333333335	0.0	0.0	0.0	0.0	0.0	0.0
250	2487.6666666666665	0.0	0.0	0.0	0.0	0.0	0.0
260	2122.8333333333335	0.0	0.0	0.0	0.0	0.0	0.0
270	2484.3333333333335	0.0	0.0	0.0	0.0	0.0	0.0
280	2679.1666666666665	0.0	0.0	0.0	0.0	0.0	0.0
290	2453.0	0.0	0.0	0.0	0.0	0.0	0.0
300	2510.5	0.0	0.0	0.0	0.0	0.0	0.0
310	2510.0	0.0	0.0	0.0	0.0	0.0	0.0
320	2461.1666666666665	0.0	0.0	0.0	0.0	0.0	0.0
330	2681.8333333333335	0.0	0.0	0.0	0.0	0.0	0.0
340	2619.3333333333335	0.0	0.0	0.0	0.0	0.0	0.0
350	2485.5	0.0	0.0	0.0	0.0	0.0	0.0
360	2552.3333333333335	0.0	0.0	0.0	0.0	0.0	0.0
370	2528.6666666666665	0.0	0.0	0.0	0.0	0.0	0.0
380	2711.5	0.0	0.0	0.0	0.0	0.0	0.0
390	2535.8333333333335	0.0	0.0	0.0	0.0	0.0	0.0
400	2383.6666666666665	0.0	0.0	0.0	0.0	0.0	0.0
410	2609.1666666666665	0.0	0.0	0.0	0.0	0.0	0.0
420	2994.8333333333335	0.0	0.0	0.0	0.0	0.0	0.0
430	2722.5	0.0	0.0	0.0	0.0	0.0	0.0
440	2855.1666666666665	0.0	0.0	0.0	0.0	0.0	0.0
450	2767.5	0.0	0.0	0.0	0.0	0.0	0.0
460	2472.3333333333335	0.0	0.0	0.0	0.0	0.0	0.0
470	2764.8333333333335	0.0	0.0	0.0	0.0	0.0	0.0
480	2633.6666666666665	0.0	0.0	0.0	0.0	0.0	0.0
490	2892.5	0.0	0.0	0.0	0.0	0.0	0.0
500	2655.1666666666665	0.0	0.0	0.0	0.0	0.0	0.0
510	2820.1666666666665	0.0	0.0	0.0	0.0	0.0	0.0
520	2624.3333333333335	0.0	0.0	0.0	0.0	0.0	0.0
530	2647.3333333333335	0.0	0.0	0.0	0.0	0.0	0.0
540	2797.8333333333335	0.0	0.0	0.0	0.0	0.0	0.0
550	2764.5	0.0	0.0	0.0	0.0	0.0	0.0
560	2729.3333333333335	0.0	0.0	0.0	0.0	0.0	0.0
570	2574.8333333333335	0.0	0.0	0.0	0.0	0.0	0.0
580	2939.1666666666665	0.0	0.0	0.0	0.0	0.0	0.0
590	2674.6666666666665	0.0	0.0	0.0	0.0	0.0	0.0
600	2812.5	0.0	0.0	0.0	0.0	0.0	0.0
610	2743.3333333333335	0.0	0.0	0.0	0.0	0.0	0.0
620	2572.6666666666665	0.0	0.0	0.0	0.0	0.0	0.0
630	3177.5	0.0	0.0	0.0	0.0	0.0	0.0
640	2899.8333333333335	0.0	0.0	0.0	0.0	0.0	0.0
650	2798.1666666666665	0.0	0.0	0.0	0.0	0.0	0.0
660	3052.6666666666665	0.0	0.0	0.0	0.0	0.0	0.0
670	2957.0	0.0	0.0	0.0	0.0	0.0	0.0
680	2533.1666666666665	0.0	0.0	0.0	0.0	0.0	0.0
690	2723.1666666666665	0.0	0.0	0.0	0.0	0.0	0.0
700	2716.8333333333335	0.0	0.0	0.0	0.0	0.0	0.0
710	2792.5	0.0	0.0	0.0	0.0	0.0	0.0
720	2931.6666666666665	0.0	0.0	0.0	0.0	0.0	0.0
730	3010.8333333333335	0.0	0.0	0.0	0.0	0.0	0.0
740	3049.5	0.0	0.0	0.0	0.0	0.0	0.0
750	2804.1666666666665	0.0	0.0	0.0	0.0	0.0	0.0
760	2896.1666666666665	0.0	0.0	0.0	0.0	0.0	0.0
770	2888.5	0.0	0.0	0.0	0.0	0.0	0.0
780	2912.6666666666665	0.0	0.0	0.0	0.0	0.0	0.0
790	2942.5	0.0	0.0	0.0	0.0	0.0	0.0
800	3035.3333333333335	0.0	0.0	0.0	0.0	0.0	0.0
810	3209.6666666666665	0.0	0.0	0.0	0.0	0.0	0.0
820	3077.0	0.0	0.0	0.0	0.0	0.0	0.0
830	3101.6666666666665	0.0	0.0	0.0	0.0	0.0	0.0
840	3041.6666666666665	0.0	0.0	0.0	0.0	0.0	0.0
850	3255.8333333333335	0.0	0.0	0.0	0.0	0.0	0.0
860	3164.6666666666665	0.0	0.0	0.0	0.0	0.0	0.0
870	2996.6666666666665	0.0	0.0	0.0	0.0	0.0	0.0
880	3172.1666666666665	0.0	0.0	0.0	0.0	0.0	0.0
890	3079.0	0.0	0.0	0.0	0.0	0.0	0.0
900	3017.6666666666665	0.0	0.0	0.0	0.0	0.0	0.0
910	3183.1666666666665	0.0	0.0	0.0	0.0	0.0	0.0
920	3303.0	0.0	0.0	0.0	0.0	0.0	0.0
930	2976.8333333333335	0.0	0.0	0.0	0.0	0.0	0.0
940	3024.1666666666665	0.0	0.0	0.0	0.0	0.0	0.0
950	3230.3333333333335	0.0	0.0	0.0	0.0	0.0	0.0
960	3185.6666666666665	0.0	0.0	0.0	0.0	0.0	0.0
970	3184.1666666666665	0.0	0.0	0.0	0.0	0.0	0.0
980	3013.0	0.0	0.0	0.0	0.0	0.0	0.0
990	2943.8333333333335	0.0	0.0	0.0	0.0	0.0	0.0
1000	3399.0	0.0	0.0	0.0	0.0	0.0	0.0
