0	230.66666666666666	0.0	0.0	0.0	0.0	0.0	0.0
10	2141.0	410.0	3902.0	246.0	290.0	124.0	120.0
20	2036.1666666666667	420.0	3798.0	318.0	252.0	145.0	168.0
30	1607.0	170.0	1042.0	85.0	145.0	59.0	25.0
40	2035.1666666666667	0.0	0.0	0.0	0.0	0.0	0.0
50	2023.5	0.0	0.0	0.0	0.0	0.0	0.0
60	2208.5	0.0	0.0	0.0	0.0	0.0	0.0
70	2196.6666666666665	0.0	0.0	0.0	0.0	0.0	0.0
80	2082.0	0.0	0.0	0.0	0.0	0.0	0.0
90	2369.6666666666665	0.0	0.0	0.0	0.0	0.0	0.0
100	2056.3333333333335	0.0	0.0	0.0	0.0	0.0	0.0
110	2286.1666666666665	0.0	0.0	0.0	0.0	0.0	0.0
120	2275.8333333333335	0.0	0.0	0.0	0.0	0.0	0.0
130	2212.3333333333335	0.0	0.0	0.0	0.0	0.0	0.0
140	2275.3333333333335	0.0	0.0	0.0	0.0	0.0	0.0
150	2434.3333333333335	0.0	0.0	0.0	0.0	0.0	0.0
160	2299.1666666666665	0.0	0.0	0.0	0.0	0.0	0.0
170	2334.3333333333335	0.0	0.0	0.0	0.0	0.0	0.0
180	2293.3333333333335	0.0	0.0	0.0	0.0	0.0	0.0
190	2289.0	0.0	0.0	0.0	0.0	0.0	0.0
200	2279.1666666666665	0.0	0.0	0.0	0.0	0.0	0.0
210	2327.1666666666665	0.0	0.0	0.0	0.0	0.0	0.0
220	2299.3333333333335	0.0	0.0	0.0	0.0	0.0	0.0
230	2335.0	0.0	0.0	0.0	0.0	0.0	0.0
240	2424.5	0.0	0.0	0.0	0.0	0.0	0.0
250	2550.6666666666665	0.0	0.0	0.0	0.0	0.0	0.0
260	2349.6666666666665	0.0	0.0	0.0	0.0	0.0	0.0
270	2374.1666666666665	0.0	0.0	0.0	0.0	0.0	0.0
280	2384.1666666666665	0.0	0.0	0.0	0.0	0.0	0.0
290	2595.5	0.0	0.0	0.0	0.0	0.0	0.0
300	2454.3333333333335	0.0	0.0	0.0	0.0	0.0	0.0
310	2377.6666666666665	0.0	0.0	0.0	0.0	0.0	0.0
320	2307.8333333333335	0.0	0.0	0.0	0.0	0.0	0.0
330	2706.6666666666665	0.0	0.0	0.0	0.0	0.0	0.0
340	2498.3333333333335	0.0	0.0	0.0	0.0	0.0	0.0
350	2520.8333333333335	0.0	0.0	0.0	0.0	0.0	0.0
360	2694.5	0.0	0.0	0.0	0.0	0.0	0.0
370	2553.6666666666665	0.0	0.0	0.0	0.0	0.0	0.0
380	2474.8333333333335	0.0	0.0	0.0	0.0	0.0	0.0
390	2632.5	0.0	0.0	0.0	0.0	0.0	0.0
400	2784.5	0.0	0.0	0.0	0.0	0.0	0.0
410	2628.1666666666665	0.0	0.0	0.0	0.0	0.0	0.0
420	2671.0	0.0	0.0	0.0	0.0	0.0	0.0
430	2552.0	0.0	0.0	0.0	0.0	0.0	0.0
440	2512.6666666666665	0.0	0.0	0.0	0.0	0.0	0.0
450	2599.3333333333335	0.0	0.0	0.0	0.0	0.0	0.0
460	2721.6666666666665	0.0	0.0	0.0	0.0	0.0	0.0
470	2471.3333333333335	0.0	0.0	0.0	0.0	0.0	0.0
480	2558.5	0.0	0.0	0.0	0.0	0.0	0.0
490	2547.6666666666665	0.0	0.0	0.0	0.0	0.0	0.0
500	2526.5	0.0	0.0	0.0	0.0	0.0	0.0
510	2708.8333333333335	0.0	0.0	0.0	0.0	0.0	0.0
520	2710.0	0.0	0.0	0.0	0.0	0.0	0.0
530	2694.8333333333335	0.0	0.0	0.0	0.0	0.0	0.0
540	2815.5	0.0	0.0	0.0	0.0	0.0	0.0
550	2884.8333333333335	0.0	0.0	0.0	0.0	0.0	0.0
560	2874.0	0.0	0.0	0.0	0.0	0.0	0.0
570	2491.5	0.0	0.0	0.0	0.0	0.0	0.0
580	2711.6666666666665	0.0	0.0	0.0	0.0	0.0	0.0
590	2554.6666666666665	0.0	0.0	0.0	0.0	0.0	0.0
600	2806.0	0.0	0.0	0.0	0.0	0.0	0.0
610	2687.6666666666665	0.0	0.0	0.0	0.0	0.0	0.0
620	2703.3333333333335	0.0	0.0	0.0	0.0	0.0	0.0
630	2814.6666666666665	0.0	0.0	0.0	0.0	0.0	0.0
640	2698.0	0.0	0.0	0.0	0.0	0.0	0.0
650	2902.0	0.0	0.0	0.0	0.0	0.0	0.0
660	2806.3333333333335	0.0	0.0	0.0	0.0	0.0	0.0
670	2877.5	0.0	0.0	0.0	0.0	0.0	0.0
680	2908.8333333333335	0.0	0.0	0.0	0.0	0.0	0.0
690	2865.8333333333335	0.0	0.0	0.0	0.0	0.0	0.0
700	2499.6666666666665	0.0	0.0	0.0	0.0	0.0	0.0
710	2928.1666666666665	0.0	0.0	0.0	0.0	0.0	0.0
720	3085.0	0.0	0.0	0.0	0.0	0.0	0.0
730	3020.3333333333335	0.0	0.0	0.0	0.0	0.0	0.0
740	2918.1666666666665	0.0	0.0	0.0	0.0	0.0	0.0
750	2958.0	0.0	0.0	0.0	0.0	0.0	0.0
760	2926.3333333333335	0.0	0.0	0.0	0.0	0.0	0.0
770	2926.8333333333335	0.0	0.0	0.0	0.0	0.0	0.0
780	3005.1666666666665	0.0	0.0	0.0	0.0	0.0	0.0
790	2925.0	0.0	0.0	0.0	0.0	0.0	0.0
800	3005.6666666666665	0.0	0.0	0.0	0.0	0.0	0.0
810	3140.0	0.0	0.0	0.0	0.0	0.0	0.0
820	3211.5	0.0	0.0	0.0	0.0	0.0	0.0
830	2918.0	0.0	0.0	0.0	0.0	0.0	0.0
840	3046.8333333333335	0.0	0.0	0.0	0.0	0.0	0.0
850	3121.1666666666665	0.0	0.0	0.0	0.0	0.0	0.0
860	2922.0	0.0	0.0	0.0	0.0	0.0	0.0
870	2967.3333333333335	0.0	0.0	0.0	0.0	0.0	0.0
880	3005.1666666666665	0.0	0.0	0.0	0.0	0.0	0.0
890	2967.6666666666665	0.0	0.0	0.0	0.0	0.0	0.0
900	2699.5	0.0	0.0	0.0	0.0	0.0	0.0
910	3280.8333333333335	0.0	0.0	0.0	0.0	0.0	0.0
920	3115.1666666666665	0.0	0.0	0.0	0.0	0.0	0.0
930	3049.3333333333335	0.0	0.0	0.0	0.0	0.0	0.0
940	2926.0	0.0	0.0	0.0	0.0	0.0	0.0
950	2931.0	0.0	0.0	0.0	0.0	0.0	0.0
960	3226.0	0.0	0.0	0.0	0.0	0.0	0.0
970	3371.5	0.0	0.0	0.0	0.0	0.0	0.0
980	3054.3333333333335	0.0	0.0	0.0	0.0	0.0	0.0
990	3260.1666666666665	0.0	0.0	0.0	0.0	0.0	0.0
1000	3246.0	0.0	0.0	0.0	0.0	0.0	0.0
