0	251.0	0.0
10	135.33333333333334	264.0
20	138.66666666666666	94.0
30	140.33333333333334	171.0
40	805.3333333333334	56.0
50	1085.0	115.0
60	1775.0	65.0
70	2119.6666666666665	49.0
80	1932.3333333333333	27.0
90	2077.1666666666665	37.0
100	2229.6666666666665	37.0
110	2400.3333333333335	40.0
120	2418.6666666666665	32.0
130	2349.6666666666665	13.0
140	2061.0	0.0
150	2263.0	0.0
160	2359.3333333333335	0.0
170	2324.8333333333335	0.0
180	2236.6666666666665	0.0
190	2531.8333333333335	0.0
200	2139.0	0.0
210	2567.6666666666665	0.0
220	2117.3333333333335	0.0
230	1934.3333333333333	0.0
240	1895.6666666666667	0.0
250	2250.6666666666665	0.0
260	1965.0	0.0
270	1766.3333333333333	0.0
280	1608.6666666666667	0.0
290	1804.5	0.0
300	1636.6666666666667	0.0
310	1806.6666666666667	0.0
320	1809.6666666666667	0.0
330	1933.3333333333333	0.0
340	1946.3333333333333	0.0
350	2092.0	0.0
360	2166.3333333333335	0.0
370	1851.1666666666667	0.0
380	2182.5	0.0
390	1925.0	0.0
400	1600.6666666666667	0.0
410	1689.3333333333333	0.0
420	2032.1666666666667	0.0
430	1749.0	0.0
440	2149.6666666666665	0.0
450	1977.3333333333333	0.0
460	1940.6666666666667	0.0
470	2098.1666666666665	0.0
480	1977.0	0.0
490	1922.6666666666667	0.0
500	1969.0	0.0
510	1832.6666666666667	0.0
520	1442.0	0.0
530	1519.5	0.0
540	1637.1666666666667	0.0
550	1588.3333333333333	0.0
560	1928.6666666666667	0.0
570	2543.5	0.0
580	2479.3333333333335	0.0
590	2646.1666666666665	0.0
600	2357.3333333333335	0.0
610	1855.3333333333333	0.0
620	2214.0	0.0
630	2514.6666666666665	0.0
640	2167.3333333333335	0.0
650	2516.5	0.0
660	2367.0	0.0
670	2193.0	0.0
680	2298.1666666666665	0.0
690	2634.3333333333335	0.0
700	2363.6666666666665	0.0
710	2603.0	0.0
720	2393.3333333333335	0.0
730	1858.0	0.0
740	1760.6666666666667	0.0
750	1684.1666666666667	0.0
760	2062.0	0.0
770	2025.1666666666667	0.0
780	2614.1666666666665	0.0
790	2595.3333333333335	0.0
800	2006.3333333333333	0.0
810	2520.3333333333335	0.0
820	2384.0	0.0
830	2500.6666666666665	0.0
840	1903.6666666666667	0.0
850	2110.1666666666665	0.0
860	1688.0	0.0
870	2167.8333333333335	0.0
880	2066.8333333333335	0.0
890	1834.6666666666667	0.0
900	1805.5	0.0
910	1913.0	0.0
920	1773.3333333333333	0.0
930	2433.1666666666665	0.0
940	2436.6666666666665	0.0
950	1792.5	0.0
960	2009.8333333333333	0.0
970	2359.3333333333335	0.0
980	2039.1666666666667	0.0
990	2643.5	0.0
1000	2408.1666666666665	0.0
