0	264.3333333333333	0.0
10	70.0	0.0
20	70.0	0.0
30	70.0	0.0
40	70.0	0.0
50	70.0	0.0
60	70.0	0.0
70	70.0	0.0
80	70.33333333333333	0.0
90	83.33333333333333	0.0
100	97.33333333333333	0.0
110	124.66666666666667	0.0
120	72.0	2.0
130	132.66666666666666	0.0
140	79.66666666666667	0.0
150	362.3333333333333	0.0
160	421.6666666666667	0.0
170	211.66666666666666	0.0
180	250.33333333333334	0.0
190	370.0	1.0
200	345.6666666666667	0.0
210	480.0	1.0
220	248.66666666666666	1.0
230	345.0	1.0
240	342.3333333333333	0.0
250	507.6666666666667	1.0
260	628.3333333333334	0.0
270	528.6666666666666	3.0
280	408.6666666666667	1.0
290	855.0	4.0
300	999.0	2.0
310	1574.0	0.0
320	2003.8333333333333	1.0
330	2454.8333333333335	4.0
340	1551.8333333333333	4.0
350	1542.3333333333333	4.0
360	1950.0	2.0
370	2086.6666666666665	2.0
380	1990.6666666666667	10.0
390	1270.3333333333333	1.0
400	1961.5	1.0
410	1596.3333333333333	1.0
420	1815.0	5.0
430	1092.0	2.0
440	1564.3333333333333	0.0
450	1762.0	3.0
460	1803.3333333333333	1.0
470	1785.6666666666667	2.0
480	1846.5	0.0
490	1919.8333333333333	2.0
500	1638.8333333333333	4.0
510	1916.8333333333333	0.0
520	1850.3333333333333	0.0
530	1800.0	2.0
540	1735.6666666666667	2.0
550	1901.3333333333333	8.0
560	2139.8333333333335	7.0
570	1525.0	2.0
580	2072.0	5.0
590	2237.6666666666665	5.0
600	1635.1666666666667	1.0
610	1527.6666666666667	2.0
620	1751.6666666666667	3.0
630	2529.8333333333335	4.0
640	1747.6666666666667	2.0
650	1836.6666666666667	3.0
660	2471.3333333333335	6.0
670	2525.6666666666665	3.0
680	2319.3333333333335	1.0
690	2439.5	2.0
700	2549.1666666666665	1.0
710	2485.5	1.0
720	2403.0	1.0
730	2122.5	3.0
740	2506.1666666666665	0.0
750	1959.6666666666667	0.0
760	1852.0	4.0
770	1787.0	1.0
780	2099.3333333333335	5.0
790	1886.0	3.0
800	1927.0	1.0
810	2039.1666666666667	6.0
820	2192.6666666666665	3.0
830	2071.6666666666665	2.0
840	1956.5	1.0
850	2112.5	3.0
860	2202.5	1.0
870	2125.6666666666665	4.0
880	2187.3333333333335	1.0
890	1654.1666666666667	1.0
900	1897.6666666666667	0.0
910	1849.0	0.0
920	1806.6666666666667	1.0
930	2278.6666666666665	1.0
940	2093.3333333333335	0.0
950	2483.0	0.0
960	2522.0	3.0
970	2515.5	3.0
980	2517.3333333333335	2.0
990	2457.0	4.0
1000	2374.8333333333335	3.0
