0	218.0	0.0
10	70.0	0.0
20	70.0	0.0
30	70.0	0.0
40	70.0	0.0
50	70.0	0.0
60	70.0	0.0
70	70.0	0.0
80	71.33333333333333	0.0
90	72.33333333333333	0.0
100	73.33333333333333	0.0
110	78.0	0.0
120	73.33333333333333	2.0
130	76.33333333333333	0.0
140	91.33333333333333	0.0
150	360.6666666666667	0.0
160	181.33333333333334	0.0
170	393.0	0.0
180	202.0	1.0
190	168.33333333333334	0.0
200	188.0	0.0
210	195.66666666666666	0.0
220	317.0	0.0
230	392.0	2.0
240	274.6666666666667	3.0
250	257.6666666666667	0.0
260	294.6666666666667	0.0
270	358.6666666666667	2.0
280	366.6666666666667	1.0
290	432.3333333333333	0.0
300	274.6666666666667	2.0
310	389.0	3.0
320	650.6666666666666	0.0
330	656.0	1.0
340	547.6666666666666	0.0
350	600.6666666666666	3.0
360	679.3333333333334	2.0
370	619.6666666666666	3.0
380	1065.6666666666667	0.0
390	834.3333333333334	3.0
400	1043.1666666666667	0.0
410	1142.0	5.0
420	1320.3333333333333	6.0
430	1719.0	3.0
440	1958.5	1.0
450	1505.0	1.0
460	2187.6666666666665	1.0
470	1748.0	0.0
480	1786.0	12.0
490	2199.8333333333335	4.0
500	1417.0	2.0
510	1290.6666666666667	1.0
520	1944.6666666666667	5.0
530	1622.0	2.0
540	2345.1666666666665	5.0
550	1638.0	5.0
560	1551.6666666666667	2.0
570	2068.8333333333335	4.0
580	2264.5	3.0
590	1920.6666666666667	8.0
600	1710.6666666666667	7.0
610	1963.6666666666667	12.0
620	2311.6666666666665	5.0
630	1859.3333333333333	1.0
640	1765.6666666666667	3.0
650	2452.0	5.0
660	1919.0	7.0
670	2046.3333333333333	0.0
680	1980.6666666666667	5.0
690	1975.1666666666667	0.0
700	1744.3333333333333	7.0
710	1840.6666666666667	4.0
720	2293.0	2.0
730	2243.3333333333335	1.0
740	2376.0	3.0
750	1723.0	2.0
760	1754.5	1.0
770	2374.6666666666665	1.0
780	2602.5	2.0
790	2498.3333333333335	2.0
800	2308.3333333333335	0.0
810	2400.0	2.0
820	2186.6666666666665	0.0
830	2300.3333333333335	0.0
840	2137.0	3.0
850	2189.0	2.0
860	1995.5	0.0
870	1672.5	0.0
880	2094.0	3.0
890	1971.6666666666667	6.0
900	1917.6666666666667	5.0
910	2134.8333333333335	2.0
920	1710.1666666666667	1.0
930	1672.6666666666667	1.0
940	2150.3333333333335	2.0
950	2470.6666666666665	1.0
960	2526.3333333333335	4.0
970	2394.6666666666665	1.0
980	2364.0	2.0
990	2491.3333333333335	2.0
1000	2425.3333333333335	1.0
