0	224.66666666666666	0.0
10	70.0	0.0
20	70.0	0.0
30	70.0	0.0
40	70.0	0.0
50	70.0	0.0
60	70.0	0.0
70	70.0	0.0
80	73.0	0.0
90	70.33333333333333	0.0
100	72.66666666666667	0.0
110	73.33333333333333	0.0
120	119.0	0.0
130	83.0	1.0
140	270.3333333333333	0.0
150	70.0	3.0
160	321.0	0.0
170	376.6666666666667	1.0
180	624.6666666666666	0.0
190	191.0	2.0
200	234.0	0.0
210	447.6666666666667	1.0
220	451.6666666666667	1.0
230	304.6666666666667	0.0
240	262.6666666666667	0.0
250	274.6666666666667	4.0
260	434.3333333333333	0.0
270	630.0	2.0
280	743.0	0.0
290	709.3333333333334	1.0
300	1386.1666666666667	3.0
310	2226.0	1.0
320	1199.0	4.0
330	2049.1666666666665	2.0
340	1585.6666666666667	1.0
350	1335.5	5.0
360	2678.0	3.0
370	2010.0	1.0
380	2498.0	3.0
390	2473.0	1.0
400	2109.3333333333335	2.0
410	2479.6666666666665	4.0
420	2301.1666666666665	1.0
430	2687.5	0.0
440	2530.1666666666665	0.0
450	2467.3333333333335	1.0
460	2492.1666666666665	4.0
470	2562.1666666666665	1.0
480	2397.8333333333335	3.0
490	2091.1666666666665	7.0
500	1773.3333333333333	2.0
510	2498.6666666666665	4.0
520	2058.0	0.0
530	1659.6666666666667	3.0
540	2064.1666666666665	1.0
550	2133.6666666666665	0.0
560	2133.6666666666665	5.0
570	2468.1666666666665	3.0
580	2170.5	1.0
590	2141.3333333333335	3.0
600	1927.8333333333333	2.0
610	2335.5	2.0
620	2119.3333333333335	5.0
630	2164.3333333333335	6.0
640	2163.3333333333335	2.0
650	1987.3333333333333	4.0
660	1715.3333333333333	5.0
670	2310.0	2.0
680	2312.0	6.0
690	1857.8333333333333	2.0
700	1887.3333333333333	2.0
710	1748.0	4.0
720	1928.6666666666667	0.0
730	2342.6666666666665	3.0
740	2407.1666666666665	0.0
750	2670.5	1.0
760	2531.3333333333335	3.0
770	1906.0	0.0
780	2331.6666666666665	1.0
790	2473.3333333333335	2.0
800	1692.6666666666667	2.0
810	2044.6666666666667	2.0
820	2413.6666666666665	3.0
830	1835.6666666666667	1.0
840	2220.5	3.0
850	1926.1666666666667	1.0
860	2096.0	2.0
870	1886.5	1.0
880	2053.3333333333335	2.0
890	1836.8333333333333	1.0
900	1799.5	0.0
910	2039.6666666666667	2.0
920	1944.5	4.0
930	2308.1666666666665	2.0
940	2690.1666666666665	3.0
950	2106.0	4.0
960	2118.0	1.0
970	2155.5	4.0
980	2532.5	0.0
990	1607.3333333333333	4.0
1000	2079.1666666666665	3.0
