0	233.66666666666666	0.0
10	70.0	0.0
20	70.0	0.0
30	70.0	0.0
40	70.0	0.0
50	70.0	0.0
60	70.0	0.0
70	70.0	0.0
80	70.0	0.0
90	74.66666666666667	0.0
100	73.0	2.0
110	75.66666666666667	7.0
120	77.66666666666667	0.0
130	133.66666666666666	3.0
140	394.6666666666667	1.0
150	170.66666666666666	1.0
160	148.66666666666666	0.0
170	552.3333333333334	0.0
180	150.66666666666666	0.0
190	85.66666666666667	1.0
200	296.6666666666667	0.0
210	422.0	1.0
220	294.3333333333333	1.0
230	232.66666666666666	2.0
240	412.6666666666667	0.0
250	520.3333333333334	3.0
260	390.0	1.0
270	435.3333333333333	2.0
280	455.0	0.0
290	438.6666666666667	2.0
300	539.3333333333334	0.0
310	671.3333333333334	5.0
320	803.6666666666666	0.0
330	1108.5	1.0
340	1130.3333333333333	0.0
350	1088.0	0.0
360	1710.3333333333333	4.0
370	1509.3333333333333	6.0
380	1646.3333333333333	5.0
390	1888.8333333333333	4.0
400	1340.1666666666667	2.0
410	1708.6666666666667	5.0
420	1306.3333333333333	6.0
430	2016.1666666666667	6.0
440	1909.3333333333333	6.0
450	1504.6666666666667	2.0
460	1387.8333333333333	5.0
470	2355.6666666666665	0.0
480	1526.1666666666667	5.0
490	1721.8333333333333	2.0
500	2029.3333333333333	3.0
510	2028.1666666666667	1.0
520	2081.0	7.0
530	2282.5	1.0
540	2005.5	4.0
550	2462.1666666666665	3.0
560	1860.8333333333333	1.0
570	1786.3333333333333	2.0
580	2107.5	4.0
590	2281.1666666666665	2.0
600	2510.6666666666665	0.0
610	2146.0	1.0
620	1770.3333333333333	2.0
630	2221.8333333333335	6.0
640	2218.8333333333335	8.0
650	2164.3333333333335	4.0
660	2406.1666666666665	5.0
670	2013.6666666666667	0.0
680	2137.0	1.0
690	1978.0	1.0
700	1934.5	5.0
710	1875.6666666666667	1.0
720	2538.3333333333335	3.0
730	2168.0	3.0
740	2541.6666666666665	1.0
750	2474.0	1.0
760	2466.6666666666665	5.0
770	2403.3333333333335	1.0
780	1928.3333333333333	0.0
790	1917.0	2.0
800	1897.1666666666667	0.0
810	2409.3333333333335	3.0
820	2174.0	3.0
830	1832.8333333333333	2.0
840	2456.0	1.0
850	2426.1666666666665	3.0
860	2183.8333333333335	1.0
870	1735.3333333333333	0.0
880	1897.0	1.0
890	1808.0	6.0
900	2026.6666666666667	4.0
910	2060.8333333333335	3.0
920	2124.1666666666665	2.0
930	2277.1666666666665	3.0
940	1976.3333333333333	2.0
950	1939.3333333333333	3.0
960	1708.0	0.0
970	1670.0	1.0
980	2471.0	3.0
990	2438.6666666666665	3.0
1000	2406.0	5.0
