0	275.3333333333333	0.0
10	2088.1666666666665	210.0
20	1870.1666666666667	251.0
30	1917.6666666666667	277.0
40	1887.8333333333333	136.0
50	1937.8333333333333	126.0
60	2276.6666666666665	0.0
70	2361.8333333333335	0.0
80	2590.3333333333335	0.0
90	2605.0	0.0
100	2547.1666666666665	0.0
110	2472.3333333333335	0.0
120	2751.0	0.0
130	2386.3333333333335	0.0
140	2437.5	0.0
150	2206.1666666666665	0.0
160	2902.0	0.0
170	2177.1666666666665	0.0
180	2511.8333333333335	0.0
190	2315.3333333333335	0.0
200	2533.6666666666665	0.0
210	2673.0	0.0
220	2416.1666666666665	0.0
230	2892.8333333333335	0.0
240	2926.3333333333335	0.0
250	2757.1666666666665	0.0
260	2763.1666666666665	0.0
270	2703.0	0.0
280	2985.8333333333335	0.0
290	2959.6666666666665	0.0
300	3217.1666666666665	0.0
310	3266.1666666666665	0.0
320	3004.6666666666665	0.0
330	2536.5	0.0
340	3035.0	0.0
350	2432.0	0.0
360	3194.0	0.0
370	3219.8333333333335	0.0
380	3942.0	0.0
390	3370.3333333333335	0.0
400	3314.0	0.0
410	3565.6666666666665	0.0
420	3299.1666666666665	0.0
430	3484.5	0.0
440	3465.6666666666665	0.0
450	3754.3333333333335	0.0
460	3212.5	0.0
470	3495.0	0.0
480	3610.8333333333335	0.0
490	3556.1666666666665	0.0
500	3788.5	0.0
510	3283.8333333333335	0.0
520	2657.8333333333335	0.0
530	3524.1666666666665	0.0
540	4025.8333333333335	0.0
550	3787.8333333333335	0.0
560	3253.8333333333335	0.0
570	3542.6666666666665	0.0
580	3317.1666666666665	0.0
590	3653.5	0.0
600	3653.0	0.0
610	3526.5	0.0
620	3781.5	0.0
630	3832.8333333333335	0.0
640	3619.5	0.0
650	3719.5	0.0
660	2905.1666666666665	0.0
670	3754.1666666666665	0.0
680	3784.3333333333335	0.0
690	3388.6666666666665	0.0
700	3781.6666666666665	0.0
710	3187.0	0.0
720	3539.8333333333335	0.0
730	4033.5	0.0
740	3800.6666666666665	0.0
750	3641.5	0.0
760	3833.0	0.0
770	3773.5	0.0
780	3552.0	0.0
790	3815.0	0.0
800	3766.0	0.0
810	3714.3333333333335	0.0
820	3591.1666666666665	0.0
830	3698.3333333333335	0.0
840	3883.0	0.0
850	3804.3333333333335	0.0
860	4059.0	0.0
870	3985.1666666666665	0.0
880	3790.1666666666665	0.0
890	3734.5	0.0
900	3732.3333333333335	0.0
910	3797.8333333333335	0.0
920	3838.0	0.0
930	3972.6666666666665	0.0
940	4098.833333333333	0.0
950	3915.3333333333335	0.0
960	4046.5	0.0
970	3423.3333333333335	0.0
980	3863.3333333333335	0.0
990	3988.5	0.0
1000	3759.6666666666665	0.0
