0	280.0	0.0
10	1995.8333333333333	105.0
20	1916.8333333333333	460.0
30	2174.5	168.0
40	2007.1666666666667	267.0
50	2405.3333333333335	0.0
60	2455.0	0.0
70	2300.3333333333335	0.0
80	2205.1666666666665	0.0
90	2433.0	0.0
100	2396.1666666666665	0.0
110	2514.8333333333335	0.0
120	2446.8333333333335	0.0
130	2301.8333333333335	0.0
140	2656.0	0.0
150	2778.6666666666665	0.0
160	2937.3333333333335	0.0
170	2701.8333333333335	0.0
180	2533.5	0.0
190	2617.5	0.0
200	2988.8333333333335	0.0
210	2628.5	0.0
220	2731.8333333333335	0.0
230	2924.1666666666665	0.0
240	2226.1666666666665	0.0
250	2573.8333333333335	0.0
260	2589.0	0.0
270	2892.0	0.0
280	2619.1666666666665	0.0
290	2801.5	0.0
300	3206.6666666666665	0.0
310	3182.5	0.0
320	2679.0	0.0
330	3051.8333333333335	0.0
340	3389.3333333333335	0.0
350	3498.0	0.0
360	3136.6666666666665	0.0
370	2941.1666666666665	0.0
380	3040.8333333333335	0.0
390	2880.5	0.0
400	3343.0	0.0
410	3187.0	0.0
420	3776.3333333333335	0.0
430	3572.5	0.0
440	2988.5	0.0
450	3380.5	0.0
460	3540.0	0.0
470	3424.1666666666665	0.0
480	3872.8333333333335	0.0
490	3391.6666666666665	0.0
500	3101.3333333333335	0.0
510	3377.3333333333335	0.0
520	3745.1666666666665	0.0
530	3619.5	0.0
540	3365.3333333333335	0.0
550	3102.1666666666665	0.0
560	3663.5	0.0
570	3692.6666666666665	0.0
580	2822.0	0.0
590	3756.6666666666665	0.0
600	4149.833333333333	0.0
610	3274.8333333333335	0.0
620	3669.8333333333335	0.0
630	3539.6666666666665	0.0
640	3920.5	0.0
650	3697.1666666666665	0.0
660	3755.1666666666665	0.0
670	3484.8333333333335	0.0
680	3614.0	0.0
690	3492.5	0.0
700	3881.5	0.0
710	3627.1666666666665	0.0
720	3492.5	0.0
730	3510.6666666666665	0.0
740	3317.3333333333335	0.0
750	4008.1666666666665	0.0
760	4006.8333333333335	0.0
770	3876.8333333333335	0.0
780	3927.1666666666665	0.0
790	3752.6666666666665	0.0
800	3830.1666666666665	0.0
810	3545.5	0.0
820	4065.6666666666665	0.0
830	3668.8333333333335	0.0
840	3590.0	0.0
850	3754.8333333333335	0.0
860	4004.8333333333335	0.0
870	3744.8333333333335	0.0
880	3623.5	0.0
890	3789.1666666666665	0.0
900	4049.1666666666665	0.0
910	3722.3333333333335	0.0
920	4025.3333333333335	0.0
930	3864.8333333333335	0.0
940	3711.5	0.0
950	3687.8333333333335	0.0
960	3791.8333333333335	0.0
970	3896.8333333333335	0.0
980	3813.6666666666665	0.0
990	3688.1666666666665	0.0
1000	3587.6666666666665	0.0
