0	318.6666666666667	0.0
10	2099.5	115.0
20	1899.0	89.0
30	1978.8333333333333	388.0
40	2062.1666666666665	408.0
50	2531.1666666666665	0.0
60	2191.3333333333335	0.0
70	2220.6666666666665	0.0
80	2203.6666666666665	0.0
90	2257.6666666666665	0.0
100	2541.8333333333335	0.0
110	2688.5	0.0
120	2771.3333333333335	0.0
130	2727.0	0.0
140	2645.1666666666665	0.0
150	2715.0	0.0
160	2691.6666666666665	0.0
170	2134.6666666666665	0.0
180	2332.3333333333335	0.0
190	2842.6666666666665	0.0
200	2770.6666666666665	0.0
210	2758.0	0.0
220	2438.8333333333335	0.0
230	1898.6666666666667	0.0
240	2449.6666666666665	0.0
250	2535.0	0.0
260	2623.8333333333335	0.0
270	3022.5	0.0
280	2469.0	0.0
290	3148.6666666666665	0.0
300	2718.5	0.0
310	2730.5	0.0
320	2992.1666666666665	0.0
330	3038.8333333333335	0.0
340	2988.5	0.0
350	2995.5	0.0
360	3130.3333333333335	0.0
370	2963.6666666666665	0.0
380	3343.6666666666665	0.0
390	3223.1666666666665	0.0
400	3491.8333333333335	0.0
410	2956.1666666666665	0.0
420	2899.8333333333335	0.0
430	2786.5	0.0
440	3505.3333333333335	0.0
450	3569.3333333333335	0.0
460	3211.0	0.0
470	3178.1666666666665	0.0
480	3100.5	0.0
490	2666.5	0.0
500	3026.3333333333335	0.0
510	3461.8333333333335	0.0
520	3479.8333333333335	0.0
530	3719.5	0.0
540	3876.6666666666665	0.0
550	3817.5	0.0
560	3575.1666666666665	0.0
570	3667.6666666666665	0.0
580	3789.0	0.0
590	3531.5	0.0
600	3737.0	0.0
610	3637.3333333333335	0.0
620	3702.6666666666665	0.0
630	4121.666666666667	0.0
640	3908.1666666666665	0.0
650	3809.0	0.0
660	3390.0	0.0
670	3460.6666666666665	0.0
680	3720.6666666666665	0.0
690	3452.8333333333335	0.0
700	3820.0	0.0
710	3921.1666666666665	0.0
720	3804.1666666666665	0.0
730	3476.1666666666665	0.0
740	3417.6666666666665	0.0
750	3931.3333333333335	0.0
760	3612.5	0.0
770	3519.5	0.0
780	3853.0	0.0
790	3734.3333333333335	0.0
800	3516.3333333333335	0.0
810	3820.1666666666665	0.0
820	4001.5	0.0
830	3729.3333333333335	0.0
840	4009.3333333333335	0.0
850	3688.1666666666665	0.0
860	3736.3333333333335	0.0
870	3816.5	0.0
880	3927.0	0.0
890	3639.3333333333335	0.0
900	3745.5	0.0
910	3601.8333333333335	0.0
920	3807.6666666666665	0.0
930	3881.1666666666665	0.0
940	3509.5	0.0
950	3917.0	0.0
960	3521.1666666666665	0.0
970	3521.6666666666665	0.0
980	3721.6666666666665	0.0
990	3738.1666666666665	0.0
1000	3955.0	0.0
