0	242.0	0.0
10	2135.6666666666665	202.0
20	2177.0	168.0
30	1868.6666666666667	516.0
40	2276.6666666666665	114.0
50	2384.6666666666665	0.0
60	2518.6666666666665	0.0
70	1991.1666666666667	0.0
80	2481.5	0.0
90	2562.6666666666665	0.0
100	2402.1666666666665	0.0
110	2501.1666666666665	0.0
120	2757.3333333333335	0.0
130	2373.6666666666665	0.0
140	2435.3333333333335	0.0
150	2783.1666666666665	0.0
160	2768.0	0.0
170	2408.0	0.0
180	2722.5	0.0
190	2445.6666666666665	0.0
200	2387.8333333333335	0.0
210	2614.3333333333335	0.0
220	2483.3333333333335	0.0
230	2662.0	0.0
240	2557.3333333333335	0.0
250	2511.3333333333335	0.0
260	2770.3333333333335	0.0
270	2727.8333333333335	0.0
280	3081.8333333333335	0.0
290	2883.1666666666665	0.0
300	3264.5	0.0
310	3325.3333333333335	0.0
320	2662.6666666666665	0.0
330	3262.3333333333335	0.0
340	2767.5	0.0
350	3201.1666666666665	0.0
360	2618.1666666666665	0.0
370	3161.3333333333335	0.0
380	3235.0	0.0
390	2468.5	0.0
400	3228.0	0.0
410	2838.5	0.0
420	3194.5	0.0
430	3155.8333333333335	0.0
440	3626.5	0.0
450	3533.3333333333335	0.0
460	2962.8333333333335	0.0
470	3317.5	0.0
480	2921.3333333333335	0.0
490	3341.0	0.0
500	3422.8333333333335	0.0
510	3573.6666666666665	0.0
520	3017.6666666666665	0.0
530	3407.3333333333335	0.0
540	3321.1666666666665	0.0
550	3299.6666666666665	0.0
560	3756.8333333333335	0.0
570	3692.0	0.0
580	3668.1666666666665	0.0
590	3566.6666666666665	0.0
600	3903.1666666666665	0.0
610	3471.0	0.0
620	3477.1666666666665	0.0
630	3587.8333333333335	0.0
640	3440.5	0.0
650	3704.0	0.0
660	2836.5	0.0
670	3459.5	0.0
680	3990.8333333333335	0.0
690	3262.5	0.0
700	3560.0	0.0
710	3594.8333333333335	0.0
720	3895.8333333333335	0.0
730	4091.3333333333335	0.0
740	3646.3333333333335	0.0
750	3349.0	0.0
760	3939.3333333333335	0.0
770	4030.5	0.0
780	3455.8333333333335	0.0
790	3895.0	0.0
800	3438.8333333333335	0.0
810	3758.1666666666665	0.0
820	3582.5	0.0
830	3637.1666666666665	0.0
840	3878.3333333333335	0.0
850	3712.0	0.0
860	3645.0	0.0
870	3278.8333333333335	0.0
880	3877.3333333333335	0.0
890	3795.6666666666665	0.0
900	3678.1666666666665	0.0
910	3771.5	0.0
920	3596.8333333333335	0.0
930	3602.1666666666665	0.0
940	3824.1666666666665	0.0
950	3842.1666666666665	0.0
960	3591.5	0.0
970	3825.6666666666665	0.0
980	3845.8333333333335	0.0
990	3282.0	0.0
1000	3715.5	0.0
