0	262.0	0.0
10	2049.3333333333335	153.0
20	2058.3333333333335	221.0
30	1871.1666666666667	351.0
40	2150.8333333333335	275.0
50	2205.3333333333335	0.0
60	2530.6666666666665	0.0
70	2462.8333333333335	0.0
80	2289.5	0.0
90	2648.5	0.0
100	2549.8333333333335	0.0
110	2477.8333333333335	0.0
120	2721.3333333333335	0.0
130	2475.0	0.0
140	2646.3333333333335	0.0
150	2571.1666666666665	0.0
160	2752.3333333333335	0.0
170	2681.6666666666665	0.0
180	2840.1666666666665	0.0
190	2507.0	0.0
200	2478.3333333333335	0.0
210	2340.0	0.0
220	2179.0	0.0
230	2576.5	0.0
240	2312.8333333333335	0.0
250	2909.0	0.0
260	2341.0	0.0
270	2921.5	0.0
280	2862.5	0.0
290	2399.5	0.0
300	3200.8333333333335	0.0
310	2626.0	0.0
320	2934.8333333333335	0.0
330	2755.6666666666665	0.0
340	3038.1666666666665	0.0
350	3121.1666666666665	0.0
360	3243.1666666666665	0.0
370	3472.6666666666665	0.0
380	3221.8333333333335	0.0
390	3015.8333333333335	0.0
400	3633.5	0.0
410	3285.5	0.0
420	3153.6666666666665	0.0
430	3179.6666666666665	0.0
440	4023.3333333333335	0.0
450	3762.1666666666665	0.0
460	3492.0	0.0
470	3163.0	0.0
480	3749.5	0.0
490	3463.5	0.0
500	3309.1666666666665	0.0
510	3141.3333333333335	0.0
520	3291.5	0.0
530	3545.5	0.0
540	3969.0	0.0
550	3905.6666666666665	0.0
560	3811.6666666666665	0.0
570	3469.1666666666665	0.0
580	3979.8333333333335	0.0
590	3435.6666666666665	0.0
600	2860.6666666666665	0.0
610	3530.3333333333335	0.0
620	3953.1666666666665	0.0
630	3755.3333333333335	0.0
640	4055.3333333333335	0.0
650	3617.6666666666665	0.0
660	3565.8333333333335	0.0
670	3782.5	0.0
680	3879.8333333333335	0.0
690	3719.1666666666665	0.0
700	3391.5	0.0
710	3238.5	0.0
720	3493.3333333333335	0.0
730	3539.6666666666665	0.0
740	3912.6666666666665	0.0
750	3817.1666666666665	0.0
760	3797.1666666666665	0.0
770	3789.8333333333335	0.0
780	3883.1666666666665	0.0
790	3491.1666666666665	0.0
800	3587.1666666666665	0.0
810	3292.6666666666665	0.0
820	3926.0	0.0
830	3678.8333333333335	0.0
840	3422.5	0.0
850	3880.5	0.0
860	3786.5	0.0
870	3830.1666666666665	0.0
880	3663.0	0.0
890	3591.6666666666665	0.0
900	3567.1666666666665	0.0
910	3779.8333333333335	0.0
920	3942.5	0.0
930	3800.3333333333335	0.0
940	3583.6666666666665	0.0
950	3809.3333333333335	0.0
960	3791.5	0.0
970	3954.8333333333335	0.0
980	3828.8333333333335	0.0
990	3859.5	0.0
1000	3660.0	0.0
