0	249.33333333333334	0.0
10	1968.6666666666667	272.0
20	1988.0	317.0
30	1898.6666666666667	379.0
40	2327.5	32.0
50	2159.1666666666665	0.0
60	2402.6666666666665	0.0
70	2349.1666666666665	0.0
80	2619.3333333333335	0.0
90	2626.1666666666665	0.0
100	2653.1666666666665	0.0
110	2513.8333333333335	0.0
120	2717.5	0.0
130	2373.1666666666665	0.0
140	2672.3333333333335	0.0
150	2393.6666666666665	0.0
160	2376.1666666666665	0.0
170	2597.6666666666665	0.0
180	2338.6666666666665	0.0
190	2589.3333333333335	0.0
200	2593.3333333333335	0.0
210	2655.3333333333335	0.0
220	2635.6666666666665	0.0
230	3215.1666666666665	0.0
240	2128.1666666666665	0.0
250	2873.6666666666665	0.0
260	2639.5	0.0
270	2873.5	0.0
280	2768.0	0.0
290	2767.3333333333335	0.0
300	2917.3333333333335	0.0
310	2861.3333333333335	0.0
320	3068.3333333333335	0.0
330	2874.0	0.0
340	3217.3333333333335	0.0
350	3268.6666666666665	0.0
360	3460.6666666666665	0.0
370	3209.3333333333335	0.0
380	3179.5	0.0
390	3208.8333333333335	0.0
400	3067.5	0.0
410	3510.5	0.0
420	3115.0	0.0
430	3613.0	0.0
440	3614.6666666666665	0.0
450	3030.6666666666665	0.0
460	3495.6666666666665	0.0
470	3434.8333333333335	0.0
480	3683.0	0.0
490	3724.0	0.0
500	3457.8333333333335	0.0
510	3010.8333333333335	0.0
520	3562.8333333333335	0.0
530	3373.3333333333335	0.0
540	3414.6666666666665	0.0
550	3036.3333333333335	0.0
560	3569.0	0.0
570	3980.6666666666665	0.0
580	3849.1666666666665	0.0
590	3649.0	0.0
600	3844.3333333333335	0.0
610	3654.3333333333335	0.0
620	3852.5	0.0
630	3768.1666666666665	0.0
640	3629.1666666666665	0.0
650	3731.5	0.0
660	3825.3333333333335	0.0
670	3640.3333333333335	0.0
680	3934.8333333333335	0.0
690	3743.5	0.0
700	3789.1666666666665	0.0
710	3923.1666666666665	0.0
720	3730.8333333333335	0.0
730	3881.3333333333335	0.0
740	3803.1666666666665	0.0
750	3787.3333333333335	0.0
760	3982.5	0.0
770	3773.1666666666665	0.0
780	3866.0	0.0
790	3685.8333333333335	0.0
800	3761.1666666666665	0.0
810	3691.1666666666665	0.0
820	3750.8333333333335	0.0
830	3929.3333333333335	0.0
840	4091.3333333333335	0.0
850	3460.8333333333335	0.0
860	3779.0	0.0
870	3611.0	0.0
880	4100.5	0.0
890	3978.5	0.0
900	3622.1666666666665	0.0
910	3773.0	0.0
920	3562.8333333333335	0.0
930	3906.1666666666665	0.0
940	4081.0	0.0
950	3966.0	0.0
960	3902.5	0.0
970	4142.0	0.0
980	3601.0	0.0
990	3715.3333333333335	0.0
1000	3292.3333333333335	0.0
