0	241.33333333333334	0.0
10	1963.0	237.0
20	1965.1666666666667	445.0
30	1951.8333333333333	318.0
40	1961.1666666666667	0.0
50	2130.3333333333335	0.0
60	1764.6666666666667	0.0
70	2307.3333333333335	0.0
80	2309.5	0.0
90	2525.3333333333335	0.0
100	2659.1666666666665	0.0
110	2347.1666666666665	0.0
120	2530.5	0.0
130	2489.6666666666665	0.0
140	2160.5	0.0
150	2135.3333333333335	0.0
160	2106.0	0.0
170	2045.6666666666667	0.0
180	2513.1666666666665	0.0
190	2623.5	0.0
200	2528.5	0.0
210	2370.6666666666665	0.0
220	2441.1666666666665	0.0
230	2991.6666666666665	0.0
240	2495.0	0.0
250	2685.3333333333335	0.0
260	3219.5	0.0
270	2659.6666666666665	0.0
280	3097.1666666666665	0.0
290	3133.8333333333335	0.0
300	2908.8333333333335	0.0
310	3374.8333333333335	0.0
320	2662.5	0.0
330	3414.1666666666665	0.0
340	2784.8333333333335	0.0
350	3647.3333333333335	0.0
360	3659.3333333333335	0.0
370	3189.0	0.0
380	3374.8333333333335	0.0
390	3188.5	0.0
400	3570.6666666666665	0.0
410	3243.1666666666665	0.0
420	3595.0	0.0
430	3323.5	0.0
440	2913.3333333333335	0.0
450	3349.3333333333335	0.0
460	3184.8333333333335	0.0
470	2723.6666666666665	0.0
480	3370.8333333333335	0.0
490	3738.3333333333335	0.0
500	3670.1666666666665	0.0
510	3150.0	0.0
520	3989.0	0.0
530	3683.5	0.0
540	3294.6666666666665	0.0
550	3649.1666666666665	0.0
560	2930.6666666666665	0.0
570	3737.0	0.0
580	4124.5	0.0
590	4013.3333333333335	0.0
600	3645.8333333333335	0.0
610	3338.3333333333335	0.0
620	3611.8333333333335	0.0
630	3407.6666666666665	0.0
640	4042.8333333333335	0.0
650	3774.0	0.0
660	3735.6666666666665	0.0
670	3609.0	0.0
680	3984.0	0.0
690	4010.3333333333335	0.0
700	3797.6666666666665	0.0
710	3775.5	0.0
720	3588.8333333333335	0.0
730	3890.5	0.0
740	3921.5	0.0
750	3628.0	0.0
760	3674.3333333333335	0.0
770	3915.8333333333335	0.0
780	3863.5	0.0
790	3876.8333333333335	0.0
800	3417.0	0.0
810	3407.5	0.0
820	3542.6666666666665	0.0
830	3315.1666666666665	0.0
840	3808.0	0.0
850	3802.0	0.0
860	3883.1666666666665	0.0
870	3781.6666666666665	0.0
880	4122.166666666667	0.0
890	3859.8333333333335	0.0
900	3545.5	0.0
910	3918.6666666666665	0.0
920	3864.5	0.0
930	3856.0	0.0
940	3520.0	0.0
950	3907.5	0.0
960	3770.5	0.0
970	3621.1666666666665	0.0
980	3729.0	0.0
990	3508.6666666666665	0.0
1000	3227.3333333333335	0.0
