0	223.33333333333334	0.0	0.0
10	2046.1666666666667	43.0	7222.0
20	1959.8333333333333	41.0	8277.0
30	2246.0	35.0	10517.0
40	2103.6666666666665	47.0	7548.0
50	2143.1666666666665	0.0	5369.0
60	2094.0	37.0	9602.0
70	2342.5	117.0	12059.0
80	2351.5	51.0	9398.0
90	2625.6666666666665	81.0	8808.0
100	2469.0	36.0	9725.0
110	2440.5	42.0	10242.0
120	2594.1666666666665	81.0	9544.0
130	2422.8333333333335	39.0	8658.0
140	2641.0	12.0	7202.0
150	2862.0	39.0	9622.0
160	2107.6666666666665	61.0	10483.0
170	2361.3333333333335	65.0	8183.0
180	2447.6666666666665	23.0	9154.0
190	2290.5	86.0	7411.0
200	2602.1666666666665	11.0	6830.0
210	2402.5	20.0	8466.0
220	2680.6666666666665	33.0	7345.0
230	2364.6666666666665	0.0	11619.0
240	2605.0	0.0	12450.0
250	2848.0	0.0	7567.0
260	3034.1666666666665	0.0	10438.0
270	2701.8333333333335	0.0	10806.0
280	3178.3333333333335	0.0	9451.0
290	2616.1666666666665	0.0	10313.0
300	2706.0	0.0	8647.0
310	2958.1666666666665	0.0	6824.0
320	3300.0	0.0	10165.0
330	3245.1666666666665	0.0	9976.0
340	3425.1666666666665	0.0	9863.0
350	3588.1666666666665	0.0	9636.0
360	2657.5	0.0	10182.0
370	3655.5	0.0	10498.0
380	3173.6666666666665	0.0	13663.0
390	3205.1666666666665	0.0	10840.0
400	3321.5	0.0	10972.0
410	3122.8333333333335	0.0	9888.0
420	2978.8333333333335	0.0	11597.0
430	3081.3333333333335	0.0	7245.0
440	3110.3333333333335	0.0	9276.0
450	2899.0	0.0	11518.0
460	3864.5	0.0	9944.0
470	3596.5	0.0	10238.0
480	3618.8333333333335	0.0	9447.0
490	3583.5	0.0	12481.0
500	3313.6666666666665	0.0	14110.0
510	3630.1666666666665	0.0	10938.0
520	3427.6666666666665	0.0	11515.0
530	3204.5	0.0	9921.0
540	2765.6666666666665	0.0	10833.0
550	2930.8333333333335	0.0	12030.0
560	3540.1666666666665	0.0	8114.0
570	3640.1666666666665	0.0	11247.0
580	3842.3333333333335	0.0	12266.0
590	3741.6666666666665	0.0	9534.0
600	3721.6666666666665	0.0	7773.0
610	3491.8333333333335	0.0	10749.0
620	3764.6666666666665	0.0	11336.0
630	3747.8333333333335	0.0	10471.0
640	3768.1666666666665	0.0	8749.0
650	3470.1666666666665	0.0	9519.0
660	3924.0	0.0	13149.0
670	3597.3333333333335	0.0	12783.0
680	3492.1666666666665	0.0	8223.0
690	3768.3333333333335	0.0	11004.0
700	3761.1666666666665	0.0	8256.0
710	4029.1666666666665	0.0	8421.0
720	3469.0	0.0	10775.0
730	3962.0	0.0	9157.0
740	3402.1666666666665	0.0	13569.0
750	3709.8333333333335	0.0	10209.0
760	3487.8333333333335	0.0	8092.0
770	3861.0	0.0	15052.0
780	3624.8333333333335	0.0	8118.0
790	3929.0	0.0	12290.0
800	3803.3333333333335	0.0	10679.0
810	4053.5	0.0	8978.0
820	3943.3333333333335	0.0	12435.0
830	3866.5	0.0	8089.0
840	3603.8333333333335	0.0	8673.0
850	3876.6666666666665	0.0	11328.0
860	3599.1666666666665	0.0	10075.0
870	3853.5	0.0	7767.0
880	3975.1666666666665	0.0	11432.0
890	4068.6666666666665	0.0	10727.0
900	3649.8333333333335	0.0	9279.0
910	3731.3333333333335	0.0	9583.0
920	3776.1666666666665	0.0	12415.0
930	3502.0	0.0	9633.0
940	3902.0	0.0	8272.0
950	3766.6666666666665	0.0	8138.0
960	3989.6666666666665	0.0	11640.0
970	3795.3333333333335	0.0	9980.0
980	4026.8333333333335	0.0	8982.0
990	3813.1666666666665	0.0	10873.0
1000	3652.0	0.0	10227.0
