0	239.66666666666666	0.0	0.0
10	2104.6666666666665	82.0	10478.0
20	1875.3333333333333	178.0	11432.0
30	2109.3333333333335	72.0	8423.0
40	2084.0	5.0	7102.0
50	2409.3333333333335	82.0	14450.0
60	2255.1666666666665	79.0	12326.0
70	2410.8333333333335	24.0	9444.0
80	2386.3333333333335	54.0	10260.0
90	2424.3333333333335	54.0	12697.0
100	2551.8333333333335	16.0	8651.0
110	2679.1666666666665	34.0	9710.0
120	2695.5	50.0	10646.0
130	2742.5	40.0	7670.0
140	2514.0	22.0	6213.0
150	2683.3333333333335	64.0	9762.0
160	2531.3333333333335	26.0	9066.0
170	2758.1666666666665	83.0	12801.0
180	2697.5	21.0	9160.0
190	2604.8333333333335	12.0	6822.0
200	3246.8333333333335	2.0	11217.0
210	2750.8333333333335	0.0	9755.0
220	2671.6666666666665	0.0	10611.0
230	2822.8333333333335	0.0	6789.0
240	2741.0	0.0	11447.0
250	2715.5	0.0	9091.0
260	3306.3333333333335	0.0	9934.0
270	2667.3333333333335	0.0	8500.0
280	3215.8333333333335	0.0	11955.0
290	3512.1666666666665	0.0	8779.0
300	3357.8333333333335	0.0	10052.0
310	3480.8333333333335	0.0	12064.0
320	3361.0	0.0	13073.0
330	3446.3333333333335	0.0	13608.0
340	3769.8333333333335	0.0	10950.0
350	3683.6666666666665	0.0	13140.0
360	3917.1666666666665	0.0	9075.0
370	3532.5	0.0	6854.0
380	3634.6666666666665	0.0	8572.0
390	3618.1666666666665	0.0	10001.0
400	3028.0	0.0	10848.0
410	3994.0	0.0	10140.0
420	3541.1666666666665	0.0	9449.0
430	2941.3333333333335	0.0	11178.0
440	3983.1666666666665	0.0	9542.0
450	3484.8333333333335	0.0	12220.0
460	3990.8333333333335	0.0	12732.0
470	3701.3333333333335	0.0	9051.0
480	3416.3333333333335	0.0	8684.0
490	3556.5	0.0	9712.0
500	3426.0	0.0	12070.0
510	3521.6666666666665	0.0	10125.0
520	3463.3333333333335	0.0	9317.0
530	3958.3333333333335	0.0	10764.0
540	3776.3333333333335	0.0	12288.0
550	3592.5	0.0	11415.0
560	3685.6666666666665	0.0	11504.0
570	3786.6666666666665	0.0	11649.0
580	3690.5	0.0	12862.0
590	3839.3333333333335	0.0	10826.0
600	3889.3333333333335	0.0	8867.0
610	3772.6666666666665	0.0	11014.0
620	3562.5	0.0	11527.0
630	3984.0	0.0	11976.0
640	3378.6666666666665	0.0	12486.0
650	3900.5	0.0	13165.0
660	3683.8333333333335	0.0	6100.0
670	3589.8333333333335	0.0	7087.0
680	3341.3333333333335	0.0	9628.0
690	3523.5	0.0	13864.0
700	3783.0	0.0	10621.0
710	3822.0	0.0	9667.0
720	3607.3333333333335	0.0	11169.0
730	3873.6666666666665	0.0	9699.0
740	3835.3333333333335	0.0	7678.0
750	3966.5	0.0	10048.0
760	3904.8333333333335	0.0	9815.0
770	3797.6666666666665	0.0	7748.0
780	4047.1666666666665	0.0	11035.0
790	3543.5	0.0	9690.0
800	3706.0	0.0	13359.0
810	3897.1666666666665	0.0	14266.0
820	3766.1666666666665	0.0	9182.0
830	3651.1666666666665	0.0	10947.0
840	3533.0	0.0	12985.0
850	3615.3333333333335	0.0	8619.0
860	4046.0	0.0	11370.0
870	3505.5	0.0	9163.0
880	3747.6666666666665	0.0	9299.0
890	3734.3333333333335	0.0	8246.0
900	3986.6666666666665	0.0	10176.0
910	3772.5	0.0	9249.0
920	3375.1666666666665	0.0	11379.0
930	3842.3333333333335	0.0	12926.0
940	3849.6666666666665	0.0	11484.0
950	3701.8333333333335	0.0	12453.0
960	3484.3333333333335	0.0	10509.0
970	3628.1666666666665	0.0	9290.0
980	3625.8333333333335	0.0	10221.0
990	3541.0	0.0	11818.0
1000	3796.6666666666665	0.0	9213.0
