0	295.6666666666667	0.0
10	70.0	1000.0
20	70.0	0.0
30	70.0	0.0
40	70.0	0.0
50	70.0	0.0
60	70.0	0.0
70	70.0	0.0
80	70.0	0.0
90	70.0	0.0
100	70.0	0.0
110	70.0	0.0
120	70.66666666666667	0.0
130	70.33333333333333	0.0
140	100.33333333333333	0.0
150	225.0	0.0
160	150.66666666666666	0.0
170	218.33333333333334	0.0
180	1151.0	0.0
190	685.6666666666666	0.0
200	675.6666666666666	0.0
210	414.0	0.0
220	1366.6666666666667	0.0
230	1494.6666666666667	0.0
240	1370.0	0.0
250	1139.0	0.0
260	1372.0	0.0
270	1756.3333333333333	0.0
280	1138.6666666666667	0.0
290	2053.6666666666665	0.0
300	1852.0	0.0
310	2089.3333333333335	0.0
320	2225.3333333333335	0.0
330	1961.0	0.0
340	2184.5	0.0
350	2290.6666666666665	0.0
360	2440.6666666666665	0.0
370	2162.5	0.0
380	1981.0	0.0
390	2163.1666666666665	0.0
400	2237.3333333333335	0.0
410	2149.0	0.0
420	2171.6666666666665	0.0
430	2329.6666666666665	0.0
440	2246.6666666666665	0.0
450	2096.6666666666665	0.0
460	2214.5	0.0
470	2253.6666666666665	0.0
480	2386.0	0.0
490	2456.8333333333335	0.0
500	2495.5	0.0
510	2433.8333333333335	0.0
520	2625.0	0.0
530	2553.8333333333335	0.0
540	2553.3333333333335	0.0
550	2490.5	0.0
560	2602.5	0.0
570	2465.0	0.0
580	2370.6666666666665	0.0
590	2471.1666666666665	0.0
600	2598.8333333333335	0.0
610	2425.0	0.0
620	2552.6666666666665	0.0
630	2531.0	0.0
640	2374.5	0.0
650	2376.8333333333335	0.0
660	2694.5	0.0
670	2429.1666666666665	0.0
680	2330.0	0.0
690	2461.6666666666665	0.0
700	2277.3333333333335	0.0
710	2428.8333333333335	0.0
720	2276.6666666666665	0.0
730	2550.0	0.0
740	2460.3333333333335	0.0
750	2396.6666666666665	0.0
760	2407.6666666666665	0.0
770	2746.3333333333335	0.0
780	2676.0	0.0
790	2611.6666666666665	0.0
800	2599.5	0.0
810	2709.0	0.0
820	2104.3333333333335	0.0
830	2851.6666666666665	0.0
840	2738.8333333333335	0.0
850	2807.5	0.0
860	2737.1666666666665	0.0
870	2407.0	0.0
880	2730.3333333333335	0.0
890	2541.3333333333335	0.0
900	2592.5	0.0
910	2419.6666666666665	0.0
920	2447.0	0.0
930	2407.1666666666665	0.0
940	2252.3333333333335	0.0
950	2469.5	0.0
960	2713.5	0.0
970	2529.3333333333335	0.0
980	2882.3333333333335	0.0
990	1776.1666666666667	0.0
1000	1914.1666666666667	0.0
