0	248.0	0.0
10	70.0	1000.0
20	70.0	0.0
30	70.0	0.0
40	70.0	0.0
50	70.0	0.0
60	70.0	0.0
70	70.0	0.0
80	70.0	0.0
90	70.0	0.0
100	70.0	0.0
110	70.0	0.0
120	71.33333333333333	0.0
130	70.33333333333333	0.0
140	142.66666666666666	0.0
150	141.33333333333334	0.0
160	237.0	0.0
170	431.3333333333333	0.0
180	187.33333333333334	0.0
190	664.0	0.0
200	882.6666666666666	0.0
210	1299.3333333333333	0.0
220	1059.3333333333333	0.0
230	1032.0	0.0
240	661.3333333333334	0.0
250	1129.3333333333333	0.0
260	1231.6666666666667	0.0
270	1441.0	0.0
280	2092.1666666666665	0.0
290	1998.3333333333333	0.0
300	1992.1666666666667	0.0
310	2126.6666666666665	0.0
320	2256.0	0.0
330	2097.3333333333335	0.0
340	2283.3333333333335	0.0
350	2108.8333333333335	0.0
360	2326.5	0.0
370	2072.6666666666665	0.0
380	2263.1666666666665	0.0
390	2634.0	0.0
400	2485.6666666666665	0.0
410	2224.6666666666665	0.0
420	2573.3333333333335	0.0
430	2350.1666666666665	0.0
440	2324.6666666666665	0.0
450	2392.0	0.0
460	2509.5	0.0
470	2405.0	0.0
480	2037.6666666666667	0.0
490	2427.0	0.0
500	2460.0	0.0
510	2313.3333333333335	0.0
520	2445.6666666666665	0.0
530	2286.8333333333335	0.0
540	2403.8333333333335	0.0
550	2453.0	0.0
560	2379.3333333333335	0.0
570	2443.5	0.0
580	2556.3333333333335	0.0
590	2424.1666666666665	0.0
600	2645.0	0.0
610	2314.3333333333335	0.0
620	2552.3333333333335	0.0
630	2764.8333333333335	0.0
640	2544.5	0.0
650	2639.3333333333335	0.0
660	2693.6666666666665	0.0
670	2579.8333333333335	0.0
680	2296.1666666666665	0.0
690	2681.6666666666665	0.0
700	2320.6666666666665	0.0
710	2647.8333333333335	0.0
720	2552.5	0.0
730	2659.1666666666665	0.0
740	2419.3333333333335	0.0
750	2653.5	0.0
760	2620.6666666666665	0.0
770	2365.8333333333335	0.0
780	2750.0	0.0
790	2764.8333333333335	0.0
800	2702.3333333333335	0.0
810	2645.3333333333335	0.0
820	2825.8333333333335	0.0
830	2771.5	0.0
840	2784.1666666666665	0.0
850	2612.3333333333335	0.0
860	2598.6666666666665	0.0
870	2329.6666666666665	0.0
880	2714.8333333333335	0.0
890	2419.0	0.0
900	2692.6666666666665	0.0
910	2698.1666666666665	0.0
920	2705.1666666666665	0.0
930	2760.0	0.0
940	2517.6666666666665	0.0
950	2240.5	0.0
960	2528.6666666666665	0.0
970	2859.1666666666665	0.0
980	2666.3333333333335	0.0
990	2502.5	0.0
1000	2745.8333333333335	0.0
