0	271.0
10	70.0
20	70.0
30	70.0
40	70.0
50	70.0
60	70.0
70	70.0
80	70.0
90	70.0
100	70.0
110	70.0
120	70.0
130	70.0
140	70.0
150	70.0
160	70.0
170	70.0
180	70.0
190	71.66666666666667
200	71.33333333333333
210	71.66666666666667
220	79.0
230	73.33333333333333
240	72.0
250	73.66666666666667
260	139.33333333333334
270	210.0
280	267.3333333333333
290	232.66666666666666
300	199.66666666666666
310	187.33333333333334
320	172.66666666666666
330	162.66666666666666
340	178.66666666666666
350	138.0
360	180.33333333333334
370	228.0
380	162.0
390	146.0
400	146.0
410	261.0
420	228.66666666666666
430	144.66666666666666
440	366.3333333333333
450	253.33333333333334
460	281.0
470	525.6666666666666
480	499.6666666666667
490	838.0
500	707.6666666666666
510	1192.1666666666667
520	1222.5
530	848.3333333333334
540	604.0
550	1296.6666666666667
560	1288.6666666666667
570	1734.8333333333333
580	1441.0
590	1710.3333333333333
600	1789.3333333333333
610	1956.6666666666667
620	2268.3333333333335
630	2327.1666666666665
640	2353.6666666666665
650	2019.6666666666667
660	2341.0
670	2519.3333333333335
680	2158.3333333333335
690	2131.3333333333335
700	2226.6666666666665
710	2286.3333333333335
720	2380.0
730	2401.6666666666665
740	2396.5
750	2526.3333333333335
760	2654.3333333333335
770	2574.5
780	2347.8333333333335
790	2401.3333333333335
800	2633.0
810	2479.8333333333335
820	2607.3333333333335
830	2479.3333333333335
840	2393.3333333333335
850	2372.6666666666665
860	2544.3333333333335
870	2642.8333333333335
880	2583.3333333333335
890	2909.0
900	2808.1666666666665
910	2277.6666666666665
920	2615.5
930	2654.3333333333335
940	2755.8333333333335
950	2648.1666666666665
960	2625.6666666666665
970	2635.5
980	2602.8333333333335
990	2728.0
1000	2748.0
