0	230.66666666666666
10	70.0
20	70.0
30	70.0
40	70.0
50	70.0
60	70.0
70	70.0
80	70.0
90	70.0
100	70.0
110	70.0
120	70.0
130	70.0
140	70.0
150	70.0
160	70.0
170	70.0
180	70.0
190	70.0
200	70.33333333333333
210	70.66666666666667
220	72.0
230	72.0
240	70.33333333333333
250	73.0
260	72.0
270	125.66666666666667
280	134.66666666666666
290	198.33333333333334
300	177.0
310	130.0
320	126.66666666666667
330	147.0
340	146.0
350	138.0
360	146.0
370	138.33333333333334
380	147.0
390	159.66666666666666
400	259.3333333333333
410	304.6666666666667
420	674.0
430	544.0
440	682.3333333333334
450	1104.3333333333333
460	759.0
470	1113.3333333333333
480	1613.0
490	1053.3333333333333
500	1415.3333333333333
510	2391.6666666666665
520	1611.6666666666667
530	1526.6666666666667
540	1782.5
550	1895.6666666666667
560	1647.6666666666667
570	2162.3333333333335
580	1939.3333333333333
590	2266.1666666666665
600	2433.6666666666665
610	2376.5
620	2179.3333333333335
630	2186.0
640	2172.0
650	2229.6666666666665
660	2270.5
670	2323.6666666666665
680	2353.0
690	2295.0
700	2346.6666666666665
710	2515.3333333333335
720	2876.0
730	2661.3333333333335
740	2568.8333333333335
750	2661.6666666666665
760	2859.3333333333335
770	2736.1666666666665
780	2775.1666666666665
790	2427.0
800	2624.1666666666665
810	2650.3333333333335
820	2460.3333333333335
830	2445.5
840	2719.5
850	2622.3333333333335
860	2395.6666666666665
870	2516.3333333333335
880	2455.1666666666665
890	2528.0
900	2633.1666666666665
910	2553.0
920	2286.3333333333335
930	2573.6666666666665
940	2459.0
950	2611.3333333333335
960	2170.6666666666665
970	2626.6666666666665
980	1935.1666666666667
990	2214.1666666666665
1000	2241.1666666666665
