0	224.66666666666666	0.0	0.0	0.0	0.0	0.0	0.0
10	1973.0	1000.0	5612.0	754.0	743.0	468.0	257.0
20	1673.3333333333333	0.0	0.0	0.0	0.0	0.0	0.0
30	2114.0	0.0	0.0	0.0	0.0	0.0	0.0
40	2001.3333333333333	0.0	0.0	0.0	0.0	0.0	0.0
50	2014.0	0.0	0.0	0.0	0.0	0.0	0.0
60	2097.6666666666665	0.0	0.0	0.0	0.0	0.0	0.0
70	1985.5	0.0	0.0	0.0	0.0	0.0	0.0
80	2166.8333333333335	0.0	0.0	0.0	0.0	0.0	0.0
90	2016.3333333333333	0.0	0.0	0.0	0.0	0.0	0.0
100	2170.8333333333335	0.0	0.0	0.0	0.0	0.0	0.0
110	2173.8333333333335	0.0	0.0	0.0	0.0	0.0	0.0
120	2125.0	0.0	0.0	0.0	0.0	0.0	0.0
130	2072.3333333333335	0.0	0.0	0.0	0.0	0.0	0.0
140	2350.1666666666665	0.0	0.0	0.0	0.0	0.0	0.0
150	2332.3333333333335	0.0	0.0	0.0	0.0	0.0	0.0
160	2342.0	0.0	0.0	0.0	0.0	0.0	0.0
170	2393.1666666666665	0.0	0.0	0.0	0.0	0.0	0.0
180	2373.1666666666665	0.0	0.0	0.0	0.0	0.0	0.0
190	2342.1666666666665	0.0	0.0	0.0	0.0	0.0	0.0
200	2268.5	0.0	0.0	0.0	0.0	0.0	0.0
210	2398.3333333333335	0.0	0.0	0.0	0.0	0.0	0.0
220	2281.0	0.0	0.0	0.0	0.0	0.0	0.0
230	2311.6666666666665	0.0	0.0	0.0	0.0	0.0	0.0
240	2633.5	0.0	0.0	0.0	0.0	0.0	0.0
250	2324.8333333333335	0.0	0.0	0.0	0.0	0.0	0.0
260	2365.8333333333335	0.0	0.0	0.0	0.0	0.0	0.0
270	2445.8333333333335	0.0	0.0	0.0	0.0	0.0	0.0
280	2344.0	0.0	0.0	0.0	0.0	0.0	0.0
290	2398.5	0.0	0.0	0.0	0.0	0.0	0.0
300	2470.3333333333335	0.0	0.0	0.0	0.0	0.0	0.0
310	2441.3333333333335	0.0	0.0	0.0	0.0	0.0	0.0
320	2277.8333333333335	0.0	0.0	0.0	0.0	0.0	0.0
330	2439.3333333333335	0.0	0.0	0.0	0.0	0.0	0.0
340	2385.5	0.0	0.0	0.0	0.0	0.0	0.0
350	2438.8333333333335	0.0	0.0	0.0	0.0	0.0	0.0
360	2621.3333333333335	0.0	0.0	0.0	0.0	0.0	0.0
370	2546.6666666666665	0.0	0.0	0.0	0.0	0.0	0.0
380	2470.8333333333335	0.0	0.0	0.0	0.0	0.0	0.0
390	2639.8333333333335	0.0	0.0	0.0	0.0	0.0	0.0
400	2362.0	0.0	0.0	0.0	0.0	0.0	0.0
410	2680.3333333333335	0.0	0.0	0.0	0.0	0.0	0.0
420	2504.3333333333335	0.0	0.0	0.0	0.0	0.0	0.0
430	2469.0	0.0	0.0	0.0	0.0	0.0	0.0
440	2619.5	0.0	0.0	0.0	0.0	0.0	0.0
450	2649.0	0.0	0.0	0.0	0.0	0.0	0.0
460	2730.1666666666665	0.0	0.0	0.0	0.0	0.0	0.0
470	2805.1666666666665	0.0	0.0	0.0	0.0	0.0	0.0
480	2686.6666666666665	0.0	0.0	0.0	0.0	0.0	0.0
490	2621.6666666666665	0.0	0.0	0.0	0.0	0.0	0.0
500	2981.3333333333335	0.0	0.0	0.0	0.0	0.0	0.0
510	2466.5	0.0	0.0	0.0	0.0	0.0	0.0
520	2769.0	0.0	0.0	0.0	0.0	0.0	0.0
530	2880.5	0.0	0.0	0.0	0.0	0.0	0.0
540	2779.6666666666665	0.0	0.0	0.0	0.0	0.0	0.0
550	2835.0	0.0	0.0	0.0	0.0	0.0	0.0
560	3004.8333333333335	0.0	0.0	0.0	0.0	0.0	0.0
570	2673.3333333333335	0.0	0.0	0.0	0.0	0.0	0.0
580	3029.5	0.0	0.0	0.0	0.0	0.0	0.0
590	2659.8333333333335	0.0	0.0	0.0	0.0	0.0	0.0
600	2879.1666666666665	0.0	0.0	0.0	0.0	0.0	0.0
610	2877.3333333333335	0.0	0.0	0.0	0.0	0.0	0.0
620	2731.6666666666665	0.0	0.0	0.0	0.0	0.0	0.0
630	2796.5	0.0	0.0	0.0	0.0	0.0	0.0
640	2467.3333333333335	0.0	0.0	0.0	0.0	0.0	0.0
650	2734.0	0.0	0.0	0.0	0.0	0.0	0.0
660	2641.0	0.0	0.0	0.0	0.0	0.0	0.0
670	2675.8333333333335	0.0	0.0	0.0	0.0	0.0	0.0
680	2895.8333333333335	0.0	0.0	0.0	0.0	0.0	0.0
690	2498.8333333333335	0.0	0.0	0.0	0.0	0.0	0.0
700	2594.5	0.0	0.0	0.0	0.0	0.0	0.0
710	2666.8333333333335	0.0	0.0	0.0	0.0	0.0	0.0
720	2727.5	0.0	0.0	0.0	0.0	0.0	0.0
730	2924.5	0.0	0.0	0.0	0.0	0.0	0.0
740	2706.5	0.0	0.0	0.0	0.0	0.0	0.0
750	2701.6666666666665	0.0	0.0	0.0	0.0	0.0	0.0
760	2808.5	0.0	0.0	0.0	0.0	0.0	0.0
770	2931.3333333333335	0.0	0.0	0.0	0.0	0.0	0.0
780	2789.1666666666665	0.0	0.0	0.0	0.0	0.0	0.0
790	2801.1666666666665	0.0	0.0	0.0	0.0	0.0	0.0
800	2645.3333333333335	0.0	0.0	0.0	0.0	0.0	0.0
810	2764.8333333333335	0.0	0.0	0.0	0.0	0.0	0.0
820	2861.0	0.0	0.0	0.0	0.0	0.0	0.0
830	2632.8333333333335	0.0	0.0	0.0	0.0	0.0	0.0
840	2970.1666666666665	0.0	0.0	0.0	0.0	0.0	0.0
850	2748.5	0.0	0.0	0.0	0.0	0.0	0.0
860	2549.6666666666665	0.0	0.0	0.0	0.0	0.0	0.0
870	2848.5	0.0	0.0	0.0	0.0	0.0	0.0
880	2877.1666666666665	0.0	0.0	0.0	0.0	0.0	0.0
890	3016.5	0.0	0.0	0.0	0.0	0.0	0.0
900	3188.1666666666665	0.0	0.0	0.0	0.0	0.0	0.0
910	3197.5	0.0	0.0	0.0	0.0	0.0	0.0
920	3142.8333333333335	0.0	0.0	0.0	0.0	0.0	0.0
930	2895.0	0.0	0.0	0.0	0.0	0.0	0.0
940	3012.0	0.0	0.0	0.0	0.0	0.0	0.0
950	2972.0	0.0	0.0	0.0	0.0	0.0	0.0
960	3324.3333333333335	0.0	0.0	0.0	0.0	0.0	0.0
970	3149.0	0.0	0.0	0.0	0.0	0.0	0.0
980	3170.8333333333335	0.0	0.0	0.0	0.0	0.0	0.0
990	3060.3333333333335	0.0	0.0	0.0	0.0	0.0	0.0
1000	2988.5	0.0	0.0	0.0	0.0	0.0	0.0
