0	224.66666666666666	0.0	0.0	0.0	0.0	0.0	0.0
10	1975.5	1000.0	5022.0	670.0	768.0	435.0	232.0
20	2127.8333333333335	0.0	0.0	0.0	0.0	0.0	0.0
30	2041.3333333333333	0.0	0.0	0.0	0.0	0.0	0.0
40	2174.8333333333335	0.0	0.0	0.0	0.0	0.0	0.0
50	2034.6666666666667	0.0	0.0	0.0	0.0	0.0	0.0
60	2110.3333333333335	0.0	0.0	0.0	0.0	0.0	0.0
70	2177.1666666666665	0.0	0.0	0.0	0.0	0.0	0.0
80	2106.8333333333335	0.0	0.0	0.0	0.0	0.0	0.0
90	2150.1666666666665	0.0	0.0	0.0	0.0	0.0	0.0
100	2099.5	0.0	0.0	0.0	0.0	0.0	0.0
110	2242.0	0.0	0.0	0.0	0.0	0.0	0.0
120	2256.1666666666665	0.0	0.0	0.0	0.0	0.0	0.0
130	2290.0	0.0	0.0	0.0	0.0	0.0	0.0
140	2233.8333333333335	0.0	0.0	0.0	0.0	0.0	0.0
150	2188.5	0.0	0.0	0.0	0.0	0.0	0.0
160	2433.0	0.0	0.0	0.0	0.0	0.0	0.0
170	2352.0	0.0	0.0	0.0	0.0	0.0	0.0
180	2263.8333333333335	0.0	0.0	0.0	0.0	0.0	0.0
190	2411.0	0.0	0.0	0.0	0.0	0.0	0.0
200	2363.1666666666665	0.0	0.0	0.0	0.0	0.0	0.0
210	2205.3333333333335	0.0	0.0	0.0	0.0	0.0	0.0
220	2343.0	0.0	0.0	0.0	0.0	0.0	0.0
230	2279.8333333333335	0.0	0.0	0.0	0.0	0.0	0.0
240	2368.0	0.0	0.0	0.0	0.0	0.0	0.0
250	2394.5	0.0	0.0	0.0	0.0	0.0	0.0
260	2507.8333333333335	0.0	0.0	0.0	0.0	0.0	0.0
270	2459.3333333333335	0.0	0.0	0.0	0.0	0.0	0.0
280	2396.3333333333335	0.0	0.0	0.0	0.0	0.0	0.0
290	2423.5	0.0	0.0	0.0	0.0	0.0	0.0
300	2595.0	0.0	0.0	0.0	0.0	0.0	0.0
310	2206.1666666666665	0.0	0.0	0.0	0.0	0.0	0.0
320	2262.0	0.0	0.0	0.0	0.0	0.0	0.0
330	2423.0	0.0	0.0	0.0	0.0	0.0	0.0
340	2564.0	0.0	0.0	0.0	0.0	0.0	0.0
350	2329.5	0.0	0.0	0.0	0.0	0.0	0.0
360	2723.0	0.0	0.0	0.0	0.0	0.0	0.0
370	2710.0	0.0	0.0	0.0	0.0	0.0	0.0
380	2439.8333333333335	0.0	0.0	0.0	0.0	0.0	0.0
390	2556.8333333333335	0.0	0.0	0.0	0.0	0.0	0.0
400	2599.0	0.0	0.0	0.0	0.0	0.0	0.0
410	2508.3333333333335	0.0	0.0	0.0	0.0	0.0	0.0
420	2879.1666666666665	0.0	0.0	0.0	0.0	0.0	0.0
430	2747.3333333333335	0.0	0.0	0.0	0.0	0.0	0.0
440	2291.8333333333335	0.0	0.0	0.0	0.0	0.0	0.0
450	2292.8333333333335	0.0	0.0	0.0	0.0	0.0	0.0
460	2565.5	0.0	0.0	0.0	0.0	0.0	0.0
470	2715.3333333333335	0.0	0.0	0.0	0.0	0.0	0.0
480	2596.3333333333335	0.0	0.0	0.0	0.0	0.0	0.0
490	2967.0	0.0	0.0	0.0	0.0	0.0	0.0
500	2576.3333333333335	0.0	0.0	0.0	0.0	0.0	0.0
510	2436.8333333333335	0.0	0.0	0.0	0.0	0.0	0.0
520	2658.1666666666665	0.0	0.0	0.0	0.0	0.0	0.0
530	2370.6666666666665	0.0	0.0	0.0	0.0	0.0	0.0
540	2380.8333333333335	0.0	0.0	0.0	0.0	0.0	0.0
550	2744.5	0.0	0.0	0.0	0.0	0.0	0.0
560	2682.6666666666665	0.0	0.0	0.0	0.0	0.0	0.0
570	2819.0	0.0	0.0	0.0	0.0	0.0	0.0
580	2786.5	0.0	0.0	0.0	0.0	0.0	0.0
590	2578.3333333333335	0.0	0.0	0.0	0.0	0.0	0.0
600	2754.0	0.0	0.0	0.0	0.0	0.0	0.0
610	2935.0	0.0	0.0	0.0	0.0	0.0	0.0
620	2760.0	0.0	0.0	0.0	0.0	0.0	0.0
630	2822.5	0.0	0.0	0.0	0.0	0.0	0.0
640	2549.6666666666665	0.0	0.0	0.0	0.0	0.0	0.0
650	2727.6666666666665	0.0	0.0	0.0	0.0	0.0	0.0
660	2809.6666666666665	0.0	0.0	0.0	0.0	0.0	0.0
670	2794.1666666666665	0.0	0.0	0.0	0.0	0.0	0.0
680	2807.3333333333335	0.0	0.0	0.0	0.0	0.0	0.0
690	2832.3333333333335	0.0	0.0	0.0	0.0	0.0	0.0
700	2873.6666666666665	0.0	0.0	0.0	0.0	0.0	0.0
710	2544.3333333333335	0.0	0.0	0.0	0.0	0.0	0.0
720	2787.8333333333335	0.0	0.0	0.0	0.0	0.0	0.0
730	2750.0	0.0	0.0	0.0	0.0	0.0	0.0
740	2625.5	0.0	0.0	0.0	0.0	0.0	0.0
750	2809.0	0.0	0.0	0.0	0.0	0.0	0.0
760	2891.6666666666665	0.0	0.0	0.0	0.0	0.0	0.0
770	2723.5	0.0	0.0	0.0	0.0	0.0	0.0
780	2767.3333333333335	0.0	0.0	0.0	0.0	0.0	0.0
790	2566.5	0.0	0.0	0.0	0.0	0.0	0.0
800	2985.8333333333335	0.0	0.0	0.0	0.0	0.0	0.0
810	3058.1666666666665	0.0	0.0	0.0	0.0	0.0	0.0
820	2768.6666666666665	0.0	0.0	0.0	0.0	0.0	0.0
830	2796.1666666666665	0.0	0.0	0.0	0.0	0.0	0.0
840	2963.6666666666665	0.0	0.0	0.0	0.0	0.0	0.0
850	2765.0	0.0	0.0	0.0	0.0	0.0	0.0
860	3096.8333333333335	0.0	0.0	0.0	0.0	0.0	0.0
870	3055.0	0.0	0.0	0.0	0.0	0.0	0.0
880	2928.5	0.0	0.0	0.0	0.0	0.0	0.0
890	2965.0	0.0	0.0	0.0	0.0	0.0	0.0
900	2959.1666666666665	0.0	0.0	0.0	0.0	0.0	0.0
910	2709.3333333333335	0.0	0.0	0.0	0.0	0.0	0.0
920	2540.3333333333335	0.0	0.0	0.0	0.0	0.0	0.0
930	2838.6666666666665	0.0	0.0	0.0	0.0	0.0	0.0
940	3108.1666666666665	0.0	0.0	0.0	0.0	0.0	0.0
950	3244.3333333333335	0.0	0.0	0.0	0.0	0.0	0.0
960	2871.6666666666665	0.0	0.0	0.0	0.0	0.0	0.0
970	3440.1666666666665	0.0	0.0	0.0	0.0	0.0	0.0
980	2968.6666666666665	0.0	0.0	0.0	0.0	0.0	0.0
990	2994.0	0.0	0.0	0.0	0.0	0.0	0.0
1000	3136.3333333333335	0.0	0.0	0.0	0.0	0.0	0.0
