0	276.3333333333333	0.0	0.0	0.0	0.0	0.0	0.0
10	1854.3333333333333	1000.0	7214.0	645.0	711.0	351.0	289.0
20	2109.5	0.0	0.0	0.0	0.0	0.0	0.0
30	1944.1666666666667	0.0	0.0	0.0	0.0	0.0	0.0
40	2090.3333333333335	0.0	0.0	0.0	0.0	0.0	0.0
50	2101.6666666666665	0.0	0.0	0.0	0.0	0.0	0.0
60	2189.6666666666665	0.0	0.0	0.0	0.0	0.0	0.0
70	2078.0	0.0	0.0	0.0	0.0	0.0	0.0
80	2076.6666666666665	0.0	0.0	0.0	0.0	0.0	0.0
90	1972.3333333333333	0.0	0.0	0.0	0.0	0.0	0.0
100	2330.1666666666665	0.0	0.0	0.0	0.0	0.0	0.0
110	2009.1666666666667	0.0	0.0	0.0	0.0	0.0	0.0
120	2144.0	0.0	0.0	0.0	0.0	0.0	0.0
130	2367.1666666666665	0.0	0.0	0.0	0.0	0.0	0.0
140	2189.8333333333335	0.0	0.0	0.0	0.0	0.0	0.0
150	2085.0	0.0	0.0	0.0	0.0	0.0	0.0
160	2254.5	0.0	0.0	0.0	0.0	0.0	0.0
170	2143.0	0.0	0.0	0.0	0.0	0.0	0.0
180	2165.5	0.0	0.0	0.0	0.0	0.0	0.0
190	2438.1666666666665	0.0	0.0	0.0	0.0	0.0	0.0
200	2271.3333333333335	0.0	0.0	0.0	0.0	0.0	0.0
210	2305.8333333333335	0.0	0.0	0.0	0.0	0.0	0.0
220	2414.5	0.0	0.0	0.0	0.0	0.0	0.0
230	2458.3333333333335	0.0	0.0	0.0	0.0	0.0	0.0
240	2263.6666666666665	0.0	0.0	0.0	0.0	0.0	0.0
250	2306.0	0.0	0.0	0.0	0.0	0.0	0.0
260	2458.6666666666665	0.0	0.0	0.0	0.0	0.0	0.0
270	2534.8333333333335	0.0	0.0	0.0	0.0	0.0	0.0
280	2438.3333333333335	0.0	0.0	0.0	0.0	0.0	0.0
290	2332.6666666666665	0.0	0.0	0.0	0.0	0.0	0.0
300	2404.8333333333335	0.0	0.0	0.0	0.0	0.0	0.0
310	2473.8333333333335	0.0	0.0	0.0	0.0	0.0	0.0
320	2627.1666666666665	0.0	0.0	0.0	0.0	0.0	0.0
330	2485.5	0.0	0.0	0.0	0.0	0.0	0.0
340	2347.6666666666665	0.0	0.0	0.0	0.0	0.0	0.0
350	2675.8333333333335	0.0	0.0	0.0	0.0	0.0	0.0
360	2442.6666666666665	0.0	0.0	0.0	0.0	0.0	0.0
370	2695.1666666666665	0.0	0.0	0.0	0.0	0.0	0.0
380	2607.3333333333335	0.0	0.0	0.0	0.0	0.0	0.0
390	2559.6666666666665	0.0	0.0	0.0	0.0	0.0	0.0
400	2353.6666666666665	0.0	0.0	0.0	0.0	0.0	0.0
410	2628.0	0.0	0.0	0.0	0.0	0.0	0.0
420	2365.1666666666665	0.0	0.0	0.0	0.0	0.0	0.0
430	2736.1666666666665	0.0	0.0	0.0	0.0	0.0	0.0
440	2667.1666666666665	0.0	0.0	0.0	0.0	0.0	0.0
450	2661.8333333333335	0.0	0.0	0.0	0.0	0.0	0.0
460	2839.0	0.0	0.0	0.0	0.0	0.0	0.0
470	2726.6666666666665	0.0	0.0	0.0	0.0	0.0	0.0
480	2592.5	0.0	0.0	0.0	0.0	0.0	0.0
490	2610.6666666666665	0.0	0.0	0.0	0.0	0.0	0.0
500	2297.6666666666665	0.0	0.0	0.0	0.0	0.0	0.0
510	2351.6666666666665	0.0	0.0	0.0	0.0	0.0	0.0
520	2706.0	0.0	0.0	0.0	0.0	0.0	0.0
530	2746.6666666666665	0.0	0.0	0.0	0.0	0.0	0.0
540	2901.0	0.0	0.0	0.0	0.0	0.0	0.0
550	2718.1666666666665	0.0	0.0	0.0	0.0	0.0	0.0
560	2801.1666666666665	0.0	0.0	0.0	0.0	0.0	0.0
570	2681.3333333333335	0.0	0.0	0.0	0.0	0.0	0.0
580	2751.0	0.0	0.0	0.0	0.0	0.0	0.0
590	2934.1666666666665	0.0	0.0	0.0	0.0	0.0	0.0
600	2571.0	0.0	0.0	0.0	0.0	0.0	0.0
610	2699.1666666666665	0.0	0.0	0.0	0.0	0.0	0.0
620	2701.6666666666665	0.0	0.0	0.0	0.0	0.0	0.0
630	2834.3333333333335	0.0	0.0	0.0	0.0	0.0	0.0
640	2867.3333333333335	0.0	0.0	0.0	0.0	0.0	0.0
650	2871.3333333333335	0.0	0.0	0.0	0.0	0.0	0.0
660	2702.0	0.0	0.0	0.0	0.0	0.0	0.0
670	2439.5	0.0	0.0	0.0	0.0	0.0	0.0
680	2889.1666666666665	0.0	0.0	0.0	0.0	0.0	0.0
690	2844.3333333333335	0.0	0.0	0.0	0.0	0.0	0.0
700	2646.1666666666665	0.0	0.0	0.0	0.0	0.0	0.0
710	2608.6666666666665	0.0	0.0	0.0	0.0	0.0	0.0
720	2772.0	0.0	0.0	0.0	0.0	0.0	0.0
730	2652.0	0.0	0.0	0.0	0.0	0.0	0.0
740	2802.6666666666665	0.0	0.0	0.0	0.0	0.0	0.0
750	2556.5	0.0	0.0	0.0	0.0	0.0	0.0
760	2802.1666666666665	0.0	0.0	0.0	0.0	0.0	0.0
770	2758.8333333333335	0.0	0.0	0.0	0.0	0.0	0.0
780	2803.8333333333335	0.0	0.0	0.0	0.0	0.0	0.0
790	2866.3333333333335	0.0	0.0	0.0	0.0	0.0	0.0
800	2789.5	0.0	0.0	0.0	0.0	0.0	0.0
810	2764.5	0.0	0.0	0.0	0.0	0.0	0.0
820	3162.6666666666665	0.0	0.0	0.0	0.0	0.0	0.0
830	2732.6666666666665	0.0	0.0	0.0	0.0	0.0	0.0
840	3020.0	0.0	0.0	0.0	0.0	0.0	0.0
850	2828.3333333333335	0.0	0.0	0.0	0.0	0.0	0.0
860	2677.3333333333335	0.0	0.0	0.0	0.0	0.0	0.0
870	3093.8333333333335	0.0	0.0	0.0	0.0	0.0	0.0
880	3025.0	0.0	0.0	0.0	0.0	0.0	0.0
890	3119.5	0.0	0.0	0.0	0.0	0.0	0.0
900	2919.1666666666665	0.0	0.0	0.0	0.0	0.0	0.0
910	2750.5	0.0	0.0	0.0	0.0	0.0	0.0
920	2735.3333333333335	0.0	0.0	0.0	0.0	0.0	0.0
930	2676.5	0.0	0.0	0.0	0.0	0.0	0.0
940	2887.1666666666665	0.0	0.0	0.0	0.0	0.0	0.0
950	2920.1666666666665	0.0	0.0	0.0	0.0	0.0	0.0
960	2586.6666666666665	0.0	0.0	0.0	0.0	0.0	0.0
970	3030.8333333333335	0.0	0.0	0.0	0.0	0.0	0.0
980	2772.1666666666665	0.0	0.0	0.0	0.0	0.0	0.0
990	2823.0	0.0	0.0	0.0	0.0	0.0	0.0
1000	2808.6666666666665	0.0	0.0	0.0	0.0	0.0	0.0
