0	294.6666666666667	0.0
10	70.0	0.0
20	70.0	0.0
30	70.0	0.0
40	70.0	0.0
50	70.0	0.0
60	70.0	0.0
70	70.0	0.0
80	70.66666666666667	0.0
90	72.33333333333333	0.0
100	84.0	0.0
110	74.33333333333333	0.0
120	94.0	0.0
130	509.0	0.0
140	440.3333333333333	0.0
150	135.0	4.0
160	154.0	13.0
170	75.33333333333333	7.0
180	363.6666666666667	0.0
190	462.6666666666667	5.0
200	523.0	13.0
210	329.0	3.0
220	1065.6666666666667	3.0
230	1309.0	4.0
240	1457.8333333333333	8.0
250	2139.3333333333335	1.0
260	2310.0	5.0
270	2561.6666666666665	7.0
280	2303.6666666666665	10.0
290	2612.0	7.0
300	2456.0	6.0
310	2439.3333333333335	14.0
320	2289.0	6.0
330	2242.6666666666665	8.0
340	2312.6666666666665	10.0
350	2397.8333333333335	8.0
360	2440.3333333333335	4.0
370	2522.3333333333335	5.0
380	2279.0	11.0
390	2574.3333333333335	10.0
400	2078.6666666666665	38.0
410	2351.3333333333335	3.0
420	2213.3333333333335	15.0
430	2502.6666666666665	4.0
440	2199.3333333333335	8.0
450	2480.6666666666665	9.0
460	2545.6666666666665	3.0
470	2636.6666666666665	6.0
480	2550.3333333333335	21.0
490	2287.3333333333335	4.0
500	1921.0	4.0
510	2468.0	4.0
520	2309.3333333333335	6.0
530	1790.1666666666667	10.0
540	2525.6666666666665	8.0
550	1949.0	7.0
560	1763.3333333333333	6.0
570	1751.8333333333333	6.0
580	1662.8333333333333	1.0
590	1889.1666666666667	8.0
600	1702.8333333333333	26.0
610	1804.5	5.0
620	1819.6666666666667	4.0
630	2516.3333333333335	4.0
640	2332.0	1.0
650	2546.0	0.0
660	2564.0	10.0
670	2236.6666666666665	10.0
680	2423.0	5.0
690	2551.5	2.0
700	2140.0	10.0
710	2573.6666666666665	2.0
720	2511.6666666666665	12.0
730	1741.0	1.0
740	1758.1666666666667	6.0
750	2183.0	8.0
760	2103.5	22.0
770	1713.5	15.0
780	1962.5	4.0
790	1948.0	2.0
800	1878.0	10.0
810	2117.1666666666665	10.0
820	2026.6666666666667	4.0
830	1968.6666666666667	3.0
840	2301.3333333333335	5.0
850	2331.8333333333335	7.0
860	2502.6666666666665	4.0
870	1933.6666666666667	12.0
880	1654.6666666666667	1.0
890	1807.0	3.0
900	1944.1666666666667	2.0
910	2612.3333333333335	3.0
920	2508.8333333333335	1.0
930	2315.6666666666665	7.0
940	2263.1666666666665	3.0
950	2458.6666666666665	11.0
960	2434.0	1.0
970	2501.3333333333335	6.0
980	1833.3333333333333	5.0
990	2322.1666666666665	17.0
1000	2100.0	3.0
