0	255.33333333333334	0.0
10	70.0	0.0
20	70.0	0.0
30	70.0	0.0
40	70.0	0.0
50	70.0	0.0
60	70.0	0.0
70	70.0	0.0
80	71.0	0.0
90	73.0	0.0
100	74.33333333333333	0.0
110	91.33333333333333	0.0
120	163.33333333333334	0.0
130	277.6666666666667	35.0
140	540.6666666666666	3.0
150	109.0	4.0
160	297.3333333333333	1.0
170	622.3333333333334	0.0
180	369.6666666666667	2.0
190	100.66666666666667	16.0
200	585.3333333333334	0.0
210	938.6666666666666	0.0
220	970.3333333333334	7.0
230	1267.6666666666667	20.0
240	1804.3333333333333	12.0
250	1764.0	9.0
260	1987.3333333333333	3.0
270	2418.6666666666665	2.0
280	2531.5	18.0
290	2119.5	6.0
300	1990.0	2.0
310	2300.5	6.0
320	2226.3333333333335	15.0
330	2738.0	5.0
340	2305.5	5.0
350	2425.6666666666665	8.0
360	2297.1666666666665	15.0
370	2359.5	2.0
380	2026.6666666666667	5.0
390	2475.3333333333335	1.0
400	2461.5	8.0
410	2523.3333333333335	8.0
420	2471.1666666666665	25.0
430	2471.6666666666665	24.0
440	2759.0	5.0
450	2466.1666666666665	6.0
460	1974.0	8.0
470	2203.0	0.0
480	2330.0	6.0
490	2506.3333333333335	7.0
500	2452.0	2.0
510	1853.6666666666667	7.0
520	2115.3333333333335	11.0
530	2076.3333333333335	5.0
540	2410.8333333333335	10.0
550	1815.3333333333333	6.0
560	1998.0	11.0
570	2114.6666666666665	7.0
580	2085.3333333333335	15.0
590	1956.3333333333333	37.0
600	2032.6666666666667	11.0
610	2472.6666666666665	4.0
620	1903.3333333333333	4.0
630	2342.0	7.0
640	1648.8333333333333	6.0
650	2621.0	4.0
660	2800.3333333333335	2.0
670	1745.0	7.0
680	2627.5	8.0
690	2302.0	11.0
700	2641.5	31.0
710	2306.3333333333335	7.0
720	2134.6666666666665	4.0
730	2675.0	2.0
740	2198.0	4.0
750	2538.0	7.0
760	1899.1666666666667	12.0
770	2447.1666666666665	8.0
780	2735.6666666666665	11.0
790	1844.8333333333333	23.0
800	2414.6666666666665	3.0
810	2339.6666666666665	11.0
820	2330.3333333333335	3.0
830	2650.8333333333335	2.0
840	2686.6666666666665	2.0
850	1931.5	0.0
860	2293.5	7.0
870	2453.1666666666665	6.0
880	1610.0	8.0
890	2418.0	8.0
900	2136.8333333333335	3.0
910	1610.8333333333333	9.0
920	2547.5	15.0
930	2191.1666666666665	9.0
940	2480.5	16.0
950	2008.0	8.0
960	2243.0	19.0
970	2512.0	11.0
980	1733.5	11.0
990	2072.3333333333335	8.0
1000	2260.0	5.0
