0	234.0	0.0
10	70.0	0.0
20	70.0	0.0
30	70.0	0.0
40	70.0	0.0
50	70.0	0.0
60	70.0	0.0
70	70.0	0.0
80	70.0	0.0
90	70.66666666666667	0.0
100	86.33333333333333	0.0
110	101.66666666666667	0.0
120	83.66666666666667	3.0
130	291.0	0.0
140	339.6666666666667	0.0
150	164.33333333333334	2.0
160	238.0	3.0
170	139.0	1.0
180	237.33333333333334	18.0
190	823.0	0.0
200	816.6666666666666	4.0
210	1214.3333333333333	2.0
220	1923.3333333333333	0.0
230	2483.3333333333335	0.0
240	2001.6666666666667	9.0
250	2298.0	2.0
260	2176.6666666666665	11.0
270	2231.3333333333335	4.0
280	2655.6666666666665	4.0
290	2409.3333333333335	18.0
300	2474.0	5.0
310	2376.3333333333335	5.0
320	2251.3333333333335	17.0
330	2591.5	5.0
340	2414.8333333333335	21.0
350	2547.1666666666665	2.0
360	2524.0	3.0
370	1780.1666666666667	4.0
380	2324.3333333333335	0.0
390	2492.3333333333335	9.0
400	2394.8333333333335	5.0
410	1869.1666666666667	11.0
420	2416.5	3.0
430	2477.3333333333335	2.0
440	2608.8333333333335	7.0
450	2262.3333333333335	13.0
460	2635.3333333333335	17.0
470	2278.3333333333335	14.0
480	2054.1666666666665	7.0
490	1332.3333333333333	23.0
500	2037.6666666666667	5.0
510	1934.6666666666667	5.0
520	2136.0	9.0
530	2306.8333333333335	12.0
540	1776.6666666666667	16.0
550	1931.6666666666667	28.0
560	1689.0	12.0
570	2079.0	18.0
580	1986.6666666666667	0.0
590	2214.3333333333335	12.0
600	2089.3333333333335	6.0
610	2569.8333333333335	13.0
620	2182.6666666666665	5.0
630	2139.6666666666665	6.0
640	2275.8333333333335	6.0
650	1601.6666666666667	10.0
660	1618.1666666666667	5.0
670	2398.3333333333335	8.0
680	1736.1666666666667	8.0
690	1822.1666666666667	9.0
700	1663.8333333333333	2.0
710	1625.1666666666667	8.0
720	1885.3333333333333	1.0
730	2491.6666666666665	4.0
740	2467.3333333333335	1.0
750	2216.0	10.0
760	1747.0	6.0
770	1873.3333333333333	10.0
780	2416.8333333333335	3.0
790	2523.8333333333335	6.0
800	2574.6666666666665	10.0
810	2371.1666666666665	10.0
820	2477.3333333333335	9.0
830	2381.8333333333335	2.0
840	2447.0	8.0
850	2359.1666666666665	6.0
860	2362.6666666666665	5.0
870	2623.5	9.0
880	2354.5	3.0
890	2535.3333333333335	4.0
900	1695.3333333333333	3.0
910	2347.0	8.0
920	2305.0	3.0
930	2397.3333333333335	11.0
940	2615.0	0.0
950	2478.3333333333335	8.0
960	2434.3333333333335	2.0
970	2335.0	0.0
980	2426.0	4.0
990	2416.1666666666665	4.0
1000	2226.0	4.0
