0	261.3333333333333	0.0
10	70.0	0.0
20	70.0	0.0
30	70.0	0.0
40	70.0	0.0
50	70.0	0.0
60	70.0	0.0
70	70.0	0.0
80	70.0	0.0
90	72.0	0.0
100	78.66666666666667	0.0
110	108.0	0.0
120	141.66666666666666	0.0
130	126.0	0.0
140	276.6666666666667	0.0
150	156.33333333333334	20.0
160	443.0	0.0
170	359.6666666666667	26.0
180	169.33333333333334	4.0
190	302.6666666666667	15.0
200	1284.0	26.0
210	1743.3333333333333	12.0
220	2074.3333333333335	8.0
230	1912.0	4.0
240	2132.5	19.0
250	2745.0	7.0
260	2081.1666666666665	26.0
270	2430.3333333333335	8.0
280	2157.6666666666665	22.0
290	2330.0	7.0
300	2258.0	19.0
310	2530.6666666666665	6.0
320	2473.0	7.0
330	2156.3333333333335	12.0
340	2459.5	12.0
350	2561.0	13.0
360	2489.6666666666665	7.0
370	2182.0	4.0
380	2291.3333333333335	6.0
390	2418.6666666666665	6.0
400	2277.3333333333335	3.0
410	2428.6666666666665	6.0
420	2090.5	3.0
430	2437.8333333333335	5.0
440	1902.3333333333333	2.0
450	2137.6666666666665	6.0
460	2582.6666666666665	3.0
470	2142.6666666666665	6.0
480	2397.5	3.0
490	2586.6666666666665	6.0
500	1684.3333333333333	5.0
510	2010.8333333333333	6.0
520	1956.1666666666667	21.0
530	2567.0	3.0
540	2296.6666666666665	5.0
550	2259.3333333333335	6.0
560	2276.0	7.0
570	2691.6666666666665	5.0
580	2418.6666666666665	4.0
590	2197.0	8.0
600	2208.3333333333335	6.0
610	2219.6666666666665	5.0
620	2362.0	0.0
630	1566.1666666666667	5.0
640	1803.3333333333333	8.0
650	1751.0	9.0
660	2276.0	12.0
670	2282.8333333333335	5.0
680	2168.3333333333335	5.0
690	2277.0	6.0
700	2541.0	7.0
710	1830.3333333333333	13.0
720	2202.8333333333335	14.0
730	2540.0	10.0
740	2398.8333333333335	1.0
750	1969.0	5.0
760	1724.6666666666667	7.0
770	2409.0	6.0
780	1849.0	13.0
790	2041.6666666666667	2.0
800	2297.3333333333335	7.0
810	1861.8333333333333	9.0
820	1760.0	2.0
830	2307.0	4.0
840	1849.6666666666667	4.0
850	1552.3333333333333	11.0
860	2170.6666666666665	5.0
870	2192.0	2.0
880	2549.1666666666665	4.0
890	2687.6666666666665	3.0
900	2391.3333333333335	2.0
910	2517.5	9.0
920	2835.8333333333335	2.0
930	2392.6666666666665	6.0
940	2466.3333333333335	9.0
950	2665.6666666666665	4.0
960	2582.3333333333335	5.0
970	2423.1666666666665	16.0
980	2236.6666666666665	17.0
990	1745.3333333333333	7.0
1000	1929.3333333333333	4.0
