0	277.0	0.0
10	70.0	0.0
20	70.0	0.0
30	70.0	0.0
40	70.0	0.0
50	70.0	0.0
60	70.0	0.0
70	70.0	0.0
80	72.33333333333333	0.0
90	75.66666666666667	0.0
100	83.33333333333333	0.0
110	73.0	0.0
120	74.0	0.0
130	305.3333333333333	0.0
140	301.3333333333333	0.0
150	405.0	0.0
160	163.0	0.0
170	261.6666666666667	1.0
180	357.0	0.0
190	144.0	1.0
200	126.33333333333333	4.0
210	94.0	1.0
220	901.3333333333334	0.0
230	968.0	3.0
240	424.6666666666667	0.0
250	282.0	4.0
260	314.0	0.0
270	279.3333333333333	2.0
280	356.6666666666667	0.0
290	523.6666666666666	5.0
300	886.0	0.0
310	622.6666666666666	2.0
320	1184.5	0.0
330	1535.6666666666667	0.0
340	1796.6666666666667	0.0
350	1928.1666666666667	3.0
360	2061.3333333333335	0.0
370	1088.6666666666667	4.0
380	1389.3333333333333	2.0
390	1561.0	4.0
400	1828.8333333333333	1.0
410	1125.3333333333333	3.0
420	2137.3333333333335	0.0
430	1880.6666666666667	4.0
440	2263.0	2.0
450	1959.6666666666667	13.0
460	1856.3333333333333	8.0
470	2084.8333333333335	2.0
480	1906.5	3.0
490	2227.3333333333335	15.0
500	1987.1666666666667	2.0
510	1788.3333333333333	1.0
520	2026.3333333333333	1.0
530	2294.0	0.0
540	2393.0	0.0
550	2181.1666666666665	6.0
560	2245.3333333333335	0.0
570	2386.3333333333335	0.0
580	2398.6666666666665	6.0
590	2388.3333333333335	6.0
600	2415.1666666666665	5.0
610	2561.3333333333335	1.0
620	2537.6666666666665	2.0
630	2387.6666666666665	2.0
640	2347.3333333333335	2.0
650	2391.3333333333335	2.0
660	2367.3333333333335	1.0
670	2137.6666666666665	0.0
680	2186.1666666666665	4.0
690	2174.0	3.0
700	2342.3333333333335	2.0
710	2280.0	3.0
720	2529.6666666666665	2.0
730	2544.3333333333335	2.0
740	1756.8333333333333	8.0
750	2177.3333333333335	0.0
760	2276.3333333333335	5.0
770	1810.8333333333333	6.0
780	1943.5	2.0
790	1680.1666666666667	1.0
800	2404.0	3.0
810	2258.0	1.0
820	2459.1666666666665	1.0
830	2034.0	2.0
840	2327.0	4.0
850	2474.0	10.0
860	2254.0	3.0
870	1881.5	6.0
880	2362.1666666666665	4.0
890	1652.3333333333333	3.0
900	1984.1666666666667	1.0
910	2525.0	2.0
920	2491.0	1.0
930	2483.3333333333335	4.0
940	2507.0	0.0
950	2239.0	1.0
960	2543.3333333333335	0.0
970	2396.3333333333335	1.0
980	2472.0	1.0
990	2479.8333333333335	0.0
1000	1880.3333333333333	0.0
