0	242.66666666666666	0.0
10	70.0	0.0
20	70.0	0.0
30	70.0	0.0
40	70.0	0.0
50	70.0	0.0
60	70.0	0.0
70	70.0	0.0
80	73.0	0.0
90	72.0	0.0
100	87.33333333333333	0.0
110	115.33333333333333	0.0
120	335.6666666666667	0.0
130	155.0	0.0
140	221.0	0.0
150	96.66666666666667	1.0
160	127.66666666666667	0.0
170	100.0	8.0
180	154.66666666666666	4.0
190	450.3333333333333	0.0
200	463.3333333333333	2.0
210	486.6666666666667	3.0
220	823.3333333333334	0.0
230	575.0	1.0
240	693.0	0.0
250	1370.1666666666667	0.0
260	1156.6666666666667	3.0
270	1680.3333333333333	1.0
280	1851.5	3.0
290	1989.6666666666667	2.0
300	2487.5	5.0
310	2236.3333333333335	4.0
320	2511.0	5.0
330	2383.8333333333335	2.0
340	2233.8333333333335	0.0
350	2469.0	4.0
360	2400.8333333333335	2.0
370	2368.0	4.0
380	2611.0	2.0
390	2357.8333333333335	3.0
400	2562.0	2.0
410	2278.3333333333335	3.0
420	2401.0	0.0
430	2340.3333333333335	3.0
440	2522.0	2.0
450	1819.0	4.0
460	2084.8333333333335	3.0
470	2120.5	7.0
480	1431.6666666666667	1.0
490	2168.8333333333335	9.0
500	1575.6666666666667	5.0
510	2022.6666666666667	7.0
520	1492.3333333333333	4.0
530	1745.6666666666667	2.0
540	1558.5	0.0
550	1657.1666666666667	0.0
560	1918.0	3.0
570	1485.6666666666667	0.0
580	1643.3333333333333	3.0
590	1902.1666666666667	0.0
600	1980.3333333333333	3.0
610	2297.5	2.0
620	2135.5	6.0
630	2194.3333333333335	2.0
640	2310.5	0.0
650	1899.3333333333333	1.0
660	2308.3333333333335	6.0
670	2486.8333333333335	4.0
680	1800.0	4.0
690	1838.3333333333333	4.0
700	1754.8333333333333	2.0
710	1590.3333333333333	3.0
720	1566.3333333333333	0.0
730	1899.0	0.0
740	2296.0	1.0
750	2222.1666666666665	3.0
760	2500.0	11.0
770	1994.5	6.0
780	2611.1666666666665	4.0
790	1844.1666666666667	4.0
800	2651.6666666666665	0.0
810	2537.6666666666665	2.0
820	2575.5	3.0
830	2192.6666666666665	2.0
840	2174.3333333333335	2.0
850	2419.3333333333335	1.0
860	2474.0	5.0
870	2318.0	1.0
880	2354.3333333333335	2.0
890	2186.6666666666665	0.0
900	2544.1666666666665	1.0
910	2484.6666666666665	1.0
920	2336.0	2.0
930	2358.3333333333335	0.0
940	2405.6666666666665	1.0
950	2508.6666666666665	1.0
960	2293.0	1.0
970	2355.8333333333335	2.0
980	2160.6666666666665	3.0
990	1909.6666666666667	2.0
1000	2225.3333333333335	3.0
