0	252.33333333333334	0.0
10	70.0	0.0
20	70.0	0.0
30	70.0	0.0
40	70.0	0.0
50	70.0	0.0
60	70.0	0.0
70	70.0	0.0
80	70.0	0.0
90	71.0	0.0
100	75.66666666666667	0.0
110	84.0	0.0
120	118.0	0.0
130	146.0	7.0
140	370.3333333333333	0.0
150	315.0	0.0
160	106.33333333333333	0.0
170	214.66666666666666	0.0
180	112.0	0.0
190	134.66666666666666	0.0
200	141.33333333333334	0.0
210	337.3333333333333	0.0
220	458.6666666666667	0.0
230	425.0	0.0
240	164.33333333333334	14.0
250	459.3333333333333	0.0
260	449.3333333333333	3.0
270	444.0	0.0
280	469.0	2.0
290	599.6666666666666	2.0
300	391.3333333333333	1.0
310	595.6666666666666	3.0
320	998.6666666666666	2.0
330	1333.3333333333333	6.0
340	2215.3333333333335	3.0
350	2485.0	2.0
360	2605.0	0.0
370	1768.6666666666667	4.0
380	2070.6666666666665	3.0
390	1790.6666666666667	4.0
400	1735.6666666666667	2.0
410	1968.6666666666667	10.0
420	2106.5	3.0
430	2413.5	1.0
440	2869.0	12.0
450	2349.0	3.0
460	2258.6666666666665	6.0
470	2573.1666666666665	8.0
480	2518.6666666666665	4.0
490	2312.3333333333335	3.0
500	2453.0	6.0
510	2194.8333333333335	5.0
520	2393.3333333333335	4.0
530	1761.5	4.0
540	2452.0	5.0
550	2475.8333333333335	6.0
560	2198.1666666666665	8.0
570	2243.5	5.0
580	2302.6666666666665	2.0
590	1660.0	5.0
600	2267.1666666666665	1.0
610	1470.3333333333333	5.0
620	1841.6666666666667	4.0
630	2185.3333333333335	5.0
640	2523.3333333333335	4.0
650	2547.6666666666665	2.0
660	1823.8333333333333	2.0
670	1934.0	0.0
680	1884.6666666666667	1.0
690	2272.0	2.0
700	2262.3333333333335	0.0
710	2648.8333333333335	1.0
720	2506.0	8.0
730	2342.0	1.0
740	2447.6666666666665	0.0
750	1839.6666666666667	2.0
760	2577.3333333333335	3.0
770	2534.0	1.0
780	2462.8333333333335	2.0
790	2455.6666666666665	4.0
800	2456.3333333333335	0.0
810	2338.0	2.0
820	2468.6666666666665	1.0
830	2278.6666666666665	3.0
840	2372.0	0.0
850	1855.5	3.0
860	1935.5	1.0
870	1638.5	2.0
880	2020.8333333333333	2.0
890	2172.0	3.0
900	2091.3333333333335	0.0
910	2125.0	3.0
920	2215.3333333333335	12.0
930	2414.3333333333335	10.0
940	2463.3333333333335	4.0
950	1793.8333333333333	0.0
960	1918.6666666666667	5.0
970	1997.1666666666667	4.0
980	1892.3333333333333	3.0
990	1953.8333333333333	0.0
1000	1614.3333333333333	1.0
