0	275.3333333333333	0.0
10	70.0	0.0
20	70.0	0.0
30	70.0	0.0
40	70.0	0.0
50	70.0	0.0
60	70.0	0.0
70	70.0	0.0
80	71.0	0.0
90	73.0	0.0
100	97.33333333333333	0.0
110	165.33333333333334	0.0
120	89.0	0.0
130	130.0	0.0
140	81.0	0.0
150	320.0	0.0
160	353.3333333333333	0.0
170	351.6666666666667	19.0
180	429.6666666666667	1.0
190	384.0	2.0
200	431.6666666666667	1.0
210	295.0	4.0
220	340.3333333333333	3.0
230	584.3333333333334	0.0
240	612.3333333333334	0.0
250	958.0	0.0
260	1034.1666666666667	0.0
270	947.0	1.0
280	1069.8333333333333	3.0
290	1551.0	1.0
300	1545.0	0.0
310	2036.6666666666667	5.0
320	2439.1666666666665	3.0
330	2519.1666666666665	2.0
340	2139.6666666666665	1.0
350	2963.5	1.0
360	2507.3333333333335	2.0
370	2235.3333333333335	4.0
380	2281.0	1.0
390	2598.3333333333335	2.0
400	2348.3333333333335	4.0
410	2630.5	6.0
420	2441.3333333333335	0.0
430	2309.8333333333335	5.0
440	1648.1666666666667	1.0
450	2518.0	2.0
460	2221.0	1.0
470	2235.3333333333335	2.0
480	2553.6666666666665	1.0
490	2436.5	1.0
500	2515.5	1.0
510	2449.3333333333335	2.0
520	2522.6666666666665	11.0
530	2292.0	0.0
540	2519.1666666666665	2.0
550	2603.3333333333335	1.0
560	2438.0	4.0
570	2524.3333333333335	5.0
580	2458.3333333333335	3.0
590	2109.3333333333335	8.0
600	1935.6666666666667	4.0
610	2099.0	1.0
620	2049.1666666666665	6.0
630	2078.6666666666665	5.0
640	1919.6666666666667	4.0
650	2179.3333333333335	4.0
660	1788.3333333333333	3.0
670	1760.6666666666667	6.0
680	1644.3333333333333	3.0
690	1772.5	1.0
700	2027.0	6.0
710	1871.0	3.0
720	1861.6666666666667	2.0
730	1990.8333333333333	3.0
740	2353.0	1.0
750	2522.6666666666665	3.0
760	2539.6666666666665	0.0
770	2303.0	1.0
780	2329.8333333333335	1.0
790	2614.3333333333335	2.0
800	2540.5	1.0
810	2534.5	5.0
820	2292.6666666666665	4.0
830	2397.6666666666665	1.0
840	2491.6666666666665	5.0
850	2469.3333333333335	2.0
860	2569.3333333333335	0.0
870	2429.0	1.0
880	2327.3333333333335	3.0
890	2063.0	2.0
900	2629.1666666666665	3.0
910	2673.3333333333335	1.0
920	2299.6666666666665	7.0
930	2399.0	7.0
940	2633.3333333333335	2.0
950	2410.8333333333335	3.0
960	2498.0	0.0
970	2276.6666666666665	0.0
980	2541.8333333333335	5.0
990	1866.1666666666667	0.0
1000	1858.0	0.0
