0	235.0	0.0
10	1855.0	5.0
20	2107.5	1.0
30	1990.6666666666667	0.0
40	1982.0	0.0
50	2173.1666666666665	0.0
60	2121.8333333333335	10.0
70	2385.6666666666665	3.0
80	2261.0	0.0
90	2290.1666666666665	0.0
100	2374.0	1.0
110	2460.6666666666665	1.0
120	2505.8333333333335	0.0
130	2357.5	0.0
140	2220.5	0.0
150	2375.5	0.0
160	2699.5	2.0
170	2709.3333333333335	0.0
180	2668.5	0.0
190	2613.0	1.0
200	2830.3333333333335	0.0
210	2659.6666666666665	1.0
220	2713.6666666666665	0.0
230	2636.5	0.0
240	2535.5	0.0
250	2197.1666666666665	0.0
260	2659.3333333333335	0.0
270	1781.6666666666667	0.0
280	2699.5	0.0
290	2733.0	1.0
300	2743.1666666666665	3.0
310	2879.1666666666665	0.0
320	2437.0	0.0
330	2034.3333333333333	2.0
340	2650.6666666666665	1.0
350	2235.8333333333335	0.0
360	2698.5	1.0
370	2056.3333333333335	0.0
380	2817.5	3.0
390	2678.3333333333335	0.0
400	2810.0	1.0
410	2988.8333333333335	2.0
420	2984.3333333333335	2.0
430	3214.0	2.0
440	2862.5	1.0
450	2972.3333333333335	4.0
460	3417.3333333333335	0.0
470	3071.6666666666665	1.0
480	3354.0	1.0
490	3172.8333333333335	0.0
500	3104.6666666666665	3.0
510	3530.6666666666665	2.0
520	3742.1666666666665	3.0
530	3541.6666666666665	2.0
540	3286.3333333333335	0.0
550	3364.6666666666665	4.0
560	3411.6666666666665	2.0
570	3394.6666666666665	1.0
580	3392.8333333333335	1.0
590	3330.6666666666665	0.0
600	3578.8333333333335	3.0
610	3526.8333333333335	2.0
620	3327.8333333333335	0.0
630	3910.6666666666665	4.0
640	3508.5	2.0
650	3319.1666666666665	1.0
660	3287.0	1.0
670	3838.1666666666665	2.0
680	3452.3333333333335	2.0
690	3442.6666666666665	1.0
700	4101.333333333333	0.0
710	3423.0	0.0
720	3660.1666666666665	1.0
730	3736.8333333333335	2.0
740	3625.6666666666665	0.0
750	3822.6666666666665	1.0
760	3813.6666666666665	0.0
770	3280.6666666666665	2.0
780	3793.3333333333335	5.0
790	3936.8333333333335	0.0
800	3793.6666666666665	2.0
810	3526.6666666666665	3.0
820	4040.5	0.0
830	4043.8333333333335	7.0
840	3687.6666666666665	0.0
850	3929.6666666666665	0.0
860	4025.5	1.0
870	3552.6666666666665	0.0
880	3814.6666666666665	0.0
890	3764.6666666666665	2.0
900	3702.3333333333335	5.0
910	3774.8333333333335	1.0
920	4047.1666666666665	3.0
930	3806.1666666666665	0.0
940	3916.0	2.0
950	3851.8333333333335	3.0
960	3401.3333333333335	1.0
970	3941.8333333333335	3.0
980	3956.0	4.0
990	3870.0	1.0
1000	3648.5	2.0
