0	257.64444444444445	0.0	0.0	0.0	0.0	0.0	0.0
10	1918.3	210.03333333333333	1175.6666666666667	104.3	151.83333333333334	43.1	58.2
20	1906.011111111111	219.1	1274.2666666666667	107.46666666666667	158.23333333333332	43.5	60.86666666666667
30	1973.8055555555552	200.13333333333333	1256.0	103.16666666666667	142.06666666666666	42.36666666666667	58.06666666666667
40	2062.9166666666665	201.0	1284.4333333333334	108.83333333333333	135.63333333333333	39.6	65.36666666666666
50	2096.116666666667	140.46666666666667	978.5333333333333	79.83333333333333	92.5	28.833333333333332	47.96666666666667
60	2183.4	25.533333333333335	198.1	14.033333333333333	17.966666666666665	5.8	7.566666666666666
70	2297.605555555556	3.7333333333333334	35.9	1.9	3.066666666666667	1.2	0.6666666666666666
80	2446.666666666666	0.0	0.0	0.0	0.0	0.0	0.0
90	2388.2388888888895	0.0	0.0	0.0	0.0	0.0	0.0
100	2489.416666666666	0.0	0.0	0.0	0.0	0.0	0.0
110	2478.261111111111	0.0	0.0	0.0	0.0	0.0	0.0
120	2598.0500000000006	0.0	0.0	0.0	0.0	0.0	0.0
130	2598.8	0.0	0.0	0.0	0.0	0.0	0.0
140	2548.866666666667	0.0	0.0	0.0	0.0	0.0	0.0
150	2573.1055555555554	0.0	0.0	0.0	0.0	0.0	0.0
160	2596.8222222222225	0.0	0.0	0.0	0.0	0.0	0.0
170	2579.777777777778	0.0	0.0	0.0	0.0	0.0	0.0
180	2636.927777777778	0.0	0.0	0.0	0.0	0.0	0.0
190	2777.3999999999996	0.0	0.0	0.0	0.0	0.0	0.0
200	2745.733333333332	0.0	0.0	0.0	0.0	0.0	0.0
210	2720.5888888888885	0.0	0.0	0.0	0.0	0.0	0.0
220	2698.438888888889	0.0	0.0	0.0	0.0	0.0	0.0
230	2759.7000000000003	0.0	0.0	0.0	0.0	0.0	0.0
240	2834.155555555556	0.0	0.0	0.0	0.0	0.0	0.0
250	2924.516666666665	0.0	0.0	0.0	0.0	0.0	0.0
260	2881.7500000000005	0.0	0.0	0.0	0.0	0.0	0.0
270	3029.633333333333	0.0	0.0	0.0	0.0	0.0	0.0
280	3010.1222222222227	0.0	0.0	0.0	0.0	0.0	0.0
290	3050.8333333333326	0.0	0.0	0.0	0.0	0.0	0.0
300	3202.9888888888886	0.0	0.0	0.0	0.0	0.0	0.0
310	3127.8166666666666	0.0	0.0	0.0	0.0	0.0	0.0
320	3240.8888888888887	0.0	0.0	0.0	0.0	0.0	0.0
330	3192.149999999999	0.0	0.0	0.0	0.0	0.0	0.0
340	3310.3555555555563	0.0	0.0	0.0	0.0	0.0	0.0
350	3285.1	0.0	0.0	0.0	0.0	0.0	0.0
360	3287.361111111111	0.0	0.0	0.0	0.0	0.0	0.0
370	3278.9666666666667	0.0	0.0	0.0	0.0	0.0	0.0
380	3434.5722222222225	0.0	0.0	0.0	0.0	0.0	0.0
390	3412.344444444445	0.0	0.0	0.0	0.0	0.0	0.0
400	3361.6333333333337	0.0	0.0	0.0	0.0	0.0	0.0
410	3473.772222222222	0.0	0.0	0.0	0.0	0.0	0.0
420	3346.7055555555557	0.0	0.0	0.0	0.0	0.0	0.0
430	3522.194444444445	0.0	0.0	0.0	0.0	0.0	0.0
440	3536.688888888889	0.0	0.0	0.0	0.0	0.0	0.0
450	3401.733333333333	0.0	0.0	0.0	0.0	0.0	0.0
460	3520.0555555555547	0.0	0.0	0.0	0.0	0.0	0.0
470	3536.088888888889	0.0	0.0	0.0	0.0	0.0	0.0
480	3539.844444444445	0.0	0.0	0.0	0.0	0.0	0.0
490	3510.5444444444447	0.0	0.0	0.0	0.0	0.0	0.0
500	3558.7555555555546	0.0	0.0	0.0	0.0	0.0	0.0
510	3633.2777777777787	0.0	0.0	0.0	0.0	0.0	0.0
520	3576.7611111111105	0.0	0.0	0.0	0.0	0.0	0.0
530	3645.972222222223	0.0	0.0	0.0	0.0	0.0	0.0
540	3517.4777777777776	0.0	0.0	0.0	0.0	0.0	0.0
550	3570.86111111111	0.0	0.0	0.0	0.0	0.0	0.0
560	3627.8222222222225	0.0	0.0	0.0	0.0	0.0	0.0
570	3682.694444444444	0.0	0.0	0.0	0.0	0.0	0.0
580	3652.4388888888884	0.0	0.0	0.0	0.0	0.0	0.0
590	3722.4499999999994	0.0	0.0	0.0	0.0	0.0	0.0
600	3626.6777777777775	0.0	0.0	0.0	0.0	0.0	0.0
610	3722.5166666666673	0.0	0.0	0.0	0.0	0.0	0.0
620	3695.63888888889	0.0	0.0	0.0	0.0	0.0	0.0
630	3618.272222222222	0.0	0.0	0.0	0.0	0.0	0.0
640	3631.8166666666657	0.0	0.0	0.0	0.0	0.0	0.0
650	3737.355555555556	0.0	0.0	0.0	0.0	0.0	0.0
660	3816.5	0.0	0.0	0.0	0.0	0.0	0.0
670	3682.938888888889	0.0	0.0	0.0	0.0	0.0	0.0
680	3706.5833333333335	0.0	0.0	0.0	0.0	0.0	0.0
690	3794.2000000000003	0.0	0.0	0.0	0.0	0.0	0.0
700	3729.344444444444	0.0	0.0	0.0	0.0	0.0	0.0
710	3754.561111111111	0.0	0.0	0.0	0.0	0.0	0.0
720	3678.333333333334	0.0	0.0	0.0	0.0	0.0	0.0
730	3756.022222222223	0.0	0.0	0.0	0.0	0.0	0.0
740	3670.08888888889	0.0	0.0	0.0	0.0	0.0	0.0
750	3712.894444444444	0.0	0.0	0.0	0.0	0.0	0.0
760	3761.611111111111	0.0	0.0	0.0	0.0	0.0	0.0
770	3724.4388888888884	0.0	0.0	0.0	0.0	0.0	0.0
780	3721.983333333333	0.0	0.0	0.0	0.0	0.0	0.0
790	3823.555555555555	0.0	0.0	0.0	0.0	0.0	0.0
800	3728.933333333333	0.0	0.0	0.0	0.0	0.0	0.0
810	3777.111111111111	0.0	0.0	0.0	0.0	0.0	0.0
820	3720.05	0.0	0.0	0.0	0.0	0.0	0.0
830	3765.950000000001	0.0	0.0	0.0	0.0	0.0	0.0
840	3687.5555555555557	0.0	0.0	0.0	0.0	0.0	0.0
850	3721.433333333333	0.0	0.0	0.0	0.0	0.0	0.0
860	3739.588888888889	0.0	0.0	0.0	0.0	0.0	0.0
870	3858.066666666667	0.0	0.0	0.0	0.0	0.0	0.0
880	3735.372222222222	0.0	0.0	0.0	0.0	0.0	0.0
890	3794.905555555556	0.0	0.0	0.0	0.0	0.0	0.0
900	3762.966666666667	0.0	0.0	0.0	0.0	0.0	0.0
910	3806.583333333334	0.0	0.0	0.0	0.0	0.0	0.0
920	3718.3722222222223	0.0	0.0	0.0	0.0	0.0	0.0
930	3781.883333333333	0.0	0.0	0.0	0.0	0.0	0.0
940	3762.0833333333335	0.0	0.0	0.0	0.0	0.0	0.0
950	3779.3444444444444	0.0	0.0	0.0	0.0	0.0	0.0
960	3807.9444444444443	0.0	0.0	0.0	0.0	0.0	0.0
970	3816.783333333333	0.0	0.0	0.0	0.0	0.0	0.0
980	3778.8111111111107	0.0	0.0	0.0	0.0	0.0	0.0
990	3768.961111111112	0.0	0.0	0.0	0.0	0.0	0.0
1000	3761.405555555555	0.0	0.0	0.0	0.0	0.0	0.0
