0	255.33333333333334	0.0	0.0	0.0	0.0	0.0	0.0
10	1776.3333333333333	201.0	1090.0	154.0	100.0	48.0	101.0
20	1989.8333333333333	311.0	1295.0	165.0	208.0	56.0	103.0
30	1981.3333333333333	148.0	969.0	88.0	90.0	27.0	58.0
40	2114.5	266.0	1953.0	117.0	207.0	56.0	59.0
50	2390.1666666666665	74.0	515.0	28.0	65.0	18.0	9.0
60	2406.6666666666665	0.0	0.0	0.0	0.0	0.0	0.0
70	2234.5	0.0	0.0	0.0	0.0	0.0	0.0
80	2678.0	0.0	0.0	0.0	0.0	0.0	0.0
90	2307.6666666666665	0.0	0.0	0.0	0.0	0.0	0.0
100	2308.5	0.0	0.0	0.0	0.0	0.0	0.0
110	2391.1666666666665	0.0	0.0	0.0	0.0	0.0	0.0
120	2381.8333333333335	0.0	0.0	0.0	0.0	0.0	0.0
130	2627.5	0.0	0.0	0.0	0.0	0.0	0.0
140	2247.5	0.0	0.0	0.0	0.0	0.0	0.0
150	2556.3333333333335	0.0	0.0	0.0	0.0	0.0	0.0
160	2930.1666666666665	0.0	0.0	0.0	0.0	0.0	0.0
170	2721.6666666666665	0.0	0.0	0.0	0.0	0.0	0.0
180	2576.5	0.0	0.0	0.0	0.0	0.0	0.0
190	2845.6666666666665	0.0	0.0	0.0	0.0	0.0	0.0
200	2868.1666666666665	0.0	0.0	0.0	0.0	0.0	0.0
210	2697.5	0.0	0.0	0.0	0.0	0.0	0.0
220	2683.1666666666665	0.0	0.0	0.0	0.0	0.0	0.0
230	2439.6666666666665	0.0	0.0	0.0	0.0	0.0	0.0
240	2985.6666666666665	0.0	0.0	0.0	0.0	0.0	0.0
250	2775.1666666666665	0.0	0.0	0.0	0.0	0.0	0.0
260	2910.8333333333335	0.0	0.0	0.0	0.0	0.0	0.0
270	3343.6666666666665	0.0	0.0	0.0	0.0	0.0	0.0
280	3051.6666666666665	0.0	0.0	0.0	0.0	0.0	0.0
290	3048.8333333333335	0.0	0.0	0.0	0.0	0.0	0.0
300	3462.0	0.0	0.0	0.0	0.0	0.0	0.0
310	3531.0	0.0	0.0	0.0	0.0	0.0	0.0
320	3144.5	0.0	0.0	0.0	0.0	0.0	0.0
330	3369.3333333333335	0.0	0.0	0.0	0.0	0.0	0.0
340	3173.6666666666665	0.0	0.0	0.0	0.0	0.0	0.0
350	3804.3333333333335	0.0	0.0	0.0	0.0	0.0	0.0
360	3498.0	0.0	0.0	0.0	0.0	0.0	0.0
370	2932.0	0.0	0.0	0.0	0.0	0.0	0.0
380	3456.0	0.0	0.0	0.0	0.0	0.0	0.0
390	3635.8333333333335	0.0	0.0	0.0	0.0	0.0	0.0
400	2980.8333333333335	0.0	0.0	0.0	0.0	0.0	0.0
410	3621.6666666666665	0.0	0.0	0.0	0.0	0.0	0.0
420	3143.0	0.0	0.0	0.0	0.0	0.0	0.0
430	3397.6666666666665	0.0	0.0	0.0	0.0	0.0	0.0
440	3592.6666666666665	0.0	0.0	0.0	0.0	0.0	0.0
450	3439.0	0.0	0.0	0.0	0.0	0.0	0.0
460	3661.1666666666665	0.0	0.0	0.0	0.0	0.0	0.0
470	3488.1666666666665	0.0	0.0	0.0	0.0	0.0	0.0
480	3588.0	0.0	0.0	0.0	0.0	0.0	0.0
490	3635.6666666666665	0.0	0.0	0.0	0.0	0.0	0.0
500	3550.6666666666665	0.0	0.0	0.0	0.0	0.0	0.0
510	3582.6666666666665	0.0	0.0	0.0	0.0	0.0	0.0
520	3301.1666666666665	0.0	0.0	0.0	0.0	0.0	0.0
530	4071.0	0.0	0.0	0.0	0.0	0.0	0.0
540	3708.5	0.0	0.0	0.0	0.0	0.0	0.0
550	3620.0	0.0	0.0	0.0	0.0	0.0	0.0
560	3553.8333333333335	0.0	0.0	0.0	0.0	0.0	0.0
570	3768.8333333333335	0.0	0.0	0.0	0.0	0.0	0.0
580	3806.5	0.0	0.0	0.0	0.0	0.0	0.0
590	3844.1666666666665	0.0	0.0	0.0	0.0	0.0	0.0
600	3238.8333333333335	0.0	0.0	0.0	0.0	0.0	0.0
610	3724.8333333333335	0.0	0.0	0.0	0.0	0.0	0.0
620	3762.3333333333335	0.0	0.0	0.0	0.0	0.0	0.0
630	3723.1666666666665	0.0	0.0	0.0	0.0	0.0	0.0
640	4016.8333333333335	0.0	0.0	0.0	0.0	0.0	0.0
650	3646.3333333333335	0.0	0.0	0.0	0.0	0.0	0.0
660	3575.5	0.0	0.0	0.0	0.0	0.0	0.0
670	3745.0	0.0	0.0	0.0	0.0	0.0	0.0
680	3751.5	0.0	0.0	0.0	0.0	0.0	0.0
690	3815.3333333333335	0.0	0.0	0.0	0.0	0.0	0.0
700	3632.5	0.0	0.0	0.0	0.0	0.0	0.0
710	3648.0	0.0	0.0	0.0	0.0	0.0	0.0
720	4056.8333333333335	0.0	0.0	0.0	0.0	0.0	0.0
730	3697.5	0.0	0.0	0.0	0.0	0.0	0.0
740	3541.1666666666665	0.0	0.0	0.0	0.0	0.0	0.0
750	3739.5	0.0	0.0	0.0	0.0	0.0	0.0
760	3766.8333333333335	0.0	0.0	0.0	0.0	0.0	0.0
770	3675.3333333333335	0.0	0.0	0.0	0.0	0.0	0.0
780	3800.0	0.0	0.0	0.0	0.0	0.0	0.0
790	3844.1666666666665	0.0	0.0	0.0	0.0	0.0	0.0
800	3792.0	0.0	0.0	0.0	0.0	0.0	0.0
810	4279.5	0.0	0.0	0.0	0.0	0.0	0.0
820	3768.3333333333335	0.0	0.0	0.0	0.0	0.0	0.0
830	3827.3333333333335	0.0	0.0	0.0	0.0	0.0	0.0
840	3452.1666666666665	0.0	0.0	0.0	0.0	0.0	0.0
850	4015.5	0.0	0.0	0.0	0.0	0.0	0.0
860	3657.1666666666665	0.0	0.0	0.0	0.0	0.0	0.0
870	3789.6666666666665	0.0	0.0	0.0	0.0	0.0	0.0
880	3608.5	0.0	0.0	0.0	0.0	0.0	0.0
890	3833.6666666666665	0.0	0.0	0.0	0.0	0.0	0.0
900	3822.3333333333335	0.0	0.0	0.0	0.0	0.0	0.0
910	4115.166666666667	0.0	0.0	0.0	0.0	0.0	0.0
920	3964.8333333333335	0.0	0.0	0.0	0.0	0.0	0.0
930	3450.3333333333335	0.0	0.0	0.0	0.0	0.0	0.0
940	3533.6666666666665	0.0	0.0	0.0	0.0	0.0	0.0
950	3820.1666666666665	0.0	0.0	0.0	0.0	0.0	0.0
960	3783.0	0.0	0.0	0.0	0.0	0.0	0.0
970	3825.6666666666665	0.0	0.0	0.0	0.0	0.0	0.0
980	3451.8333333333335	0.0	0.0	0.0	0.0	0.0	0.0
990	3749.8333333333335	0.0	0.0	0.0	0.0	0.0	0.0
1000	4194.666666666667	0.0	0.0	0.0	0.0	0.0	0.0
