0	261.3333333333333	0.0	0.0	0.0	0.0	0.0	0.0
10	2068.6666666666665	125.0	814.0	38.0	110.0	17.0	15.0
20	2217.3333333333335	222.0	925.0	104.0	154.0	29.0	68.0
30	1909.0	290.0	1856.0	136.0	238.0	79.0	52.0
40	2033.5	105.0	1073.0	90.0	57.0	32.0	48.0
50	2073.8333333333335	218.0	927.0	131.0	113.0	20.0	105.0
60	2384.5	40.0	342.0	23.0	28.0	11.0	12.0
70	2568.5	0.0	0.0	0.0	0.0	0.0	0.0
80	2586.0	0.0	0.0	0.0	0.0	0.0	0.0
90	2629.6666666666665	0.0	0.0	0.0	0.0	0.0	0.0
100	2593.8333333333335	0.0	0.0	0.0	0.0	0.0	0.0
110	2429.5	0.0	0.0	0.0	0.0	0.0	0.0
120	2402.5	0.0	0.0	0.0	0.0	0.0	0.0
130	2480.0	0.0	0.0	0.0	0.0	0.0	0.0
140	2160.1666666666665	0.0	0.0	0.0	0.0	0.0	0.0
150	2508.3333333333335	0.0	0.0	0.0	0.0	0.0	0.0
160	2266.0	0.0	0.0	0.0	0.0	0.0	0.0
170	2495.8333333333335	0.0	0.0	0.0	0.0	0.0	0.0
180	2429.0	0.0	0.0	0.0	0.0	0.0	0.0
190	2781.3333333333335	0.0	0.0	0.0	0.0	0.0	0.0
200	2739.3333333333335	0.0	0.0	0.0	0.0	0.0	0.0
210	2727.0	0.0	0.0	0.0	0.0	0.0	0.0
220	2595.6666666666665	0.0	0.0	0.0	0.0	0.0	0.0
230	2528.5	0.0	0.0	0.0	0.0	0.0	0.0
240	2433.6666666666665	0.0	0.0	0.0	0.0	0.0	0.0
250	2939.3333333333335	0.0	0.0	0.0	0.0	0.0	0.0
260	2708.6666666666665	0.0	0.0	0.0	0.0	0.0	0.0
270	3036.8333333333335	0.0	0.0	0.0	0.0	0.0	0.0
280	2968.0	0.0	0.0	0.0	0.0	0.0	0.0
290	2730.6666666666665	0.0	0.0	0.0	0.0	0.0	0.0
300	3100.0	0.0	0.0	0.0	0.0	0.0	0.0
310	2885.5	0.0	0.0	0.0	0.0	0.0	0.0
320	3184.8333333333335	0.0	0.0	0.0	0.0	0.0	0.0
330	3033.8333333333335	0.0	0.0	0.0	0.0	0.0	0.0
340	3237.6666666666665	0.0	0.0	0.0	0.0	0.0	0.0
350	3720.0	0.0	0.0	0.0	0.0	0.0	0.0
360	2841.6666666666665	0.0	0.0	0.0	0.0	0.0	0.0
370	3629.5	0.0	0.0	0.0	0.0	0.0	0.0
380	3804.6666666666665	0.0	0.0	0.0	0.0	0.0	0.0
390	3904.5	0.0	0.0	0.0	0.0	0.0	0.0
400	3532.6666666666665	0.0	0.0	0.0	0.0	0.0	0.0
410	3713.8333333333335	0.0	0.0	0.0	0.0	0.0	0.0
420	3120.6666666666665	0.0	0.0	0.0	0.0	0.0	0.0
430	3388.3333333333335	0.0	0.0	0.0	0.0	0.0	0.0
440	2954.8333333333335	0.0	0.0	0.0	0.0	0.0	0.0
450	3565.3333333333335	0.0	0.0	0.0	0.0	0.0	0.0
460	3234.1666666666665	0.0	0.0	0.0	0.0	0.0	0.0
470	3132.6666666666665	0.0	0.0	0.0	0.0	0.0	0.0
480	3479.0	0.0	0.0	0.0	0.0	0.0	0.0
490	3204.0	0.0	0.0	0.0	0.0	0.0	0.0
500	3594.5	0.0	0.0	0.0	0.0	0.0	0.0
510	3705.1666666666665	0.0	0.0	0.0	0.0	0.0	0.0
520	3446.8333333333335	0.0	0.0	0.0	0.0	0.0	0.0
530	3443.8333333333335	0.0	0.0	0.0	0.0	0.0	0.0
540	3730.0	0.0	0.0	0.0	0.0	0.0	0.0
550	3668.5	0.0	0.0	0.0	0.0	0.0	0.0
560	3858.0	0.0	0.0	0.0	0.0	0.0	0.0
570	4003.6666666666665	0.0	0.0	0.0	0.0	0.0	0.0
580	2990.1666666666665	0.0	0.0	0.0	0.0	0.0	0.0
590	3591.5	0.0	0.0	0.0	0.0	0.0	0.0
600	4034.6666666666665	0.0	0.0	0.0	0.0	0.0	0.0
610	3784.5	0.0	0.0	0.0	0.0	0.0	0.0
620	3612.0	0.0	0.0	0.0	0.0	0.0	0.0
630	3679.6666666666665	0.0	0.0	0.0	0.0	0.0	0.0
640	3714.5	0.0	0.0	0.0	0.0	0.0	0.0
650	3482.3333333333335	0.0	0.0	0.0	0.0	0.0	0.0
660	3843.0	0.0	0.0	0.0	0.0	0.0	0.0
670	3884.0	0.0	0.0	0.0	0.0	0.0	0.0
680	3814.3333333333335	0.0	0.0	0.0	0.0	0.0	0.0
690	3713.0	0.0	0.0	0.0	0.0	0.0	0.0
700	3374.8333333333335	0.0	0.0	0.0	0.0	0.0	0.0
710	3242.8333333333335	0.0	0.0	0.0	0.0	0.0	0.0
720	3963.1666666666665	0.0	0.0	0.0	0.0	0.0	0.0
730	3828.1666666666665	0.0	0.0	0.0	0.0	0.0	0.0
740	3741.0	0.0	0.0	0.0	0.0	0.0	0.0
750	3880.5	0.0	0.0	0.0	0.0	0.0	0.0
760	3999.3333333333335	0.0	0.0	0.0	0.0	0.0	0.0
770	3712.1666666666665	0.0	0.0	0.0	0.0	0.0	0.0
780	3651.0	0.0	0.0	0.0	0.0	0.0	0.0
790	3785.0	0.0	0.0	0.0	0.0	0.0	0.0
800	4004.8333333333335	0.0	0.0	0.0	0.0	0.0	0.0
810	3710.0	0.0	0.0	0.0	0.0	0.0	0.0
820	3632.3333333333335	0.0	0.0	0.0	0.0	0.0	0.0
830	3807.5	0.0	0.0	0.0	0.0	0.0	0.0
840	3272.3333333333335	0.0	0.0	0.0	0.0	0.0	0.0
850	3483.0	0.0	0.0	0.0	0.0	0.0	0.0
860	3708.0	0.0	0.0	0.0	0.0	0.0	0.0
870	3834.0	0.0	0.0	0.0	0.0	0.0	0.0
880	3636.0	0.0	0.0	0.0	0.0	0.0	0.0
890	3982.0	0.0	0.0	0.0	0.0	0.0	0.0
900	3637.1666666666665	0.0	0.0	0.0	0.0	0.0	0.0
910	4039.0	0.0	0.0	0.0	0.0	0.0	0.0
920	3922.0	0.0	0.0	0.0	0.0	0.0	0.0
930	3823.6666666666665	0.0	0.0	0.0	0.0	0.0	0.0
940	3911.1666666666665	0.0	0.0	0.0	0.0	0.0	0.0
950	3592.5	0.0	0.0	0.0	0.0	0.0	0.0
960	3769.8333333333335	0.0	0.0	0.0	0.0	0.0	0.0
970	4098.166666666667	0.0	0.0	0.0	0.0	0.0	0.0
980	3790.3333333333335	0.0	0.0	0.0	0.0	0.0	0.0
990	3726.1666666666665	0.0	0.0	0.0	0.0	0.0	0.0
1000	4020.8333333333335	0.0	0.0	0.0	0.0	0.0	0.0
