0	261.3333333333333	0.0	0.0	0.0	0.0	0.0	0.0
10	1886.3333333333333	229.0	1381.0	117.0	159.0	44.0	70.0
20	1645.3333333333333	243.0	1344.0	109.0	189.0	53.0	54.0
30	2072.3333333333335	140.0	1350.0	75.0	106.0	40.0	34.0
40	1948.5	157.0	1318.0	102.0	103.0	46.0	54.0
50	2421.0	220.0	1650.0	148.0	118.0	43.0	102.0
60	2097.3333333333335	11.0	132.0	10.0	5.0	4.0	6.0
70	2175.0	0.0	0.0	0.0	0.0	0.0	0.0
80	2656.8333333333335	0.0	0.0	0.0	0.0	0.0	0.0
90	1982.6666666666667	0.0	0.0	0.0	0.0	0.0	0.0
100	2605.6666666666665	0.0	0.0	0.0	0.0	0.0	0.0
110	2278.3333333333335	0.0	0.0	0.0	0.0	0.0	0.0
120	2099.8333333333335	0.0	0.0	0.0	0.0	0.0	0.0
130	2743.8333333333335	0.0	0.0	0.0	0.0	0.0	0.0
140	2549.1666666666665	0.0	0.0	0.0	0.0	0.0	0.0
150	2697.6666666666665	0.0	0.0	0.0	0.0	0.0	0.0
160	2129.6666666666665	0.0	0.0	0.0	0.0	0.0	0.0
170	2232.0	0.0	0.0	0.0	0.0	0.0	0.0
180	2734.6666666666665	0.0	0.0	0.0	0.0	0.0	0.0
190	2446.1666666666665	0.0	0.0	0.0	0.0	0.0	0.0
200	2775.0	0.0	0.0	0.0	0.0	0.0	0.0
210	2746.3333333333335	0.0	0.0	0.0	0.0	0.0	0.0
220	2928.8333333333335	0.0	0.0	0.0	0.0	0.0	0.0
230	2541.0	0.0	0.0	0.0	0.0	0.0	0.0
240	2584.5	0.0	0.0	0.0	0.0	0.0	0.0
250	3035.5	0.0	0.0	0.0	0.0	0.0	0.0
260	2965.0	0.0	0.0	0.0	0.0	0.0	0.0
270	3167.3333333333335	0.0	0.0	0.0	0.0	0.0	0.0
280	2827.5	0.0	0.0	0.0	0.0	0.0	0.0
290	3286.6666666666665	0.0	0.0	0.0	0.0	0.0	0.0
300	3619.6666666666665	0.0	0.0	0.0	0.0	0.0	0.0
310	3213.5	0.0	0.0	0.0	0.0	0.0	0.0
320	3297.6666666666665	0.0	0.0	0.0	0.0	0.0	0.0
330	3233.0	0.0	0.0	0.0	0.0	0.0	0.0
340	3117.5	0.0	0.0	0.0	0.0	0.0	0.0
350	3072.3333333333335	0.0	0.0	0.0	0.0	0.0	0.0
360	3384.1666666666665	0.0	0.0	0.0	0.0	0.0	0.0
370	2815.6666666666665	0.0	0.0	0.0	0.0	0.0	0.0
380	3427.6666666666665	0.0	0.0	0.0	0.0	0.0	0.0
390	3320.1666666666665	0.0	0.0	0.0	0.0	0.0	0.0
400	3135.8333333333335	0.0	0.0	0.0	0.0	0.0	0.0
410	3436.0	0.0	0.0	0.0	0.0	0.0	0.0
420	3209.5	0.0	0.0	0.0	0.0	0.0	0.0
430	3412.6666666666665	0.0	0.0	0.0	0.0	0.0	0.0
440	3838.0	0.0	0.0	0.0	0.0	0.0	0.0
450	2816.6666666666665	0.0	0.0	0.0	0.0	0.0	0.0
460	3790.5	0.0	0.0	0.0	0.0	0.0	0.0
470	3616.8333333333335	0.0	0.0	0.0	0.0	0.0	0.0
480	3026.0	0.0	0.0	0.0	0.0	0.0	0.0
490	4015.5	0.0	0.0	0.0	0.0	0.0	0.0
500	3577.6666666666665	0.0	0.0	0.0	0.0	0.0	0.0
510	4017.5	0.0	0.0	0.0	0.0	0.0	0.0
520	3593.8333333333335	0.0	0.0	0.0	0.0	0.0	0.0
530	3826.8333333333335	0.0	0.0	0.0	0.0	0.0	0.0
540	3189.6666666666665	0.0	0.0	0.0	0.0	0.0	0.0
550	3826.6666666666665	0.0	0.0	0.0	0.0	0.0	0.0
560	3626.0	0.0	0.0	0.0	0.0	0.0	0.0
570	3192.3333333333335	0.0	0.0	0.0	0.0	0.0	0.0
580	4007.1666666666665	0.0	0.0	0.0	0.0	0.0	0.0
590	3175.8333333333335	0.0	0.0	0.0	0.0	0.0	0.0
600	3938.6666666666665	0.0	0.0	0.0	0.0	0.0	0.0
610	3711.3333333333335	0.0	0.0	0.0	0.0	0.0	0.0
620	3470.1666666666665	0.0	0.0	0.0	0.0	0.0	0.0
630	3393.1666666666665	0.0	0.0	0.0	0.0	0.0	0.0
640	3443.1666666666665	0.0	0.0	0.0	0.0	0.0	0.0
650	3766.6666666666665	0.0	0.0	0.0	0.0	0.0	0.0
660	3803.8333333333335	0.0	0.0	0.0	0.0	0.0	0.0
670	2951.0	0.0	0.0	0.0	0.0	0.0	0.0
680	3698.8333333333335	0.0	0.0	0.0	0.0	0.0	0.0
690	3898.1666666666665	0.0	0.0	0.0	0.0	0.0	0.0
700	3799.8333333333335	0.0	0.0	0.0	0.0	0.0	0.0
710	3587.5	0.0	0.0	0.0	0.0	0.0	0.0
720	3677.5	0.0	0.0	0.0	0.0	0.0	0.0
730	3782.8333333333335	0.0	0.0	0.0	0.0	0.0	0.0
740	3582.1666666666665	0.0	0.0	0.0	0.0	0.0	0.0
750	3551.0	0.0	0.0	0.0	0.0	0.0	0.0
760	3416.6666666666665	0.0	0.0	0.0	0.0	0.0	0.0
770	3393.5	0.0	0.0	0.0	0.0	0.0	0.0
780	3456.3333333333335	0.0	0.0	0.0	0.0	0.0	0.0
790	3995.6666666666665	0.0	0.0	0.0	0.0	0.0	0.0
800	3716.0	0.0	0.0	0.0	0.0	0.0	0.0
810	3656.3333333333335	0.0	0.0	0.0	0.0	0.0	0.0
820	3821.5	0.0	0.0	0.0	0.0	0.0	0.0
830	3977.3333333333335	0.0	0.0	0.0	0.0	0.0	0.0
840	3954.5	0.0	0.0	0.0	0.0	0.0	0.0
850	3084.0	0.0	0.0	0.0	0.0	0.0	0.0
860	3722.1666666666665	0.0	0.0	0.0	0.0	0.0	0.0
870	3731.6666666666665	0.0	0.0	0.0	0.0	0.0	0.0
880	3738.8333333333335	0.0	0.0	0.0	0.0	0.0	0.0
890	3882.6666666666665	0.0	0.0	0.0	0.0	0.0	0.0
900	3896.5	0.0	0.0	0.0	0.0	0.0	0.0
910	4033.6666666666665	0.0	0.0	0.0	0.0	0.0	0.0
920	3955.0	0.0	0.0	0.0	0.0	0.0	0.0
930	3699.5	0.0	0.0	0.0	0.0	0.0	0.0
940	3785.5	0.0	0.0	0.0	0.0	0.0	0.0
950	4176.833333333333	0.0	0.0	0.0	0.0	0.0	0.0
960	3902.3333333333335	0.0	0.0	0.0	0.0	0.0	0.0
970	3748.1666666666665	0.0	0.0	0.0	0.0	0.0	0.0
980	3437.3333333333335	0.0	0.0	0.0	0.0	0.0	0.0
990	3453.6666666666665	0.0	0.0	0.0	0.0	0.0	0.0
1000	3833.8333333333335	0.0	0.0	0.0	0.0	0.0	0.0
