0	242.0	0.0
10	70.0	0.0
20	70.0	1.0
30	70.0	0.0
40	70.0	2.0
50	70.0	0.0
60	70.0	3.0
70	70.0	0.0
80	70.66666666666667	0.0
90	71.33333333333333	0.0
100	94.66666666666667	2.0
110	124.33333333333333	14.0
120	82.33333333333333	1.0
130	72.66666666666667	188.0
140	185.33333333333334	30.0
150	140.0	28.0
160	408.3333333333333	104.0
170	1024.3333333333333	188.0
180	1099.6666666666667	83.0
190	1900.3333333333333	234.0
200	2091.6666666666665	107.0
210	1895.3333333333333	15.0
220	2493.1666666666665	0.0
230	2517.5	0.0
240	2353.0	0.0
250	2321.6666666666665	0.0
260	2273.5	0.0
270	2460.3333333333335	0.0
280	2502.8333333333335	0.0
290	2363.8333333333335	0.0
300	2198.0	0.0
310	2340.0	0.0
320	2574.6666666666665	0.0
330	2796.3333333333335	0.0
340	2443.0	0.0
350	2615.6666666666665	0.0
360	2108.0	0.0
370	2517.8333333333335	0.0
380	2397.3333333333335	0.0
390	2582.6666666666665	0.0
400	2355.6666666666665	0.0
410	2242.0	0.0
420	2369.1666666666665	0.0
430	1779.5	0.0
440	2422.3333333333335	0.0
450	1911.5	0.0
460	1889.3333333333333	0.0
470	2243.6666666666665	0.0
480	2488.1666666666665	0.0
490	2091.0	0.0
500	1591.6666666666667	0.0
510	1919.0	0.0
520	1979.1666666666667	0.0
530	1811.3333333333333	0.0
540	2091.0	0.0
550	2498.0	0.0
560	2140.6666666666665	0.0
570	2469.3333333333335	0.0
580	2085.0	0.0
590	2308.6666666666665	0.0
600	2181.6666666666665	0.0
610	2274.0	0.0
620	1912.8333333333333	0.0
630	1610.0	0.0
640	1546.6666666666667	0.0
650	1855.8333333333333	0.0
660	2496.6666666666665	0.0
670	2557.6666666666665	0.0
680	2445.3333333333335	0.0
690	2628.1666666666665	0.0
700	2496.3333333333335	0.0
710	2339.6666666666665	0.0
720	2778.1666666666665	0.0
730	2488.3333333333335	0.0
740	2420.3333333333335	0.0
750	2536.0	0.0
760	2495.6666666666665	0.0
770	2166.8333333333335	0.0
780	2135.5	0.0
790	2381.1666666666665	0.0
800	2138.3333333333335	0.0
810	1995.0	0.0
820	2600.5	0.0
830	2352.3333333333335	0.0
840	2681.1666666666665	0.0
850	1684.3333333333333	0.0
860	1732.0	0.0
870	1732.6666666666667	0.0
880	2174.3333333333335	0.0
890	2379.5	0.0
900	2598.3333333333335	0.0
910	2388.6666666666665	0.0
920	2522.1666666666665	0.0
930	2361.3333333333335	0.0
940	2260.3333333333335	0.0
950	2341.6666666666665	0.0
960	2254.6666666666665	0.0
970	2339.5	0.0
980	2426.5	0.0
990	2286.3333333333335	0.0
1000	2192.8333333333335	0.0
