0	288.3333333333333	0.0
10	70.0	0.0
20	70.0	0.0
30	70.0	0.0
40	70.0	0.0
50	70.0	0.0
60	70.0	11.0
70	70.0	1.0
80	70.33333333333333	0.0
90	75.33333333333333	0.0
100	97.33333333333333	13.0
110	204.0	3.0
120	122.33333333333333	94.0
130	356.3333333333333	45.0
140	362.0	87.0
150	250.33333333333334	74.0
160	320.0	55.0
170	618.3333333333334	2.0
180	766.3333333333334	48.0
190	1641.1666666666667	51.0
200	2028.6666666666667	143.0
210	2032.3333333333333	139.0
220	2017.6666666666667	234.0
230	2163.3333333333335	0.0
240	1994.6666666666667	0.0
250	2382.6666666666665	0.0
260	2187.0	0.0
270	2432.0	0.0
280	2229.6666666666665	0.0
290	2357.6666666666665	0.0
300	2622.1666666666665	0.0
310	2217.0	0.0
320	2429.3333333333335	0.0
330	2215.3333333333335	0.0
340	2403.3333333333335	0.0
350	2502.6666666666665	0.0
360	2313.3333333333335	0.0
370	2431.0	0.0
380	2592.0	0.0
390	1611.3333333333333	0.0
400	2516.3333333333335	0.0
410	2559.8333333333335	0.0
420	2122.6666666666665	0.0
430	2470.6666666666665	0.0
440	1094.0	0.0
450	1847.6666666666667	0.0
460	1832.0	0.0
470	1911.8333333333333	0.0
480	2028.3333333333333	0.0
490	1850.8333333333333	0.0
500	2250.8333333333335	0.0
510	1951.6666666666667	0.0
520	2047.3333333333333	0.0
530	2484.8333333333335	0.0
540	1798.0	0.0
550	1759.1666666666667	0.0
560	2296.5	0.0
570	1942.3333333333333	0.0
580	2072.5	0.0
590	2075.1666666666665	0.0
600	2118.6666666666665	0.0
610	2113.5	0.0
620	1593.3333333333333	0.0
630	2020.6666666666667	0.0
640	2014.5	0.0
650	1519.0	0.0
660	1715.3333333333333	0.0
670	1834.1666666666667	0.0
680	1658.6666666666667	0.0
690	2381.1666666666665	0.0
700	2489.5	0.0
710	2515.3333333333335	0.0
720	2254.8333333333335	0.0
730	2477.8333333333335	0.0
740	2318.6666666666665	0.0
750	2595.6666666666665	0.0
760	2371.0	0.0
770	2627.6666666666665	0.0
780	1948.0	0.0
790	2127.1666666666665	0.0
800	2440.0	0.0
810	2512.3333333333335	0.0
820	1609.5	0.0
830	2286.0	0.0
840	2433.6666666666665	0.0
850	1712.3333333333333	0.0
860	2271.0	0.0
870	2196.3333333333335	0.0
880	2643.5	0.0
890	2503.0	0.0
900	2360.3333333333335	0.0
910	2749.0	0.0
920	2516.0	0.0
930	1952.8333333333333	0.0
940	2585.0	0.0
950	2349.0	0.0
960	2493.8333333333335	0.0
970	1840.0	0.0
980	1751.6666666666667	0.0
990	1733.6666666666667	0.0
1000	2087.6666666666665	0.0
