0	274.6666666666667	0.0
10	70.0	0.0
20	70.0	0.0
30	70.0	1.0
40	70.0	0.0
50	70.0	0.0
60	70.0	0.0
70	70.0	1.0
80	70.66666666666667	0.0
90	71.33333333333333	0.0
100	74.0	0.0
110	181.66666666666666	0.0
120	283.6666666666667	0.0
130	156.33333333333334	143.0
140	243.0	86.0
150	371.3333333333333	0.0
160	427.0	47.0
170	837.6666666666666	108.0
180	1466.6666666666667	136.0
190	1105.6666666666667	3.0
200	1769.6666666666667	228.0
210	2425.6666666666665	159.0
220	2131.5	88.0
230	2194.0	0.0
240	2256.1666666666665	0.0
250	2240.6666666666665	0.0
260	2215.3333333333335	0.0
270	2355.0	0.0
280	2473.1666666666665	0.0
290	2537.8333333333335	0.0
300	2181.3333333333335	0.0
310	2387.5	0.0
320	2357.3333333333335	0.0
330	2254.1666666666665	0.0
340	2623.8333333333335	0.0
350	2447.1666666666665	0.0
360	2291.3333333333335	0.0
370	2674.0	0.0
380	2401.1666666666665	0.0
390	2397.3333333333335	0.0
400	2270.6666666666665	0.0
410	1913.6666666666667	0.0
420	1336.0	0.0
430	1932.3333333333333	0.0
440	2279.3333333333335	0.0
450	2038.8333333333333	0.0
460	1970.0	0.0
470	2008.3333333333333	0.0
480	2096.8333333333335	0.0
490	2012.3333333333333	0.0
500	2055.3333333333335	0.0
510	1805.1666666666667	0.0
520	1863.3333333333333	0.0
530	2373.1666666666665	0.0
540	2198.3333333333335	0.0
550	2291.5	0.0
560	2369.6666666666665	0.0
570	1707.6666666666667	0.0
580	1973.1666666666667	0.0
590	1584.0	0.0
600	1795.3333333333333	0.0
610	1629.3333333333333	0.0
620	1332.5	0.0
630	1409.8333333333333	0.0
640	2198.5	0.0
650	2250.0	0.0
660	2438.6666666666665	0.0
670	2316.1666666666665	0.0
680	2268.0	0.0
690	2369.3333333333335	0.0
700	2373.6666666666665	0.0
710	2503.6666666666665	0.0
720	2343.3333333333335	0.0
730	2470.6666666666665	0.0
740	2566.1666666666665	0.0
750	2365.5	0.0
760	2291.6666666666665	0.0
770	2046.3333333333333	0.0
780	2330.3333333333335	0.0
790	2226.6666666666665	0.0
800	2341.3333333333335	0.0
810	2355.0	0.0
820	2331.8333333333335	0.0
830	2305.0	0.0
840	2264.6666666666665	0.0
850	2437.3333333333335	0.0
860	2268.5	0.0
870	2330.3333333333335	0.0
880	2360.3333333333335	0.0
890	2203.0	0.0
900	2367.3333333333335	0.0
910	2394.6666666666665	0.0
920	2491.6666666666665	0.0
930	2499.0	0.0
940	1623.0	0.0
950	1856.0	0.0
960	1954.8333333333333	0.0
970	2284.0	0.0
980	2392.5	0.0
990	1689.3333333333333	0.0
1000	2150.3333333333335	0.0
