0	258.3333333333333	0.0
10	70.0	0.0
20	70.0	2.0
30	70.0	0.0
40	70.0	0.0
50	70.0	0.0
60	70.0	0.0
70	70.0	0.0
80	70.33333333333333	1.0
90	74.66666666666667	0.0
100	91.33333333333333	0.0
110	85.66666666666667	1.0
120	119.0	0.0
130	392.0	19.0
140	301.6666666666667	4.0
150	301.6666666666667	69.0
160	307.3333333333333	45.0
170	174.33333333333334	154.0
180	366.0	42.0
190	1572.0	64.0
200	1443.6666666666667	84.0
210	865.0	68.0
220	1640.6666666666667	119.0
230	1816.3333333333333	328.0
240	2316.6666666666665	0.0
250	2243.0	0.0
260	2272.0	0.0
270	2594.5	0.0
280	2398.3333333333335	0.0
290	2245.6666666666665	0.0
300	2327.8333333333335	0.0
310	2644.0	0.0
320	2257.6666666666665	0.0
330	2285.3333333333335	0.0
340	1790.6666666666667	0.0
350	2020.6666666666667	0.0
360	1899.3333333333333	0.0
370	2059.6666666666665	0.0
380	1820.6666666666667	0.0
390	1932.6666666666667	0.0
400	1640.0	0.0
410	2364.6666666666665	0.0
420	1917.5	0.0
430	1754.5	0.0
440	1850.3333333333333	0.0
450	1429.0	0.0
460	1626.0	0.0
470	1798.8333333333333	0.0
480	1524.0	0.0
490	1711.6666666666667	0.0
500	1465.1666666666667	0.0
510	1567.0	0.0
520	1955.0	0.0
530	2488.0	0.0
540	2384.6666666666665	0.0
550	2501.0	0.0
560	2580.6666666666665	0.0
570	2378.0	0.0
580	2193.0	0.0
590	2216.8333333333335	0.0
600	2145.0	0.0
610	2455.0	0.0
620	2514.3333333333335	0.0
630	2353.0	0.0
640	2284.6666666666665	0.0
650	2549.8333333333335	0.0
660	2531.3333333333335	0.0
670	2573.6666666666665	0.0
680	2321.6666666666665	0.0
690	2467.8333333333335	0.0
700	2428.6666666666665	0.0
710	2166.1666666666665	0.0
720	2219.1666666666665	0.0
730	2537.6666666666665	0.0
740	2573.8333333333335	0.0
750	2332.0	0.0
760	1749.5	0.0
770	2547.1666666666665	0.0
780	1671.3333333333333	0.0
790	2160.0	0.0
800	1835.0	0.0
810	1675.1666666666667	0.0
820	1700.1666666666667	0.0
830	1854.3333333333333	0.0
840	1772.6666666666667	0.0
850	2485.0	0.0
860	2110.1666666666665	0.0
870	2002.6666666666667	0.0
880	2319.6666666666665	0.0
890	2113.6666666666665	0.0
900	2598.1666666666665	0.0
910	2122.8333333333335	0.0
920	2169.0	0.0
930	2020.6666666666667	0.0
940	2306.0	0.0
950	2322.5	0.0
960	2071.0	0.0
970	2296.5	0.0
980	2023.3333333333333	0.0
990	2113.0	0.0
1000	2449.8333333333335	0.0
