0	276.3333333333333	0.0
10	70.0	0.0
20	70.0	0.0
30	70.0	0.0
40	70.0	0.0
50	70.0	0.0
60	70.0	0.0
70	70.0	0.0
80	70.0	0.0
90	70.0	0.0
100	70.0	0.0
110	70.0	0.0
120	70.0	0.0
130	70.0	0.0
140	70.0	0.0
150	70.0	0.0
160	70.0	0.0
170	70.0	0.0
180	70.0	0.0
190	72.0	0.0
200	71.33333333333333	0.0
210	72.33333333333333	0.0
220	72.0	0.0
230	86.66666666666667	0.0
240	100.0	0.0
250	101.0	1.0
260	105.0	0.0
270	155.33333333333334	0.0
280	288.0	0.0
290	213.33333333333334	0.0
300	175.0	0.0
310	193.66666666666666	0.0
320	170.66666666666666	0.0
330	130.0	0.0
340	162.0	0.0
350	137.66666666666666	0.0
360	153.33333333333334	1.0
370	144.66666666666666	0.0
380	250.66666666666666	2.0
390	236.66666666666666	0.0
400	346.6666666666667	0.0
410	436.6666666666667	0.0
420	377.3333333333333	0.0
430	658.0	0.0
440	541.0	0.0
450	1153.1666666666667	2.0
460	1155.0	1.0
470	1572.6666666666667	0.0
480	1664.0	1.0
490	1999.8333333333333	0.0
500	2139.6666666666665	0.0
510	1881.0	0.0
520	2025.6666666666667	0.0
530	2013.6666666666667	3.0
540	2009.3333333333333	0.0
550	2072.3333333333335	1.0
560	2088.3333333333335	1.0
570	2104.0	0.0
580	2051.8333333333335	0.0
590	2174.6666666666665	3.0
600	2103.6666666666665	0.0
610	2237.3333333333335	6.0
620	2355.1666666666665	0.0
630	2109.3333333333335	3.0
640	2400.0	0.0
650	2477.3333333333335	0.0
660	2509.5	0.0
670	2200.6666666666665	2.0
680	2600.8333333333335	0.0
690	2536.8333333333335	0.0
700	2794.3333333333335	0.0
710	2651.1666666666665	1.0
720	2157.3333333333335	1.0
730	2787.8333333333335	2.0
740	2411.3333333333335	0.0
750	2617.5	1.0
760	2409.1666666666665	1.0
770	2827.3333333333335	0.0
780	2650.6666666666665	0.0
790	2836.3333333333335	0.0
800	2575.5	0.0
810	2525.5	0.0
820	2604.0	0.0
830	2227.5	0.0
840	2528.6666666666665	0.0
850	2663.8333333333335	3.0
860	2707.3333333333335	1.0
870	2657.0	0.0
880	2533.6666666666665	0.0
890	2650.6666666666665	0.0
900	2536.1666666666665	0.0
910	2530.6666666666665	1.0
920	2452.3333333333335	1.0
930	2577.6666666666665	0.0
940	2397.3333333333335	0.0
950	2477.0	1.0
960	2454.8333333333335	1.0
970	2689.0	3.0
980	2571.8333333333335	1.0
990	2487.0	1.0
1000	2287.0	0.0
