0	250.0	0.0
10	70.0	0.0
20	70.0	0.0
30	70.0	0.0
40	70.0	0.0
50	70.0	0.0
60	70.0	0.0
70	70.0	0.0
80	70.0	0.0
90	70.0	0.0
100	70.0	0.0
110	70.0	0.0
120	70.0	0.0
130	70.0	0.0
140	70.0	0.0
150	70.0	0.0
160	70.0	0.0
170	70.0	0.0
180	70.33333333333333	0.0
190	70.66666666666667	0.0
200	71.66666666666667	0.0
210	71.66666666666667	0.0
220	72.0	0.0
230	72.0	0.0
240	186.66666666666666	0.0
250	153.0	0.0
260	117.33333333333333	0.0
270	218.0	0.0
280	189.33333333333334	1.0
290	128.33333333333334	0.0
300	179.0	0.0
310	146.0	0.0
320	146.33333333333334	0.0
330	146.66666666666666	0.0
340	130.0	0.0
350	130.0	0.0
360	147.0	0.0
370	220.0	0.0
380	185.66666666666666	0.0
390	212.0	0.0
400	256.0	0.0
410	318.3333333333333	0.0
420	139.66666666666666	0.0
430	202.66666666666666	0.0
440	348.0	0.0
450	545.6666666666666	0.0
460	688.3333333333334	0.0
470	745.8333333333334	3.0
480	733.3333333333334	1.0
490	1171.5	0.0
500	996.3333333333334	0.0
510	973.3333333333334	0.0
520	1034.3333333333333	1.0
530	1495.3333333333333	0.0
540	1155.3333333333333	1.0
550	1415.8333333333333	2.0
560	2052.0	0.0
570	1961.0	2.0
580	2277.8333333333335	7.0
590	1863.6666666666667	1.0
600	2111.0	1.0
610	2064.6666666666665	0.0
620	2167.0	0.0
630	2248.6666666666665	1.0
640	2224.8333333333335	0.0
650	2121.3333333333335	0.0
660	2535.0	2.0
670	2650.6666666666665	0.0
680	2525.0	0.0
690	2360.6666666666665	1.0
700	2453.0	1.0
710	2521.3333333333335	0.0
720	2276.0	0.0
730	2172.1666666666665	2.0
740	2371.8333333333335	0.0
750	2425.6666666666665	0.0
760	2738.0	1.0
770	2482.0	3.0
780	2218.1666666666665	0.0
790	2565.0	0.0
800	2868.5	0.0
810	2460.0	0.0
820	2527.6666666666665	2.0
830	2290.0	0.0
840	2806.1666666666665	0.0
850	2817.3333333333335	0.0
860	2448.3333333333335	0.0
870	2475.6666666666665	0.0
880	2595.0	0.0
890	2608.6666666666665	1.0
900	2411.8333333333335	0.0
910	2447.6666666666665	0.0
920	2572.6666666666665	0.0
930	2618.0	0.0
940	2515.8333333333335	0.0
950	2665.6666666666665	1.0
960	2372.6666666666665	0.0
970	2069.5	0.0
980	2613.3333333333335	0.0
990	2468.6666666666665	1.0
1000	2514.0	0.0
