0	268.0	0.0
10	70.0	0.0
20	70.0	0.0
30	70.0	0.0
40	70.0	0.0
50	70.0	0.0
60	70.0	0.0
70	70.0	0.0
80	70.0	0.0
90	70.0	0.0
100	70.0	0.0
110	70.0	0.0
120	70.0	0.0
130	70.0	0.0
140	70.0	0.0
150	70.0	0.0
160	70.0	0.0
170	70.0	0.0
180	70.0	0.0
190	70.0	0.0
200	72.66666666666667	0.0
210	103.66666666666667	0.0
220	73.66666666666667	0.0
230	76.33333333333333	0.0
240	102.33333333333333	0.0
250	151.66666666666666	0.0
260	138.33333333333334	0.0
270	194.0	0.0
280	199.33333333333334	0.0
290	164.0	0.0
300	162.0	0.0
310	148.0	0.0
320	173.66666666666666	0.0
330	131.0	1.0
340	168.33333333333334	0.0
350	170.33333333333334	0.0
360	130.0	0.0
370	198.66666666666666	1.0
380	344.6666666666667	0.0
390	548.3333333333334	0.0
400	696.0	3.0
410	675.6666666666666	0.0
420	640.3333333333334	0.0
430	1129.3333333333333	0.0
440	850.0	0.0
450	1055.0	0.0
460	1186.6666666666667	0.0
470	1384.3333333333333	1.0
480	1518.3333333333333	1.0
490	1417.3333333333333	2.0
500	1392.3333333333333	0.0
510	1841.1666666666667	1.0
520	2102.6666666666665	0.0
530	1824.3333333333333	1.0
540	2092.3333333333335	0.0
550	1859.6666666666667	0.0
560	2129.0	0.0
570	1993.1666666666667	0.0
580	2079.0	0.0
590	2371.0	1.0
600	2370.3333333333335	9.0
610	2241.3333333333335	1.0
620	2391.6666666666665	0.0
630	2099.8333333333335	0.0
640	2367.1666666666665	1.0
650	2184.5	0.0
660	2407.3333333333335	1.0
670	2372.8333333333335	0.0
680	2666.6666666666665	1.0
690	2621.5	1.0
700	2335.3333333333335	1.0
710	2648.1666666666665	0.0
720	2705.5	0.0
730	2583.3333333333335	0.0
740	2685.8333333333335	0.0
750	2376.6666666666665	2.0
760	2506.8333333333335	0.0
770	2499.3333333333335	1.0
780	2367.3333333333335	0.0
790	2191.6666666666665	0.0
800	2367.0	0.0
810	2673.6666666666665	2.0
820	2819.6666666666665	0.0
830	2805.8333333333335	1.0
840	2759.1666666666665	0.0
850	2438.3333333333335	0.0
860	2808.6666666666665	1.0
870	2710.6666666666665	0.0
880	2625.0	1.0
890	2546.3333333333335	2.0
900	2501.3333333333335	2.0
910	2054.6666666666665	0.0
920	2411.8333333333335	1.0
930	2492.0	0.0
940	2566.0	1.0
950	2431.0	0.0
960	2478.6666666666665	0.0
970	2401.8333333333335	0.0
980	2396.6666666666665	0.0
990	2565.1666666666665	2.0
1000	2541.1666666666665	0.0
