0	251.66666666666666	0.0
10	70.0	0.0
20	70.0	0.0
30	70.0	0.0
40	70.0	0.0
50	70.0	0.0
60	70.0	0.0
70	70.0	0.0
80	70.0	0.0
90	70.0	0.0
100	70.0	0.0
110	70.0	0.0
120	70.0	0.0
130	70.0	0.0
140	70.0	0.0
150	70.0	0.0
160	70.0	0.0
170	70.0	0.0
180	71.33333333333333	0.0
190	70.66666666666667	0.0
200	73.66666666666667	0.0
210	77.0	0.0
220	70.66666666666667	0.0
230	73.33333333333333	0.0
240	92.0	0.0
250	164.0	0.0
260	350.6666666666667	0.0
270	358.6666666666667	0.0
280	321.6666666666667	0.0
290	176.33333333333334	0.0
300	154.0	0.0
310	146.66666666666666	0.0
320	155.66666666666666	0.0
330	155.0	0.0
340	154.0	0.0
350	198.66666666666666	0.0
360	158.0	0.0
370	268.6666666666667	0.0
380	326.0	1.0
390	663.0	0.0
400	558.0	0.0
410	827.6666666666666	0.0
420	840.6666666666666	4.0
430	979.0	1.0
440	1394.3333333333333	0.0
450	2023.0	2.0
460	1419.3333333333333	2.0
470	1508.3333333333333	4.0
480	1950.0	0.0
490	2122.0	0.0
500	2302.0	4.0
510	1792.6666666666667	0.0
520	1972.3333333333333	0.0
530	1940.6666666666667	2.0
540	1797.3333333333333	0.0
550	2058.0	0.0
560	2121.6666666666665	1.0
570	2398.0	0.0
580	2081.8333333333335	0.0
590	2412.3333333333335	0.0
600	2497.5	0.0
610	2305.6666666666665	2.0
620	2546.0	0.0
630	2532.6666666666665	0.0
640	2562.6666666666665	0.0
650	2111.6666666666665	0.0
660	2613.6666666666665	0.0
670	2350.3333333333335	0.0
680	2735.5	0.0
690	2466.0	2.0
700	2756.3333333333335	1.0
710	2648.3333333333335	1.0
720	2593.1666666666665	0.0
730	2597.0	0.0
740	2398.5	1.0
750	2816.5	1.0
760	2737.3333333333335	1.0
770	2669.1666666666665	0.0
780	2508.5	0.0
790	2212.0	0.0
800	2613.3333333333335	0.0
810	2510.8333333333335	0.0
820	2531.5	1.0
830	2835.6666666666665	2.0
840	2776.8333333333335	2.0
850	2688.0	0.0
860	2633.8333333333335	1.0
870	2761.8333333333335	4.0
880	2605.0	0.0
890	2595.1666666666665	0.0
900	2563.0	0.0
910	2582.0	1.0
920	2572.8333333333335	0.0
930	2684.8333333333335	0.0
940	2671.5	0.0
950	2795.8333333333335	1.0
960	2838.3333333333335	0.0
970	2609.0	1.0
980	2705.1666666666665	0.0
990	2670.8333333333335	0.0
1000	2615.0	0.0
