0	232.33333333333334	0.0
10	70.0	0.0
20	70.0	0.0
30	70.0	0.0
40	70.0	0.0
50	70.0	0.0
60	70.0	0.0
70	70.0	0.0
80	70.0	0.0
90	70.0	0.0
100	70.0	0.0
110	70.0	0.0
120	70.0	0.0
130	70.0	0.0
140	70.0	0.0
150	70.0	0.0
160	70.0	0.0
170	70.0	0.0
180	70.0	0.0
190	70.66666666666667	0.0
200	70.0	0.0
210	70.33333333333333	0.0
220	70.66666666666667	0.0
230	71.0	0.0
240	71.66666666666667	0.0
250	71.0	0.0
260	188.33333333333334	0.0
270	191.0	0.0
280	185.0	0.0
290	187.33333333333334	0.0
300	208.33333333333334	0.0
310	137.33333333333334	3.0
320	146.66666666666666	2.0
330	165.0	0.0
340	146.33333333333334	0.0
350	162.33333333333334	1.0
360	151.0	0.0
370	228.0	0.0
380	270.6666666666667	0.0
390	210.0	0.0
400	269.3333333333333	0.0
410	295.3333333333333	0.0
420	147.66666666666666	0.0
430	354.6666666666667	0.0
440	586.6666666666666	0.0
450	720.3333333333334	0.0
460	1218.3333333333333	1.0
470	770.0	0.0
480	786.0	0.0
490	1116.1666666666667	0.0
500	1347.6666666666667	0.0
510	1221.3333333333333	0.0
520	1465.6666666666667	0.0
530	1623.6666666666667	0.0
540	2030.3333333333333	0.0
550	1728.6666666666667	0.0
560	1758.6666666666667	0.0
570	2109.6666666666665	0.0
580	1806.0	0.0
590	1935.3333333333333	1.0
600	1684.6666666666667	0.0
610	1804.0	3.0
620	1939.6666666666667	4.0
630	1806.0	0.0
640	2209.0	1.0
650	1896.3333333333333	1.0
660	2235.3333333333335	4.0
670	2255.0	1.0
680	2484.6666666666665	0.0
690	2375.3333333333335	1.0
700	2371.3333333333335	0.0
710	2459.0	1.0
720	2648.3333333333335	0.0
730	2436.0	0.0
740	2400.3333333333335	0.0
750	2384.0	1.0
760	2350.3333333333335	0.0
770	2793.6666666666665	1.0
780	2703.3333333333335	0.0
790	2623.8333333333335	0.0
800	2826.6666666666665	0.0
810	2428.3333333333335	0.0
820	2748.0	0.0
830	2283.3333333333335	2.0
840	2790.1666666666665	0.0
850	2389.0	0.0
860	2713.1666666666665	0.0
870	2462.6666666666665	0.0
880	2630.1666666666665	0.0
890	2732.0	0.0
900	2516.0	1.0
910	2539.5	1.0
920	2536.1666666666665	0.0
930	2544.0	0.0
940	2329.0	0.0
950	2495.0	0.0
960	2471.0	0.0
970	2680.0	0.0
980	2517.1666666666665	0.0
990	1993.3333333333333	0.0
1000	2469.1666666666665	0.0
