0	275.6666666666667	0.0
10	70.0	0.0
20	70.0	0.0
30	70.0	0.0
40	70.0	0.0
50	70.0	0.0
60	70.0	0.0
70	70.0	0.0
80	70.0	0.0
90	70.0	0.0
100	70.0	0.0
110	70.0	0.0
120	70.0	0.0
130	70.0	0.0
140	70.0	0.0
150	70.0	0.0
160	70.0	0.0
170	70.0	0.0
180	70.0	0.0
190	70.33333333333333	0.0
200	70.33333333333333	0.0
210	71.66666666666667	0.0
220	70.33333333333333	0.0
230	70.66666666666667	0.0
240	77.33333333333333	0.0
250	165.66666666666666	0.0
260	134.0	0.0
270	321.0	0.0
280	165.0	0.0
290	160.0	0.0
300	130.0	0.0
310	160.66666666666666	0.0
320	154.66666666666666	0.0
330	146.66666666666666	0.0
340	154.33333333333334	0.0
350	189.0	0.0
360	155.0	0.0
370	195.33333333333334	0.0
380	164.33333333333334	0.0
390	243.33333333333334	0.0
400	202.33333333333334	0.0
410	217.33333333333334	0.0
420	186.33333333333334	1.0
430	266.0	0.0
440	241.0	0.0
450	302.3333333333333	0.0
460	214.33333333333334	0.0
470	335.6666666666667	2.0
480	355.0	0.0
490	320.3333333333333	0.0
500	302.6666666666667	1.0
510	319.6666666666667	0.0
520	395.0	0.0
530	263.6666666666667	3.0
540	456.3333333333333	0.0
550	332.3333333333333	0.0
560	561.3333333333334	0.0
570	1009.6666666666666	0.0
580	1261.6666666666667	0.0
590	837.1666666666666	0.0
600	990.8333333333334	0.0
610	1660.5	1.0
620	1944.1666666666667	0.0
630	2113.6666666666665	0.0
640	2090.0	0.0
650	2004.1666666666667	0.0
660	2094.6666666666665	0.0
670	2370.6666666666665	1.0
680	2243.0	1.0
690	2558.0	2.0
700	2341.3333333333335	1.0
710	2407.1666666666665	2.0
720	1996.6666666666667	0.0
730	2145.1666666666665	0.0
740	1818.1666666666667	0.0
750	2183.6666666666665	0.0
760	2542.5	0.0
770	2174.0	1.0
780	1931.0	0.0
790	2375.6666666666665	1.0
800	1951.3333333333333	4.0
810	2357.6666666666665	0.0
820	2705.3333333333335	0.0
830	2484.8333333333335	0.0
840	2424.0	1.0
850	2419.5	0.0
860	2577.3333333333335	0.0
870	2778.6666666666665	5.0
880	2487.3333333333335	1.0
890	2698.0	3.0
900	2681.3333333333335	0.0
910	2628.3333333333335	0.0
920	2496.3333333333335	0.0
930	2854.5	0.0
940	2629.8333333333335	0.0
950	2968.6666666666665	1.0
960	2649.6666666666665	0.0
970	2295.3333333333335	0.0
980	2500.6666666666665	0.0
990	2765.1666666666665	0.0
1000	2456.6666666666665	1.0
