0	263.6666666666667	0.0	0.0	0.0	0.0	0.0	0.0
10	145.33333333333334	840.0	1694.0	617.0	417.0	181.0	423.0
20	1286.0	160.0	321.0	126.0	50.0	16.0	110.0
30	1305.6666666666667	0.0	0.0	0.0	0.0	0.0	0.0
40	1668.6666666666667	0.0	0.0	0.0	0.0	0.0	0.0
50	1944.0	0.0	0.0	0.0	0.0	0.0	0.0
60	1868.1666666666667	0.0	0.0	0.0	0.0	0.0	0.0
70	1668.3333333333333	0.0	0.0	0.0	0.0	0.0	0.0
80	1892.6666666666667	0.0	0.0	0.0	0.0	0.0	0.0
90	2370.6666666666665	0.0	0.0	0.0	0.0	0.0	0.0
100	2289.6666666666665	0.0	0.0	0.0	0.0	0.0	0.0
110	2024.3333333333333	0.0	0.0	0.0	0.0	0.0	0.0
120	2441.1666666666665	0.0	0.0	0.0	0.0	0.0	0.0
130	2359.3333333333335	0.0	0.0	0.0	0.0	0.0	0.0
140	2459.1666666666665	0.0	0.0	0.0	0.0	0.0	0.0
150	2324.6666666666665	0.0	0.0	0.0	0.0	0.0	0.0
160	2522.3333333333335	0.0	0.0	0.0	0.0	0.0	0.0
170	2300.0	0.0	0.0	0.0	0.0	0.0	0.0
180	2656.1666666666665	0.0	0.0	0.0	0.0	0.0	0.0
190	2554.0	0.0	0.0	0.0	0.0	0.0	0.0
200	2460.5	0.0	0.0	0.0	0.0	0.0	0.0
210	2462.3333333333335	0.0	0.0	0.0	0.0	0.0	0.0
220	2604.6666666666665	0.0	0.0	0.0	0.0	0.0	0.0
230	2353.6666666666665	0.0	0.0	0.0	0.0	0.0	0.0
240	2489.5	0.0	0.0	0.0	0.0	0.0	0.0
250	2586.1666666666665	0.0	0.0	0.0	0.0	0.0	0.0
260	2471.0	0.0	0.0	0.0	0.0	0.0	0.0
270	1593.0	0.0	0.0	0.0	0.0	0.0	0.0
280	2593.6666666666665	0.0	0.0	0.0	0.0	0.0	0.0
290	1775.0	0.0	0.0	0.0	0.0	0.0	0.0
300	1887.3333333333333	0.0	0.0	0.0	0.0	0.0	0.0
310	1867.5	0.0	0.0	0.0	0.0	0.0	0.0
320	2408.5	0.0	0.0	0.0	0.0	0.0	0.0
330	2244.6666666666665	0.0	0.0	0.0	0.0	0.0	0.0
340	1883.6666666666667	0.0	0.0	0.0	0.0	0.0	0.0
350	1614.5	0.0	0.0	0.0	0.0	0.0	0.0
360	1932.3333333333333	0.0	0.0	0.0	0.0	0.0	0.0
370	1757.6666666666667	0.0	0.0	0.0	0.0	0.0	0.0
380	2026.1666666666667	0.0	0.0	0.0	0.0	0.0	0.0
390	1905.3333333333333	0.0	0.0	0.0	0.0	0.0	0.0
400	2061.3333333333335	0.0	0.0	0.0	0.0	0.0	0.0
410	2268.8333333333335	0.0	0.0	0.0	0.0	0.0	0.0
420	2522.0	0.0	0.0	0.0	0.0	0.0	0.0
430	1747.1666666666667	0.0	0.0	0.0	0.0	0.0	0.0
440	2228.0	0.0	0.0	0.0	0.0	0.0	0.0
450	2205.6666666666665	0.0	0.0	0.0	0.0	0.0	0.0
460	1715.3333333333333	0.0	0.0	0.0	0.0	0.0	0.0
470	1685.3333333333333	0.0	0.0	0.0	0.0	0.0	0.0
480	1676.3333333333333	0.0	0.0	0.0	0.0	0.0	0.0
490	2366.8333333333335	0.0	0.0	0.0	0.0	0.0	0.0
500	2397.0	0.0	0.0	0.0	0.0	0.0	0.0
510	1438.1666666666667	0.0	0.0	0.0	0.0	0.0	0.0
520	2507.0	0.0	0.0	0.0	0.0	0.0	0.0
530	2252.0	0.0	0.0	0.0	0.0	0.0	0.0
540	2479.3333333333335	0.0	0.0	0.0	0.0	0.0	0.0
550	2542.0	0.0	0.0	0.0	0.0	0.0	0.0
560	2220.6666666666665	0.0	0.0	0.0	0.0	0.0	0.0
570	2568.0	0.0	0.0	0.0	0.0	0.0	0.0
580	2344.5	0.0	0.0	0.0	0.0	0.0	0.0
590	2473.3333333333335	0.0	0.0	0.0	0.0	0.0	0.0
600	2094.0	0.0	0.0	0.0	0.0	0.0	0.0
610	2373.6666666666665	0.0	0.0	0.0	0.0	0.0	0.0
620	2575.5	0.0	0.0	0.0	0.0	0.0	0.0
630	2163.5	0.0	0.0	0.0	0.0	0.0	0.0
640	2294.5	0.0	0.0	0.0	0.0	0.0	0.0
650	1856.3333333333333	0.0	0.0	0.0	0.0	0.0	0.0
660	2280.6666666666665	0.0	0.0	0.0	0.0	0.0	0.0
670	1969.1666666666667	0.0	0.0	0.0	0.0	0.0	0.0
680	2383.3333333333335	0.0	0.0	0.0	0.0	0.0	0.0
690	2467.3333333333335	0.0	0.0	0.0	0.0	0.0	0.0
700	2369.8333333333335	0.0	0.0	0.0	0.0	0.0	0.0
710	2388.3333333333335	0.0	0.0	0.0	0.0	0.0	0.0
720	1983.0	0.0	0.0	0.0	0.0	0.0	0.0
730	2290.5	0.0	0.0	0.0	0.0	0.0	0.0
740	1620.0	0.0	0.0	0.0	0.0	0.0	0.0
750	2355.0	0.0	0.0	0.0	0.0	0.0	0.0
760	1553.8333333333333	0.0	0.0	0.0	0.0	0.0	0.0
770	1802.5	0.0	0.0	0.0	0.0	0.0	0.0
780	1903.1666666666667	0.0	0.0	0.0	0.0	0.0	0.0
790	1627.6666666666667	0.0	0.0	0.0	0.0	0.0	0.0
800	2140.0	0.0	0.0	0.0	0.0	0.0	0.0
810	2377.0	0.0	0.0	0.0	0.0	0.0	0.0
820	2308.3333333333335	0.0	0.0	0.0	0.0	0.0	0.0
830	1952.3333333333333	0.0	0.0	0.0	0.0	0.0	0.0
840	2288.3333333333335	0.0	0.0	0.0	0.0	0.0	0.0
850	1944.8333333333333	0.0	0.0	0.0	0.0	0.0	0.0
860	2035.3333333333333	0.0	0.0	0.0	0.0	0.0	0.0
870	1673.0	0.0	0.0	0.0	0.0	0.0	0.0
880	1784.0	0.0	0.0	0.0	0.0	0.0	0.0
890	2321.6666666666665	0.0	0.0	0.0	0.0	0.0	0.0
900	2565.6666666666665	0.0	0.0	0.0	0.0	0.0	0.0
910	2190.3333333333335	0.0	0.0	0.0	0.0	0.0	0.0
920	2332.6666666666665	0.0	0.0	0.0	0.0	0.0	0.0
930	2512.5	0.0	0.0	0.0	0.0	0.0	0.0
940	2271.1666666666665	0.0	0.0	0.0	0.0	0.0	0.0
950	2584.3333333333335	0.0	0.0	0.0	0.0	0.0	0.0
960	2301.0	0.0	0.0	0.0	0.0	0.0	0.0
970	2522.0	0.0	0.0	0.0	0.0	0.0	0.0
980	2427.5	0.0	0.0	0.0	0.0	0.0	0.0
990	1902.1666666666667	0.0	0.0	0.0	0.0	0.0	0.0
1000	2043.1666666666667	0.0	0.0	0.0	0.0	0.0	0.0
