0	246.66666666666666	0.0	0.0	0.0	0.0	0.0	0.0
10	98.0	639.0	1552.0	457.0	335.0	130.0	304.0
20	98.0	361.0	1080.0	181.0	242.0	57.0	119.0
30	179.33333333333334	0.0	0.0	0.0	0.0	0.0	0.0
40	87.66666666666667	0.0	0.0	0.0	0.0	0.0	0.0
50	305.3333333333333	0.0	0.0	0.0	0.0	0.0	0.0
60	1858.3333333333333	0.0	0.0	0.0	0.0	0.0	0.0
70	1734.3333333333333	0.0	0.0	0.0	0.0	0.0	0.0
80	1520.0	0.0	0.0	0.0	0.0	0.0	0.0
90	1342.3333333333333	0.0	0.0	0.0	0.0	0.0	0.0
100	2184.1666666666665	0.0	0.0	0.0	0.0	0.0	0.0
110	2177.5	0.0	0.0	0.0	0.0	0.0	0.0
120	2095.6666666666665	0.0	0.0	0.0	0.0	0.0	0.0
130	2360.3333333333335	0.0	0.0	0.0	0.0	0.0	0.0
140	2314.3333333333335	0.0	0.0	0.0	0.0	0.0	0.0
150	2224.3333333333335	0.0	0.0	0.0	0.0	0.0	0.0
160	2414.3333333333335	0.0	0.0	0.0	0.0	0.0	0.0
170	2314.3333333333335	0.0	0.0	0.0	0.0	0.0	0.0
180	2112.5	0.0	0.0	0.0	0.0	0.0	0.0
190	2142.6666666666665	0.0	0.0	0.0	0.0	0.0	0.0
200	2291.3333333333335	0.0	0.0	0.0	0.0	0.0	0.0
210	2413.5	0.0	0.0	0.0	0.0	0.0	0.0
220	2640.1666666666665	0.0	0.0	0.0	0.0	0.0	0.0
230	2279.6666666666665	0.0	0.0	0.0	0.0	0.0	0.0
240	2413.3333333333335	0.0	0.0	0.0	0.0	0.0	0.0
250	2645.3333333333335	0.0	0.0	0.0	0.0	0.0	0.0
260	1077.3333333333333	0.0	0.0	0.0	0.0	0.0	0.0
270	1877.3333333333333	0.0	0.0	0.0	0.0	0.0	0.0
280	1233.6666666666667	0.0	0.0	0.0	0.0	0.0	0.0
290	724.6666666666666	0.0	0.0	0.0	0.0	0.0	0.0
300	1619.3333333333333	0.0	0.0	0.0	0.0	0.0	0.0
310	1843.8333333333333	0.0	0.0	0.0	0.0	0.0	0.0
320	1925.8333333333333	0.0	0.0	0.0	0.0	0.0	0.0
330	1771.8333333333333	0.0	0.0	0.0	0.0	0.0	0.0
340	1892.0	0.0	0.0	0.0	0.0	0.0	0.0
350	1814.3333333333333	0.0	0.0	0.0	0.0	0.0	0.0
360	1542.6666666666667	0.0	0.0	0.0	0.0	0.0	0.0
370	2059.3333333333335	0.0	0.0	0.0	0.0	0.0	0.0
380	1381.0	0.0	0.0	0.0	0.0	0.0	0.0
390	1372.3333333333333	0.0	0.0	0.0	0.0	0.0	0.0
400	1997.6666666666667	0.0	0.0	0.0	0.0	0.0	0.0
410	1169.1666666666667	0.0	0.0	0.0	0.0	0.0	0.0
420	2247.8333333333335	0.0	0.0	0.0	0.0	0.0	0.0
430	2400.1666666666665	0.0	0.0	0.0	0.0	0.0	0.0
440	1777.3333333333333	0.0	0.0	0.0	0.0	0.0	0.0
450	1984.5	0.0	0.0	0.0	0.0	0.0	0.0
460	2034.8333333333333	0.0	0.0	0.0	0.0	0.0	0.0
470	2212.6666666666665	0.0	0.0	0.0	0.0	0.0	0.0
480	2057.5	0.0	0.0	0.0	0.0	0.0	0.0
490	2174.1666666666665	0.0	0.0	0.0	0.0	0.0	0.0
500	2603.1666666666665	0.0	0.0	0.0	0.0	0.0	0.0
510	1669.0	0.0	0.0	0.0	0.0	0.0	0.0
520	2247.3333333333335	0.0	0.0	0.0	0.0	0.0	0.0
530	2176.3333333333335	0.0	0.0	0.0	0.0	0.0	0.0
540	2448.1666666666665	0.0	0.0	0.0	0.0	0.0	0.0
550	2101.0	0.0	0.0	0.0	0.0	0.0	0.0
560	2443.0	0.0	0.0	0.0	0.0	0.0	0.0
570	2278.3333333333335	0.0	0.0	0.0	0.0	0.0	0.0
580	2214.0	0.0	0.0	0.0	0.0	0.0	0.0
590	2270.6666666666665	0.0	0.0	0.0	0.0	0.0	0.0
600	2388.0	0.0	0.0	0.0	0.0	0.0	0.0
610	2262.3333333333335	0.0	0.0	0.0	0.0	0.0	0.0
620	2164.8333333333335	0.0	0.0	0.0	0.0	0.0	0.0
630	2248.3333333333335	0.0	0.0	0.0	0.0	0.0	0.0
640	2211.0	0.0	0.0	0.0	0.0	0.0	0.0
650	2334.0	0.0	0.0	0.0	0.0	0.0	0.0
660	2183.6666666666665	0.0	0.0	0.0	0.0	0.0	0.0
670	2162.3333333333335	0.0	0.0	0.0	0.0	0.0	0.0
680	2451.6666666666665	0.0	0.0	0.0	0.0	0.0	0.0
690	2487.6666666666665	0.0	0.0	0.0	0.0	0.0	0.0
700	2312.6666666666665	0.0	0.0	0.0	0.0	0.0	0.0
710	2377.3333333333335	0.0	0.0	0.0	0.0	0.0	0.0
720	2263.6666666666665	0.0	0.0	0.0	0.0	0.0	0.0
730	2249.0	0.0	0.0	0.0	0.0	0.0	0.0
740	2514.8333333333335	0.0	0.0	0.0	0.0	0.0	0.0
750	2485.3333333333335	0.0	0.0	0.0	0.0	0.0	0.0
760	2638.6666666666665	0.0	0.0	0.0	0.0	0.0	0.0
770	1871.0	0.0	0.0	0.0	0.0	0.0	0.0
780	2054.0	0.0	0.0	0.0	0.0	0.0	0.0
790	1933.5	0.0	0.0	0.0	0.0	0.0	0.0
800	1690.3333333333333	0.0	0.0	0.0	0.0	0.0	0.0
810	1742.0	0.0	0.0	0.0	0.0	0.0	0.0
820	2213.3333333333335	0.0	0.0	0.0	0.0	0.0	0.0
830	2115.0	0.0	0.0	0.0	0.0	0.0	0.0
840	1909.0	0.0	0.0	0.0	0.0	0.0	0.0
850	1988.8333333333333	0.0	0.0	0.0	0.0	0.0	0.0
860	2199.8333333333335	0.0	0.0	0.0	0.0	0.0	0.0
870	1578.6666666666667	0.0	0.0	0.0	0.0	0.0	0.0
880	1683.5	0.0	0.0	0.0	0.0	0.0	0.0
890	1848.6666666666667	0.0	0.0	0.0	0.0	0.0	0.0
900	1926.6666666666667	0.0	0.0	0.0	0.0	0.0	0.0
910	2078.0	0.0	0.0	0.0	0.0	0.0	0.0
920	2109.1666666666665	0.0	0.0	0.0	0.0	0.0	0.0
930	2393.0	0.0	0.0	0.0	0.0	0.0	0.0
940	1854.6666666666667	0.0	0.0	0.0	0.0	0.0	0.0
950	1912.0	0.0	0.0	0.0	0.0	0.0	0.0
960	1929.0	0.0	0.0	0.0	0.0	0.0	0.0
970	2543.5	0.0	0.0	0.0	0.0	0.0	0.0
980	1756.5	0.0	0.0	0.0	0.0	0.0	0.0
990	2415.0	0.0	0.0	0.0	0.0	0.0	0.0
1000	2284.6666666666665	0.0	0.0	0.0	0.0	0.0	0.0
