0	264.5222222222222	0.0
10	2009.4055555555558	42.1
20	2049.1944444444443	31.166666666666668
30	2042.2500000000002	37.8
40	2060.7388888888895	39.46666666666667
50	2046.866666666666	43.2
60	2078.366666666667	49.666666666666664
70	2113.3	38.93333333333333
80	2076.977777777777	41.13333333333333
90	2127.188888888889	40.3
100	2142.433333333334	35.266666666666666
110	2157.4444444444443	48.86666666666667
120	2194.627777777778	39.43333333333333
130	2234.5000000000005	40.9
140	2254.8333333333335	38.56666666666667
150	2251.377777777778	53.1
160	2239.322222222222	44.6
170	2317.016666666667	38.86666666666667
180	2336.1444444444446	34.06666666666667
190	2337.5	36.666666666666664
200	2364.916666666666	34.9
210	2343.455555555555	32.56666666666667
220	2411.6388888888887	36.93333333333333
230	2370.1222222222223	20.666666666666668
240	2368.7500000000005	23.666666666666668
250	2417.0333333333338	28.833333333333332
260	2401.411111111111	15.133333333333333
270	2411.438888888889	15.866666666666667
280	2448.1166666666672	3.7666666666666666
290	2449.9666666666662	11.633333333333333
300	2480.6	1.4666666666666666
310	2489.1888888888884	0.4666666666666667
320	2535.9500000000003	0.0
330	2462.0611111111107	0.0
340	2538.222222222223	0.0
350	2560.6277777777777	0.0
360	2498.45	0.0
370	2594.522222222223	0.0
380	2566.9555555555557	0.0
390	2605.7833333333333	0.0
400	2562.588888888889	0.0
410	2574.722222222223	0.0
420	2599.45	0.0
430	2620.177777777778	0.0
440	2647.0666666666657	0.0
450	2636.600000000001	0.0
460	2661.494444444445	0.0
470	2696.65	0.0
480	2656.55	0.0
490	2658.4388888888884	0.0
500	2640.405555555555	0.0
510	2697.944444444445	0.0
520	2690.9111111111106	0.0
530	2674.1222222222223	0.0
540	2653.383333333333	0.0
550	2702.8444444444444	0.0
560	2700.1722222222224	0.0
570	2756.244444444445	0.0
580	2730.8388888888894	0.0
590	2751.5500000000006	0.0
600	2708.2388888888895	0.0
610	2729.233333333333	0.0
620	2721.4111111111115	0.0
630	2742.7055555555557	0.0
640	2720.805555555556	0.0
650	2751.5500000000006	0.0
660	2739.5	0.0
670	2786.3777777777777	0.0
680	2753.6944444444443	0.0
690	2780.1722222222224	0.0
700	2775.0333333333333	0.0
710	2808.5777777777776	0.0
720	2780.5999999999995	0.0
730	2776.4444444444443	0.0
740	2829.422222222222	0.0
750	2822.7055555555557	0.0
760	2797.783333333333	0.0
770	2850.249999999999	0.0
780	2852.983333333334	0.0
790	2834.505555555556	0.0
800	2882.5555555555557	0.0
810	2858.4444444444443	0.0
820	2866.788888888889	0.0
830	2895.361111111111	0.0
840	2916.088888888889	0.0
850	2889.4277777777775	0.0
860	2923.4777777777776	0.0
870	2912.422222222222	0.0
880	2974.016666666667	0.0
890	2951.8611111111113	0.0
900	2932.922222222222	0.0
910	2968.9166666666665	0.0
920	2950.377777777778	0.0
930	2974.094444444444	0.0
940	2972.744444444444	0.0
950	3054.7222222222217	0.0
960	3019.572222222223	0.0
970	3013.572222222222	0.0
980	3086.3833333333337	0.0
990	3099.7111111111108	0.0
1000	3130.5388888888892	0.0
