0	224.0	0.0
10	2205.3333333333335	19.0
20	2172.1666666666665	14.0
30	1925.6666666666667	24.0
40	2143.6666666666665	33.0
50	2003.6666666666667	116.0
60	1994.5	41.0
70	2153.6666666666665	71.0
80	2175.5	0.0
90	2085.3333333333335	0.0
100	2037.6666666666667	43.0
110	2170.6666666666665	18.0
120	2228.3333333333335	15.0
130	2367.6666666666665	79.0
140	2242.6666666666665	36.0
150	2247.0	41.0
160	2218.3333333333335	50.0
170	2399.8333333333335	28.0
180	2422.8333333333335	28.0
190	2439.8333333333335	46.0
200	2596.0	68.0
210	2577.3333333333335	32.0
220	2368.0	19.0
230	2403.6666666666665	35.0
240	2358.1666666666665	0.0
250	2249.0	87.0
260	2368.3333333333335	18.0
270	2426.0	29.0
280	2344.5	4.0
290	2287.5	6.0
300	2337.8333333333335	0.0
310	2241.8333333333335	0.0
320	2561.1666666666665	0.0
330	2201.3333333333335	0.0
340	2553.1666666666665	0.0
350	2502.3333333333335	0.0
360	2596.8333333333335	0.0
370	2637.6666666666665	0.0
380	2847.3333333333335	0.0
390	2696.3333333333335	0.0
400	2635.1666666666665	0.0
410	2798.3333333333335	0.0
420	2709.8333333333335	0.0
430	2680.5	0.0
440	2555.3333333333335	0.0
450	2663.3333333333335	0.0
460	2619.3333333333335	0.0
470	2871.0	0.0
480	2596.8333333333335	0.0
490	2891.8333333333335	0.0
500	2708.0	0.0
510	2690.1666666666665	0.0
520	2731.6666666666665	0.0
530	2470.3333333333335	0.0
540	2760.1666666666665	0.0
550	2530.8333333333335	0.0
560	2763.0	0.0
570	2872.5	0.0
580	2723.6666666666665	0.0
590	2979.8333333333335	0.0
600	2905.1666666666665	0.0
610	2719.8333333333335	0.0
620	2977.6666666666665	0.0
630	2681.3333333333335	0.0
640	2970.6666666666665	0.0
650	2934.5	0.0
660	2565.1666666666665	0.0
670	2858.5	0.0
680	2898.1666666666665	0.0
690	2589.5	0.0
700	2958.8333333333335	0.0
710	2832.0	0.0
720	3026.3333333333335	0.0
730	2829.8333333333335	0.0
740	2878.0	0.0
750	3035.5	0.0
760	2596.6666666666665	0.0
770	2943.8333333333335	0.0
780	2696.0	0.0
790	2753.8333333333335	0.0
800	2965.1666666666665	0.0
810	2837.1666666666665	0.0
820	3102.6666666666665	0.0
830	3061.3333333333335	0.0
840	2998.6666666666665	0.0
850	2986.1666666666665	0.0
860	3032.3333333333335	0.0
870	2744.0	0.0
880	3067.6666666666665	0.0
890	2912.6666666666665	0.0
900	2868.0	0.0
910	2910.0	0.0
920	3149.6666666666665	0.0
930	2827.0	0.0
940	2920.3333333333335	0.0
950	2979.6666666666665	0.0
960	3015.1666666666665	0.0
970	3076.0	0.0
980	3405.1666666666665	0.0
990	2927.0	0.0
1000	3188.3333333333335	0.0
