0	252.33333333333334	0.0
10	2325.1666666666665	16.0
20	2149.8333333333335	11.0
30	1946.0	146.0
40	2035.3333333333333	35.0
50	2196.6666666666665	101.0
60	2107.5	4.0
70	2125.6666666666665	0.0
80	1819.6666666666667	9.0
90	2046.5	0.0
100	2208.8333333333335	80.0
110	2150.6666666666665	58.0
120	2352.3333333333335	92.0
130	2106.5	37.0
140	2206.1666666666665	35.0
150	2231.5	0.0
160	2290.0	6.0
170	2160.6666666666665	70.0
180	2478.6666666666665	49.0
190	2565.8333333333335	12.0
200	2286.5	61.0
210	2225.6666666666665	51.0
220	2595.6666666666665	127.0
230	2204.3333333333335	0.0
240	2689.8333333333335	0.0
250	2426.0	0.0
260	2589.1666666666665	0.0
270	2439.8333333333335	0.0
280	2494.3333333333335	0.0
290	2306.1666666666665	0.0
300	2440.1666666666665	0.0
310	2705.6666666666665	0.0
320	2718.0	0.0
330	2625.6666666666665	0.0
340	2842.0	0.0
350	2802.8333333333335	0.0
360	2424.3333333333335	0.0
370	2534.0	0.0
380	2875.8333333333335	0.0
390	2695.5	0.0
400	2708.3333333333335	0.0
410	2466.0	0.0
420	2472.8333333333335	0.0
430	2363.8333333333335	0.0
440	2710.3333333333335	0.0
450	2749.3333333333335	0.0
460	2523.8333333333335	0.0
470	2551.0	0.0
480	2747.6666666666665	0.0
490	2702.0	0.0
500	2410.6666666666665	0.0
510	2641.0	0.0
520	2462.0	0.0
530	2831.3333333333335	0.0
540	2686.8333333333335	0.0
550	2962.8333333333335	0.0
560	2850.3333333333335	0.0
570	2605.0	0.0
580	2697.8333333333335	0.0
590	2573.0	0.0
600	3063.8333333333335	0.0
610	2709.3333333333335	0.0
620	2912.0	0.0
630	2927.3333333333335	0.0
640	2970.0	0.0
650	2944.0	0.0
660	2836.3333333333335	0.0
670	2825.6666666666665	0.0
680	2945.6666666666665	0.0
690	2826.3333333333335	0.0
700	2913.8333333333335	0.0
710	2896.1666666666665	0.0
720	2768.0	0.0
730	2981.3333333333335	0.0
740	3079.6666666666665	0.0
750	2742.1666666666665	0.0
760	2880.3333333333335	0.0
770	2907.6666666666665	0.0
780	2998.3333333333335	0.0
790	2770.3333333333335	0.0
800	2891.3333333333335	0.0
810	2727.5	0.0
820	2680.0	0.0
830	3009.6666666666665	0.0
840	2822.5	0.0
850	3019.8333333333335	0.0
860	3118.6666666666665	0.0
870	2779.0	0.0
880	2979.6666666666665	0.0
890	2893.6666666666665	0.0
900	2874.5	0.0
910	2641.8333333333335	0.0
920	2779.0	0.0
930	3139.8333333333335	0.0
940	3018.0	0.0
950	3137.3333333333335	0.0
960	3089.5	0.0
970	3062.1666666666665	0.0
980	3284.1666666666665	0.0
990	2935.3333333333335	0.0
1000	3248.8333333333335	0.0
