0	260.0	0.0
10	2036.1666666666667	13.0
20	2059.1666666666665	2.0
30	2059.1666666666665	18.0
40	2020.5	30.0
50	2028.1666666666667	121.0
60	2063.0	115.0
70	2151.6666666666665	16.0
80	1965.1666666666667	71.0
90	1991.5	15.0
100	2154.3333333333335	21.0
110	2323.0	117.0
120	2175.8333333333335	30.0
130	2172.8333333333335	39.0
140	2059.1666666666665	31.0
150	2305.0	63.0
160	2237.6666666666665	29.0
170	2119.6666666666665	43.0
180	2387.8333333333335	28.0
190	2346.1666666666665	0.0
200	2230.0	3.0
210	2285.3333333333335	0.0
220	2256.0	84.0
230	2439.3333333333335	3.0
240	2265.3333333333335	29.0
250	2378.0	58.0
260	2348.5	21.0
270	2473.1666666666665	0.0
280	2112.5	0.0
290	2448.1666666666665	0.0
300	2501.6666666666665	0.0
310	2402.0	0.0
320	2400.1666666666665	0.0
330	2558.0	0.0
340	2420.6666666666665	0.0
350	2637.3333333333335	0.0
360	2325.3333333333335	0.0
370	2669.1666666666665	0.0
380	2774.0	0.0
390	2776.3333333333335	0.0
400	2630.5	0.0
410	2509.8333333333335	0.0
420	2851.5	0.0
430	2686.3333333333335	0.0
440	2526.8333333333335	0.0
450	2546.0	0.0
460	2669.5	0.0
470	2576.1666666666665	0.0
480	2757.0	0.0
490	2633.8333333333335	0.0
500	2659.8333333333335	0.0
510	2637.1666666666665	0.0
520	2625.8333333333335	0.0
530	2820.3333333333335	0.0
540	2290.8333333333335	0.0
550	2588.6666666666665	0.0
560	2841.1666666666665	0.0
570	2714.6666666666665	0.0
580	2735.1666666666665	0.0
590	2755.0	0.0
600	2962.0	0.0
610	2597.0	0.0
620	2664.8333333333335	0.0
630	2624.3333333333335	0.0
640	2831.5	0.0
650	2609.3333333333335	0.0
660	2670.3333333333335	0.0
670	2620.1666666666665	0.0
680	2541.3333333333335	0.0
690	2763.6666666666665	0.0
700	2758.5	0.0
710	3000.0	0.0
720	2906.3333333333335	0.0
730	2596.1666666666665	0.0
740	2750.3333333333335	0.0
750	3135.6666666666665	0.0
760	2582.5	0.0
770	2907.3333333333335	0.0
780	2953.0	0.0
790	2797.5	0.0
800	2851.8333333333335	0.0
810	3152.1666666666665	0.0
820	3016.3333333333335	0.0
830	2962.0	0.0
840	3008.0	0.0
850	2926.1666666666665	0.0
860	2925.8333333333335	0.0
870	2949.3333333333335	0.0
880	3191.0	0.0
890	3038.6666666666665	0.0
900	2993.0	0.0
910	3181.1666666666665	0.0
920	2921.6666666666665	0.0
930	3091.8333333333335	0.0
940	2958.1666666666665	0.0
950	2968.3333333333335	0.0
960	2935.1666666666665	0.0
970	3110.3333333333335	0.0
980	3168.5	0.0
990	3235.6666666666665	0.0
1000	3211.5	0.0
