0	282.3333333333333	0.0
10	70.0	1000.0
20	70.0	0.0
30	70.0	0.0
40	70.0	0.0
50	70.66666666666667	0.0
60	70.66666666666667	0.0
70	84.0	0.0
80	526.0	0.0
90	181.33333333333334	0.0
100	169.33333333333334	0.0
110	147.0	0.0
120	140.66666666666666	0.0
130	460.0	0.0
140	799.6666666666666	0.0
150	1398.3333333333333	0.0
160	2178.5	0.0
170	2045.0	0.0
180	2102.1666666666665	0.0
190	2194.3333333333335	0.0
200	2201.0	0.0
210	1858.6666666666667	0.0
220	2250.3333333333335	0.0
230	2405.5	0.0
240	2355.0	0.0
250	2253.6666666666665	0.0
260	2389.3333333333335	0.0
270	2463.3333333333335	0.0
280	2356.6666666666665	0.0
290	2401.8333333333335	0.0
300	2551.8333333333335	0.0
310	2429.1666666666665	0.0
320	2494.3333333333335	0.0
330	2528.3333333333335	0.0
340	2511.8333333333335	0.0
350	2535.8333333333335	0.0
360	1872.5	0.0
370	2057.1666666666665	0.0
380	1924.0	0.0
390	2579.0	0.0
400	1278.1666666666667	0.0
410	1781.3333333333333	0.0
420	2454.3333333333335	0.0
430	2375.6666666666665	0.0
440	2546.0	0.0
450	1167.5	0.0
460	2342.6666666666665	0.0
470	1591.8333333333333	0.0
480	1826.6666666666667	0.0
490	1786.6666666666667	0.0
500	1315.3333333333333	0.0
510	1501.3333333333333	0.0
520	1679.6666666666667	0.0
530	2469.5	0.0
540	1434.0	0.0
550	2454.5	0.0
560	1743.5	0.0
570	1537.3333333333333	0.0
580	2487.0	0.0
590	1652.1666666666667	0.0
600	1500.0	0.0
610	1894.5	0.0
620	1630.6666666666667	0.0
630	1647.3333333333333	0.0
640	2178.6666666666665	0.0
650	1714.6666666666667	0.0
660	1973.6666666666667	0.0
670	2207.5	0.0
680	1823.0	0.0
690	1643.3333333333333	0.0
700	1758.0	0.0
710	2015.8333333333333	0.0
720	1815.3333333333333	0.0
730	1775.0	0.0
740	2010.8333333333333	0.0
750	1908.0	0.0
760	1412.3333333333333	0.0
770	2447.0	0.0
780	2418.5	0.0
790	1737.1666666666667	0.0
800	2284.6666666666665	0.0
810	2391.6666666666665	0.0
820	2616.1666666666665	0.0
830	2622.1666666666665	0.0
840	2461.6666666666665	0.0
850	2557.6666666666665	0.0
860	2420.3333333333335	0.0
870	2417.8333333333335	0.0
880	1927.0	0.0
890	2198.6666666666665	0.0
900	2499.3333333333335	0.0
910	2473.8333333333335	0.0
920	2365.3333333333335	0.0
930	2495.8333333333335	0.0
940	2379.6666666666665	0.0
950	2447.0	0.0
960	2397.0	0.0
970	2130.0	0.0
980	2393.6666666666665	0.0
990	2400.6666666666665	0.0
1000	2119.6666666666665	0.0
