0	282.3333333333333	0.0
10	71.0	1000.0
20	70.0	0.0
30	70.0	0.0
40	694.3333333333334	0.0
50	71.33333333333333	0.0
60	253.66666666666666	0.0
70	1809.0	0.0
80	1702.3333333333333	0.0
90	1866.3333333333333	0.0
100	1714.3333333333333	0.0
110	2237.6666666666665	0.0
120	2430.6666666666665	0.0
130	2459.5	0.0
140	2343.6666666666665	0.0
150	2478.0	0.0
160	2081.0	0.0
170	2432.5	0.0
180	2389.5	0.0
190	2410.3333333333335	0.0
200	2322.6666666666665	0.0
210	2323.3333333333335	0.0
220	2529.3333333333335	0.0
230	1747.0	0.0
240	2486.5	0.0
250	2319.0	0.0
260	2193.0	0.0
270	2409.6666666666665	0.0
280	2347.8333333333335	0.0
290	2417.1666666666665	0.0
300	1664.5	0.0
310	1370.3333333333333	0.0
320	2482.0	0.0
330	2244.0	0.0
340	2346.3333333333335	0.0
350	2303.5	0.0
360	2477.8333333333335	0.0
370	2319.3333333333335	0.0
380	2250.5	0.0
390	1783.5	0.0
400	1818.0	0.0
410	1509.0	0.0
420	2316.3333333333335	0.0
430	2208.6666666666665	0.0
440	2329.1666666666665	0.0
450	1789.6666666666667	0.0
460	2108.3333333333335	0.0
470	1785.8333333333333	0.0
480	2065.3333333333335	0.0
490	2008.6666666666667	0.0
500	2056.1666666666665	0.0
510	1786.6666666666667	0.0
520	1996.0	0.0
530	1974.3333333333333	0.0
540	2327.8333333333335	0.0
550	2785.1666666666665	0.0
560	1713.8333333333333	0.0
570	2662.5	0.0
580	2325.6666666666665	0.0
590	2721.5	0.0
600	2576.5	0.0
610	2497.0	0.0
620	2319.8333333333335	0.0
630	2438.8333333333335	0.0
640	2211.0	0.0
650	2603.3333333333335	0.0
660	2571.0	0.0
670	2372.3333333333335	0.0
680	2329.3333333333335	0.0
690	1857.1666666666667	0.0
700	1738.0	0.0
710	2560.6666666666665	0.0
720	2484.0	0.0
730	2379.6666666666665	0.0
740	2237.3333333333335	0.0
750	2061.3333333333335	0.0
760	2442.6666666666665	0.0
770	2552.6666666666665	0.0
780	2347.5	0.0
790	2518.0	0.0
800	2363.6666666666665	0.0
810	2079.1666666666665	0.0
820	2448.1666666666665	0.0
830	2476.5	0.0
840	2334.6666666666665	0.0
850	2500.3333333333335	0.0
860	2319.5	0.0
870	2572.6666666666665	0.0
880	2409.5	0.0
890	2385.0	0.0
900	2537.8333333333335	0.0
910	2513.3333333333335	0.0
920	2503.1666666666665	0.0
930	2402.6666666666665	0.0
940	2041.0	0.0
950	2311.0	0.0
960	1905.1666666666667	0.0
970	2211.6666666666665	0.0
980	2269.3333333333335	0.0
990	2048.6666666666665	0.0
1000	1920.0	0.0
