0	277.6666666666667	0.0
10	102.33333333333333	1000.0
20	82.66666666666667	0.0
30	70.0	0.0
40	70.0	0.0
50	70.33333333333333	0.0
60	87.66666666666667	0.0
70	455.3333333333333	0.0
80	373.3333333333333	0.0
90	203.66666666666666	0.0
100	230.66666666666666	0.0
110	437.6666666666667	0.0
120	84.33333333333333	0.0
130	116.66666666666667	0.0
140	603.0	0.0
150	428.0	0.0
160	312.6666666666667	0.0
170	184.66666666666666	0.0
180	331.6666666666667	0.0
190	187.33333333333334	0.0
200	267.0	0.0
210	348.6666666666667	0.0
220	611.3333333333334	0.0
230	456.3333333333333	0.0
240	660.3333333333334	0.0
250	531.3333333333334	0.0
260	1227.0	0.0
270	1061.6666666666667	0.0
280	1876.0	0.0
290	2003.0	0.0
300	2486.6666666666665	0.0
310	2552.0	0.0
320	2439.3333333333335	0.0
330	2470.6666666666665	0.0
340	2356.3333333333335	0.0
350	2465.3333333333335	0.0
360	2160.1666666666665	0.0
370	2418.6666666666665	0.0
380	2276.6666666666665	0.0
390	2434.6666666666665	0.0
400	2305.0	0.0
410	2533.6666666666665	0.0
420	2330.6666666666665	0.0
430	2563.0	0.0
440	2206.3333333333335	0.0
450	2297.6666666666665	0.0
460	2644.3333333333335	0.0
470	1765.5	0.0
480	1654.0	0.0
490	1994.3333333333333	0.0
500	1888.3333333333333	0.0
510	2224.3333333333335	0.0
520	2093.3333333333335	0.0
530	1546.5	0.0
540	2028.0	0.0
550	1888.6666666666667	0.0
560	1967.3333333333333	0.0
570	2032.1666666666667	0.0
580	1893.3333333333333	0.0
590	1745.1666666666667	0.0
600	1865.6666666666667	0.0
610	1770.8333333333333	0.0
620	1905.3333333333333	0.0
630	2070.5	0.0
640	2211.1666666666665	0.0
650	1314.6666666666667	0.0
660	2514.3333333333335	0.0
670	1637.0	0.0
680	2340.1666666666665	0.0
690	1835.3333333333333	0.0
700	2601.6666666666665	0.0
710	2483.0	0.0
720	2724.3333333333335	0.0
730	2230.6666666666665	0.0
740	2345.5	0.0
750	2390.5	0.0
760	2266.6666666666665	0.0
770	2044.8333333333333	0.0
780	2124.0	0.0
790	2386.6666666666665	0.0
800	2382.6666666666665	0.0
810	2597.5	0.0
820	2427.6666666666665	0.0
830	2515.6666666666665	0.0
840	2383.6666666666665	0.0
850	2610.1666666666665	0.0
860	2548.0	0.0
870	2368.8333333333335	0.0
880	2370.3333333333335	0.0
890	2407.3333333333335	0.0
900	2630.5	0.0
910	2516.0	0.0
920	2292.0	0.0
930	2170.0	0.0
940	1939.1666666666667	0.0
950	1947.3333333333333	0.0
960	1988.3333333333333	0.0
970	2010.1666666666667	0.0
980	2029.3333333333333	0.0
990	2654.3333333333335	0.0
1000	2431.0	0.0
