0	257.6666666666667	0.0
10	70.0	1000.0
20	70.0	0.0
30	70.0	0.0
40	70.0	0.0
50	73.66666666666667	0.0
60	489.0	0.0
70	121.0	0.0
80	215.66666666666666	0.0
90	130.66666666666666	0.0
100	559.3333333333334	0.0
110	147.33333333333334	0.0
120	70.33333333333333	0.0
130	426.3333333333333	0.0
140	1250.6666666666667	0.0
150	1444.0	0.0
160	1886.6666666666667	0.0
170	2017.0	0.0
180	1481.0	0.0
190	2054.3333333333335	0.0
200	1813.6666666666667	0.0
210	2409.6666666666665	0.0
220	2317.3333333333335	0.0
230	2443.0	0.0
240	2450.6666666666665	0.0
250	2429.6666666666665	0.0
260	2355.3333333333335	0.0
270	2604.5	0.0
280	2247.3333333333335	0.0
290	2465.3333333333335	0.0
300	2218.0	0.0
310	2355.3333333333335	0.0
320	2447.6666666666665	0.0
330	2439.3333333333335	0.0
340	2359.8333333333335	0.0
350	2478.6666666666665	0.0
360	2686.1666666666665	0.0
370	2329.0	0.0
380	1873.0	0.0
390	1754.6666666666667	0.0
400	1838.6666666666667	0.0
410	1798.6666666666667	0.0
420	1310.6666666666667	0.0
430	1343.3333333333333	0.0
440	1641.3333333333333	0.0
450	1724.0	0.0
460	1555.6666666666667	0.0
470	1717.3333333333333	0.0
480	2072.5	0.0
490	1936.6666666666667	0.0
500	1559.8333333333333	0.0
510	1819.3333333333333	0.0
520	1488.8333333333333	0.0
530	1480.3333333333333	0.0
540	1744.0	0.0
550	2036.3333333333333	0.0
560	2033.6666666666667	0.0
570	1827.8333333333333	0.0
580	1856.3333333333333	0.0
590	2420.1666666666665	0.0
600	2093.1666666666665	0.0
610	2204.0	0.0
620	2061.0	0.0
630	2308.5	0.0
640	2408.8333333333335	0.0
650	1970.5	0.0
660	2351.6666666666665	0.0
670	1455.6666666666667	0.0
680	1824.0	0.0
690	1433.6666666666667	0.0
700	2364.3333333333335	0.0
710	1678.0	0.0
720	2645.1666666666665	0.0
730	2761.5	0.0
740	2244.6666666666665	0.0
750	2668.1666666666665	0.0
760	2608.8333333333335	0.0
770	2105.0	0.0
780	2383.3333333333335	0.0
790	2409.8333333333335	0.0
800	1969.0	0.0
810	2477.3333333333335	0.0
820	1751.0	0.0
830	1656.6666666666667	0.0
840	2036.6666666666667	0.0
850	1617.0	0.0
860	1914.6666666666667	0.0
870	2023.6666666666667	0.0
880	2180.5	0.0
890	1844.5	0.0
900	2262.0	0.0
910	2008.3333333333333	0.0
920	1834.8333333333333	0.0
930	2169.3333333333335	0.0
940	1765.1666666666667	0.0
950	1799.0	0.0
960	1998.1666666666667	0.0
970	2418.6666666666665	0.0
980	2603.1666666666665	0.0
990	2595.6666666666665	0.0
1000	2427.1666666666665	0.0
