0	244.0	0.0
10	101.0	1000.0
20	114.0	0.0
30	70.0	0.0
40	79.33333333333333	0.0
50	1269.0	0.0
60	172.66666666666666	0.0
70	172.66666666666666	0.0
80	1853.0	0.0
90	1821.6666666666667	0.0
100	1716.6666666666667	0.0
110	2060.1666666666665	0.0
120	1487.3333333333333	0.0
130	1921.6666666666667	0.0
140	2405.3333333333335	0.0
150	2169.5	0.0
160	2426.0	0.0
170	2323.3333333333335	0.0
180	2441.3333333333335	0.0
190	2480.3333333333335	0.0
200	2247.3333333333335	0.0
210	2466.0	0.0
220	1957.3333333333333	0.0
230	2431.8333333333335	0.0
240	2226.0	0.0
250	2441.6666666666665	0.0
260	2147.6666666666665	0.0
270	2542.3333333333335	0.0
280	1687.0	0.0
290	1717.5	0.0
300	1739.8333333333333	0.0
310	2251.6666666666665	0.0
320	1632.0	0.0
330	1986.3333333333333	0.0
340	1645.6666666666667	0.0
350	2087.6666666666665	0.0
360	1944.8333333333333	0.0
370	1796.6666666666667	0.0
380	1998.0	0.0
390	2586.0	0.0
400	2020.3333333333333	0.0
410	2305.3333333333335	0.0
420	1993.6666666666667	0.0
430	1956.3333333333333	0.0
440	2285.6666666666665	0.0
450	2308.6666666666665	0.0
460	1972.1666666666667	0.0
470	2409.3333333333335	0.0
480	2327.0	0.0
490	2478.0	0.0
500	2448.0	0.0
510	2085.0	0.0
520	2329.8333333333335	0.0
530	2521.8333333333335	0.0
540	2429.1666666666665	0.0
550	2554.5	0.0
560	2403.6666666666665	0.0
570	2714.6666666666665	0.0
580	2597.1666666666665	0.0
590	2699.5	0.0
600	2630.3333333333335	0.0
610	2496.3333333333335	0.0
620	2270.3333333333335	0.0
630	2577.3333333333335	0.0
640	2533.3333333333335	0.0
650	2281.6666666666665	0.0
660	2650.0	0.0
670	2291.0	0.0
680	2575.5	0.0
690	2596.0	0.0
700	2610.6666666666665	0.0
710	2556.5	0.0
720	2577.8333333333335	0.0
730	2792.6666666666665	0.0
740	1980.8333333333333	0.0
750	2378.3333333333335	0.0
760	2289.1666666666665	0.0
770	1783.3333333333333	0.0
780	1574.0	0.0
790	2019.3333333333333	0.0
800	2243.6666666666665	0.0
810	1825.3333333333333	0.0
820	1711.6666666666667	0.0
830	1576.0	0.0
840	1886.0	0.0
850	1856.8333333333333	0.0
860	1788.0	0.0
870	1809.8333333333333	0.0
880	1774.3333333333333	0.0
890	1857.8333333333333	0.0
900	1765.6666666666667	0.0
910	1779.1666666666667	0.0
920	1842.1666666666667	0.0
930	1647.8333333333333	0.0
940	2335.6666666666665	0.0
950	2320.1666666666665	0.0
960	1995.3333333333333	0.0
970	2463.3333333333335	0.0
980	1950.6666666666667	0.0
990	1954.6666666666667	0.0
1000	2355.3333333333335	0.0
