0	245.66666666666666	0.0
10	93.33333333333333	1000.0
20	82.0	0.0
30	70.0	0.0
40	70.0	0.0
50	70.0	0.0
60	70.0	0.0
70	70.0	0.0
80	70.0	0.0
90	70.0	0.0
100	70.0	0.0
110	70.0	0.0
120	70.33333333333333	0.0
130	70.33333333333333	0.0
140	103.0	0.0
150	796.3333333333334	0.0
160	786.6666666666666	0.0
170	579.6666666666666	0.0
180	826.6666666666666	0.0
190	1158.3333333333333	0.0
200	877.0	0.0
210	935.3333333333334	0.0
220	1136.3333333333333	0.0
230	1475.6666666666667	0.0
240	1644.0	0.0
250	1104.0	0.0
260	1646.3333333333333	0.0
270	1650.6666666666667	0.0
280	1558.0	0.0
290	1200.6666666666667	0.0
300	1920.0	0.0
310	2285.6666666666665	0.0
320	2050.6666666666665	0.0
330	2042.6666666666667	0.0
340	2115.6666666666665	0.0
350	2257.5	0.0
360	1937.6666666666667	0.0
370	1998.6666666666667	0.0
380	2033.6666666666667	0.0
390	2120.8333333333335	0.0
400	2191.3333333333335	0.0
410	2252.6666666666665	0.0
420	2217.0	0.0
430	2271.0	0.0
440	2241.1666666666665	0.0
450	2223.5	0.0
460	2617.5	0.0
470	2406.6666666666665	0.0
480	2601.0	0.0
490	2787.3333333333335	0.0
500	2752.6666666666665	0.0
510	2462.3333333333335	0.0
520	2763.6666666666665	0.0
530	2629.0	0.0
540	2588.3333333333335	0.0
550	2626.6666666666665	0.0
560	2473.6666666666665	0.0
570	2551.6666666666665	0.0
580	2721.3333333333335	0.0
590	2225.6666666666665	0.0
600	2513.0	0.0
610	2378.5	0.0
620	2436.6666666666665	0.0
630	2481.6666666666665	0.0
640	2570.0	0.0
650	2484.3333333333335	0.0
660	2463.0	0.0
670	2469.6666666666665	0.0
680	2656.1666666666665	0.0
690	2294.6666666666665	0.0
700	2592.0	0.0
710	2654.3333333333335	0.0
720	1979.0	0.0
730	2052.6666666666665	0.0
740	1991.0	0.0
750	2566.6666666666665	0.0
760	2693.1666666666665	0.0
770	2582.1666666666665	0.0
780	2843.3333333333335	0.0
790	2809.0	0.0
800	2263.3333333333335	0.0
810	2146.0	0.0
820	2143.0	0.0
830	2872.8333333333335	0.0
840	2591.8333333333335	0.0
850	2725.3333333333335	0.0
860	2690.0	0.0
870	2550.6666666666665	0.0
880	2708.5	0.0
890	2674.6666666666665	0.0
900	2588.8333333333335	0.0
910	2360.5	0.0
920	2776.8333333333335	0.0
930	2649.0	0.0
940	2654.6666666666665	0.0
950	2975.3333333333335	0.0
960	2697.0	0.0
970	2761.0	0.0
980	2575.3333333333335	0.0
990	2765.3333333333335	0.0
1000	2688.0	0.0
