0	285.3333333333333	0.0
10	97.0	1000.0
20	92.66666666666667	0.0
30	96.66666666666667	0.0
40	95.0	0.0
50	93.0	0.0
60	96.66666666666667	0.0
70	94.0	0.0
80	97.33333333333333	0.0
90	87.0	0.0
100	78.33333333333333	0.0
110	82.33333333333333	0.0
120	81.33333333333333	0.0
130	81.33333333333333	0.0
140	107.33333333333333	0.0
150	82.33333333333333	0.0
160	79.66666666666667	0.0
170	130.33333333333334	0.0
180	112.33333333333333	0.0
190	131.0	0.0
200	136.33333333333334	0.0
210	158.33333333333334	0.0
220	130.66666666666666	0.0
230	609.6666666666666	0.0
240	728.3333333333334	0.0
250	569.0	0.0
260	1641.0	0.0
270	643.3333333333334	0.0
280	396.6666666666667	0.0
290	469.0	0.0
300	1289.0	0.0
310	1268.0	0.0
320	1343.6666666666667	0.0
330	1656.0	0.0
340	1311.6666666666667	0.0
350	1400.6666666666667	0.0
360	1570.5	0.0
370	1315.3333333333333	0.0
380	1728.6666666666667	0.0
390	1458.6666666666667	0.0
400	1952.3333333333333	0.0
410	2108.0	0.0
420	2512.5	0.0
430	2096.6666666666665	0.0
440	2174.0	0.0
450	1869.5	0.0
460	2174.3333333333335	0.0
470	2231.0	0.0
480	2265.5	0.0
490	2307.6666666666665	0.0
500	2304.1666666666665	0.0
510	2452.3333333333335	0.0
520	2269.8333333333335	0.0
530	2508.8333333333335	0.0
540	2515.6666666666665	0.0
550	2508.6666666666665	0.0
560	2448.3333333333335	0.0
570	2605.0	0.0
580	2461.5	0.0
590	2582.5	0.0
600	2609.0	0.0
610	2586.0	0.0
620	2508.0	0.0
630	2486.3333333333335	0.0
640	2530.0	0.0
650	2628.5	0.0
660	2476.0	0.0
670	2405.3333333333335	0.0
680	2489.5	0.0
690	2317.6666666666665	0.0
700	2369.3333333333335	0.0
710	2521.8333333333335	0.0
720	2368.1666666666665	0.0
730	2329.0	0.0
740	2359.3333333333335	0.0
750	2422.0	0.0
760	2449.6666666666665	0.0
770	2692.3333333333335	0.0
780	2674.6666666666665	0.0
790	2672.6666666666665	0.0
800	2603.8333333333335	0.0
810	2357.3333333333335	0.0
820	2506.6666666666665	0.0
830	2581.1666666666665	0.0
840	2527.3333333333335	0.0
850	2794.6666666666665	0.0
860	2443.0	0.0
870	2648.5	0.0
880	2469.6666666666665	0.0
890	2002.5	0.0
900	2126.5	0.0
910	2349.6666666666665	0.0
920	2677.8333333333335	0.0
930	2724.5	0.0
940	2200.8333333333335	0.0
950	2290.0	0.0
960	2189.1666666666665	0.0
970	2245.8333333333335	0.0
980	2306.8333333333335	0.0
990	2065.3333333333335	0.0
1000	1847.3333333333333	0.0
