0	218.0	0.0
10	70.0	327.0
20	70.0	490.0
30	70.0	183.0
40	70.0	0.0
50	70.0	0.0
60	70.0	0.0
70	70.0	0.0
80	70.0	0.0
90	70.0	0.0
100	70.0	0.0
110	70.0	0.0
120	70.0	0.0
130	70.0	0.0
140	70.0	0.0
150	70.0	0.0
160	70.0	0.0
170	70.66666666666667	0.0
180	83.33333333333333	0.0
190	74.0	0.0
200	116.33333333333333	0.0
210	479.6666666666667	0.0
220	233.33333333333334	0.0
230	360.0	0.0
240	302.3333333333333	0.0
250	254.33333333333334	0.0
260	147.33333333333334	0.0
270	139.0	0.0
280	162.66666666666666	0.0
290	160.66666666666666	0.0
300	338.6666666666667	0.0
310	360.3333333333333	0.0
320	470.3333333333333	0.0
330	540.6666666666666	0.0
340	763.3333333333334	0.0
350	817.3333333333334	0.0
360	746.3333333333334	0.0
370	857.6666666666666	0.0
380	1152.0	0.0
390	1575.0	0.0
400	1626.6666666666667	0.0
410	1991.6666666666667	0.0
420	1745.6666666666667	0.0
430	2294.3333333333335	0.0
440	2093.3333333333335	0.0
450	1809.0	0.0
460	1650.0	0.0
470	2022.3333333333333	0.0
480	1851.5	0.0
490	1648.3333333333333	0.0
500	2079.8333333333335	0.0
510	2300.8333333333335	0.0
520	2201.0	0.0
530	2139.6666666666665	0.0
540	2220.3333333333335	0.0
550	2505.6666666666665	0.0
560	2418.0	0.0
570	2197.3333333333335	0.0
580	2235.6666666666665	0.0
590	2404.5	0.0
600	2497.0	0.0
610	2771.1666666666665	0.0
620	2691.0	0.0
630	2731.6666666666665	0.0
640	2399.5	0.0
650	2764.1666666666665	0.0
660	2545.5	0.0
670	2734.1666666666665	0.0
680	2425.0	0.0
690	2553.1666666666665	0.0
700	2600.3333333333335	0.0
710	2607.0	0.0
720	2574.3333333333335	0.0
730	2548.5	0.0
740	2594.6666666666665	0.0
750	2700.0	0.0
760	2656.0	0.0
770	2755.5	0.0
780	2151.8333333333335	0.0
790	2813.5	0.0
800	2436.3333333333335	0.0
810	2718.1666666666665	0.0
820	2659.8333333333335	0.0
830	2739.3333333333335	0.0
840	2853.6666666666665	0.0
850	2780.3333333333335	0.0
860	2890.3333333333335	0.0
870	2701.1666666666665	0.0
880	2906.8333333333335	0.0
890	2511.6666666666665	0.0
900	2709.1666666666665	0.0
910	2659.1666666666665	0.0
920	2905.5	0.0
930	2835.1666666666665	0.0
940	1954.0	0.0
950	2439.0	0.0
960	2741.6666666666665	0.0
970	2592.6666666666665	0.0
980	2653.1666666666665	0.0
990	2336.6666666666665	0.0
1000	2352.0	0.0
