0	236.66666666666666	0.0
10	70.0	435.0
20	70.0	427.0
30	70.0	138.0
40	70.0	0.0
50	70.0	0.0
60	70.0	0.0
70	70.0	0.0
80	70.0	0.0
90	70.0	0.0
100	70.0	0.0
110	70.0	0.0
120	70.0	0.0
130	70.0	0.0
140	70.0	0.0
150	70.0	0.0
160	70.0	0.0
170	70.33333333333333	0.0
180	71.66666666666667	0.0
190	70.33333333333333	0.0
200	79.0	0.0
210	199.0	0.0
220	291.0	0.0
230	161.0	0.0
240	172.33333333333334	0.0
250	130.0	0.0
260	138.66666666666666	0.0
270	130.0	0.0
280	130.0	0.0
290	130.0	0.0
300	155.33333333333334	0.0
310	164.0	0.0
320	168.33333333333334	0.0
330	616.6666666666666	0.0
340	615.3333333333334	0.0
350	462.0	0.0
360	657.6666666666666	0.0
370	675.0	0.0
380	753.6666666666666	0.0
390	978.6666666666666	0.0
400	806.3333333333334	0.0
410	1318.0	0.0
420	1591.3333333333333	0.0
430	1415.3333333333333	0.0
440	1563.3333333333333	0.0
450	1679.3333333333333	0.0
460	1767.3333333333333	0.0
470	1782.0	0.0
480	1915.3333333333333	0.0
490	2321.0	0.0
500	2343.0	0.0
510	2295.6666666666665	0.0
520	2246.0	0.0
530	2300.8333333333335	0.0
540	2237.0	0.0
550	2341.0	0.0
560	2398.1666666666665	0.0
570	2154.3333333333335	0.0
580	2398.1666666666665	0.0
590	2292.0	0.0
600	2389.0	0.0
610	2339.3333333333335	0.0
620	2501.1666666666665	0.0
630	2655.6666666666665	0.0
640	2602.0	0.0
650	2551.8333333333335	0.0
660	2628.6666666666665	0.0
670	2555.1666666666665	0.0
680	2659.5	0.0
690	2391.0	0.0
700	2578.8333333333335	0.0
710	2433.0	0.0
720	2543.0	0.0
730	2785.3333333333335	0.0
740	2411.8333333333335	0.0
750	2548.6666666666665	0.0
760	2726.6666666666665	0.0
770	2527.5	0.0
780	2616.3333333333335	0.0
790	2576.5	0.0
800	2644.5	0.0
810	2602.5	0.0
820	2434.6666666666665	0.0
830	2650.6666666666665	0.0
840	2780.6666666666665	0.0
850	2478.6666666666665	0.0
860	2253.3333333333335	0.0
870	2175.0	0.0
880	2642.5	0.0
890	2726.6666666666665	0.0
900	2859.0	0.0
910	2352.3333333333335	0.0
920	2420.5	0.0
930	2734.0	0.0
940	2760.1666666666665	0.0
950	2484.0	0.0
960	2704.5	0.0
970	2691.8333333333335	0.0
980	2909.3333333333335	0.0
990	2703.6666666666665	0.0
1000	2760.1666666666665	0.0
