0	258.3333333333333	0.0
10	92.33333333333333	414.0
20	70.66666666666667	190.0
30	73.0	396.0
40	70.0	0.0
50	70.0	0.0
60	70.0	0.0
70	70.0	0.0
80	70.0	0.0
90	70.0	0.0
100	70.0	0.0
110	70.0	0.0
120	70.0	0.0
130	70.0	0.0
140	70.0	0.0
150	70.0	0.0
160	70.0	0.0
170	70.33333333333333	0.0
180	70.66666666666667	0.0
190	70.0	0.0
200	82.0	0.0
210	128.66666666666666	0.0
220	131.66666666666666	0.0
230	183.33333333333334	0.0
240	189.0	0.0
250	119.66666666666667	0.0
260	256.0	0.0
270	152.66666666666666	0.0
280	153.66666666666666	0.0
290	249.0	0.0
300	196.66666666666666	0.0
310	146.0	0.0
320	131.0	0.0
330	207.66666666666666	0.0
340	284.3333333333333	0.0
350	146.0	0.0
360	162.0	0.0
370	130.0	0.0
380	234.0	0.0
390	234.0	0.0
400	315.6666666666667	0.0
410	398.6666666666667	0.0
420	526.3333333333334	0.0
430	1074.3333333333333	0.0
440	785.3333333333334	0.0
450	1111.6666666666667	0.0
460	1104.0	0.0
470	1285.0	0.0
480	2025.5	0.0
490	1898.6666666666667	0.0
500	1665.3333333333333	0.0
510	2214.8333333333335	0.0
520	2263.6666666666665	0.0
530	1864.6666666666667	0.0
540	2301.0	0.0
550	2339.5	0.0
560	2267.0	0.0
570	2229.0	0.0
580	2136.6666666666665	0.0
590	2284.0	0.0
600	2382.3333333333335	0.0
610	1778.0	0.0
620	2041.0	0.0
630	2209.3333333333335	0.0
640	2634.0	0.0
650	2375.5	0.0
660	2306.0	0.0
670	2205.3333333333335	0.0
680	2447.6666666666665	0.0
690	2556.8333333333335	0.0
700	2563.5	0.0
710	2787.0	0.0
720	2468.1666666666665	0.0
730	2410.3333333333335	0.0
740	2458.0	0.0
750	2497.5	0.0
760	2593.0	0.0
770	2769.0	0.0
780	2589.0	0.0
790	2515.3333333333335	0.0
800	2306.6666666666665	0.0
810	2508.0	0.0
820	2691.6666666666665	0.0
830	2915.0	0.0
840	2233.1666666666665	0.0
850	2655.6666666666665	0.0
860	2712.6666666666665	0.0
870	1872.3333333333333	0.0
880	2049.6666666666665	0.0
890	2592.6666666666665	0.0
900	2526.8333333333335	0.0
910	2075.1666666666665	0.0
920	1988.3333333333333	0.0
930	1805.5	0.0
940	2242.8333333333335	0.0
950	2240.3333333333335	0.0
960	2672.3333333333335	0.0
970	2009.3333333333333	0.0
980	2184.6666666666665	0.0
990	2078.8333333333335	0.0
1000	1933.3333333333333	0.0
