0	269.6666666666667	0.0
10	70.0	228.0
20	70.0	337.0
30	70.0	173.0
40	70.0	228.0
50	70.0	34.0
60	70.0	0.0
70	70.0	0.0
80	70.0	0.0
90	70.0	0.0
100	70.0	0.0
110	70.0	0.0
120	70.0	0.0
130	70.0	0.0
140	70.0	0.0
150	70.0	0.0
160	70.0	0.0
170	71.33333333333333	0.0
180	72.66666666666667	0.0
190	70.0	0.0
200	77.0	0.0
210	80.33333333333333	0.0
220	71.0	0.0
230	105.33333333333333	0.0
240	202.66666666666666	0.0
250	206.66666666666666	0.0
260	256.6666666666667	0.0
270	299.3333333333333	0.0
280	194.0	0.0
290	160.33333333333334	0.0
300	146.0	0.0
310	138.0	0.0
320	147.0	0.0
330	267.6666666666667	0.0
340	259.6666666666667	0.0
350	174.33333333333334	0.0
360	182.66666666666666	0.0
370	313.3333333333333	0.0
380	275.6666666666667	0.0
390	347.6666666666667	0.0
400	633.6666666666666	0.0
410	566.6666666666666	0.0
420	586.3333333333334	0.0
430	818.0	0.0
440	1175.0	0.0
450	1227.0	0.0
460	1119.3333333333333	0.0
470	1578.6666666666667	0.0
480	2044.3333333333333	0.0
490	2215.0	0.0
500	1768.3333333333333	0.0
510	1705.3333333333333	0.0
520	2144.6666666666665	0.0
530	2154.6666666666665	0.0
540	1699.6666666666667	0.0
550	1761.5	0.0
560	2128.0	0.0
570	2262.0	0.0
580	2194.0	0.0
590	2241.3333333333335	0.0
600	2551.5	0.0
610	2166.1666666666665	0.0
620	2307.6666666666665	0.0
630	2318.0	0.0
640	2333.8333333333335	0.0
650	2531.3333333333335	0.0
660	2538.6666666666665	0.0
670	2608.1666666666665	0.0
680	2529.1666666666665	0.0
690	2162.3333333333335	0.0
700	2427.6666666666665	0.0
710	2439.8333333333335	0.0
720	2643.8333333333335	0.0
730	2810.5	0.0
740	2771.0	0.0
750	2681.8333333333335	0.0
760	2575.0	0.0
770	2599.3333333333335	0.0
780	2523.1666666666665	0.0
790	2568.0	0.0
800	2763.3333333333335	0.0
810	2801.5	0.0
820	2533.0	0.0
830	2733.3333333333335	0.0
840	2596.6666666666665	0.0
850	2569.8333333333335	0.0
860	2582.5	0.0
870	2627.6666666666665	0.0
880	2846.5	0.0
890	2442.6666666666665	0.0
900	2397.3333333333335	0.0
910	2482.6666666666665	0.0
920	2513.5	0.0
930	2197.8333333333335	0.0
940	2472.6666666666665	0.0
950	2628.3333333333335	0.0
960	2700.1666666666665	0.0
970	2673.8333333333335	0.0
980	2842.0	0.0
990	2534.6666666666665	0.0
1000	2729.1666666666665	0.0
