0	254.0	0.0
10	90.33333333333333	987.0
20	94.0	13.0
30	100.66666666666667	0.0
40	92.33333333333333	0.0
50	94.33333333333333	0.0
60	70.0	0.0
70	72.66666666666667	0.0
80	70.0	0.0
90	70.0	0.0
100	70.0	0.0
110	70.0	0.0
120	70.0	0.0
130	70.0	0.0
140	70.0	0.0
150	70.66666666666667	0.0
160	72.0	0.0
170	106.66666666666667	0.0
180	72.66666666666667	0.0
190	193.0	0.0
200	138.33333333333334	0.0
210	967.0	0.0
220	1715.0	0.0
230	358.3333333333333	0.0
240	790.6666666666666	0.0
250	1219.6666666666667	0.0
260	1187.6666666666667	0.0
270	1236.0	0.0
280	1236.0	0.0
290	1483.0	0.0
300	1061.0	0.0
310	956.6666666666666	0.0
320	1333.0	0.0
330	1263.6666666666667	0.0
340	1877.0	0.0
350	1809.0	0.0
360	1746.0	0.0
370	2025.0	0.0
380	2200.0	0.0
390	2250.6666666666665	0.0
400	1980.3333333333333	0.0
410	2070.3333333333335	0.0
420	1978.3333333333333	0.0
430	2232.3333333333335	0.0
440	2218.3333333333335	0.0
450	1960.3333333333333	0.0
460	2140.3333333333335	0.0
470	2069.6666666666665	0.0
480	2206.6666666666665	0.0
490	2332.3333333333335	0.0
500	1946.3333333333333	0.0
510	2280.0	0.0
520	2358.0	0.0
530	2498.0	0.0
540	2410.0	0.0
550	2359.8333333333335	0.0
560	2542.0	0.0
570	2560.1666666666665	0.0
580	2822.8333333333335	0.0
590	2631.0	0.0
600	2664.0	0.0
610	2448.3333333333335	0.0
620	2857.3333333333335	0.0
630	2466.0	0.0
640	2537.8333333333335	0.0
650	2544.3333333333335	0.0
660	2207.1666666666665	0.0
670	1981.8333333333333	0.0
680	2238.8333333333335	0.0
690	2130.5	0.0
700	2756.3333333333335	0.0
710	2959.0	0.0
720	2790.6666666666665	0.0
730	2649.6666666666665	0.0
740	3128.3333333333335	0.0
750	2441.6666666666665	0.0
760	2562.0	0.0
770	2887.6666666666665	0.0
780	2651.0	0.0
790	2670.0	0.0
800	2680.3333333333335	0.0
810	2379.3333333333335	0.0
820	2548.0	0.0
830	2922.0	0.0
840	2799.8333333333335	0.0
850	2845.8333333333335	0.0
860	2461.6666666666665	0.0
870	2710.3333333333335	0.0
880	2434.8333333333335	0.0
890	2743.3333333333335	0.0
900	2478.3333333333335	0.0
910	2648.6666666666665	0.0
920	2743.6666666666665	0.0
930	2373.6666666666665	0.0
940	2733.5	0.0
950	2502.3333333333335	0.0
960	2344.5	0.0
970	2089.8333333333335	0.0
980	1944.6666666666667	0.0
990	2069.3333333333335	0.0
1000	2626.3333333333335	0.0
