0	245.66666666666666	0.0
10	70.0	553.0
20	70.0	447.0
30	70.0	0.0
40	70.0	0.0
50	70.0	0.0
60	70.0	0.0
70	70.0	0.0
80	70.0	0.0
90	70.0	0.0
100	70.0	0.0
110	70.0	0.0
120	70.0	0.0
130	70.0	0.0
140	70.33333333333333	0.0
150	71.0	0.0
160	71.33333333333333	0.0
170	71.0	0.0
180	70.66666666666667	0.0
190	147.0	0.0
200	166.66666666666666	0.0
210	235.33333333333334	0.0
220	265.6666666666667	0.0
230	134.66666666666666	0.0
240	161.33333333333334	0.0
250	186.0	0.0
260	148.0	0.0
270	138.0	0.0
280	186.33333333333334	0.0
290	209.0	0.0
300	279.6666666666667	0.0
310	409.6666666666667	0.0
320	757.6666666666666	0.0
330	505.0	0.0
340	440.6666666666667	0.0
350	1117.3333333333333	0.0
360	923.0	0.0
370	1220.3333333333333	0.0
380	1206.6666666666667	0.0
390	1206.3333333333333	0.0
400	1259.0	0.0
410	1739.8333333333333	0.0
420	1720.3333333333333	0.0
430	1622.0	0.0
440	2099.0	0.0
450	1845.6666666666667	0.0
460	2131.6666666666665	0.0
470	2339.3333333333335	0.0
480	2118.5	0.0
490	2607.3333333333335	0.0
500	2168.0	0.0
510	2136.3333333333335	0.0
520	1987.6666666666667	0.0
530	2157.6666666666665	0.0
540	2076.0	0.0
550	2411.1666666666665	0.0
560	2442.6666666666665	0.0
570	2234.0	0.0
580	2282.6666666666665	0.0
590	2475.1666666666665	0.0
600	2237.6666666666665	0.0
610	2313.6666666666665	0.0
620	2565.0	0.0
630	2665.3333333333335	0.0
640	2039.1666666666667	0.0
650	1952.0	0.0
660	2326.6666666666665	0.0
670	2325.0	0.0
680	2402.5	0.0
690	2550.3333333333335	0.0
700	2856.5	0.0
710	2625.6666666666665	0.0
720	2837.8333333333335	0.0
730	2838.6666666666665	0.0
740	2674.6666666666665	0.0
750	2559.0	0.0
760	2299.5	0.0
770	2637.0	0.0
780	2346.0	0.0
790	2692.5	0.0
800	2864.3333333333335	0.0
810	2444.3333333333335	0.0
820	2611.8333333333335	0.0
830	2585.5	0.0
840	2814.8333333333335	0.0
850	2498.5	0.0
860	2635.0	0.0
870	2562.3333333333335	0.0
880	2557.6666666666665	0.0
890	2795.5	0.0
900	2703.3333333333335	0.0
910	2821.3333333333335	0.0
920	2509.0	0.0
930	2607.8333333333335	0.0
940	2784.1666666666665	0.0
950	2742.8333333333335	0.0
960	2749.5	0.0
970	2667.3333333333335	0.0
980	2834.8333333333335	0.0
990	2709.0	0.0
1000	2592.6666666666665	0.0
