0	252.3333333333334	0.0	0.0
10	2019.3222222222223	2.966666666666667	8355.566666666668
20	2030.2055555555553	2.966666666666667	8326.633333333333
30	2036.0000000000002	2.6	8757.233333333334
40	2075.6944444444443	3.3333333333333335	8630.133333333333
50	2067.211111111111	3.2	8499.266666666666
60	2062.9722222222217	3.1333333333333333	9137.566666666668
70	2060.8222222222225	3.3	9101.966666666667
80	2109.9111111111115	2.966666666666667	9156.4
90	2137.061111111111	3.0	8701.333333333334
100	2152.25	2.7333333333333334	8787.8
110	2166.7277777777776	3.433333333333333	8914.4
120	2130.511111111111	3.066666666666667	9706.566666666668
130	2183.5222222222224	2.933333333333333	9954.133333333333
140	2206.5333333333338	3.5	9373.933333333332
150	2208.0944444444444	4.0	8840.066666666668
160	2248.605555555556	3.066666666666667	9296.366666666667
170	2226.088888888889	2.8666666666666667	9275.933333333332
180	2290.083333333333	3.2	9468.366666666667
190	2259.2944444444447	3.2	8819.3
200	2234.0833333333335	3.066666666666667	9061.333333333334
210	2322.422222222222	2.533333333333333	9433.0
220	2348.4444444444443	3.3666666666666667	9248.233333333334
230	2355.561111111111	3.966666666666667	9185.333333333334
240	2338.638888888889	3.2666666666666666	9365.633333333333
250	2378.1388888888887	3.0	9204.933333333332
260	2409.366666666667	2.8	9035.566666666668
270	2407.694444444444	3.933333333333333	9913.533333333333
280	2426.733333333334	3.6	9298.166666666666
290	2425.477777777778	2.7	8951.166666666666
300	2480.4	3.566666666666667	9771.533333333333
310	2487.5999999999995	3.3666666666666667	9353.166666666666
320	2516.8222222222225	2.8	9659.9
330	2472.194444444445	3.1666666666666665	8801.2
340	2502.311111111111	3.0	9435.733333333334
350	2504.694444444444	3.066666666666667	8720.866666666667
360	2540.3444444444444	2.8333333333333335	8170.133333333333
370	2498.9444444444443	3.1333333333333333	9098.166666666666
380	2573.683333333333	3.1666666666666665	9671.133333333333
390	2568.916666666667	3.1333333333333333	8871.9
400	2558.9722222222217	2.966666666666667	9254.4
410	2545.072222222222	3.066666666666667	9333.8
420	2585.4444444444443	2.7	9343.966666666667
430	2592.555555555555	2.7	8515.066666666668
440	2576.6833333333334	3.3666666666666667	9254.8
450	2627.8055555555557	2.8333333333333335	9452.666666666666
460	2628.405555555555	3.6	9444.066666666668
470	2667.8055555555557	3.1666666666666665	9120.766666666666
480	2642.772222222223	3.2	9471.533333333333
490	2692.161111111111	2.7666666666666666	8970.6
500	2630.744444444445	2.6	9141.7
510	2642.5888888888885	3.2333333333333334	9426.766666666666
520	2655.8888888888887	3.0	9494.2
530	2703.6777777777784	3.3	9587.033333333333
540	2722.2	3.933333333333333	9387.133333333333
550	2655.227777777778	2.9	9572.933333333332
560	2705.416666666666	2.566666666666667	9224.0
570	2652.755555555556	2.8333333333333335	9888.0
580	2695.05	2.8333333333333335	9151.9
590	2670.0444444444443	2.7	9692.866666666667
600	2694.7166666666667	3.466666666666667	9562.566666666668
610	2730.6944444444443	3.5	9743.566666666668
620	2694.2055555555557	3.2333333333333334	9150.2
630	2715.644444444444	2.6333333333333333	9668.433333333332
640	2714.0277777777783	2.433333333333333	8909.366666666667
650	2694.666666666667	2.566666666666667	10040.366666666667
660	2760.133333333333	3.2	9559.533333333333
670	2724.4277777777775	2.8333333333333335	9573.633333333333
680	2741.666666666667	2.7666666666666666	9820.366666666667
690	2809.322222222222	2.5	9959.066666666668
700	2787.244444444444	2.9	9160.866666666667
710	2731.4388888888893	2.8666666666666667	9418.6
720	2795.444444444444	2.6333333333333333	9892.566666666668
730	2780.2888888888892	3.3333333333333335	9972.166666666666
740	2801.7388888888886	2.7	9828.033333333333
750	2784.4111111111115	2.933333333333333	9540.133333333333
760	2751.383333333333	3.2666666666666666	9817.8
770	2824.9333333333334	2.8666666666666667	9899.733333333334
780	2817.061111111111	2.6333333333333333	9972.7
790	2834.411111111111	2.566666666666667	10181.233333333334
800	2848.994444444445	2.2	10174.933333333332
810	2860.8999999999996	2.5	10095.7
820	2873.1611111111106	3.066666666666667	10331.933333333332
830	2898.738888888889	2.3666666666666667	10227.9
840	2887.744444444444	3.3	10462.0
850	2868.1444444444446	2.7	9727.666666666666
860	2933.494444444445	3.066666666666667	10003.333333333334
870	2890.938888888889	3.3333333333333335	10377.633333333333
880	2935.516666666666	2.6333333333333333	9835.833333333334
890	2914.855555555556	2.7	9978.1
900	2918.611111111111	2.933333333333333	10443.133333333333
910	2941.8222222222225	2.8	9915.4
920	2970.2888888888892	2.933333333333333	9488.433333333332
930	2939.944444444445	2.533333333333333	10417.733333333334
940	2943.8722222222227	2.3333333333333335	10495.166666666666
950	2976.0833333333335	2.566666666666667	9950.8
960	3003.4555555555544	2.8666666666666667	10162.433333333332
970	2990.6055555555554	2.2333333333333334	10339.733333333334
980	3000.6611111111106	2.7666666666666666	9513.8
990	3047.2722222222224	2.3333333333333335	9555.033333333333
1000	3070.3055555555547	2.566666666666667	9961.433333333332
