0	218.66666666666666	0.0	0.0
10	2046.0	1.0	9634.0
20	2135.5	2.0	8019.0
30	1892.3333333333333	2.0	9444.0
40	2067.6666666666665	7.0	7449.0
50	2043.1666666666667	6.0	9338.0
60	2219.1666666666665	3.0	12648.0
70	2161.8333333333335	1.0	7845.0
80	2133.3333333333335	1.0	6511.0
90	2175.5	1.0	7833.0
100	2127.3333333333335	2.0	9142.0
110	1996.0	1.0	9656.0
120	2253.3333333333335	4.0	7932.0
130	2149.8333333333335	2.0	12130.0
140	2165.5	4.0	8034.0
150	2242.6666666666665	4.0	8431.0
160	2222.8333333333335	4.0	8936.0
170	2290.8333333333335	6.0	10995.0
180	2312.0	2.0	12238.0
190	2128.6666666666665	3.0	6773.0
200	2399.1666666666665	4.0	8616.0
210	2430.0	3.0	11457.0
220	2287.6666666666665	9.0	9610.0
230	2245.8333333333335	0.0	8084.0
240	2566.8333333333335	3.0	8082.0
250	2490.6666666666665	4.0	8952.0
260	2388.5	7.0	9980.0
270	2451.5	4.0	9619.0
280	2474.1666666666665	3.0	8595.0
290	2308.0	2.0	10207.0
300	2407.1666666666665	2.0	9472.0
310	2188.0	2.0	8353.0
320	2541.8333333333335	5.0	10377.0
330	2442.5	7.0	6559.0
340	2639.5	0.0	8423.0
350	2531.8333333333335	1.0	8078.0
360	2556.1666666666665	1.0	7039.0
370	2430.3333333333335	3.0	9380.0
380	2491.6666666666665	6.0	13157.0
390	2326.3333333333335	2.0	6985.0
400	2473.1666666666665	4.0	8856.0
410	2367.1666666666665	1.0	10222.0
420	2732.5	3.0	7727.0
430	2510.6666666666665	0.0	5595.0
440	2418.5	2.0	9699.0
450	2712.5	0.0	8950.0
460	2510.8333333333335	4.0	11310.0
470	2790.5	3.0	7157.0
480	2710.1666666666665	0.0	9300.0
490	2797.0	5.0	10380.0
500	2789.3333333333335	2.0	8552.0
510	2825.8333333333335	7.0	12957.0
520	2748.3333333333335	1.0	5157.0
530	2643.3333333333335	6.0	11104.0
540	2587.1666666666665	3.0	11734.0
550	2602.0	6.0	12007.0
560	2807.0	3.0	9488.0
570	2515.5	2.0	9579.0
580	2688.5	6.0	12319.0
590	2679.3333333333335	3.0	11550.0
600	2695.3333333333335	4.0	10015.0
610	2844.1666666666665	0.0	6263.0
620	2902.8333333333335	2.0	8168.0
630	3106.8333333333335	2.0	9684.0
640	2915.3333333333335	2.0	5139.0
650	3046.8333333333335	3.0	9384.0
660	2513.1666666666665	3.0	9027.0
670	2652.3333333333335	2.0	8160.0
680	2676.0	0.0	8347.0
690	2804.6666666666665	2.0	11296.0
700	3041.0	5.0	10431.0
710	2644.5	3.0	8969.0
720	2950.8333333333335	7.0	9675.0
730	2974.3333333333335	0.0	7549.0
740	3207.6666666666665	2.0	7938.0
750	2783.1666666666665	5.0	9803.0
760	3088.3333333333335	3.0	9742.0
770	3161.5	5.0	11576.0
780	3196.5	0.0	9172.0
790	3031.6666666666665	0.0	9387.0
800	3122.6666666666665	1.0	9358.0
810	2820.5	1.0	11265.0
820	3000.3333333333335	5.0	13793.0
830	3105.1666666666665	2.0	11166.0
840	3234.1666666666665	5.0	8878.0
850	2934.3333333333335	1.0	9754.0
860	2909.3333333333335	3.0	8254.0
870	3157.6666666666665	2.0	10841.0
880	3041.8333333333335	1.0	10084.0
890	3132.3333333333335	1.0	5768.0
900	3267.8333333333335	2.0	11931.0
910	3110.0	1.0	7391.0
920	3055.8333333333335	2.0	7112.0
930	3153.5	1.0	7972.0
940	3245.5	1.0	13069.0
950	2832.3333333333335	5.0	7576.0
960	3053.8333333333335	0.0	9073.0
970	3076.6666666666665	1.0	8240.0
980	3012.3333333333335	3.0	7956.0
990	2863.6666666666665	0.0	7351.0
1000	2997.5	2.0	7392.0
