0	251.66666666666666	0.0	0.0
10	1895.8333333333333	1.0	7785.0
20	2151.1666666666665	6.0	6601.0
30	2026.3333333333333	5.0	9096.0
40	1859.6666666666667	3.0	7479.0
50	2100.1666666666665	1.0	9977.0
60	2061.6666666666665	7.0	8991.0
70	2199.8333333333335	5.0	12485.0
80	1990.1666666666667	2.0	10629.0
90	2206.5	7.0	9914.0
100	2106.3333333333335	5.0	9356.0
110	2167.6666666666665	6.0	8255.0
120	2130.0	2.0	7986.0
130	2217.3333333333335	4.0	12509.0
140	2465.5	8.0	11698.0
150	2242.0	1.0	7977.0
160	2235.5	2.0	10871.0
170	2138.8333333333335	2.0	11131.0
180	2266.3333333333335	4.0	9265.0
190	2370.1666666666665	1.0	6546.0
200	2398.8333333333335	1.0	9088.0
210	2301.1666666666665	1.0	7944.0
220	2217.5	6.0	11909.0
230	2464.5	7.0	9514.0
240	2261.1666666666665	3.0	12301.0
250	2241.0	5.0	8677.0
260	2498.8333333333335	1.0	7480.0
270	2441.3333333333335	1.0	13302.0
280	2497.5	1.0	11697.0
290	2445.1666666666665	6.0	7525.0
300	2555.0	3.0	15645.0
310	2517.3333333333335	4.0	5951.0
320	2651.6666666666665	0.0	9089.0
330	2822.8333333333335	4.0	11386.0
340	2471.1666666666665	9.0	9930.0
350	2552.0	4.0	8952.0
360	2421.1666666666665	7.0	8304.0
370	2710.1666666666665	6.0	11925.0
380	2655.0	4.0	11063.0
390	2849.3333333333335	3.0	8676.0
400	2776.3333333333335	2.0	10763.0
410	2849.5	1.0	7336.0
420	2575.6666666666665	4.0	9472.0
430	2810.6666666666665	5.0	9436.0
440	2673.3333333333335	4.0	7824.0
450	2748.6666666666665	8.0	6072.0
460	2887.5	1.0	10092.0
470	2781.1666666666665	5.0	9820.0
480	2876.6666666666665	1.0	8022.0
490	2863.1666666666665	2.0	9017.0
500	2549.5	2.0	10611.0
510	2662.0	3.0	8096.0
520	2647.1666666666665	7.0	10843.0
530	2520.6666666666665	2.0	10677.0
540	3004.6666666666665	3.0	8990.0
550	2616.0	2.0	9616.0
560	2785.5	1.0	10166.0
570	3050.1666666666665	6.0	10498.0
580	2825.3333333333335	4.0	8381.0
590	3006.5	1.0	10194.0
600	2802.3333333333335	5.0	8561.0
610	2711.5	4.0	6952.0
620	2707.8333333333335	6.0	10554.0
630	2755.3333333333335	0.0	8580.0
640	2811.6666666666665	2.0	12053.0
650	2876.6666666666665	1.0	11102.0
660	3037.1666666666665	3.0	6804.0
670	3022.6666666666665	2.0	10465.0
680	2809.8333333333335	2.0	9420.0
690	2954.5	2.0	9425.0
700	2831.6666666666665	2.0	7637.0
710	2595.0	2.0	9830.0
720	2791.3333333333335	1.0	13183.0
730	3027.8333333333335	2.0	8368.0
740	2966.0	2.0	8043.0
750	2842.0	4.0	12081.0
760	2818.6666666666665	1.0	7841.0
770	2737.3333333333335	2.0	9843.0
780	2971.0	3.0	11063.0
790	3312.5	5.0	9825.0
800	3378.6666666666665	2.0	12776.0
810	3014.0	4.0	12685.0
820	2950.0	1.0	6589.0
830	2924.6666666666665	2.0	8443.0
840	3006.0	2.0	10544.0
850	2870.6666666666665	4.0	10493.0
860	3125.0	0.0	8265.0
870	2877.6666666666665	6.0	11427.0
880	3346.6666666666665	4.0	10230.0
890	3212.8333333333335	4.0	8893.0
900	3175.5	3.0	10747.0
910	2948.6666666666665	3.0	10388.0
920	2942.1666666666665	0.0	11672.0
930	3126.5	4.0	14165.0
940	2821.8333333333335	1.0	10054.0
950	3189.6666666666665	2.0	10715.0
960	3109.3333333333335	5.0	13545.0
970	3293.5	6.0	12532.0
980	3473.3333333333335	9.0	9780.0
990	3350.6666666666665	2.0	11627.0
1000	2930.8333333333335	2.0	11820.0
