0	227.0	0.0	0.0
10	2145.6666666666665	6.0	7822.0
20	2071.5	3.0	8532.0
30	1905.3333333333333	0.0	10230.0
40	2002.1666666666667	1.0	11773.0
50	1923.6666666666667	1.0	7344.0
60	2084.6666666666665	6.0	8702.0
70	1969.3333333333333	1.0	7729.0
80	2204.0	0.0	9211.0
90	2136.0	8.0	8089.0
100	2158.0	4.0	6948.0
110	2212.5	1.0	10276.0
120	2279.1666666666665	3.0	10620.0
130	2151.3333333333335	4.0	8361.0
140	2326.3333333333335	2.0	11621.0
150	2184.5	3.0	8060.0
160	2077.6666666666665	1.0	9097.0
170	2362.6666666666665	3.0	12686.0
180	2326.1666666666665	2.0	9741.0
190	2115.1666666666665	1.0	7076.0
200	2193.3333333333335	1.0	7920.0
210	2220.3333333333335	7.0	10525.0
220	2476.1666666666665	1.0	11353.0
230	2419.3333333333335	5.0	11638.0
240	2423.5	2.0	7265.0
250	2480.0	3.0	9177.0
260	2317.8333333333335	4.0	7472.0
270	2423.8333333333335	3.0	8983.0
280	2429.5	3.0	9993.0
290	2539.3333333333335	5.0	7778.0
300	2489.0	1.0	9407.0
310	2681.6666666666665	1.0	7803.0
320	2419.5	3.0	9064.0
330	2582.8333333333335	4.0	10839.0
340	2482.6666666666665	4.0	10420.0
350	2808.6666666666665	1.0	8452.0
360	2788.0	4.0	10659.0
370	2577.8333333333335	5.0	9708.0
380	2812.3333333333335	2.0	8791.0
390	2768.3333333333335	9.0	11177.0
400	2666.3333333333335	0.0	6060.0
410	2897.5	4.0	10184.0
420	2299.8333333333335	4.0	9816.0
430	2860.1666666666665	2.0	9613.0
440	2741.3333333333335	5.0	9477.0
450	2696.6666666666665	9.0	9423.0
460	2383.5	5.0	10186.0
470	2811.6666666666665	1.0	8047.0
480	2663.0	3.0	10539.0
490	2685.6666666666665	5.0	8973.0
500	2627.8333333333335	2.0	9384.0
510	2864.5	2.0	9790.0
520	2509.8333333333335	5.0	9530.0
530	2928.8333333333335	3.0	9739.0
540	2862.1666666666665	7.0	10800.0
550	2762.6666666666665	1.0	7160.0
560	2577.6666666666665	2.0	8902.0
570	2927.6666666666665	4.0	9132.0
580	2660.3333333333335	1.0	8888.0
590	2726.0	4.0	8651.0
600	2466.8333333333335	3.0	9466.0
610	2953.5	8.0	10334.0
620	2755.6666666666665	4.0	6933.0
630	3063.5	5.0	11752.0
640	2685.1666666666665	3.0	9070.0
650	2574.0	0.0	9255.0
660	2558.1666666666665	4.0	13883.0
670	2747.6666666666665	1.0	9975.0
680	2858.3333333333335	4.0	10110.0
690	2816.0	3.0	10444.0
700	3204.0	6.0	8484.0
710	2692.0	3.0	13700.0
720	2920.1666666666665	1.0	8973.0
730	2628.5	5.0	10891.0
740	2909.3333333333335	4.0	9165.0
750	2687.0	3.0	5557.0
760	2775.3333333333335	4.0	9292.0
770	2789.6666666666665	2.0	9225.0
780	2623.0	2.0	9522.0
790	2721.3333333333335	2.0	12741.0
800	2636.0	3.0	11943.0
810	2928.5	2.0	9324.0
820	2947.3333333333335	5.0	14535.0
830	3179.0	2.0	8682.0
840	3011.8333333333335	5.0	12942.0
850	2896.5	0.0	7496.0
860	2852.6666666666665	1.0	7276.0
870	2957.8333333333335	1.0	7877.0
880	2795.3333333333335	1.0	5654.0
890	2984.3333333333335	4.0	11027.0
900	2941.3333333333335	3.0	12246.0
910	3103.3333333333335	2.0	10015.0
920	2929.3333333333335	1.0	7994.0
930	2974.5	4.0	10073.0
940	2990.8333333333335	3.0	10461.0
950	3289.6666666666665	2.0	8833.0
960	3366.3333333333335	4.0	10217.0
970	3132.6666666666665	0.0	10799.0
980	2919.8333333333335	2.0	10489.0
990	3244.5	4.0	7146.0
1000	3010.6666666666665	1.0	11917.0
