0	261.3333333333333	0.0	0.0
10	1982.5	5.0	8510.0
20	2112.1666666666665	3.0	5906.0
30	2031.1666666666667	4.0	11624.0
40	2111.8333333333335	3.0	6475.0
50	1879.3333333333333	2.0	8669.0
60	1931.5	3.0	8140.0
70	1950.6666666666667	2.0	8671.0
80	2240.3333333333335	3.0	9154.0
90	2063.6666666666665	3.0	7934.0
100	2059.6666666666665	1.0	7517.0
110	2217.3333333333335	11.0	11994.0
120	2123.0	1.0	6282.0
130	2213.3333333333335	5.0	11061.0
140	1999.1666666666667	1.0	9135.0
150	2346.6666666666665	5.0	9613.0
160	2274.6666666666665	7.0	13298.0
170	2199.1666666666665	2.0	9392.0
180	2331.0	1.0	6979.0
190	2161.1666666666665	2.0	7149.0
200	2267.0	4.0	9629.0
210	2083.8333333333335	3.0	6881.0
220	2389.8333333333335	3.0	8737.0
230	2256.3333333333335	3.0	6729.0
240	2283.5	1.0	10457.0
250	2380.3333333333335	8.0	11864.0
260	2160.5	1.0	6694.0
270	2533.3333333333335	9.0	13010.0
280	2260.6666666666665	3.0	8452.0
290	2324.3333333333335	3.0	7246.0
300	2435.1666666666665	5.0	8077.0
310	2554.8333333333335	2.0	10746.0
320	2453.8333333333335	2.0	8881.0
330	2385.5	0.0	8236.0
340	2478.0	4.0	11748.0
350	2342.3333333333335	2.0	9558.0
360	2523.3333333333335	3.0	6717.0
370	2520.3333333333335	1.0	6152.0
380	2633.3333333333335	5.0	10778.0
390	2293.5	3.0	7429.0
400	2578.1666666666665	4.0	9883.0
410	2713.8333333333335	6.0	14564.0
420	2631.8333333333335	1.0	6747.0
430	2570.1666666666665	2.0	8037.0
440	2535.8333333333335	4.0	6306.0
450	2390.6666666666665	2.0	8942.0
460	2681.6666666666665	8.0	9182.0
470	2925.5	3.0	9133.0
480	2384.1666666666665	2.0	5617.0
490	2565.1666666666665	3.0	10868.0
500	2407.0	1.0	9223.0
510	2750.1666666666665	1.0	8085.0
520	2729.8333333333335	2.0	10333.0
530	2631.1666666666665	4.0	8236.0
540	2982.5	3.0	9114.0
550	2709.6666666666665	1.0	9560.0
560	2686.0	5.0	9679.0
570	2364.8333333333335	5.0	9176.0
580	2317.8333333333335	4.0	10091.0
590	2529.1666666666665	6.0	11372.0
600	2536.5	3.0	9506.0
610	2503.8333333333335	4.0	8366.0
620	2774.8333333333335	0.0	6619.0
630	2587.1666666666665	0.0	6673.0
640	2763.0	3.0	10096.0
650	2610.8333333333335	1.0	9355.0
660	2921.3333333333335	1.0	8652.0
670	2833.1666666666665	2.0	6921.0
680	2538.6666666666665	2.0	9552.0
690	2533.0	1.0	10719.0
700	2609.6666666666665	1.0	8032.0
710	2897.0	9.0	10028.0
720	2802.6666666666665	3.0	11389.0
730	2891.6666666666665	3.0	8719.0
740	2767.1666666666665	4.0	8832.0
750	2599.3333333333335	5.0	11589.0
760	2741.0	6.0	11892.0
770	2666.3333333333335	2.0	11555.0
780	2535.5	1.0	10445.0
790	2802.6666666666665	4.0	12029.0
800	2732.5	9.0	11726.0
810	2774.1666666666665	7.0	10648.0
820	2822.1666666666665	3.0	13223.0
830	3171.3333333333335	4.0	10569.0
840	2718.8333333333335	4.0	11649.0
850	3014.6666666666665	4.0	14726.0
860	3033.6666666666665	3.0	11132.0
870	2924.1666666666665	3.0	9839.0
880	2861.3333333333335	3.0	7570.0
890	2820.1666666666665	1.0	8123.0
900	3106.1666666666665	5.0	13421.0
910	3023.6666666666665	2.0	11703.0
920	3072.6666666666665	3.0	11731.0
930	3036.3333333333335	1.0	10916.0
940	3175.3333333333335	1.0	9864.0
950	3051.6666666666665	3.0	10280.0
960	3153.6666666666665	1.0	8127.0
970	2957.6666666666665	1.0	10152.0
980	3139.8333333333335	1.0	10145.0
990	3046.0	4.0	10547.0
1000	3053.3333333333335	7.0	9303.0
