0	224.0	0.0	0.0
10	2057.0	3.0	10308.0
20	2077.0	1.0	11788.0
30	2120.0	1.0	5907.0
40	1983.1666666666667	5.0	9420.0
50	2055.8333333333335	7.0	10522.0
60	2061.0	0.0	8393.0
70	1882.5	2.0	10872.0
80	2071.5	4.0	7430.0
90	2292.8333333333335	2.0	10639.0
100	2044.0	2.0	7318.0
110	2118.3333333333335	3.0	9927.0
120	2268.8333333333335	4.0	10476.0
130	2152.1666666666665	3.0	8755.0
140	2066.1666666666665	2.0	8239.0
150	2271.3333333333335	4.0	6926.0
160	2102.5	0.0	5868.0
170	2173.6666666666665	3.0	9175.0
180	2254.3333333333335	4.0	9275.0
190	2251.6666666666665	4.0	9993.0
200	2082.0	6.0	8249.0
210	2242.1666666666665	6.0	11131.0
220	2451.1666666666665	4.0	10024.0
230	2452.0	1.0	8709.0
240	2358.8333333333335	4.0	13001.0
250	2467.3333333333335	3.0	10014.0
260	2430.3333333333335	0.0	5646.0
270	2387.3333333333335	6.0	9803.0
280	2418.6666666666665	4.0	11730.0
290	2571.3333333333335	2.0	9406.0
300	2517.3333333333335	3.0	9644.0
310	2651.6666666666665	0.0	8581.0
320	2687.6666666666665	3.0	8278.0
330	2567.3333333333335	1.0	8582.0
340	2688.8333333333335	2.0	8068.0
350	2474.0	5.0	10510.0
360	2593.0	5.0	12017.0
370	2809.3333333333335	0.0	9660.0
380	2673.6666666666665	8.0	11359.0
390	2819.8333333333335	0.0	8203.0
400	2602.3333333333335	5.0	7424.0
410	2438.6666666666665	5.0	10970.0
420	2758.6666666666665	2.0	10792.0
430	2640.1666666666665	2.0	7652.0
440	2816.1666666666665	4.0	10943.0
450	2754.6666666666665	5.0	8444.0
460	2662.1666666666665	6.0	11791.0
470	2670.8333333333335	4.0	9377.0
480	2837.0	2.0	9955.0
490	2562.6666666666665	2.0	7889.0
500	2681.8333333333335	2.0	11877.0
510	2794.5	7.0	10150.0
520	2929.6666666666665	5.0	11333.0
530	2595.0	1.0	8330.0
540	2669.5	4.0	10668.0
550	2587.0	2.0	9548.0
560	2808.5	5.0	10239.0
570	2681.3333333333335	6.0	10558.0
580	2750.1666666666665	5.0	10361.0
590	2631.6666666666665	1.0	11152.0
600	2453.8333333333335	3.0	12992.0
610	2682.3333333333335	2.0	7728.0
620	2713.8333333333335	3.0	7379.0
630	2691.8333333333335	4.0	7522.0
640	2934.5	1.0	9106.0
650	2513.3333333333335	3.0	10059.0
660	2846.3333333333335	1.0	9190.0
670	2969.6666666666665	10.0	7369.0
680	2642.8333333333335	3.0	10682.0
690	2909.5	5.0	8639.0
700	2953.3333333333335	6.0	9820.0
710	2718.8333333333335	5.0	12818.0
720	3159.8333333333335	2.0	8509.0
730	2828.3333333333335	5.0	10066.0
740	3049.5	1.0	11488.0
750	2782.8333333333335	1.0	6980.0
760	2879.6666666666665	1.0	12319.0
770	2934.1666666666665	8.0	13664.0
780	2819.8333333333335	2.0	13173.0
790	2491.5	1.0	7931.0
800	2774.6666666666665	2.0	10400.0
810	2839.6666666666665	2.0	7713.0
820	2855.0	3.0	9744.0
830	2731.3333333333335	3.0	12263.0
840	3039.6666666666665	5.0	7882.0
850	3311.8333333333335	1.0	10394.0
860	3039.3333333333335	0.0	9606.0
870	2834.3333333333335	3.0	10617.0
880	3093.8333333333335	5.0	14788.0
890	2950.8333333333335	3.0	9871.0
900	3146.5	1.0	8901.0
910	3194.6666666666665	0.0	8338.0
920	3184.1666666666665	3.0	9425.0
930	3269.1666666666665	1.0	9652.0
940	2950.3333333333335	2.0	11372.0
950	3280.5	0.0	11212.0
960	2819.0	0.0	7894.0
970	3068.6666666666665	2.0	8762.0
980	2791.0	2.0	7099.0
990	2880.1666666666665	3.0	7550.0
1000	3244.1666666666665	4.0	8496.0
