0	233.0	0.0	0.0	0.0	0.0	0.0	0.0
10	70.0	0.0	0.0	0.0	0.0	0.0	0.0
20	70.0	0.0	0.0	0.0	0.0	0.0	0.0
30	70.0	0.0	0.0	0.0	0.0	0.0	0.0
40	70.0	0.0	0.0	0.0	0.0	0.0	0.0
50	70.0	0.0	0.0	0.0	0.0	0.0	0.0
60	70.0	0.0	0.0	0.0	0.0	0.0	0.0
70	70.0	0.0	0.0	0.0	0.0	0.0	0.0
80	70.0	0.0	0.0	0.0	0.0	0.0	0.0
90	70.0	0.0	0.0	0.0	0.0	0.0	0.0
100	70.0	0.0	0.0	0.0	0.0	0.0	0.0
110	70.0	0.0	0.0	0.0	0.0	0.0	0.0
120	70.0	0.0	0.0	0.0	0.0	0.0	0.0
130	70.0	0.0	0.0	0.0	0.0	0.0	0.0
140	70.0	0.0	0.0	0.0	0.0	0.0	0.0
150	70.0	0.0	0.0	0.0	0.0	0.0	0.0
160	70.0	0.0	0.0	0.0	0.0	0.0	0.0
170	70.0	0.0	1.0	0.0	0.0	0.0	0.0
180	70.33333333333333	0.0	0.0	0.0	0.0	0.0	0.0
190	71.66666666666667	0.0	0.0	0.0	0.0	0.0	0.0
200	73.0	0.0	0.0	0.0	0.0	0.0	0.0
210	72.0	0.0	0.0	0.0	0.0	0.0	0.0
220	70.0	0.0	0.0	0.0	0.0	0.0	0.0
230	72.66666666666667	0.0	0.0	0.0	0.0	0.0	0.0
240	71.66666666666667	0.0	0.0	0.0	0.0	0.0	0.0
250	70.33333333333333	0.0	0.0	0.0	0.0	0.0	0.0
260	99.66666666666667	0.0	0.0	0.0	0.0	0.0	0.0
270	162.33333333333334	2.0	51.0	0.0	2.0	0.0	0.0
280	206.33333333333334	0.0	3.0	0.0	0.0	0.0	0.0
290	255.33333333333334	0.0	0.0	0.0	0.0	0.0	0.0
300	158.33333333333334	0.0	4.0	0.0	0.0	0.0	0.0
310	184.33333333333334	1.0	19.0	0.0	1.0	0.0	0.0
320	182.66666666666666	1.0	21.0	3.0	1.0	3.0	0.0
330	186.0	2.0	9.0	0.0	2.0	0.0	0.0
340	149.33333333333334	1.0	15.0	0.0	1.0	0.0	0.0
350	204.0	1.0	44.0	0.0	1.0	0.0	0.0
360	154.66666666666666	1.0	43.0	2.0	1.0	2.0	0.0
370	185.33333333333334	3.0	43.0	0.0	3.0	0.0	0.0
380	330.0	1.0	6.0	1.0	0.0	0.0	1.0
390	211.33333333333334	0.0	0.0	0.0	0.0	0.0	0.0
400	447.3333333333333	2.0	31.0	4.0	1.0	3.0	1.0
410	344.3333333333333	1.0	26.0	2.0	1.0	2.0	0.0
420	710.6666666666666	0.0	0.0	0.0	0.0	0.0	0.0
430	498.3333333333333	2.0	29.0	3.0	1.0	2.0	1.0
440	727.3333333333334	0.0	19.0	1.0	0.0	1.0	0.0
450	729.3333333333334	0.0	1.0	0.0	0.0	0.0	0.0
460	1088.0	0.0	20.0	0.0	0.0	0.0	0.0
470	1751.3333333333333	0.0	84.0	1.0	0.0	1.0	0.0
480	1429.5	0.0	67.0	1.0	0.0	1.0	0.0
490	1592.1666666666667	2.0	49.0	3.0	1.0	2.0	1.0
500	1584.6666666666667	1.0	74.0	5.0	0.0	4.0	1.0
510	1770.3333333333333	1.0	25.0	0.0	1.0	0.0	0.0
520	2317.6666666666665	2.0	141.0	5.0	1.0	4.0	1.0
530	2010.6666666666667	1.0	67.0	2.0	0.0	1.0	1.0
540	1730.8333333333333	0.0	25.0	0.0	0.0	0.0	0.0
550	2299.1666666666665	4.0	103.0	7.0	0.0	3.0	4.0
560	1901.3333333333333	1.0	40.0	2.0	1.0	2.0	0.0
570	1647.6666666666667	1.0	33.0	2.0	0.0	1.0	1.0
580	2583.0	5.0	117.0	8.0	3.0	6.0	2.0
590	2148.6666666666665	6.0	265.0	7.0	2.0	3.0	4.0
600	2057.8333333333335	2.0	146.0	4.0	2.0	4.0	0.0
610	2046.6666666666667	13.0	27.0	15.0	0.0	2.0	13.0
620	2268.1666666666665	0.0	2.0	1.0	0.0	1.0	0.0
630	2396.3333333333335	5.0	41.0	5.0	1.0	1.0	4.0
640	2152.5	1.0	21.0	1.0	0.0	0.0	1.0
650	2247.3333333333335	4.0	143.0	5.0	2.0	3.0	2.0
660	2073.6666666666665	0.0	11.0	0.0	0.0	0.0	0.0
670	2339.6666666666665	1.0	55.0	3.0	1.0	3.0	0.0
680	2482.5	1.0	63.0	2.0	1.0	1.0	0.0
690	2507.3333333333335	0.0	28.0	1.0	0.0	1.0	0.0
700	2738.0	1.0	82.0	5.0	0.0	4.0	1.0
710	2667.8333333333335	1.0	84.0	9.0	0.0	8.0	1.0
720	2532.6666666666665	0.0	7.0	0.0	0.0	0.0	0.0
730	2554.3333333333335	0.0	89.0	0.0	0.0	0.0	0.0
740	2440.6666666666665	2.0	98.0	4.0	1.0	3.0	1.0
750	2854.5	17.0	35.0	17.0	0.0	0.0	17.0
760	2697.3333333333335	1.0	63.0	4.0	1.0	4.0	0.0
770	2557.6666666666665	4.0	139.0	6.0	3.0	4.0	1.0
780	2680.0	1.0	58.0	0.0	1.0	0.0	0.0
790	2612.3333333333335	1.0	41.0	2.0	0.0	1.0	1.0
800	2512.6666666666665	0.0	85.0	3.0	0.0	3.0	0.0
810	2454.6666666666665	1.0	41.0	1.0	0.0	0.0	1.0
820	2446.0	2.0	45.0	5.0	0.0	3.0	2.0
830	2461.3333333333335	2.0	240.0	12.0	1.0	10.0	1.0
840	2770.1666666666665	0.0	114.0	3.0	0.0	3.0	0.0
850	2619.0	1.0	21.0	4.0	0.0	3.0	1.0
860	2502.3333333333335	0.0	0.0	0.0	0.0	0.0	0.0
870	2667.6666666666665	4.0	175.0	11.0	0.0	7.0	4.0
880	2430.5	1.0	42.0	3.0	0.0	2.0	1.0
890	2633.6666666666665	0.0	34.0	1.0	0.0	1.0	0.0
900	2538.1666666666665	0.0	74.0	2.0	0.0	2.0	0.0
910	2266.6666666666665	0.0	73.0	2.0	0.0	2.0	0.0
920	2605.1666666666665	1.0	73.0	3.0	1.0	3.0	0.0
930	2819.0	0.0	6.0	1.0	0.0	1.0	0.0
940	2588.6666666666665	0.0	28.0	4.0	0.0	4.0	0.0
950	2631.3333333333335	0.0	100.0	3.0	0.0	3.0	0.0
960	2001.8333333333333	0.0	53.0	3.0	0.0	3.0	0.0
970	2430.0	1.0	146.0	4.0	0.0	3.0	1.0
980	2704.5	27.0	105.0	28.0	0.0	1.0	27.0
990	2617.5	0.0	80.0	3.0	0.0	3.0	0.0
1000	2568.0	0.0	4.0	0.0	0.0	0.0	0.0
