0	268.0	0.0	0.0	0.0	0.0	0.0	0.0
10	70.0	0.0	0.0	0.0	0.0	0.0	0.0
20	70.0	0.0	0.0	0.0	0.0	0.0	0.0
30	70.0	0.0	0.0	0.0	0.0	0.0	0.0
40	70.0	0.0	0.0	0.0	0.0	0.0	0.0
50	70.0	0.0	0.0	0.0	0.0	0.0	0.0
60	70.0	0.0	0.0	0.0	0.0	0.0	0.0
70	70.0	0.0	0.0	0.0	0.0	0.0	0.0
80	70.0	0.0	0.0	0.0	0.0	0.0	0.0
90	70.0	0.0	0.0	0.0	0.0	0.0	0.0
100	70.0	0.0	0.0	0.0	0.0	0.0	0.0
110	70.0	0.0	0.0	0.0	0.0	0.0	0.0
120	70.0	0.0	0.0	0.0	0.0	0.0	0.0
130	70.0	0.0	0.0	0.0	0.0	0.0	0.0
140	70.0	0.0	0.0	0.0	0.0	0.0	0.0
150	70.0	0.0	1.0	0.0	0.0	0.0	0.0
160	70.0	0.0	0.0	0.0	0.0	0.0	0.0
170	70.0	0.0	0.0	0.0	0.0	0.0	0.0
180	70.66666666666667	0.0	0.0	0.0	0.0	0.0	0.0
190	71.33333333333333	0.0	0.0	0.0	0.0	0.0	0.0
200	70.0	0.0	0.0	0.0	0.0	0.0	0.0
210	70.33333333333333	0.0	0.0	0.0	0.0	0.0	0.0
220	70.66666666666667	0.0	0.0	0.0	0.0	0.0	0.0
230	74.0	0.0	0.0	0.0	0.0	0.0	0.0
240	71.0	0.0	0.0	0.0	0.0	0.0	0.0
250	155.0	0.0	0.0	0.0	0.0	0.0	0.0
260	133.0	0.0	0.0	0.0	0.0	0.0	0.0
270	203.0	0.0	0.0	0.0	0.0	0.0	0.0
280	255.66666666666666	2.0	32.0	1.0	2.0	1.0	0.0
290	321.3333333333333	1.0	19.0	2.0	1.0	2.0	0.0
300	339.3333333333333	2.0	24.0	1.0	2.0	1.0	0.0
310	246.66666666666666	0.0	10.0	0.0	0.0	0.0	0.0
320	205.0	1.0	16.0	0.0	1.0	0.0	0.0
330	187.33333333333334	2.0	44.0	0.0	2.0	0.0	0.0
340	172.66666666666666	0.0	0.0	0.0	0.0	0.0	0.0
350	146.66666666666666	1.0	29.0	0.0	1.0	0.0	0.0
360	138.0	0.0	1.0	1.0	0.0	1.0	0.0
370	130.33333333333334	0.0	3.0	0.0	0.0	0.0	0.0
380	157.0	96.0	103.0	95.0	4.0	3.0	92.0
390	301.0	1.0	2.0	1.0	0.0	0.0	1.0
400	238.0	0.0	52.0	3.0	0.0	3.0	0.0
410	330.0	4.0	24.0	4.0	0.0	0.0	4.0
420	478.0	0.0	1.0	1.0	0.0	1.0	0.0
430	843.3333333333334	3.0	125.0	7.0	1.0	5.0	2.0
440	870.3333333333334	0.0	16.0	0.0	0.0	0.0	0.0
450	828.3333333333334	2.0	20.0	3.0	1.0	2.0	1.0
460	823.0	18.0	34.0	20.0	0.0	2.0	18.0
470	1083.6666666666667	0.0	12.0	0.0	0.0	0.0	0.0
480	1239.0	2.0	10.0	2.0	0.0	0.0	2.0
490	1425.3333333333333	2.0	6.0	2.0	0.0	0.0	2.0
500	1922.3333333333333	0.0	71.0	2.0	0.0	2.0	0.0
510	1917.3333333333333	0.0	1.0	0.0	0.0	0.0	0.0
520	2127.3333333333335	5.0	72.0	5.0	0.0	0.0	5.0
530	2320.3333333333335	1.0	69.0	2.0	0.0	1.0	1.0
540	2107.3333333333335	0.0	25.0	0.0	0.0	0.0	0.0
550	2244.3333333333335	1.0	136.0	5.0	0.0	4.0	1.0
560	2529.8333333333335	0.0	21.0	1.0	0.0	1.0	0.0
570	2226.3333333333335	1.0	74.0	1.0	0.0	0.0	1.0
580	2222.6666666666665	0.0	72.0	5.0	0.0	5.0	0.0
590	2402.6666666666665	1.0	93.0	3.0	1.0	3.0	0.0
600	2447.3333333333335	1.0	53.0	1.0	1.0	1.0	0.0
610	2465.0	0.0	19.0	1.0	0.0	1.0	0.0
620	2108.6666666666665	1.0	10.0	1.0	1.0	1.0	0.0
630	2506.6666666666665	0.0	4.0	0.0	0.0	0.0	0.0
640	2551.5	0.0	40.0	2.0	0.0	2.0	0.0
650	2262.6666666666665	4.0	135.0	3.0	1.0	0.0	3.0
660	2546.8333333333335	1.0	59.0	0.0	1.0	0.0	0.0
670	2452.6666666666665	2.0	70.0	7.0	0.0	5.0	2.0
680	2310.1666666666665	1.0	42.0	0.0	1.0	0.0	0.0
690	2580.3333333333335	30.0	72.0	27.0	3.0	0.0	27.0
700	2370.1666666666665	20.0	158.0	26.0	1.0	7.0	19.0
710	2304.0	1.0	78.0	2.0	1.0	2.0	0.0
720	2421.3333333333335	23.0	115.0	25.0	3.0	5.0	20.0
730	2534.1666666666665	4.0	31.0	3.0	1.0	0.0	3.0
740	2614.1666666666665	0.0	119.0	2.0	0.0	2.0	0.0
750	2537.8333333333335	3.0	114.0	7.0	0.0	4.0	3.0
760	2414.3333333333335	2.0	329.0	7.0	1.0	6.0	1.0
770	2492.1666666666665	1.0	97.0	3.0	1.0	3.0	0.0
780	2215.3333333333335	2.0	29.0	2.0	1.0	1.0	1.0
790	2717.6666666666665	0.0	66.0	2.0	0.0	2.0	0.0
800	2305.1666666666665	0.0	12.0	1.0	0.0	1.0	0.0
810	2392.0	2.0	57.0	4.0	0.0	2.0	2.0
820	2297.1666666666665	0.0	66.0	1.0	0.0	1.0	0.0
830	2154.8333333333335	1.0	36.0	2.0	1.0	2.0	0.0
840	2422.6666666666665	0.0	179.0	1.0	0.0	1.0	0.0
850	2473.6666666666665	0.0	1.0	0.0	0.0	0.0	0.0
860	2510.0	1.0	148.0	4.0	1.0	4.0	0.0
870	2831.3333333333335	2.0	143.0	4.0	0.0	2.0	2.0
880	2509.8333333333335	0.0	4.0	0.0	0.0	0.0	0.0
890	2324.6666666666665	0.0	197.0	3.0	0.0	3.0	0.0
900	2461.3333333333335	1.0	80.0	6.0	0.0	5.0	1.0
910	2573.3333333333335	0.0	69.0	2.0	0.0	2.0	0.0
920	1909.0	1.0	76.0	4.0	0.0	3.0	1.0
930	2417.8333333333335	0.0	4.0	1.0	0.0	1.0	0.0
940	2802.0	7.0	63.0	7.0	1.0	1.0	6.0
950	2949.0	0.0	71.0	2.0	0.0	2.0	0.0
960	2682.6666666666665	1.0	50.0	2.0	1.0	2.0	0.0
970	2487.3333333333335	1.0	134.0	6.0	0.0	5.0	1.0
980	2767.0	0.0	57.0	1.0	0.0	1.0	0.0
990	2760.0	0.0	55.0	1.0	0.0	1.0	0.0
1000	2698.3333333333335	7.0	75.0	7.0	1.0	1.0	6.0
