0	263.6666666666667	0.0	0.0	0.0	0.0	0.0	0.0
10	70.0	0.0	0.0	0.0	0.0	0.0	0.0
20	70.0	0.0	0.0	0.0	0.0	0.0	0.0
30	70.0	0.0	0.0	0.0	0.0	0.0	0.0
40	70.0	0.0	0.0	0.0	0.0	0.0	0.0
50	70.0	0.0	0.0	0.0	0.0	0.0	0.0
60	70.0	0.0	0.0	0.0	0.0	0.0	0.0
70	70.0	0.0	0.0	0.0	0.0	0.0	0.0
80	70.0	0.0	0.0	0.0	0.0	0.0	0.0
90	70.0	0.0	0.0	0.0	0.0	0.0	0.0
100	70.0	0.0	0.0	0.0	0.0	0.0	0.0
110	70.0	0.0	0.0	0.0	0.0	0.0	0.0
120	70.0	0.0	0.0	0.0	0.0	0.0	0.0
130	70.0	0.0	0.0	0.0	0.0	0.0	0.0
140	70.0	0.0	0.0	0.0	0.0	0.0	0.0
150	70.0	0.0	0.0	0.0	0.0	0.0	0.0
160	70.33333333333333	0.0	0.0	0.0	0.0	0.0	0.0
170	70.0	0.0	0.0	0.0	0.0	0.0	0.0
180	70.0	0.0	0.0	0.0	0.0	0.0	0.0
190	71.66666666666667	0.0	0.0	0.0	0.0	0.0	0.0
200	71.66666666666667	0.0	0.0	0.0	0.0	0.0	0.0
210	72.0	0.0	0.0	0.0	0.0	0.0	0.0
220	71.66666666666667	0.0	0.0	0.0	0.0	0.0	0.0
230	70.33333333333333	0.0	0.0	0.0	0.0	0.0	0.0
240	72.0	0.0	0.0	0.0	0.0	0.0	0.0
250	169.66666666666666	0.0	0.0	0.0	0.0	0.0	0.0
260	123.33333333333333	0.0	4.0	0.0	0.0	0.0	0.0
270	319.6666666666667	0.0	0.0	0.0	0.0	0.0	0.0
280	174.0	2.0	15.0	0.0	2.0	0.0	0.0
290	201.33333333333334	1.0	18.0	0.0	1.0	0.0	0.0
300	172.33333333333334	1.0	52.0	1.0	0.0	0.0	1.0
310	254.0	1.0	13.0	0.0	1.0	0.0	0.0
320	146.33333333333334	0.0	0.0	0.0	0.0	0.0	0.0
330	147.33333333333334	1.0	12.0	0.0	1.0	0.0	0.0
340	154.66666666666666	0.0	0.0	0.0	0.0	0.0	0.0
350	138.0	0.0	23.0	3.0	0.0	3.0	0.0
360	130.0	22.0	53.0	22.0	1.0	1.0	21.0
370	147.0	0.0	8.0	1.0	0.0	1.0	0.0
380	207.33333333333334	0.0	4.0	0.0	0.0	0.0	0.0
390	530.6666666666666	0.0	0.0	0.0	0.0	0.0	0.0
400	579.3333333333334	0.0	2.0	0.0	0.0	0.0	0.0
410	779.0	0.0	1.0	1.0	0.0	1.0	0.0
420	921.6666666666666	7.0	2.0	7.0	0.0	0.0	7.0
430	573.6666666666666	3.0	2.0	2.0	1.0	0.0	2.0
440	573.0	1.0	40.0	0.0	1.0	0.0	0.0
450	938.0	0.0	10.0	1.0	0.0	1.0	0.0
460	1105.6666666666667	1.0	26.0	1.0	0.0	0.0	1.0
470	1231.0	2.0	56.0	1.0	2.0	1.0	0.0
480	1483.3333333333333	0.0	4.0	1.0	0.0	1.0	0.0
490	1472.3333333333333	1.0	28.0	1.0	1.0	1.0	0.0
500	1778.0	0.0	53.0	1.0	0.0	1.0	0.0
510	1798.6666666666667	1.0	156.0	6.0	0.0	5.0	1.0
520	2120.6666666666665	2.0	6.0	2.0	0.0	0.0	2.0
530	2337.0	1.0	5.0	2.0	0.0	1.0	1.0
540	2312.1666666666665	31.0	52.0	33.0	0.0	2.0	31.0
550	2259.6666666666665	5.0	20.0	5.0	0.0	0.0	5.0
560	2056.3333333333335	12.0	79.0	12.0	0.0	0.0	12.0
570	2158.6666666666665	0.0	52.0	1.0	0.0	1.0	0.0
580	2095.0	1.0	0.0	1.0	0.0	0.0	1.0
590	2106.3333333333335	4.0	64.0	3.0	2.0	1.0	2.0
600	2142.5	0.0	202.0	7.0	0.0	7.0	0.0
610	1978.0	0.0	23.0	0.0	0.0	0.0	0.0
620	2247.1666666666665	13.0	30.0	12.0	2.0	1.0	11.0
630	2043.0	6.0	52.0	8.0	0.0	2.0	6.0
640	2291.5	17.0	19.0	18.0	1.0	2.0	16.0
650	2664.3333333333335	0.0	87.0	3.0	0.0	3.0	0.0
660	2354.0	1.0	96.0	5.0	0.0	4.0	1.0
670	2139.0	0.0	30.0	1.0	0.0	1.0	0.0
680	2288.0	1.0	81.0	3.0	0.0	2.0	1.0
690	2754.0	0.0	4.0	0.0	0.0	0.0	0.0
700	2516.1666666666665	2.0	79.0	1.0	1.0	0.0	1.0
710	2562.0	2.0	26.0	3.0	2.0	3.0	0.0
720	2300.3333333333335	0.0	30.0	0.0	0.0	0.0	0.0
730	2607.6666666666665	0.0	20.0	1.0	0.0	1.0	0.0
740	2630.8333333333335	0.0	30.0	0.0	0.0	0.0	0.0
750	2679.5	1.0	66.0	1.0	1.0	1.0	0.0
760	2811.0	1.0	85.0	4.0	0.0	3.0	1.0
770	2383.8333333333335	2.0	80.0	5.0	0.0	3.0	2.0
780	2760.6666666666665	1.0	31.0	1.0	0.0	0.0	1.0
790	2608.5	0.0	138.0	5.0	0.0	5.0	0.0
800	2381.5	1.0	60.0	3.0	0.0	2.0	1.0
810	2445.6666666666665	0.0	72.0	2.0	0.0	2.0	0.0
820	2218.3333333333335	2.0	156.0	2.0	1.0	1.0	1.0
830	2259.3333333333335	1.0	104.0	3.0	1.0	3.0	0.0
840	2666.5	0.0	20.0	1.0	0.0	1.0	0.0
850	2608.3333333333335	0.0	85.0	2.0	0.0	2.0	0.0
860	2446.1666666666665	10.0	61.0	9.0	2.0	1.0	8.0
870	2445.6666666666665	0.0	91.0	4.0	0.0	4.0	0.0
880	2394.0	0.0	43.0	0.0	0.0	0.0	0.0
890	2275.5	0.0	76.0	4.0	0.0	4.0	0.0
900	2224.3333333333335	0.0	77.0	2.0	0.0	2.0	0.0
910	2570.0	1.0	67.0	4.0	0.0	3.0	1.0
920	2487.3333333333335	0.0	33.0	0.0	0.0	0.0	0.0
930	2536.1666666666665	0.0	26.0	0.0	0.0	0.0	0.0
940	2603.5	1.0	29.0	2.0	0.0	1.0	1.0
950	2561.5	0.0	32.0	1.0	0.0	1.0	0.0
960	2566.3333333333335	2.0	27.0	1.0	1.0	0.0	1.0
970	2719.1666666666665	0.0	65.0	2.0	0.0	2.0	0.0
980	2662.0	6.0	124.0	9.0	0.0	3.0	6.0
990	2561.0	0.0	145.0	3.0	0.0	3.0	0.0
1000	2684.6666666666665	2.0	141.0	7.0	0.0	5.0	2.0
