0	259.0	0.0
10	2144.3333333333335	1000.0
20	1931.1666666666667	0.0
30	1636.6666666666667	0.0
40	1894.6666666666667	0.0
50	2220.1666666666665	0.0
60	2003.0	0.0
70	2202.0	0.0
80	2035.1666666666667	0.0
90	2186.3333333333335	0.0
100	2115.0	0.0
110	2262.8333333333335	0.0
120	2083.5	0.0
130	2260.6666666666665	0.0
140	2153.3333333333335	0.0
150	2057.5	0.0
160	2161.0	0.0
170	2317.0	0.0
180	2354.6666666666665	0.0
190	2218.8333333333335	0.0
200	2331.0	0.0
210	2323.3333333333335	0.0
220	2345.3333333333335	0.0
230	2265.5	0.0
240	2377.6666666666665	0.0
250	2373.3333333333335	0.0
260	2526.5	0.0
270	2407.5	0.0
280	2398.1666666666665	0.0
290	2173.1666666666665	0.0
300	2440.5	0.0
310	2298.3333333333335	0.0
320	2345.6666666666665	0.0
330	2648.0	0.0
340	2425.0	0.0
350	2438.8333333333335	0.0
360	2518.5	0.0
370	2411.3333333333335	0.0
380	2421.8333333333335	0.0
390	2549.8333333333335	0.0
400	2429.3333333333335	0.0
410	2581.5	0.0
420	2377.0	0.0
430	2497.3333333333335	0.0
440	2724.3333333333335	0.0
450	2660.8333333333335	0.0
460	2821.6666666666665	0.0
470	2782.3333333333335	0.0
480	2729.6666666666665	0.0
490	2623.6666666666665	0.0
500	2414.0	0.0
510	2751.0	0.0
520	2578.5	0.0
530	2571.6666666666665	0.0
540	2875.0	0.0
550	2872.0	0.0
560	2590.0	0.0
570	2497.6666666666665	0.0
580	2660.5	0.0
590	2394.5	0.0
600	2616.0	0.0
610	2820.6666666666665	0.0
620	2648.5	0.0
630	2732.3333333333335	0.0
640	2863.6666666666665	0.0
650	2907.1666666666665	0.0
660	2904.0	0.0
670	2804.6666666666665	0.0
680	2823.6666666666665	0.0
690	2606.6666666666665	0.0
700	2893.1666666666665	0.0
710	2816.5	0.0
720	3161.6666666666665	0.0
730	3149.6666666666665	0.0
740	3064.6666666666665	0.0
750	2835.0	0.0
760	2772.6666666666665	0.0
770	2955.3333333333335	0.0
780	2794.8333333333335	0.0
790	2838.6666666666665	0.0
800	2794.1666666666665	0.0
810	2522.0	0.0
820	2986.0	0.0
830	3086.5	0.0
840	3115.5	0.0
850	2851.5	0.0
860	2851.1666666666665	0.0
870	2998.8333333333335	0.0
880	2912.0	0.0
890	3064.6666666666665	0.0
900	2634.6666666666665	0.0
910	2936.3333333333335	0.0
920	3213.1666666666665	0.0
930	3058.6666666666665	0.0
940	3090.6666666666665	0.0
950	3309.0	0.0
960	3073.3333333333335	0.0
970	3072.5	0.0
980	3143.8333333333335	0.0
990	2945.0	0.0
1000	3251.3333333333335	0.0
