0	242.66666666666666	0.0
10	1940.0	1000.0
20	1809.6666666666667	0.0
30	1925.5	0.0
40	2132.8333333333335	0.0
50	1952.5	0.0
60	2125.0	0.0
70	2039.0	0.0
80	2077.6666666666665	0.0
90	2120.3333333333335	0.0
100	2213.8333333333335	0.0
110	2102.3333333333335	0.0
120	1854.6666666666667	0.0
130	2148.8333333333335	0.0
140	2247.3333333333335	0.0
150	2235.5	0.0
160	2151.5	0.0
170	2074.0	0.0
180	2170.6666666666665	0.0
190	2131.1666666666665	0.0
200	2183.8333333333335	0.0
210	2427.6666666666665	0.0
220	2255.6666666666665	0.0
230	2250.0	0.0
240	2456.0	0.0
250	2118.5	0.0
260	2330.1666666666665	0.0
270	2318.1666666666665	0.0
280	2571.0	0.0
290	2424.8333333333335	0.0
300	2380.8333333333335	0.0
310	2430.3333333333335	0.0
320	2430.8333333333335	0.0
330	2421.3333333333335	0.0
340	2483.0	0.0
350	2611.0	0.0
360	2654.8333333333335	0.0
370	2375.1666666666665	0.0
380	2621.5	0.0
390	2926.1666666666665	0.0
400	2491.0	0.0
410	2577.0	0.0
420	2739.3333333333335	0.0
430	2600.3333333333335	0.0
440	2649.5	0.0
450	2764.1666666666665	0.0
460	2909.6666666666665	0.0
470	2713.8333333333335	0.0
480	2531.0	0.0
490	2604.3333333333335	0.0
500	2516.3333333333335	0.0
510	2935.3333333333335	0.0
520	2664.5	0.0
530	2755.3333333333335	0.0
540	2608.0	0.0
550	2604.0	0.0
560	2931.0	0.0
570	2635.6666666666665	0.0
580	2951.5	0.0
590	2865.1666666666665	0.0
600	2793.5	0.0
610	2688.0	0.0
620	2810.1666666666665	0.0
630	2965.8333333333335	0.0
640	2640.3333333333335	0.0
650	2737.0	0.0
660	2578.5	0.0
670	2703.3333333333335	0.0
680	2779.0	0.0
690	2708.6666666666665	0.0
700	2631.0	0.0
710	2907.8333333333335	0.0
720	2986.6666666666665	0.0
730	2756.5	0.0
740	2976.3333333333335	0.0
750	2941.8333333333335	0.0
760	2799.3333333333335	0.0
770	2896.5	0.0
780	2588.1666666666665	0.0
790	2569.6666666666665	0.0
800	2777.8333333333335	0.0
810	2695.0	0.0
820	2818.0	0.0
830	2856.3333333333335	0.0
840	3162.8333333333335	0.0
850	2937.3333333333335	0.0
860	3192.1666666666665	0.0
870	2827.8333333333335	0.0
880	2902.3333333333335	0.0
890	3053.5	0.0
900	3035.3333333333335	0.0
910	3256.0	0.0
920	2694.3333333333335	0.0
930	2767.3333333333335	0.0
940	2825.3333333333335	0.0
950	3014.0	0.0
960	2992.8333333333335	0.0
970	3067.5	0.0
980	2900.0	0.0
990	3111.0	0.0
1000	2998.5	0.0
