0	221.0	0.0
10	1825.6666666666667	1000.0
20	1791.0	0.0
30	1973.0	0.0
40	2007.6666666666667	0.0
50	1951.3333333333333	0.0
60	1970.1666666666667	0.0
70	1889.6666666666667	0.0
80	2069.6666666666665	0.0
90	1998.1666666666667	0.0
100	2119.5	0.0
110	2194.8333333333335	0.0
120	2069.1666666666665	0.0
130	2265.3333333333335	0.0
140	2221.0	0.0
150	2430.0	0.0
160	2239.5	0.0
170	2204.6666666666665	0.0
180	2462.1666666666665	0.0
190	2329.1666666666665	0.0
200	2234.5	0.0
210	2235.0	0.0
220	2363.1666666666665	0.0
230	2365.1666666666665	0.0
240	2381.8333333333335	0.0
250	2505.0	0.0
260	2492.5	0.0
270	2540.1666666666665	0.0
280	2391.6666666666665	0.0
290	2546.3333333333335	0.0
300	2394.3333333333335	0.0
310	2588.6666666666665	0.0
320	2421.1666666666665	0.0
330	2672.0	0.0
340	2591.8333333333335	0.0
350	2594.5	0.0
360	2577.6666666666665	0.0
370	2598.5	0.0
380	2819.3333333333335	0.0
390	2418.3333333333335	0.0
400	2551.5	0.0
410	2888.0	0.0
420	2737.0	0.0
430	2596.6666666666665	0.0
440	2706.0	0.0
450	2755.0	0.0
460	2363.6666666666665	0.0
470	2477.6666666666665	0.0
480	2764.5	0.0
490	2485.0	0.0
500	2704.6666666666665	0.0
510	2726.5	0.0
520	2654.8333333333335	0.0
530	2626.3333333333335	0.0
540	2765.0	0.0
550	2649.6666666666665	0.0
560	2812.0	0.0
570	2643.3333333333335	0.0
580	2529.3333333333335	0.0
590	2681.8333333333335	0.0
600	2741.8333333333335	0.0
610	3193.6666666666665	0.0
620	2752.5	0.0
630	2716.3333333333335	0.0
640	2601.5	0.0
650	2760.0	0.0
660	2833.8333333333335	0.0
670	2577.1666666666665	0.0
680	2862.6666666666665	0.0
690	2722.6666666666665	0.0
700	2939.0	0.0
710	2805.5	0.0
720	2946.1666666666665	0.0
730	2893.1666666666665	0.0
740	2964.3333333333335	0.0
750	2898.0	0.0
760	2811.5	0.0
770	2967.1666666666665	0.0
780	2705.0	0.0
790	2604.1666666666665	0.0
800	2827.5	0.0
810	3068.0	0.0
820	2474.8333333333335	0.0
830	2866.5	0.0
840	2875.5	0.0
850	2896.3333333333335	0.0
860	3084.0	0.0
870	2628.0	0.0
880	2604.6666666666665	0.0
890	2732.8333333333335	0.0
900	2888.3333333333335	0.0
910	2952.6666666666665	0.0
920	2807.1666666666665	0.0
930	2881.1666666666665	0.0
940	3136.0	0.0
950	2980.3333333333335	0.0
960	3093.6666666666665	0.0
970	3004.3333333333335	0.0
980	3224.6666666666665	0.0
990	2800.0	0.0
1000	3004.6666666666665	0.0
