0	262.0	0.0
10	1927.0	1000.0
20	2175.0	0.0
30	2071.5	0.0
40	2132.1666666666665	0.0
50	2177.1666666666665	0.0
60	2028.3333333333333	0.0
70	1974.3333333333333	0.0
80	2046.8333333333333	0.0
90	2108.1666666666665	0.0
100	2005.0	0.0
110	2016.5	0.0
120	2111.5	0.0
130	2222.5	0.0
140	2160.3333333333335	0.0
150	2278.3333333333335	0.0
160	2170.6666666666665	0.0
170	2328.1666666666665	0.0
180	2117.3333333333335	0.0
190	2388.1666666666665	0.0
200	2145.6666666666665	0.0
210	2446.1666666666665	0.0
220	2503.6666666666665	0.0
230	2301.8333333333335	0.0
240	2506.5	0.0
250	2546.6666666666665	0.0
260	2422.8333333333335	0.0
270	2613.3333333333335	0.0
280	2274.3333333333335	0.0
290	2372.3333333333335	0.0
300	2412.1666666666665	0.0
310	2385.0	0.0
320	2370.0	0.0
330	2518.5	0.0
340	2485.3333333333335	0.0
350	2315.5	0.0
360	2554.1666666666665	0.0
370	2232.6666666666665	0.0
380	2704.5	0.0
390	2613.0	0.0
400	2328.6666666666665	0.0
410	2379.6666666666665	0.0
420	2384.3333333333335	0.0
430	2512.0	0.0
440	2370.5	0.0
450	2353.0	0.0
460	2618.5	0.0
470	2491.5	0.0
480	2722.0	0.0
490	2641.0	0.0
500	2806.3333333333335	0.0
510	2769.8333333333335	0.0
520	2844.5	0.0
530	2774.5	0.0
540	2812.1666666666665	0.0
550	2863.6666666666665	0.0
560	2653.0	0.0
570	2632.0	0.0
580	2632.6666666666665	0.0
590	2550.1666666666665	0.0
600	3044.0	0.0
610	2540.3333333333335	0.0
620	2698.3333333333335	0.0
630	2704.6666666666665	0.0
640	2817.5	0.0
650	2687.0	0.0
660	2900.1666666666665	0.0
670	2704.3333333333335	0.0
680	2947.1666666666665	0.0
690	2790.1666666666665	0.0
700	2925.6666666666665	0.0
710	2596.6666666666665	0.0
720	2862.5	0.0
730	2617.6666666666665	0.0
740	3016.0	0.0
750	2856.3333333333335	0.0
760	2736.6666666666665	0.0
770	2947.5	0.0
780	2946.1666666666665	0.0
790	3007.8333333333335	0.0
800	2934.5	0.0
810	3016.8333333333335	0.0
820	2807.6666666666665	0.0
830	2722.6666666666665	0.0
840	2859.6666666666665	0.0
850	3047.5	0.0
860	2596.3333333333335	0.0
870	2973.8333333333335	0.0
880	2589.8333333333335	0.0
890	2780.3333333333335	0.0
900	3058.6666666666665	0.0
910	2718.0	0.0
920	2911.5	0.0
930	2791.1666666666665	0.0
940	2990.0	0.0
950	3007.3333333333335	0.0
960	2890.1666666666665	0.0
970	2674.0	0.0
980	2697.5	0.0
990	2980.5	0.0
1000	2945.3333333333335	0.0
