0	280.6666666666667	0.0	0.0	0.0	0.0	0.0	0.0
10	1876.1666666666667	494.0	5002.0	370.0	382.0	255.0	112.0
20	1803.0	506.0	4770.0	337.0	459.0	288.0	47.0
30	1832.3333333333333	0.0	0.0	0.0	0.0	0.0	0.0
40	2112.5	0.0	0.0	0.0	0.0	0.0	0.0
50	2080.0	0.0	0.0	0.0	0.0	0.0	0.0
60	2167.6666666666665	0.0	0.0	0.0	0.0	0.0	0.0
70	2149.6666666666665	0.0	0.0	0.0	0.0	0.0	0.0
80	1909.0	0.0	0.0	0.0	0.0	0.0	0.0
90	2160.3333333333335	0.0	0.0	0.0	0.0	0.0	0.0
100	2144.5	0.0	0.0	0.0	0.0	0.0	0.0
110	2139.8333333333335	0.0	0.0	0.0	0.0	0.0	0.0
120	2061.6666666666665	0.0	0.0	0.0	0.0	0.0	0.0
130	2134.3333333333335	0.0	0.0	0.0	0.0	0.0	0.0
140	2156.5	0.0	0.0	0.0	0.0	0.0	0.0
150	2075.5	0.0	0.0	0.0	0.0	0.0	0.0
160	2133.1666666666665	0.0	0.0	0.0	0.0	0.0	0.0
170	2149.8333333333335	0.0	0.0	0.0	0.0	0.0	0.0
180	2164.0	0.0	0.0	0.0	0.0	0.0	0.0
190	2246.8333333333335	0.0	0.0	0.0	0.0	0.0	0.0
200	2154.0	0.0	0.0	0.0	0.0	0.0	0.0
210	2399.3333333333335	0.0	0.0	0.0	0.0	0.0	0.0
220	2450.5	0.0	0.0	0.0	0.0	0.0	0.0
230	2283.6666666666665	0.0	0.0	0.0	0.0	0.0	0.0
240	2469.5	0.0	0.0	0.0	0.0	0.0	0.0
250	2352.6666666666665	0.0	0.0	0.0	0.0	0.0	0.0
260	2553.0	0.0	0.0	0.0	0.0	0.0	0.0
270	2546.5	0.0	0.0	0.0	0.0	0.0	0.0
280	2355.1666666666665	0.0	0.0	0.0	0.0	0.0	0.0
290	2554.1666666666665	0.0	0.0	0.0	0.0	0.0	0.0
300	2398.6666666666665	0.0	0.0	0.0	0.0	0.0	0.0
310	2711.8333333333335	0.0	0.0	0.0	0.0	0.0	0.0
320	2623.3333333333335	0.0	0.0	0.0	0.0	0.0	0.0
330	2430.8333333333335	0.0	0.0	0.0	0.0	0.0	0.0
340	2662.8333333333335	0.0	0.0	0.0	0.0	0.0	0.0
350	2780.0	0.0	0.0	0.0	0.0	0.0	0.0
360	2701.5	0.0	0.0	0.0	0.0	0.0	0.0
370	2292.5	0.0	0.0	0.0	0.0	0.0	0.0
380	2677.5	0.0	0.0	0.0	0.0	0.0	0.0
390	2575.1666666666665	0.0	0.0	0.0	0.0	0.0	0.0
400	2672.8333333333335	0.0	0.0	0.0	0.0	0.0	0.0
410	2632.3333333333335	0.0	0.0	0.0	0.0	0.0	0.0
420	2483.6666666666665	0.0	0.0	0.0	0.0	0.0	0.0
430	2522.3333333333335	0.0	0.0	0.0	0.0	0.0	0.0
440	2749.6666666666665	0.0	0.0	0.0	0.0	0.0	0.0
450	2690.0	0.0	0.0	0.0	0.0	0.0	0.0
460	2756.8333333333335	0.0	0.0	0.0	0.0	0.0	0.0
470	2894.1666666666665	0.0	0.0	0.0	0.0	0.0	0.0
480	2900.1666666666665	0.0	0.0	0.0	0.0	0.0	0.0
490	2445.5	0.0	0.0	0.0	0.0	0.0	0.0
500	2572.6666666666665	0.0	0.0	0.0	0.0	0.0	0.0
510	2828.8333333333335	0.0	0.0	0.0	0.0	0.0	0.0
520	2779.0	0.0	0.0	0.0	0.0	0.0	0.0
530	2872.3333333333335	0.0	0.0	0.0	0.0	0.0	0.0
540	2625.6666666666665	0.0	0.0	0.0	0.0	0.0	0.0
550	2409.6666666666665	0.0	0.0	0.0	0.0	0.0	0.0
560	2607.8333333333335	0.0	0.0	0.0	0.0	0.0	0.0
570	2625.1666666666665	0.0	0.0	0.0	0.0	0.0	0.0
580	2644.3333333333335	0.0	0.0	0.0	0.0	0.0	0.0
590	2588.3333333333335	0.0	0.0	0.0	0.0	0.0	0.0
600	2880.6666666666665	0.0	0.0	0.0	0.0	0.0	0.0
610	3001.5	0.0	0.0	0.0	0.0	0.0	0.0
620	2564.3333333333335	0.0	0.0	0.0	0.0	0.0	0.0
630	2619.0	0.0	0.0	0.0	0.0	0.0	0.0
640	2709.6666666666665	0.0	0.0	0.0	0.0	0.0	0.0
650	2796.1666666666665	0.0	0.0	0.0	0.0	0.0	0.0
660	2896.6666666666665	0.0	0.0	0.0	0.0	0.0	0.0
670	3002.3333333333335	0.0	0.0	0.0	0.0	0.0	0.0
680	2619.6666666666665	0.0	0.0	0.0	0.0	0.0	0.0
690	2966.8333333333335	0.0	0.0	0.0	0.0	0.0	0.0
700	2922.8333333333335	0.0	0.0	0.0	0.0	0.0	0.0
710	2840.0	0.0	0.0	0.0	0.0	0.0	0.0
720	2846.1666666666665	0.0	0.0	0.0	0.0	0.0	0.0
730	3058.6666666666665	0.0	0.0	0.0	0.0	0.0	0.0
740	2703.8333333333335	0.0	0.0	0.0	0.0	0.0	0.0
750	2617.0	0.0	0.0	0.0	0.0	0.0	0.0
760	3043.0	0.0	0.0	0.0	0.0	0.0	0.0
770	2870.6666666666665	0.0	0.0	0.0	0.0	0.0	0.0
780	3255.8333333333335	0.0	0.0	0.0	0.0	0.0	0.0
790	2915.8333333333335	0.0	0.0	0.0	0.0	0.0	0.0
800	2920.6666666666665	0.0	0.0	0.0	0.0	0.0	0.0
810	3072.1666666666665	0.0	0.0	0.0	0.0	0.0	0.0
820	2961.0	0.0	0.0	0.0	0.0	0.0	0.0
830	2896.6666666666665	0.0	0.0	0.0	0.0	0.0	0.0
840	2717.5	0.0	0.0	0.0	0.0	0.0	0.0
850	3018.1666666666665	0.0	0.0	0.0	0.0	0.0	0.0
860	3176.3333333333335	0.0	0.0	0.0	0.0	0.0	0.0
870	3020.3333333333335	0.0	0.0	0.0	0.0	0.0	0.0
880	3128.6666666666665	0.0	0.0	0.0	0.0	0.0	0.0
890	2845.5	0.0	0.0	0.0	0.0	0.0	0.0
900	3115.6666666666665	0.0	0.0	0.0	0.0	0.0	0.0
910	3330.8333333333335	0.0	0.0	0.0	0.0	0.0	0.0
920	3219.8333333333335	0.0	0.0	0.0	0.0	0.0	0.0
930	3067.8333333333335	0.0	0.0	0.0	0.0	0.0	0.0
940	3240.6666666666665	0.0	0.0	0.0	0.0	0.0	0.0
950	2958.1666666666665	0.0	0.0	0.0	0.0	0.0	0.0
960	2971.1666666666665	0.0	0.0	0.0	0.0	0.0	0.0
970	2888.1666666666665	0.0	0.0	0.0	0.0	0.0	0.0
980	3088.6666666666665	0.0	0.0	0.0	0.0	0.0	0.0
990	3037.6666666666665	0.0	0.0	0.0	0.0	0.0	0.0
1000	3415.1666666666665	0.0	0.0	0.0	0.0	0.0	0.0
