0	262.56666666666666
10	2012.4000000000005
20	2040.3166666666662
30	2055.622222222222
40	2086.4388888888884
50	2093.65
60	2140.4611111111108
70	2167.6888888888884
80	2161.3222222222225
90	2230.5
100	2273.4777777777776
110	2306.188888888889
120	2355.633333333333
130	2394.861111111111
140	2442.8388888888885
150	2426.7555555555546
160	2457.4277777777775
170	2509.6944444444443
180	2518.538888888888
190	2562.4833333333327
200	2624.905555555555
210	2605.4888888888886
220	2515.822222222223
230	2577.177777777778
240	2557.35
250	2593.6388888888887
260	2651.6611111111115
270	2586.8999999999996
280	2662.694444444444
290	2634.550000000001
300	2623.861111111111
310	2688.005555555555
320	2652.633333333333
330	2766.65
340	2774.822222222222
350	2817.777777777777
360	2872.6166666666663
370	2914.0722222222234
380	2896.6277777777786
390	2912.611111111111
400	2967.3777777777773
410	3105.677777777778
420	3001.8166666666666
430	3082.2944444444443
440	3117.7111111111103
450	3115.8055555555557
460	3261.755555555556
470	3329.411111111111
480	3272.1444444444446
490	3222.127777777778
500	3304.7
510	3372.4277777777784
520	3282.1888888888884
530	3355.805555555556
540	3352.5666666666657
550	3397.7111111111108
560	3410.3000000000006
570	3434.1444444444446
580	3487.683333333334
590	3482.0277777777783
600	3514.0888888888885
610	3562.644444444444
620	3568.7499999999995
630	3422.4833333333327
640	3489.25
650	3594.1444444444446
660	3508.994444444445
670	3536.4833333333345
680	3638.2000000000003
690	3552.005555555555
700	3620.0944444444453
710	3534.2166666666662
720	3628.1222222222223
730	3687.5944444444444
740	3704.3222222222225
750	3712.35
760	3695.016666666667
770	3634.366666666667
780	3719.6222222222214
790	3769.5
800	3717.266666666667
810	3714.366666666667
820	3727.65
830	3697.283333333334
840	3778.666666666667
850	3711.877777777778
860	3741.605555555556
870	3799.6999999999994
880	3757.283333333334
890	3738.261111111111
900	3736.1833333333334
910	3723.777777777778
920	3757.583333333335
930	3768.005555555556
940	3773.6277777777786
950	3764.45
960	3728.8944444444446
970	3744.8833333333328
980	3717.5944444444444
990	3741.855555555555
1000	3796.63888888889
