0	251.66666666666666
10	1949.5
20	1835.1666666666667
30	2065.3333333333335
40	2104.3333333333335
50	2139.5
60	1913.6666666666667
70	2169.6666666666665
80	2240.0
90	2148.0
100	2222.1666666666665
110	2160.3333333333335
120	2461.3333333333335
130	2488.8333333333335
140	2452.5
150	2482.6666666666665
160	1780.8333333333333
170	2478.6666666666665
180	2353.6666666666665
190	2210.5
200	2731.8333333333335
210	2509.6666666666665
220	1874.5
230	2607.5
240	2368.1666666666665
250	2602.6666666666665
260	2590.0
270	2630.5
280	2941.6666666666665
290	2788.6666666666665
300	2553.0
310	2797.6666666666665
320	3010.3333333333335
330	3012.6666666666665
340	2829.1666666666665
350	2787.6666666666665
360	2762.1666666666665
370	3265.8333333333335
380	2821.8333333333335
390	2829.6666666666665
400	3263.0
410	3141.0
420	2833.5
430	3535.1666666666665
440	3527.5
450	3348.5
460	3147.8333333333335
470	3284.6666666666665
480	2461.5
490	3286.8333333333335
500	3401.0
510	3147.8333333333335
520	3505.8333333333335
530	3290.8333333333335
540	3397.5
550	3032.3333333333335
560	3534.8333333333335
570	3930.1666666666665
580	3260.5
590	3337.1666666666665
600	3827.6666666666665
610	3745.8333333333335
620	3723.8333333333335
630	3114.6666666666665
640	3315.3333333333335
650	3991.8333333333335
660	4029.3333333333335
670	3876.3333333333335
680	3799.0
690	3624.6666666666665
700	3761.3333333333335
710	3361.1666666666665
720	3910.6666666666665
730	3947.5
740	3922.1666666666665
750	3801.3333333333335
760	3843.1666666666665
770	3696.3333333333335
780	3500.5
790	3920.1666666666665
800	3958.0
810	3831.8333333333335
820	3772.0
830	3393.1666666666665
840	3694.6666666666665
850	3624.6666666666665
860	3764.3333333333335
870	3592.8333333333335
880	3988.6666666666665
890	3780.3333333333335
900	3618.5
910	3560.0
920	4212.166666666667
930	3365.3333333333335
940	3963.1666666666665
950	4067.5
960	3820.1666666666665
970	3958.1666666666665
980	3602.5
990	3747.6666666666665
1000	3750.6666666666665
