0	277.0
10	2002.8333333333333
20	1870.0
30	1950.8333333333333
40	2043.0
50	2146.5
60	2199.1666666666665
70	2172.1666666666665
80	2162.8333333333335
90	2285.1666666666665
100	2087.5
110	2153.0
120	2472.8333333333335
130	2209.8333333333335
140	2391.0
150	2274.1666666666665
160	2217.1666666666665
170	2253.3333333333335
180	2320.3333333333335
190	2464.1666666666665
200	2245.0
210	2163.8333333333335
220	2398.8333333333335
230	2277.3333333333335
240	2658.0
250	2634.6666666666665
260	2458.5
270	2598.0
280	2683.3333333333335
290	2898.8333333333335
300	2818.6666666666665
310	2610.3333333333335
320	2555.8333333333335
330	2580.3333333333335
340	2548.0
350	2471.0
360	2444.1666666666665
370	2602.3333333333335
380	2547.5
390	2315.6666666666665
400	2059.5
410	2949.0
420	2451.3333333333335
430	2564.0
440	2785.1666666666665
450	2597.3333333333335
460	2741.0
470	2644.0
480	2870.5
490	2936.5
500	2728.6666666666665
510	2917.3333333333335
520	3234.0
530	3329.5
540	2990.5
550	3260.5
560	3076.6666666666665
570	3242.8333333333335
580	3573.3333333333335
590	3455.5
600	3276.6666666666665
610	3561.0
620	3161.6666666666665
630	3522.6666666666665
640	3474.8333333333335
650	3398.5
660	3351.6666666666665
670	3659.8333333333335
680	3893.5
690	3272.8333333333335
700	3315.8333333333335
710	3861.3333333333335
720	3899.5
730	3673.0
740	3862.5
750	3926.8333333333335
760	3659.0
770	3796.0
780	3557.8333333333335
790	3736.6666666666665
800	3798.3333333333335
810	3880.0
820	3227.5
830	3824.0
840	3628.1666666666665
850	3774.6666666666665
860	3712.5
870	3754.0
880	4042.5
890	3897.3333333333335
900	4139.5
910	3714.0
920	3668.5
930	3923.1666666666665
940	3682.6666666666665
950	3618.8333333333335
960	3422.6666666666665
970	3999.1666666666665
980	4073.6666666666665
990	3681.1666666666665
1000	4184.0
