0	279.3333333333333
10	2078.3333333333335
20	2128.6666666666665
30	2146.3333333333335
40	2036.8333333333333
50	2199.0
60	2213.5
70	2399.3333333333335
80	2324.6666666666665
90	2383.6666666666665
100	2463.5
110	2215.8333333333335
120	2483.0
130	2501.1666666666665
140	2343.0
150	2628.1666666666665
160	2520.6666666666665
170	2628.6666666666665
180	2759.1666666666665
190	2953.6666666666665
200	3008.1666666666665
210	2768.1666666666665
220	1958.8333333333333
230	2322.6666666666665
240	2598.8333333333335
250	2387.5
260	2696.5
270	2908.1666666666665
280	2964.8333333333335
290	2821.0
300	3003.6666666666665
310	2930.3333333333335
320	2910.6666666666665
330	2860.5
340	3441.5
350	2668.5
360	2763.0
370	3118.1666666666665
380	3695.1666666666665
390	3816.3333333333335
400	3679.5
410	3493.0
420	3301.3333333333335
430	3144.5
440	3042.1666666666665
450	3353.3333333333335
460	3300.1666666666665
470	3894.0
480	4045.5
490	3414.5
500	2995.0
510	3732.6666666666665
520	2956.3333333333335
530	3722.5
540	3037.3333333333335
550	3821.6666666666665
560	3827.0
570	2888.8333333333335
580	3984.3333333333335
590	3556.5
600	3439.8333333333335
610	3971.6666666666665
620	3750.8333333333335
630	2919.1666666666665
640	3579.8333333333335
650	3624.5
660	3911.1666666666665
670	3740.6666666666665
680	4074.3333333333335
690	3416.5
700	3461.0
710	2988.8333333333335
720	3250.5
730	3870.6666666666665
740	3795.3333333333335
750	3393.1666666666665
760	3306.6666666666665
770	3718.0
780	3445.8333333333335
790	3919.5
800	3251.8333333333335
810	3788.1666666666665
820	3961.5
830	3989.1666666666665
840	3824.5
850	3801.5
860	3419.1666666666665
870	3540.5
880	3555.6666666666665
890	3872.8333333333335
900	3764.0
910	3550.8333333333335
920	3946.1666666666665
930	3917.6666666666665
940	3193.5
950	3668.6666666666665
960	3891.3333333333335
970	3870.8333333333335
980	3667.6666666666665
990	3659.5
1000	3815.6666666666665
