0	247.33333333333334
10	2052.5
20	2076.0
30	2024.1666666666667
40	2062.0
50	1987.8333333333333
60	2284.5
70	2356.5
80	2290.3333333333335
90	2295.0
100	2447.8333333333335
110	2481.8333333333335
120	2524.1666666666665
130	2841.8333333333335
140	2386.0
150	2815.6666666666665
160	2585.3333333333335
170	2578.6666666666665
180	2609.6666666666665
190	2564.1666666666665
200	2597.0
210	2445.6666666666665
220	2463.6666666666665
230	2594.8333333333335
240	2400.5
250	2582.0
260	2337.0
270	2877.0
280	2572.3333333333335
290	2431.6666666666665
300	2698.5
310	2604.1666666666665
320	2908.6666666666665
330	2990.6666666666665
340	3000.8333333333335
350	2888.8333333333335
360	2804.1666666666665
370	3175.5
380	3217.1666666666665
390	3152.3333333333335
400	3130.5
410	3459.8333333333335
420	3127.3333333333335
430	2863.5
440	2844.6666666666665
450	3295.3333333333335
460	3256.8333333333335
470	3410.6666666666665
480	3619.0
490	3023.8333333333335
500	3758.8333333333335
510	3577.1666666666665
520	2812.3333333333335
530	3882.5
540	3609.0
550	3895.5
560	2861.6666666666665
570	3409.0
580	3424.0
590	3674.6666666666665
600	4014.0
610	3892.0
620	3966.1666666666665
630	3761.8333333333335
640	3538.1666666666665
650	3845.3333333333335
660	3727.1666666666665
670	3879.0
680	3659.1666666666665
690	3689.5
700	3911.3333333333335
710	3747.6666666666665
720	3558.6666666666665
730	3716.3333333333335
740	3507.0
750	3926.6666666666665
760	3877.0
770	3744.6666666666665
780	3454.8333333333335
790	3667.3333333333335
800	3946.6666666666665
810	3750.0
820	3804.1666666666665
830	3767.5
840	3667.5
850	3468.8333333333335
860	3848.1666666666665
870	3763.0
880	3561.0
890	3846.0
900	3759.6666666666665
910	3894.3333333333335
920	3987.3333333333335
930	3735.5
940	3223.8333333333335
950	3961.6666666666665
960	3516.8333333333335
970	3778.0
980	3519.6666666666665
990	3930.5
1000	3783.3333333333335
