0	249.33333333333334	0.0
10	103.0	1000.0
20	146.0	0.0
30	397.3333333333333	0.0
40	91.0	0.0
50	1000.6666666666666	0.0
60	1435.6666666666667	0.0
70	257.6666666666667	0.0
80	1900.5	0.0
90	1536.0	0.0
100	2639.3333333333335	0.0
110	2347.3333333333335	0.0
120	2520.8333333333335	0.0
130	2319.0	0.0
140	2268.6666666666665	0.0
150	2118.0	0.0
160	2336.6666666666665	0.0
170	2354.0	0.0
180	2383.0	0.0
190	2280.8333333333335	0.0
200	2209.1666666666665	0.0
210	1659.0	0.0
220	2030.0	0.0
230	2410.3333333333335	0.0
240	2074.3333333333335	0.0
250	2216.0	0.0
260	2253.6666666666665	0.0
270	2331.6666666666665	0.0
280	2103.0	0.0
290	2515.3333333333335	0.0
300	2594.0	0.0
310	1879.6666666666667	0.0
320	2516.0	0.0
330	2419.8333333333335	0.0
340	2254.0	0.0
350	2440.8333333333335	0.0
360	2324.3333333333335	0.0
370	2497.3333333333335	0.0
380	2306.6666666666665	0.0
390	1866.6666666666667	0.0
400	2274.6666666666665	0.0
410	2485.0	0.0
420	2335.3333333333335	0.0
430	2274.1666666666665	0.0
440	1809.5	0.0
450	2285.8333333333335	0.0
460	1925.3333333333333	0.0
470	1739.0	0.0
480	2016.6666666666667	0.0
490	2123.3333333333335	0.0
500	2474.0	0.0
510	1915.0	0.0
520	2032.3333333333333	0.0
530	2392.3333333333335	0.0
540	1814.8333333333333	0.0
550	2015.0	0.0
560	2033.6666666666667	0.0
570	1773.8333333333333	0.0
580	1153.3333333333333	0.0
590	2274.6666666666665	0.0
600	2068.0	0.0
610	2009.3333333333333	0.0
620	2219.3333333333335	0.0
630	2255.3333333333335	0.0
640	2091.3333333333335	0.0
650	1974.6666666666667	0.0
660	1789.0	0.0
670	2447.5	0.0
680	2134.3333333333335	0.0
690	2217.0	0.0
700	2424.0	0.0
710	1739.6666666666667	0.0
720	2259.3333333333335	0.0
730	2219.3333333333335	0.0
740	2445.6666666666665	0.0
750	2421.1666666666665	0.0
760	2547.3333333333335	0.0
770	2506.0	0.0
780	2520.0	0.0
790	2699.1666666666665	0.0
800	2292.0	0.0
810	2519.6666666666665	0.0
820	2411.0	0.0
830	2357.1666666666665	0.0
840	2632.0	0.0
850	2329.8333333333335	0.0
860	2347.6666666666665	0.0
870	2483.5	0.0
880	2516.1666666666665	0.0
890	2057.1666666666665	0.0
900	1694.3333333333333	0.0
910	2533.6666666666665	0.0
920	2629.1666666666665	0.0
930	2261.6666666666665	0.0
940	1662.0	0.0
950	1736.5	0.0
960	1780.8333333333333	0.0
970	2033.3333333333333	0.0
980	2540.3333333333335	0.0
990	1787.0	0.0
1000	1903.3333333333333	0.0
