0	258.6666666666667	0.0
10	96.66666666666667	716.0
20	99.0	284.0
30	92.0	0.0
40	74.0	0.0
50	71.0	0.0
60	831.0	0.0
70	240.0	0.0
80	1595.6666666666667	0.0
90	1761.6666666666667	0.0
100	2243.1666666666665	0.0
110	2282.0	0.0
120	2154.6666666666665	0.0
130	2203.6666666666665	0.0
140	2290.0	0.0
150	2463.6666666666665	0.0
160	1798.3333333333333	0.0
170	2066.3333333333335	0.0
180	2275.6666666666665	0.0
190	2471.3333333333335	0.0
200	2165.0	0.0
210	2421.1666666666665	0.0
220	2466.3333333333335	0.0
230	2238.3333333333335	0.0
240	2438.6666666666665	0.0
250	2479.6666666666665	0.0
260	2509.3333333333335	0.0
270	2504.5	0.0
280	1888.0	0.0
290	2346.0	0.0
300	2540.1666666666665	0.0
310	2280.8333333333335	0.0
320	2484.8333333333335	0.0
330	2511.3333333333335	0.0
340	2318.0	0.0
350	2632.5	0.0
360	2286.3333333333335	0.0
370	2479.1666666666665	0.0
380	2141.6666666666665	0.0
390	2564.6666666666665	0.0
400	2410.1666666666665	0.0
410	2324.0	0.0
420	2372.0	0.0
430	2487.6666666666665	0.0
440	2461.0	0.0
450	2461.0	0.0
460	2595.0	0.0
470	2000.0	0.0
480	1890.1666666666667	0.0
490	1895.3333333333333	0.0
500	1742.3333333333333	0.0
510	1962.0	0.0
520	2281.6666666666665	0.0
530	2157.6666666666665	0.0
540	2329.6666666666665	0.0
550	2225.0	0.0
560	2317.3333333333335	0.0
570	2350.1666666666665	0.0
580	2407.0	0.0
590	2323.6666666666665	0.0
600	1677.5	0.0
610	2044.3333333333333	0.0
620	1752.8333333333333	0.0
630	2152.3333333333335	0.0
640	1610.0	0.0
650	1739.3333333333333	0.0
660	2698.0	0.0
670	2431.0	0.0
680	2248.0	0.0
690	2455.6666666666665	0.0
700	2440.3333333333335	0.0
710	2166.6666666666665	0.0
720	2535.6666666666665	0.0
730	2597.1666666666665	0.0
740	2723.1666666666665	0.0
750	2544.8333333333335	0.0
760	2408.8333333333335	0.0
770	2217.3333333333335	0.0
780	2591.6666666666665	0.0
790	2508.1666666666665	0.0
800	2259.0	0.0
810	2489.0	0.0
820	2674.6666666666665	0.0
830	2366.3333333333335	0.0
840	1843.5	0.0
850	2113.0	0.0
860	1800.6666666666667	0.0
870	2489.3333333333335	0.0
880	2394.1666666666665	0.0
890	1742.8333333333333	0.0
900	1677.8333333333333	0.0
910	1920.0	0.0
920	2421.0	0.0
930	2055.1666666666665	0.0
940	2466.3333333333335	0.0
950	2448.6666666666665	0.0
960	2681.6666666666665	0.0
970	2569.3333333333335	0.0
980	2287.0	0.0
990	2570.0	0.0
1000	2458.0	0.0
