0	248.66666666666666	0.0
10	2037.1666666666667	9.0
20	2092.0	14.0
30	2112.6666666666665	11.0
40	2006.0	1.0
50	1987.6666666666667	6.0
60	2270.3333333333335	0.0
70	2176.0	1.0
80	2317.0	2.0
90	2230.8333333333335	4.0
100	2053.0	0.0
110	2219.1666666666665	8.0
120	2269.8333333333335	2.0
130	2279.3333333333335	11.0
140	2158.0	23.0
150	2517.8333333333335	15.0
160	2150.0	16.0
170	2452.1666666666665	8.0
180	2098.8333333333335	2.0
190	2198.6666666666665	10.0
200	2382.1666666666665	4.0
210	2465.5	3.0
220	2446.6666666666665	6.0
230	2248.1666666666665	1.0
240	2285.6666666666665	4.0
250	2733.1666666666665	10.0
260	2318.0	7.0
270	2651.5	4.0
280	2650.0	4.0
290	2668.0	6.0
300	2457.5	13.0
310	2237.1666666666665	7.0
320	2500.0	1.0
330	2574.5	8.0
340	2555.6666666666665	4.0
350	2629.3333333333335	1.0
360	2669.0	3.0
370	2402.0	0.0
380	2521.6666666666665	1.0
390	2736.8333333333335	7.0
400	2527.8333333333335	2.0
410	2394.3333333333335	4.0
420	2259.3333333333335	4.0
430	2756.0	8.0
440	2817.1666666666665	12.0
450	2385.6666666666665	0.0
460	2758.0	4.0
470	2457.5	3.0
480	2625.3333333333335	15.0
490	2905.5	10.0
500	2886.8333333333335	6.0
510	2759.8333333333335	10.0
520	2725.5	1.0
530	2883.6666666666665	14.0
540	2314.6666666666665	1.0
550	2695.5	12.0
560	2799.0	5.0
570	2814.0	1.0
580	2997.0	4.0
590	2986.5	7.0
600	2805.5	3.0
610	2930.0	4.0
620	3048.5	1.0
630	2796.8333333333335	2.0
640	2932.1666666666665	4.0
650	2838.3333333333335	4.0
660	2748.0	6.0
670	2752.8333333333335	4.0
680	2873.3333333333335	4.0
690	2801.0	4.0
700	2890.6666666666665	6.0
710	2916.6666666666665	1.0
720	3007.5	12.0
730	2928.0	1.0
740	2738.6666666666665	6.0
750	3083.0	11.0
760	2854.3333333333335	7.0
770	2962.8333333333335	12.0
780	3129.3333333333335	7.0
790	2853.1666666666665	6.0
800	3111.6666666666665	3.0
810	2914.8333333333335	12.0
820	2954.6666666666665	4.0
830	2906.3333333333335	13.0
840	2872.6666666666665	6.0
850	2754.5	8.0
860	2942.3333333333335	5.0
870	2766.8333333333335	10.0
880	2687.6666666666665	1.0
890	3114.0	4.0
900	2698.3333333333335	13.0
910	3063.6666666666665	17.0
920	3195.5	10.0
930	3009.1666666666665	4.0
940	2769.0	4.0
950	2959.6666666666665	8.0
960	3026.6666666666665	5.0
970	3184.1666666666665	5.0
980	3305.6666666666665	3.0
990	3022.1666666666665	11.0
1000	3141.5	7.0
