0	305.3333333333333	0.0
10	1970.5	7.0
20	1952.3333333333333	5.0
30	1998.1666666666667	5.0
40	2165.0	2.0
50	1870.1666666666667	5.0
60	2161.6666666666665	2.0
70	2103.1666666666665	10.0
80	2170.3333333333335	4.0
90	2107.3333333333335	5.0
100	2167.6666666666665	9.0
110	2300.3333333333335	12.0
120	2409.0	6.0
130	2143.8333333333335	3.0
140	2228.3333333333335	6.0
150	2172.5	3.0
160	2388.0	9.0
170	2385.8333333333335	1.0
180	2367.3333333333335	1.0
190	2426.3333333333335	1.0
200	2280.0	14.0
210	2336.6666666666665	7.0
220	2337.6666666666665	8.0
230	2297.1666666666665	16.0
240	2482.0	9.0
250	2401.8333333333335	0.0
260	2462.0	2.0
270	2576.8333333333335	24.0
280	2701.8333333333335	4.0
290	2232.0	17.0
300	2355.0	15.0
310	2569.3333333333335	6.0
320	2587.3333333333335	14.0
330	2776.0	5.0
340	2670.1666666666665	5.0
350	2603.8333333333335	12.0
360	2705.6666666666665	3.0
370	2542.1666666666665	11.0
380	2766.0	7.0
390	2771.1666666666665	1.0
400	2728.0	4.0
410	2816.6666666666665	3.0
420	2555.5	6.0
430	2729.0	3.0
440	2666.5	6.0
450	2753.3333333333335	6.0
460	2758.3333333333335	8.0
470	2957.6666666666665	3.0
480	2481.8333333333335	4.0
490	2816.0	2.0
500	2691.8333333333335	2.0
510	2908.5	8.0
520	2715.8333333333335	12.0
530	2874.0	2.0
540	2795.3333333333335	9.0
550	2583.8333333333335	3.0
560	2733.1666666666665	5.0
570	2985.5	11.0
580	2666.3333333333335	10.0
590	2715.1666666666665	6.0
600	2778.0	1.0
610	2993.5	3.0
620	2964.3333333333335	4.0
630	2843.5	6.0
640	3122.6666666666665	2.0
650	2565.0	6.0
660	2660.8333333333335	8.0
670	3040.1666666666665	3.0
680	2899.1666666666665	8.0
690	2969.5	8.0
700	2597.3333333333335	6.0
710	2928.3333333333335	7.0
720	2871.1666666666665	6.0
730	3060.8333333333335	14.0
740	3190.5	11.0
750	2974.8333333333335	2.0
760	3178.8333333333335	10.0
770	2930.3333333333335	7.0
780	2862.3333333333335	5.0
790	2999.6666666666665	8.0
800	3130.3333333333335	7.0
810	2779.6666666666665	11.0
820	3172.1666666666665	5.0
830	3235.5	1.0
840	2625.6666666666665	14.0
850	3249.1666666666665	7.0
860	3007.3333333333335	15.0
870	3463.6666666666665	9.0
880	3049.5	9.0
890	3123.1666666666665	7.0
900	3181.5	8.0
910	3106.0	7.0
920	3160.8333333333335	4.0
930	3106.6666666666665	0.0
940	3116.1666666666665	8.0
950	3145.1666666666665	6.0
960	3387.1666666666665	6.0
970	3220.8333333333335	8.0
980	3257.0	6.0
990	3431.5	14.0
1000	3061.1666666666665	24.0
