0	275.6666666666667	0.0	0.0
10	2177.0	189.0	8671.0
20	2016.0	347.0	11057.0
30	2206.0	347.0	10251.0
40	2009.3333333333333	117.0	8814.0
50	2160.1666666666665	0.0	7572.0
60	2187.0	0.0	8552.0
70	2233.1666666666665	0.0	7841.0
80	2053.6666666666665	0.0	6029.0
90	2094.3333333333335	0.0	7535.0
100	2052.1666666666665	0.0	8175.0
110	2127.3333333333335	0.0	6424.0
120	2022.8333333333333	0.0	6596.0
130	2328.5	0.0	6857.0
140	2287.1666666666665	0.0	7510.0
150	2180.6666666666665	0.0	10743.0
160	2087.6666666666665	0.0	11460.0
170	2289.1666666666665	0.0	8357.0
180	2102.1666666666665	0.0	11088.0
190	2302.0	0.0	9261.0
200	2413.0	0.0	9500.0
210	2282.0	0.0	9617.0
220	2219.0	0.0	7992.0
230	2465.0	0.0	9631.0
240	2364.5	0.0	12403.0
250	2294.8333333333335	0.0	7154.0
260	2262.5	0.0	8419.0
270	2515.6666666666665	0.0	8435.0
280	2413.3333333333335	0.0	9768.0
290	2202.3333333333335	0.0	8812.0
300	2334.1666666666665	0.0	10041.0
310	2343.5	0.0	11272.0
320	2472.6666666666665	0.0	9904.0
330	2536.5	0.0	6809.0
340	2384.0	0.0	9323.0
350	2542.6666666666665	0.0	11771.0
360	2435.6666666666665	0.0	9054.0
370	2800.6666666666665	0.0	11988.0
380	2643.8333333333335	0.0	7708.0
390	2419.3333333333335	0.0	9712.0
400	2527.1666666666665	0.0	10146.0
410	2735.6666666666665	0.0	7081.0
420	2333.6666666666665	0.0	8323.0
430	2676.1666666666665	0.0	9262.0
440	2526.5	0.0	12366.0
450	2419.8333333333335	0.0	9694.0
460	2405.0	0.0	8851.0
470	2695.8333333333335	0.0	7574.0
480	2666.5	0.0	10231.0
490	2408.3333333333335	0.0	12891.0
500	2889.5	0.0	10700.0
510	2821.6666666666665	0.0	7960.0
520	2640.3333333333335	0.0	6919.0
530	2664.8333333333335	0.0	12005.0
540	2768.1666666666665	0.0	7707.0
550	2664.3333333333335	0.0	9071.0
560	2578.6666666666665	0.0	9493.0
570	2739.0	0.0	8536.0
580	2506.5	0.0	8610.0
590	2564.3333333333335	0.0	8261.0
600	2726.6666666666665	0.0	7030.0
610	2935.1666666666665	0.0	8611.0
620	2670.1666666666665	0.0	9028.0
630	2920.6666666666665	0.0	7285.0
640	2290.0	0.0	6428.0
650	2689.3333333333335	0.0	10011.0
660	2645.1666666666665	0.0	12068.0
670	2471.6666666666665	0.0	10518.0
680	2755.3333333333335	0.0	7018.0
690	2988.6666666666665	0.0	9398.0
700	2864.6666666666665	0.0	9693.0
710	3032.3333333333335	0.0	11431.0
720	2798.8333333333335	0.0	10506.0
730	2661.1666666666665	0.0	12225.0
740	2981.6666666666665	0.0	10493.0
750	3009.8333333333335	0.0	8786.0
760	2958.6666666666665	0.0	8824.0
770	3049.8333333333335	0.0	12147.0
780	2838.8333333333335	0.0	11901.0
790	3021.8333333333335	0.0	5768.0
800	2598.8333333333335	0.0	9613.0
810	2964.0	0.0	10574.0
820	2757.5	0.0	6235.0
830	2925.3333333333335	0.0	11410.0
840	2643.0	0.0	6781.0
850	2807.1666666666665	0.0	10722.0
860	2906.1666666666665	0.0	9059.0
870	2882.3333333333335	0.0	9172.0
880	3145.6666666666665	0.0	9065.0
890	2682.1666666666665	0.0	9316.0
900	2902.0	0.0	11171.0
910	2967.0	0.0	14295.0
920	2625.6666666666665	0.0	11416.0
930	2947.1666666666665	0.0	12960.0
940	2753.3333333333335	0.0	10656.0
950	3030.8333333333335	0.0	10208.0
960	2982.8333333333335	0.0	10424.0
970	2758.6666666666665	0.0	9153.0
980	2983.3333333333335	0.0	10837.0
990	3066.3333333333335	0.0	11553.0
1000	2868.3333333333335	0.0	10441.0
