0	256.3333333333333	0.0	0.0
10	2100.3333333333335	255.0	9515.0
20	2118.5	412.0	11683.0
30	1861.0	333.0	9727.0
40	1935.6666666666667	0.0	10500.0
50	2137.3333333333335	0.0	9310.0
60	2038.5	0.0	9918.0
70	2146.0	0.0	8397.0
80	2183.0	0.0	8554.0
90	2224.8333333333335	0.0	8266.0
100	2232.6666666666665	0.0	8897.0
110	2105.3333333333335	0.0	10826.0
120	2164.5	0.0	7951.0
130	2211.6666666666665	0.0	7662.0
140	2374.1666666666665	0.0	6988.0
150	2174.0	0.0	10411.0
160	2384.3333333333335	0.0	10008.0
170	2188.8333333333335	0.0	13082.0
180	2396.8333333333335	0.0	8461.0
190	2370.6666666666665	0.0	13259.0
200	2614.5	0.0	11317.0
210	2621.5	0.0	9461.0
220	2266.5	0.0	9453.0
230	2421.8333333333335	0.0	11077.0
240	2544.8333333333335	0.0	9873.0
250	2533.1666666666665	0.0	7605.0
260	2592.5	0.0	11250.0
270	2301.6666666666665	0.0	6516.0
280	2409.3333333333335	0.0	7564.0
290	2483.0	0.0	5136.0
300	2352.0	0.0	7731.0
310	2630.8333333333335	0.0	8506.0
320	2720.3333333333335	0.0	7280.0
330	2454.1666666666665	0.0	7220.0
340	2373.3333333333335	0.0	5667.0
350	2388.0	0.0	7647.0
360	2642.1666666666665	0.0	10893.0
370	2330.3333333333335	0.0	7198.0
380	2504.1666666666665	0.0	7360.0
390	2569.8333333333335	0.0	10933.0
400	2765.1666666666665	0.0	10306.0
410	2687.0	0.0	6122.0
420	2658.8333333333335	0.0	8924.0
430	2518.3333333333335	0.0	9674.0
440	2689.0	0.0	8243.0
450	2471.5	0.0	7081.0
460	2713.1666666666665	0.0	6827.0
470	2856.0	0.0	7615.0
480	2434.3333333333335	0.0	10695.0
490	2371.5	0.0	9997.0
500	2751.1666666666665	0.0	7659.0
510	2522.6666666666665	0.0	6562.0
520	2865.6666666666665	0.0	8475.0
530	2432.3333333333335	0.0	8791.0
540	2400.3333333333335	0.0	8162.0
550	2686.5	0.0	9644.0
560	2644.8333333333335	0.0	9225.0
570	2773.1666666666665	0.0	10336.0
580	2666.8333333333335	0.0	7389.0
590	2511.6666666666665	0.0	8393.0
600	2660.1666666666665	0.0	7710.0
610	2557.5	0.0	8126.0
620	2570.1666666666665	0.0	9199.0
630	2627.8333333333335	0.0	7969.0
640	2379.6666666666665	0.0	9628.0
650	2540.3333333333335	0.0	9394.0
660	2692.3333333333335	0.0	13032.0
670	2714.6666666666665	0.0	10147.0
680	2753.5	0.0	10664.0
690	3014.6666666666665	0.0	13513.0
700	2866.0	0.0	11411.0
710	2719.3333333333335	0.0	9106.0
720	2810.0	0.0	10696.0
730	2734.0	0.0	8297.0
740	2573.0	0.0	10422.0
750	2864.5	0.0	13846.0
760	2697.6666666666665	0.0	11242.0
770	2968.5	0.0	8813.0
780	2795.6666666666665	0.0	12711.0
790	2909.6666666666665	0.0	9013.0
800	3000.6666666666665	0.0	7032.0
810	2984.1666666666665	0.0	10669.0
820	2967.6666666666665	0.0	7656.0
830	2916.6666666666665	0.0	9771.0
840	3093.1666666666665	0.0	12398.0
850	3256.1666666666665	0.0	8889.0
860	2898.8333333333335	0.0	9830.0
870	2813.5	0.0	9926.0
880	3049.8333333333335	0.0	10959.0
890	2836.3333333333335	0.0	7913.0
900	2788.5	0.0	12918.0
910	2807.0	0.0	7716.0
920	3205.8333333333335	0.0	12310.0
930	3095.1666666666665	0.0	11262.0
940	2751.3333333333335	0.0	8000.0
950	2790.3333333333335	0.0	12123.0
960	2969.6666666666665	0.0	11696.0
970	3146.8333333333335	0.0	9434.0
980	3130.6666666666665	0.0	10516.0
990	2994.6666666666665	0.0	9192.0
1000	3045.8333333333335	0.0	9768.0
