0	290.6666666666667	0.0
10	1186.6666666666667	1000.0
20	1428.6666666666667	0.0
30	1628.0	0.0
40	1895.3333333333333	0.0
50	1712.3333333333333	0.0
60	2041.3333333333333	0.0
70	2165.0	0.0
80	2210.1666666666665	0.0
90	2293.3333333333335	0.0
100	2235.0	0.0
110	1976.6666666666667	0.0
120	2079.0	0.0
130	2073.3333333333335	0.0
140	2301.6666666666665	0.0
150	2275.3333333333335	0.0
160	2342.6666666666665	0.0
170	2363.3333333333335	0.0
180	2262.0	0.0
190	2278.5	0.0
200	2352.0	0.0
210	2410.6666666666665	0.0
220	1796.6666666666667	0.0
230	2321.0	0.0
240	2234.6666666666665	0.0
250	1634.0	0.0
260	1379.0	0.0
270	1680.3333333333333	0.0
280	1663.5	0.0
290	2259.6666666666665	0.0
300	2547.0	0.0
310	2558.6666666666665	0.0
320	2433.0	0.0
330	2396.8333333333335	0.0
340	2592.8333333333335	0.0
350	2491.3333333333335	0.0
360	2349.0	0.0
370	1936.0	0.0
380	2130.5	0.0
390	2052.1666666666665	0.0
400	2042.0	0.0
410	1971.8333333333333	0.0
420	1714.5	0.0
430	1835.5	0.0
440	1956.0	0.0
450	1792.3333333333333	0.0
460	1758.0	0.0
470	2043.0	0.0
480	1598.5	0.0
490	1115.5	0.0
500	2107.8333333333335	0.0
510	2092.6666666666665	0.0
520	1010.6666666666666	0.0
530	2149.0	0.0
540	1806.0	0.0
550	1851.0	0.0
560	1849.8333333333333	0.0
570	1450.6666666666667	0.0
580	1623.8333333333333	0.0
590	1987.1666666666667	0.0
600	2157.3333333333335	0.0
610	1989.8333333333333	0.0
620	2158.6666666666665	0.0
630	2517.0	0.0
640	2268.1666666666665	0.0
650	2180.6666666666665	0.0
660	2420.0	0.0
670	2208.6666666666665	0.0
680	2239.6666666666665	0.0
690	2118.6666666666665	0.0
700	2359.0	0.0
710	2257.0	0.0
720	2665.8333333333335	0.0
730	2289.6666666666665	0.0
740	2283.5	0.0
750	2326.6666666666665	0.0
760	2363.1666666666665	0.0
770	2401.0	0.0
780	2535.0	0.0
790	2285.0	0.0
800	2212.3333333333335	0.0
810	2667.0	0.0
820	2684.6666666666665	0.0
830	2426.0	0.0
840	2400.6666666666665	0.0
850	1922.1666666666667	0.0
860	2509.3333333333335	0.0
870	1842.8333333333333	0.0
880	1827.3333333333333	0.0
890	1598.1666666666667	0.0
900	1957.5	0.0
910	2257.0	0.0
920	2411.3333333333335	0.0
930	2582.0	0.0
940	2701.3333333333335	0.0
950	2467.0	0.0
960	2384.3333333333335	0.0
970	2361.1666666666665	0.0
980	2263.6666666666665	0.0
990	1908.6666666666667	0.0
1000	2394.0	0.0
