0	271.6666666666667	0.0
10	765.3333333333334	1000.0
20	140.0	0.0
30	287.3333333333333	0.0
40	555.6666666666666	0.0
50	182.66666666666666	0.0
60	1001.0	0.0
70	267.3333333333333	0.0
80	1500.6666666666667	0.0
90	2405.0	0.0
100	2115.3333333333335	0.0
110	1946.6666666666667	0.0
120	2263.6666666666665	0.0
130	2537.0	0.0
140	2376.6666666666665	0.0
150	2335.0	0.0
160	2354.0	0.0
170	2317.0	0.0
180	2452.8333333333335	0.0
190	2534.0	0.0
200	2235.6666666666665	0.0
210	2178.6666666666665	0.0
220	2021.0	0.0
230	2318.0	0.0
240	2441.6666666666665	0.0
250	2297.0	0.0
260	1953.3333333333333	0.0
270	2083.0	0.0
280	1672.8333333333333	0.0
290	1915.6666666666667	0.0
300	2006.5	0.0
310	2038.1666666666667	0.0
320	2091.6666666666665	0.0
330	1196.6666666666667	0.0
340	1294.6666666666667	0.0
350	1837.8333333333333	0.0
360	1794.8333333333333	0.0
370	1906.3333333333333	0.0
380	1697.3333333333333	0.0
390	2122.3333333333335	0.0
400	1852.1666666666667	0.0
410	2317.5	0.0
420	2457.0	0.0
430	2157.6666666666665	0.0
440	1715.3333333333333	0.0
450	1984.6666666666667	0.0
460	2187.6666666666665	0.0
470	1947.6666666666667	0.0
480	2261.5	0.0
490	2242.6666666666665	0.0
500	1978.8333333333333	0.0
510	2564.8333333333335	0.0
520	2077.6666666666665	0.0
530	1689.5	0.0
540	1731.5	0.0
550	1970.6666666666667	0.0
560	2026.0	0.0
570	1682.0	0.0
580	2599.3333333333335	0.0
590	2178.0	0.0
600	2348.0	0.0
610	2496.3333333333335	0.0
620	2262.6666666666665	0.0
630	2508.0	0.0
640	2172.3333333333335	0.0
650	2255.1666666666665	0.0
660	2413.3333333333335	0.0
670	2441.0	0.0
680	2352.0	0.0
690	2317.1666666666665	0.0
700	1764.0	0.0
710	1659.8333333333333	0.0
720	2350.6666666666665	0.0
730	2467.3333333333335	0.0
740	2365.3333333333335	0.0
750	2203.1666666666665	0.0
760	2509.1666666666665	0.0
770	2398.8333333333335	0.0
780	2661.0	0.0
790	2447.0	0.0
800	2315.3333333333335	0.0
810	2369.6666666666665	0.0
820	2472.3333333333335	0.0
830	2455.6666666666665	0.0
840	2612.5	0.0
850	1785.5	0.0
860	2608.1666666666665	0.0
870	2309.8333333333335	0.0
880	2295.6666666666665	0.0
890	2583.6666666666665	0.0
900	2552.3333333333335	0.0
910	2471.8333333333335	0.0
920	2378.1666666666665	0.0
930	2457.0	0.0
940	2451.8333333333335	0.0
950	1846.5	0.0
960	1913.3333333333333	0.0
970	2321.1666666666665	0.0
980	2177.1666666666665	0.0
990	1931.5	0.0
1000	1848.3333333333333	0.0
