0	248.66666666666666	0.0
10	130.33333333333334	1000.0
20	873.0	0.0
30	1128.3333333333333	0.0
40	723.0	0.0
50	1393.6666666666667	0.0
60	1387.3333333333333	0.0
70	2202.6666666666665	0.0
80	1936.0	0.0
90	2408.1666666666665	0.0
100	2173.3333333333335	0.0
110	1933.0	0.0
120	2035.6666666666667	0.0
130	2342.8333333333335	0.0
140	2042.3333333333333	0.0
150	2005.6666666666667	0.0
160	2429.3333333333335	0.0
170	2406.6666666666665	0.0
180	2531.1666666666665	0.0
190	2585.6666666666665	0.0
200	2530.6666666666665	0.0
210	2466.8333333333335	0.0
220	2302.0	0.0
230	1560.3333333333333	0.0
240	1699.8333333333333	0.0
250	2032.1666666666667	0.0
260	2282.6666666666665	0.0
270	2202.0	0.0
280	1764.8333333333333	0.0
290	2180.3333333333335	0.0
300	2000.1666666666667	0.0
310	2130.0	0.0
320	1789.8333333333333	0.0
330	2193.3333333333335	0.0
340	1962.3333333333333	0.0
350	1585.6666666666667	0.0
360	2200.0	0.0
370	2055.3333333333335	0.0
380	2009.6666666666667	0.0
390	2233.1666666666665	0.0
400	1866.6666666666667	0.0
410	2184.3333333333335	0.0
420	2285.6666666666665	0.0
430	2064.3333333333335	0.0
440	1991.8333333333333	0.0
450	2472.1666666666665	0.0
460	2486.6666666666665	0.0
470	2391.3333333333335	0.0
480	2340.0	0.0
490	2622.8333333333335	0.0
500	2653.6666666666665	0.0
510	2417.0	0.0
520	2200.6666666666665	0.0
530	2588.6666666666665	0.0
540	2258.5	0.0
550	2429.0	0.0
560	2465.8333333333335	0.0
570	2792.6666666666665	0.0
580	2720.0	0.0
590	2537.6666666666665	0.0
600	2133.6666666666665	0.0
610	2513.1666666666665	0.0
620	2452.6666666666665	0.0
630	2401.3333333333335	0.0
640	2520.6666666666665	0.0
650	2291.0	0.0
660	2473.6666666666665	0.0
670	1978.3333333333333	0.0
680	2208.0	0.0
690	2221.3333333333335	0.0
700	2016.8333333333333	0.0
710	2089.3333333333335	0.0
720	2307.1666666666665	0.0
730	2336.8333333333335	0.0
740	2220.0	0.0
750	2372.3333333333335	0.0
760	1876.6666666666667	0.0
770	2054.3333333333335	0.0
780	2509.3333333333335	0.0
790	1654.0	0.0
800	1892.6666666666667	0.0
810	2074.6666666666665	0.0
820	2463.1666666666665	0.0
830	2518.3333333333335	0.0
840	2290.3333333333335	0.0
850	2282.6666666666665	0.0
860	2206.8333333333335	0.0
870	2313.0	0.0
880	2655.5	0.0
890	2515.0	0.0
900	2217.0	0.0
910	2507.6666666666665	0.0
920	2252.8333333333335	0.0
930	2548.6666666666665	0.0
940	2624.6666666666665	0.0
950	2542.6666666666665	0.0
960	2399.6666666666665	0.0
970	2273.0	0.0
980	2512.3333333333335	0.0
990	2447.0	0.0
1000	2478.0	0.0
