0	258.6666666666667	0.0
10	561.3333333333334	864.0
20	757.3333333333334	136.0
30	1694.6666666666667	0.0
40	1356.6666666666667	0.0
50	1948.8333333333333	0.0
60	1919.6666666666667	0.0
70	2257.8333333333335	0.0
80	2530.3333333333335	0.0
90	2163.0	0.0
100	2162.0	0.0
110	2277.6666666666665	0.0
120	2324.8333333333335	0.0
130	2440.3333333333335	0.0
140	2549.5	0.0
150	2432.5	0.0
160	2263.0	0.0
170	2404.8333333333335	0.0
180	2557.1666666666665	0.0
190	2181.3333333333335	0.0
200	2276.3333333333335	0.0
210	2478.6666666666665	0.0
220	2370.6666666666665	0.0
230	2467.3333333333335	0.0
240	2368.3333333333335	0.0
250	2341.6666666666665	0.0
260	2329.6666666666665	0.0
270	2470.0	0.0
280	2234.1666666666665	0.0
290	2517.6666666666665	0.0
300	2115.6666666666665	0.0
310	1782.3333333333333	0.0
320	1780.3333333333333	0.0
330	2078.3333333333335	0.0
340	2221.5	0.0
350	2187.0	0.0
360	2512.0	0.0
370	2383.0	0.0
380	1850.6666666666667	0.0
390	2353.3333333333335	0.0
400	2326.0	0.0
410	2401.3333333333335	0.0
420	2595.6666666666665	0.0
430	2149.3333333333335	0.0
440	1681.5	0.0
450	1629.8333333333333	0.0
460	2499.0	0.0
470	2523.0	0.0
480	2421.1666666666665	0.0
490	2598.1666666666665	0.0
500	2026.0	0.0
510	2487.1666666666665	0.0
520	2357.8333333333335	0.0
530	2073.6666666666665	0.0
540	1936.3333333333333	0.0
550	1923.3333333333333	0.0
560	1607.3333333333333	0.0
570	2633.0	0.0
580	2378.6666666666665	0.0
590	2366.6666666666665	0.0
600	2442.0	0.0
610	2289.8333333333335	0.0
620	2505.0	0.0
630	2362.3333333333335	0.0
640	2537.1666666666665	0.0
650	2425.8333333333335	0.0
660	2582.8333333333335	0.0
670	2516.3333333333335	0.0
680	2478.3333333333335	0.0
690	2579.0	0.0
700	2314.3333333333335	0.0
710	1883.6666666666667	0.0
720	2307.8333333333335	0.0
730	2462.8333333333335	0.0
740	1749.8333333333333	0.0
750	1790.5	0.0
760	1938.1666666666667	0.0
770	2509.3333333333335	0.0
780	2511.5	0.0
790	2579.5	0.0
800	2620.0	0.0
810	2452.6666666666665	0.0
820	1707.3333333333333	0.0
830	1807.3333333333333	0.0
840	1648.3333333333333	0.0
850	1851.3333333333333	0.0
860	1953.6666666666667	0.0
870	2415.0	0.0
880	2576.0	0.0
890	1821.6666666666667	0.0
900	2249.5	0.0
910	2376.6666666666665	0.0
920	2567.0	0.0
930	2128.5	0.0
940	2221.5	0.0
950	2166.3333333333335	0.0
960	2039.0	0.0
970	2239.0	0.0
980	2196.6666666666665	0.0
990	2003.1666666666667	0.0
1000	1866.1666666666667	0.0
