0	249.33333333333334	0.0
10	94.0	1000.0
20	71.33333333333333	0.0
30	190.33333333333334	0.0
40	1528.0	0.0
50	1781.6666666666667	0.0
60	1520.3333333333333	0.0
70	1543.3333333333333	0.0
80	1613.6666666666667	0.0
90	2229.3333333333335	0.0
100	1902.3333333333333	0.0
110	2212.0	0.0
120	2382.6666666666665	0.0
130	2481.5	0.0
140	2269.0	0.0
150	2422.6666666666665	0.0
160	2389.8333333333335	0.0
170	2226.5	0.0
180	2372.1666666666665	0.0
190	2371.6666666666665	0.0
200	2584.0	0.0
210	2347.5	0.0
220	1657.0	0.0
230	2243.8333333333335	0.0
240	2370.0	0.0
250	2187.0	0.0
260	2388.3333333333335	0.0
270	2200.6666666666665	0.0
280	2488.3333333333335	0.0
290	2414.6666666666665	0.0
300	1792.6666666666667	0.0
310	2315.1666666666665	0.0
320	2463.6666666666665	0.0
330	2270.0	0.0
340	2583.8333333333335	0.0
350	2385.0	0.0
360	2376.3333333333335	0.0
370	1519.6666666666667	0.0
380	1971.3333333333333	0.0
390	1811.6666666666667	0.0
400	1544.5	0.0
410	2280.3333333333335	0.0
420	2451.6666666666665	0.0
430	2152.6666666666665	0.0
440	2627.6666666666665	0.0
450	2577.6666666666665	0.0
460	2199.0	0.0
470	2541.8333333333335	0.0
480	2220.3333333333335	0.0
490	2437.0	0.0
500	2319.3333333333335	0.0
510	2429.0	0.0
520	2736.8333333333335	0.0
530	2326.1666666666665	0.0
540	2094.3333333333335	0.0
550	1735.6666666666667	0.0
560	2509.0	0.0
570	1602.0	0.0
580	2667.0	0.0
590	1531.3333333333333	0.0
600	2566.0	0.0
610	2022.1666666666667	0.0
620	1563.6666666666667	0.0
630	1992.3333333333333	0.0
640	1985.0	0.0
650	1884.3333333333333	0.0
660	2108.0	0.0
670	1793.3333333333333	0.0
680	2026.1666666666667	0.0
690	2261.0	0.0
700	2028.1666666666667	0.0
710	1603.8333333333333	0.0
720	2478.8333333333335	0.0
730	1945.0	0.0
740	2235.0	0.0
750	2413.3333333333335	0.0
760	2521.6666666666665	0.0
770	1684.3333333333333	0.0
780	2033.3333333333333	0.0
790	2342.3333333333335	0.0
800	2640.8333333333335	0.0
810	2402.0	0.0
820	2489.6666666666665	0.0
830	2449.8333333333335	0.0
840	2296.1666666666665	0.0
850	2344.3333333333335	0.0
860	2507.3333333333335	0.0
870	2459.3333333333335	0.0
880	2421.3333333333335	0.0
890	2339.1666666666665	0.0
900	2377.3333333333335	0.0
910	1996.3333333333333	0.0
920	2319.3333333333335	0.0
930	2557.6666666666665	0.0
940	2553.8333333333335	0.0
950	2353.0	0.0
960	1853.1666666666667	0.0
970	2030.0	0.0
980	2244.6666666666665	0.0
990	1967.6666666666667	0.0
1000	1732.8333333333333	0.0
