0	265.0	0.0
10	101.66666666666667	1000.0
20	972.0	0.0
30	1526.3333333333333	0.0
40	1735.0	0.0
50	1342.6666666666667	0.0
60	1418.3333333333333	0.0
70	2149.0	0.0
80	2272.3333333333335	0.0
90	2338.0	0.0
100	2566.0	0.0
110	2079.6666666666665	0.0
120	2380.1666666666665	0.0
130	2538.1666666666665	0.0
140	2302.3333333333335	0.0
150	2555.5	0.0
160	2332.3333333333335	0.0
170	2236.8333333333335	0.0
180	2478.3333333333335	0.0
190	2418.6666666666665	0.0
200	2403.8333333333335	0.0
210	2255.0	0.0
220	2530.5	0.0
230	2379.8333333333335	0.0
240	2204.8333333333335	0.0
250	2381.6666666666665	0.0
260	2639.6666666666665	0.0
270	2430.6666666666665	0.0
280	2479.0	0.0
290	2455.6666666666665	0.0
300	1935.8333333333333	0.0
310	1836.3333333333333	0.0
320	1962.0	0.0
330	1813.6666666666667	0.0
340	1814.6666666666667	0.0
350	2421.3333333333335	0.0
360	2422.6666666666665	0.0
370	2405.1666666666665	0.0
380	2233.6666666666665	0.0
390	2464.0	0.0
400	2171.5	0.0
410	1898.0	0.0
420	1832.0	0.0
430	2226.5	0.0
440	2169.0	0.0
450	2017.6666666666667	0.0
460	2055.5	0.0
470	1848.0	0.0
480	2041.0	0.0
490	2028.3333333333333	0.0
500	2251.3333333333335	0.0
510	2024.6666666666667	0.0
520	2219.6666666666665	0.0
530	1744.0	0.0
540	2351.8333333333335	0.0
550	2348.5	0.0
560	2479.0	0.0
570	2686.3333333333335	0.0
580	2574.6666666666665	0.0
590	2582.6666666666665	0.0
600	2396.1666666666665	0.0
610	2574.0	0.0
620	2657.0	0.0
630	2389.0	0.0
640	2369.3333333333335	0.0
650	2644.1666666666665	0.0
660	2404.8333333333335	0.0
670	2298.6666666666665	0.0
680	2490.8333333333335	0.0
690	2595.6666666666665	0.0
700	2134.5	0.0
710	2075.0	0.0
720	1917.3333333333333	0.0
730	1937.8333333333333	0.0
740	2136.6666666666665	0.0
750	2238.6666666666665	0.0
760	1860.6666666666667	0.0
770	1786.3333333333333	0.0
780	2570.3333333333335	0.0
790	2559.0	0.0
800	2431.0	0.0
810	2470.3333333333335	0.0
820	2499.5	0.0
830	2310.6666666666665	0.0
840	2480.3333333333335	0.0
850	2334.0	0.0
860	2668.5	0.0
870	2391.0	0.0
880	2280.6666666666665	0.0
890	2077.5	0.0
900	2196.3333333333335	0.0
910	2176.1666666666665	0.0
920	2506.8333333333335	0.0
930	2486.0	0.0
940	2324.0	0.0
950	2554.5	0.0
960	2208.1666666666665	0.0
970	2314.3333333333335	0.0
980	2640.6666666666665	0.0
990	2281.0	0.0
1000	2468.6666666666665	0.0
