0	274.6666666666667	0.0
10	2090.6666666666665	1000.0
20	2084.3333333333335	0.0
30	2062.6666666666665	0.0
40	2115.0	0.0
50	2063.0	0.0
60	1977.1666666666667	0.0
70	1822.8333333333333	0.0
80	1981.1666666666667	0.0
90	2070.5	0.0
100	2153.5	0.0
110	2218.1666666666665	0.0
120	2101.3333333333335	0.0
130	2187.3333333333335	0.0
140	2091.1666666666665	0.0
150	2172.8333333333335	0.0
160	2245.0	0.0
170	2004.0	0.0
180	2311.8333333333335	0.0
190	2122.6666666666665	0.0
200	2181.3333333333335	0.0
210	2135.3333333333335	0.0
220	2286.0	0.0
230	2211.3333333333335	0.0
240	2074.1666666666665	0.0
250	2187.8333333333335	0.0
260	2323.3333333333335	0.0
270	2347.1666666666665	0.0
280	2307.0	0.0
290	2542.0	0.0
300	2344.3333333333335	0.0
310	2434.3333333333335	0.0
320	2401.1666666666665	0.0
330	2617.5	0.0
340	2607.0	0.0
350	2238.5	0.0
360	2477.3333333333335	0.0
370	2468.8333333333335	0.0
380	2630.6666666666665	0.0
390	2339.1666666666665	0.0
400	2503.8333333333335	0.0
410	2475.5	0.0
420	2482.3333333333335	0.0
430	2682.5	0.0
440	2466.6666666666665	0.0
450	2525.6666666666665	0.0
460	2521.0	0.0
470	2621.8333333333335	0.0
480	2705.0	0.0
490	2501.5	0.0
500	2480.5	0.0
510	2926.3333333333335	0.0
520	2638.1666666666665	0.0
530	2516.6666666666665	0.0
540	2712.1666666666665	0.0
550	2635.1666666666665	0.0
560	2695.3333333333335	0.0
570	2527.8333333333335	0.0
580	2880.8333333333335	0.0
590	2855.3333333333335	0.0
600	2689.6666666666665	0.0
610	2753.0	0.0
620	2885.6666666666665	0.0
630	2616.8333333333335	0.0
640	2591.5	0.0
650	2551.8333333333335	0.0
660	2683.1666666666665	0.0
670	2897.3333333333335	0.0
680	2599.8333333333335	0.0
690	3026.3333333333335	0.0
700	2624.8333333333335	0.0
710	2622.1666666666665	0.0
720	2890.5	0.0
730	2742.5	0.0
740	2568.5	0.0
750	2869.6666666666665	0.0
760	2965.5	0.0
770	2888.0	0.0
780	2922.1666666666665	0.0
790	2658.0	0.0
800	2699.5	0.0
810	2806.0	0.0
820	2526.3333333333335	0.0
830	2814.1666666666665	0.0
840	2923.3333333333335	0.0
850	2753.0	0.0
860	2853.3333333333335	0.0
870	3002.0	0.0
880	2717.8333333333335	0.0
890	2558.6666666666665	0.0
900	2873.1666666666665	0.0
910	3113.3333333333335	0.0
920	2918.3333333333335	0.0
930	2941.8333333333335	0.0
940	2563.8333333333335	0.0
950	2769.6666666666665	0.0
960	3229.5	0.0
970	2697.0	0.0
980	2879.6666666666665	0.0
990	3108.3333333333335	0.0
1000	2815.5	0.0
