0	266.6666666666667	0.0
10	2013.6666666666667	1000.0
20	1893.0	0.0
30	2193.5	0.0
40	1946.1666666666667	0.0
50	2162.6666666666665	0.0
60	2041.5	0.0
70	2089.0	0.0
80	2138.1666666666665	0.0
90	2172.5	0.0
100	2011.3333333333333	0.0
110	2135.5	0.0
120	2239.0	0.0
130	2188.3333333333335	0.0
140	2187.1666666666665	0.0
150	2179.5	0.0
160	2079.0	0.0
170	2253.1666666666665	0.0
180	2181.5	0.0
190	2339.5	0.0
200	2306.1666666666665	0.0
210	1980.3333333333333	0.0
220	2170.6666666666665	0.0
230	2290.1666666666665	0.0
240	2210.8333333333335	0.0
250	2342.3333333333335	0.0
260	2341.0	0.0
270	2482.8333333333335	0.0
280	2408.1666666666665	0.0
290	2369.5	0.0
300	2698.6666666666665	0.0
310	2490.6666666666665	0.0
320	2366.1666666666665	0.0
330	2432.1666666666665	0.0
340	2190.6666666666665	0.0
350	2461.0	0.0
360	2289.6666666666665	0.0
370	2426.5	0.0
380	2647.1666666666665	0.0
390	2596.3333333333335	0.0
400	2833.6666666666665	0.0
410	2265.8333333333335	0.0
420	2550.6666666666665	0.0
430	2779.3333333333335	0.0
440	2516.3333333333335	0.0
450	2943.1666666666665	0.0
460	2701.8333333333335	0.0
470	2577.0	0.0
480	2538.1666666666665	0.0
490	2531.0	0.0
500	2736.6666666666665	0.0
510	2711.8333333333335	0.0
520	2436.3333333333335	0.0
530	2782.8333333333335	0.0
540	2648.6666666666665	0.0
550	2568.5	0.0
560	2848.6666666666665	0.0
570	2646.1666666666665	0.0
580	2571.6666666666665	0.0
590	2758.3333333333335	0.0
600	2722.6666666666665	0.0
610	2982.0	0.0
620	2783.1666666666665	0.0
630	2784.8333333333335	0.0
640	3044.8333333333335	0.0
650	2849.3333333333335	0.0
660	2844.8333333333335	0.0
670	2892.1666666666665	0.0
680	2792.8333333333335	0.0
690	2900.6666666666665	0.0
700	2670.6666666666665	0.0
710	3140.8333333333335	0.0
720	2972.6666666666665	0.0
730	2907.1666666666665	0.0
740	3087.1666666666665	0.0
750	2906.0	0.0
760	2950.1666666666665	0.0
770	2902.0	0.0
780	2880.5	0.0
790	2604.6666666666665	0.0
800	3091.1666666666665	0.0
810	2635.0	0.0
820	2697.0	0.0
830	2670.0	0.0
840	2803.5	0.0
850	2783.8333333333335	0.0
860	2855.6666666666665	0.0
870	3008.5	0.0
880	2579.6666666666665	0.0
890	2984.3333333333335	0.0
900	3026.3333333333335	0.0
910	3061.0	0.0
920	2567.0	0.0
930	2860.0	0.0
940	3045.0	0.0
950	2800.0	0.0
960	2990.3333333333335	0.0
970	2750.5	0.0
980	2934.6666666666665	0.0
990	3062.1666666666665	0.0
1000	2726.6666666666665	0.0
