0	266.0	0.0
10	1895.8333333333333	1000.0
20	2053.5	0.0
30	2072.1666666666665	0.0
40	2085.8333333333335	0.0
50	2062.3333333333335	0.0
60	2142.8333333333335	0.0
70	2246.3333333333335	0.0
80	2036.0	0.0
90	2324.1666666666665	0.0
100	2096.6666666666665	0.0
110	2150.3333333333335	0.0
120	2141.3333333333335	0.0
130	2381.0	0.0
140	2130.0	0.0
150	2311.8333333333335	0.0
160	2272.3333333333335	0.0
170	2278.0	0.0
180	2538.1666666666665	0.0
190	2145.8333333333335	0.0
200	2393.0	0.0
210	2146.0	0.0
220	2378.5	0.0
230	2291.5	0.0
240	2470.1666666666665	0.0
250	2320.0	0.0
260	2484.8333333333335	0.0
270	2542.5	0.0
280	2570.8333333333335	0.0
290	2487.6666666666665	0.0
300	2515.5	0.0
310	2576.1666666666665	0.0
320	2304.8333333333335	0.0
330	2468.8333333333335	0.0
340	2405.6666666666665	0.0
350	2592.0	0.0
360	2708.5	0.0
370	2724.3333333333335	0.0
380	2585.6666666666665	0.0
390	2525.0	0.0
400	2508.6666666666665	0.0
410	2347.3333333333335	0.0
420	2667.8333333333335	0.0
430	2284.1666666666665	0.0
440	2618.5	0.0
450	2791.1666666666665	0.0
460	2550.3333333333335	0.0
470	2705.5	0.0
480	2539.0	0.0
490	2719.1666666666665	0.0
500	2413.3333333333335	0.0
510	2723.0	0.0
520	2816.3333333333335	0.0
530	2503.6666666666665	0.0
540	2756.0	0.0
550	2823.1666666666665	0.0
560	2892.3333333333335	0.0
570	2754.5	0.0
580	2643.6666666666665	0.0
590	2661.3333333333335	0.0
600	2646.0	0.0
610	2791.5	0.0
620	2732.1666666666665	0.0
630	2776.6666666666665	0.0
640	2430.3333333333335	0.0
650	2867.8333333333335	0.0
660	2493.3333333333335	0.0
670	2685.1666666666665	0.0
680	2729.6666666666665	0.0
690	2891.3333333333335	0.0
700	2708.3333333333335	0.0
710	2662.1666666666665	0.0
720	2561.5	0.0
730	2521.8333333333335	0.0
740	2493.1666666666665	0.0
750	2835.1666666666665	0.0
760	2824.6666666666665	0.0
770	2717.8333333333335	0.0
780	2762.3333333333335	0.0
790	2705.0	0.0
800	2715.5	0.0
810	2843.6666666666665	0.0
820	2938.0	0.0
830	2928.6666666666665	0.0
840	2864.8333333333335	0.0
850	2859.0	0.0
860	2979.0	0.0
870	3087.1666666666665	0.0
880	3133.6666666666665	0.0
890	2966.0	0.0
900	3168.1666666666665	0.0
910	2993.1666666666665	0.0
920	3020.3333333333335	0.0
930	3012.5	0.0
940	3019.6666666666665	0.0
950	3157.3333333333335	0.0
960	3053.3333333333335	0.0
970	2904.5	0.0
980	2876.5	0.0
990	2797.5	0.0
1000	3067.8333333333335	0.0
