0	262.6666666666667	0.0
10	2245.0	1000.0
20	2114.6666666666665	0.0
30	2089.3333333333335	0.0
40	1984.6666666666667	0.0
50	2072.8333333333335	0.0
60	2164.5	0.0
70	2098.8333333333335	0.0
80	2070.5	0.0
90	1990.6666666666667	0.0
100	2147.3333333333335	0.0
110	2015.3333333333333	0.0
120	1982.5	0.0
130	2044.8333333333333	0.0
140	2224.6666666666665	0.0
150	2121.0	0.0
160	2422.3333333333335	0.0
170	2247.8333333333335	0.0
180	2382.1666666666665	0.0
190	2067.0	0.0
200	2103.5	0.0
210	2399.8333333333335	0.0
220	2139.5	0.0
230	2478.3333333333335	0.0
240	2180.8333333333335	0.0
250	2289.0	0.0
260	2298.5	0.0
270	2214.6666666666665	0.0
280	2410.6666666666665	0.0
290	2290.6666666666665	0.0
300	2385.1666666666665	0.0
310	2389.6666666666665	0.0
320	2458.5	0.0
330	2448.0	0.0
340	2469.3333333333335	0.0
350	2816.6666666666665	0.0
360	2341.6666666666665	0.0
370	2400.3333333333335	0.0
380	2530.5	0.0
390	2520.6666666666665	0.0
400	2325.8333333333335	0.0
410	2637.3333333333335	0.0
420	2766.8333333333335	0.0
430	2560.5	0.0
440	2467.8333333333335	0.0
450	2724.5	0.0
460	2948.0	0.0
470	2888.1666666666665	0.0
480	2635.3333333333335	0.0
490	2768.0	0.0
500	2794.3333333333335	0.0
510	2678.6666666666665	0.0
520	2707.1666666666665	0.0
530	2610.0	0.0
540	2773.1666666666665	0.0
550	2708.6666666666665	0.0
560	2706.6666666666665	0.0
570	2605.1666666666665	0.0
580	2846.5	0.0
590	2549.3333333333335	0.0
600	2606.8333333333335	0.0
610	2813.8333333333335	0.0
620	2597.8333333333335	0.0
630	2864.3333333333335	0.0
640	2339.3333333333335	0.0
650	2715.3333333333335	0.0
660	2686.5	0.0
670	2711.3333333333335	0.0
680	2808.3333333333335	0.0
690	2819.8333333333335	0.0
700	2613.8333333333335	0.0
710	2582.8333333333335	0.0
720	2543.3333333333335	0.0
730	2800.0	0.0
740	2748.6666666666665	0.0
750	2824.1666666666665	0.0
760	2660.1666666666665	0.0
770	2767.1666666666665	0.0
780	2934.6666666666665	0.0
790	2975.3333333333335	0.0
800	2584.3333333333335	0.0
810	2609.1666666666665	0.0
820	2790.6666666666665	0.0
830	2927.1666666666665	0.0
840	2678.5	0.0
850	2621.6666666666665	0.0
860	2700.3333333333335	0.0
870	3046.6666666666665	0.0
880	3044.1666666666665	0.0
890	2960.6666666666665	0.0
900	2825.5	0.0
910	2949.8333333333335	0.0
920	2730.8333333333335	0.0
930	2919.0	0.0
940	2724.0	0.0
950	2937.6666666666665	0.0
960	3091.5	0.0
970	2439.3333333333335	0.0
980	2983.5	0.0
990	2828.0	0.0
1000	2855.3333333333335	0.0
