0	270.3333333333333	0.0	0.0	0.0	0.0	0.0	0.0
10	70.0	3.0	33.0	8.0	0.0	5.0	3.0
20	70.0	12.0	34.0	22.0	1.0	10.0	11.0
30	70.0	4.0	24.0	8.0	0.0	4.0	4.0
40	70.0	0.0	43.0	8.0	0.0	8.0	0.0
50	70.0	25.0	62.0	13.0	20.0	8.0	5.0
60	70.0	3.0	35.0	11.0	0.0	8.0	3.0
70	70.0	16.0	24.0	23.0	2.0	7.0	14.0
80	70.0	8.0	27.0	13.0	1.0	5.0	7.0
90	70.0	5.0	40.0	16.0	1.0	11.0	4.0
100	70.0	7.0	36.0	15.0	1.0	8.0	6.0
110	70.0	5.0	45.0	17.0	0.0	12.0	5.0
120	70.0	9.0	35.0	16.0	1.0	7.0	8.0
130	70.0	0.0	43.0	10.0	0.0	10.0	0.0
140	70.0	7.0	26.0	12.0	0.0	5.0	7.0
150	70.0	4.0	32.0	10.0	1.0	6.0	3.0
160	70.0	10.0	40.0	23.0	1.0	13.0	9.0
170	70.0	62.0	68.0	36.0	35.0	8.0	27.0
180	70.0	4.0	36.0	12.0	1.0	8.0	3.0
190	71.66666666666667	6.0	43.0	14.0	0.0	8.0	6.0
200	72.0	7.0	39.0	14.0	0.0	7.0	7.0
210	73.33333333333333	4.0	46.0	12.0	0.0	8.0	4.0
220	71.66666666666667	1.0	25.0	6.0	1.0	5.0	0.0
230	89.33333333333333	38.0	56.0	26.0	24.0	11.0	14.0
240	95.33333333333333	60.0	43.0	75.0	7.0	19.0	53.0
250	119.66666666666667	6.0	79.0	52.0	2.0	46.0	4.0
260	467.0	1.0	18.0	15.0	0.0	14.0	1.0
270	120.33333333333333	8.0	57.0	34.0	2.0	27.0	6.0
280	113.66666666666667	30.0	86.0	42.0	11.0	21.0	19.0
290	101.0	72.0	109.0	102.0	8.0	35.0	64.0
300	119.0	43.0	132.0	53.0	8.0	12.0	35.0
310	127.66666666666667	20.0	134.0	27.0	19.0	22.0	1.0
320	196.0	9.0	52.0	24.0	5.0	16.0	4.0
330	246.33333333333334	49.0	26.0	51.0	3.0	4.0	46.0
340	212.0	91.0	221.0	89.0	39.0	17.0	52.0
350	399.3333333333333	24.0	63.0	35.0	3.0	12.0	21.0
360	779.6666666666666	89.0	200.0	111.0	5.0	25.0	84.0
370	861.0	30.0	320.0	43.0	3.0	16.0	27.0
380	893.3333333333334	16.0	107.0	35.0	2.0	20.0	14.0
390	1025.6666666666667	16.0	59.0	50.0	2.0	36.0	14.0
400	1610.6666666666667	44.0	427.0	92.0	11.0	50.0	33.0
410	1051.3333333333333	2.0	152.0	36.0	0.0	34.0	2.0
420	1325.3333333333333	13.0	162.0	36.0	0.0	23.0	13.0
430	1433.6666666666667	69.0	393.0	88.0	4.0	21.0	65.0
440	1728.3333333333333	45.0	174.0	56.0	5.0	16.0	40.0
450	1236.6666666666667	23.0	536.0	48.0	6.0	27.0	17.0
460	1582.3333333333333	0.0	0.0	0.0	0.0	0.0	0.0
470	1289.6666666666667	0.0	0.0	0.0	0.0	0.0	0.0
480	1901.0	0.0	0.0	0.0	0.0	0.0	0.0
490	1429.6666666666667	0.0	0.0	0.0	0.0	0.0	0.0
500	2314.3333333333335	0.0	0.0	0.0	0.0	0.0	0.0
510	2209.6666666666665	0.0	0.0	0.0	0.0	0.0	0.0
520	2179.6666666666665	0.0	0.0	0.0	0.0	0.0	0.0
530	2118.6666666666665	0.0	0.0	0.0	0.0	0.0	0.0
540	1967.5	0.0	0.0	0.0	0.0	0.0	0.0
550	2084.0	0.0	0.0	0.0	0.0	0.0	0.0
560	2109.3333333333335	0.0	0.0	0.0	0.0	0.0	0.0
570	2089.3333333333335	0.0	0.0	0.0	0.0	0.0	0.0
580	2206.3333333333335	0.0	0.0	0.0	0.0	0.0	0.0
590	2692.3333333333335	0.0	0.0	0.0	0.0	0.0	0.0
600	2074.0	0.0	0.0	0.0	0.0	0.0	0.0
610	2355.5	0.0	0.0	0.0	0.0	0.0	0.0
620	2561.3333333333335	0.0	0.0	0.0	0.0	0.0	0.0
630	2309.3333333333335	0.0	0.0	0.0	0.0	0.0	0.0
640	2261.8333333333335	0.0	0.0	0.0	0.0	0.0	0.0
650	2365.5	0.0	0.0	0.0	0.0	0.0	0.0
660	2614.5	0.0	0.0	0.0	0.0	0.0	0.0
670	2492.8333333333335	0.0	0.0	0.0	0.0	0.0	0.0
680	2758.5	0.0	0.0	0.0	0.0	0.0	0.0
690	2330.0	0.0	0.0	0.0	0.0	0.0	0.0
700	2399.6666666666665	0.0	0.0	0.0	0.0	0.0	0.0
710	2347.1666666666665	0.0	0.0	0.0	0.0	0.0	0.0
720	2589.8333333333335	0.0	0.0	0.0	0.0	0.0	0.0
730	2619.0	0.0	0.0	0.0	0.0	0.0	0.0
740	2660.0	0.0	0.0	0.0	0.0	0.0	0.0
750	2515.3333333333335	0.0	0.0	0.0	0.0	0.0	0.0
760	2452.0	0.0	0.0	0.0	0.0	0.0	0.0
770	2513.8333333333335	0.0	0.0	0.0	0.0	0.0	0.0
780	2593.5	0.0	0.0	0.0	0.0	0.0	0.0
790	2593.0	0.0	0.0	0.0	0.0	0.0	0.0
800	2518.8333333333335	0.0	0.0	0.0	0.0	0.0	0.0
810	2482.6666666666665	0.0	0.0	0.0	0.0	0.0	0.0
820	2790.1666666666665	0.0	0.0	0.0	0.0	0.0	0.0
830	2819.8333333333335	0.0	0.0	0.0	0.0	0.0	0.0
840	2762.5	0.0	0.0	0.0	0.0	0.0	0.0
850	2283.0	0.0	0.0	0.0	0.0	0.0	0.0
860	2469.3333333333335	0.0	0.0	0.0	0.0	0.0	0.0
870	2286.6666666666665	0.0	0.0	0.0	0.0	0.0	0.0
880	2692.6666666666665	0.0	0.0	0.0	0.0	0.0	0.0
890	2650.1666666666665	0.0	0.0	0.0	0.0	0.0	0.0
900	2416.3333333333335	0.0	0.0	0.0	0.0	0.0	0.0
910	2500.0	0.0	0.0	0.0	0.0	0.0	0.0
920	2691.8333333333335	0.0	0.0	0.0	0.0	0.0	0.0
930	2424.5	0.0	0.0	0.0	0.0	0.0	0.0
940	2661.1666666666665	0.0	0.0	0.0	0.0	0.0	0.0
950	2341.5	0.0	0.0	0.0	0.0	0.0	0.0
960	2403.0	0.0	0.0	0.0	0.0	0.0	0.0
970	2388.6666666666665	0.0	0.0	0.0	0.0	0.0	0.0
980	2620.6666666666665	0.0	0.0	0.0	0.0	0.0	0.0
990	2733.6666666666665	0.0	0.0	0.0	0.0	0.0	0.0
1000	2523.8333333333335	0.0	0.0	0.0	0.0	0.0	0.0
