0	218.0	0.0	0.0	0.0	0.0	0.0	0.0
10	70.0	0.0	47.0	10.0	0.0	10.0	0.0
20	70.0	4.0	38.0	9.0	1.0	5.0	3.0
30	70.0	0.0	56.0	11.0	0.0	11.0	0.0
40	70.0	7.0	42.0	16.0	0.0	9.0	7.0
50	70.0	8.0	43.0	18.0	0.0	10.0	8.0
60	70.0	4.0	55.0	13.0	0.0	9.0	4.0
70	70.0	4.0	40.0	11.0	0.0	7.0	4.0
80	70.0	7.0	31.0	18.0	0.0	11.0	7.0
90	70.0	1.0	51.0	12.0	0.0	11.0	1.0
100	70.0	1.0	49.0	13.0	0.0	12.0	1.0
110	70.0	9.0	35.0	16.0	3.0	8.0	6.0
120	70.0	7.0	34.0	14.0	0.0	7.0	7.0
130	70.0	13.0	15.0	17.0	1.0	4.0	12.0
140	70.0	0.0	31.0	6.0	0.0	6.0	0.0
150	70.0	5.0	32.0	13.0	0.0	8.0	5.0
160	70.0	1.0	43.0	9.0	1.0	8.0	0.0
170	70.33333333333333	0.0	55.0	8.0	0.0	8.0	0.0
180	70.0	8.0	37.0	15.0	0.0	7.0	8.0
190	71.0	1.0	24.0	8.0	0.0	7.0	1.0
200	70.0	4.0	51.0	17.0	0.0	13.0	4.0
210	72.66666666666667	8.0	37.0	20.0	1.0	13.0	7.0
220	77.0	5.0	58.0	18.0	0.0	13.0	5.0
230	71.0	3.0	61.0	10.0	1.0	8.0	2.0
240	156.33333333333334	1.0	34.0	9.0	0.0	8.0	1.0
250	130.0	3.0	49.0	34.0	0.0	31.0	3.0
260	167.33333333333334	1.0	42.0	16.0	0.0	15.0	1.0
270	368.3333333333333	1.0	44.0	14.0	1.0	13.0	0.0
280	152.0	42.0	101.0	66.0	8.0	31.0	34.0
290	194.0	12.0	78.0	34.0	6.0	23.0	6.0
300	130.66666666666666	21.0	97.0	32.0	10.0	19.0	11.0
310	127.66666666666667	68.0	35.0	73.0	12.0	11.0	56.0
320	154.33333333333334	31.0	47.0	49.0	4.0	20.0	27.0
330	129.0	24.0	215.0	54.0	12.0	36.0	12.0
340	185.66666666666666	18.0	117.0	42.0	11.0	24.0	7.0
350	130.66666666666666	22.0	214.0	45.0	1.0	23.0	21.0
360	488.0	115.0	238.0	128.0	32.0	37.0	83.0
370	710.3333333333334	27.0	227.0	42.0	4.0	18.0	23.0
380	783.3333333333334	55.0	229.0	107.0	8.0	56.0	47.0
390	1083.6666666666667	16.0	214.0	42.0	14.0	38.0	2.0
400	1229.3333333333333	17.0	292.0	52.0	13.0	38.0	4.0
410	916.3333333333334	131.0	307.0	131.0	40.0	30.0	91.0
420	1794.6666666666667	38.0	176.0	62.0	4.0	24.0	34.0
430	1572.0	11.0	367.0	47.0	7.0	36.0	4.0
440	1576.3333333333333	131.0	308.0	154.0	16.0	26.0	115.0
450	1701.6666666666667	27.0	381.0	56.0	10.0	29.0	17.0
460	1722.5	12.0	313.0	96.0	9.0	86.0	3.0
470	2015.0	11.0	614.0	59.0	8.0	52.0	3.0
480	2334.0	65.0	487.0	57.0	42.0	24.0	23.0
490	2050.3333333333335	0.0	0.0	0.0	0.0	0.0	0.0
500	1983.3333333333333	0.0	0.0	0.0	0.0	0.0	0.0
510	2192.6666666666665	0.0	0.0	0.0	0.0	0.0	0.0
520	2070.0	0.0	0.0	0.0	0.0	0.0	0.0
530	2161.0	0.0	0.0	0.0	0.0	0.0	0.0
540	2173.6666666666665	0.0	0.0	0.0	0.0	0.0	0.0
550	2170.0	0.0	0.0	0.0	0.0	0.0	0.0
560	2268.5	0.0	0.0	0.0	0.0	0.0	0.0
570	2372.6666666666665	0.0	0.0	0.0	0.0	0.0	0.0
580	2124.6666666666665	0.0	0.0	0.0	0.0	0.0	0.0
590	2282.6666666666665	0.0	0.0	0.0	0.0	0.0	0.0
600	2515.8333333333335	0.0	0.0	0.0	0.0	0.0	0.0
610	2539.6666666666665	0.0	0.0	0.0	0.0	0.0	0.0
620	2548.8333333333335	0.0	0.0	0.0	0.0	0.0	0.0
630	2543.1666666666665	0.0	0.0	0.0	0.0	0.0	0.0
640	2477.1666666666665	0.0	0.0	0.0	0.0	0.0	0.0
650	2564.5	0.0	0.0	0.0	0.0	0.0	0.0
660	2462.0	0.0	0.0	0.0	0.0	0.0	0.0
670	2518.5	0.0	0.0	0.0	0.0	0.0	0.0
680	2437.6666666666665	0.0	0.0	0.0	0.0	0.0	0.0
690	2420.3333333333335	0.0	0.0	0.0	0.0	0.0	0.0
700	2233.6666666666665	0.0	0.0	0.0	0.0	0.0	0.0
710	2553.0	0.0	0.0	0.0	0.0	0.0	0.0
720	2465.6666666666665	0.0	0.0	0.0	0.0	0.0	0.0
730	2413.6666666666665	0.0	0.0	0.0	0.0	0.0	0.0
740	2631.3333333333335	0.0	0.0	0.0	0.0	0.0	0.0
750	2453.6666666666665	0.0	0.0	0.0	0.0	0.0	0.0
760	2744.6666666666665	0.0	0.0	0.0	0.0	0.0	0.0
770	2368.6666666666665	0.0	0.0	0.0	0.0	0.0	0.0
780	2584.6666666666665	0.0	0.0	0.0	0.0	0.0	0.0
790	2515.0	0.0	0.0	0.0	0.0	0.0	0.0
800	2389.6666666666665	0.0	0.0	0.0	0.0	0.0	0.0
810	2591.3333333333335	0.0	0.0	0.0	0.0	0.0	0.0
820	2532.8333333333335	0.0	0.0	0.0	0.0	0.0	0.0
830	2417.8333333333335	0.0	0.0	0.0	0.0	0.0	0.0
840	2527.8333333333335	0.0	0.0	0.0	0.0	0.0	0.0
850	2319.8333333333335	0.0	0.0	0.0	0.0	0.0	0.0
860	2451.3333333333335	0.0	0.0	0.0	0.0	0.0	0.0
870	2829.6666666666665	0.0	0.0	0.0	0.0	0.0	0.0
880	2158.5	0.0	0.0	0.0	0.0	0.0	0.0
890	2629.0	0.0	0.0	0.0	0.0	0.0	0.0
900	2183.1666666666665	0.0	0.0	0.0	0.0	0.0	0.0
910	2124.3333333333335	0.0	0.0	0.0	0.0	0.0	0.0
920	2555.0	0.0	0.0	0.0	0.0	0.0	0.0
930	2704.6666666666665	0.0	0.0	0.0	0.0	0.0	0.0
940	2299.3333333333335	0.0	0.0	0.0	0.0	0.0	0.0
950	2048.0	0.0	0.0	0.0	0.0	0.0	0.0
960	1583.8333333333333	0.0	0.0	0.0	0.0	0.0	0.0
970	1610.3333333333333	0.0	0.0	0.0	0.0	0.0	0.0
980	1771.3333333333333	0.0	0.0	0.0	0.0	0.0	0.0
990	1825.3333333333333	0.0	0.0	0.0	0.0	0.0	0.0
1000	1878.0	0.0	0.0	0.0	0.0	0.0	0.0
