0	239.0	0.0	0.0	0.0	0.0	0.0	0.0
10	70.0	11.0	32.0	16.0	1.0	6.0	10.0
20	70.0	114.0	110.0	26.0	99.0	9.0	15.0
30	70.0	36.0	36.0	15.0	28.0	4.0	8.0
40	70.0	5.0	40.0	12.0	0.0	7.0	5.0
50	70.0	4.0	30.0	10.0	0.0	6.0	4.0
60	70.0	4.0	40.0	11.0	0.0	7.0	4.0
70	70.0	8.0	39.0	17.0	0.0	9.0	8.0
80	70.0	7.0	27.0	13.0	0.0	6.0	7.0
90	70.0	16.0	18.0	22.0	0.0	6.0	16.0
100	70.0	4.0	41.0	9.0	0.0	5.0	4.0
110	70.0	0.0	53.0	7.0	0.0	7.0	0.0
120	70.0	0.0	33.0	6.0	0.0	6.0	0.0
130	70.0	0.0	59.0	11.0	0.0	11.0	0.0
140	70.0	2.0	19.0	7.0	0.0	5.0	2.0
150	70.0	8.0	45.0	15.0	0.0	7.0	8.0
160	70.0	8.0	42.0	15.0	0.0	7.0	8.0
170	70.33333333333333	0.0	22.0	1.0	0.0	1.0	0.0
180	70.0	4.0	36.0	8.0	0.0	4.0	4.0
190	70.33333333333333	13.0	29.0	22.0	0.0	9.0	13.0
200	72.0	21.0	42.0	15.0	16.0	10.0	5.0
210	71.0	73.0	67.0	40.0	39.0	5.0	34.0
220	70.33333333333333	116.0	111.0	57.0	70.0	11.0	46.0
230	72.66666666666667	34.0	26.0	38.0	4.0	8.0	30.0
240	90.66666666666667	61.0	47.0	48.0	24.0	9.0	37.0
250	151.33333333333334	21.0	30.0	30.0	6.0	15.0	15.0
260	105.66666666666667	16.0	151.0	29.0	14.0	25.0	2.0
270	180.66666666666666	33.0	68.0	47.0	8.0	20.0	25.0
280	142.0	20.0	31.0	21.0	6.0	3.0	14.0
290	244.66666666666666	5.0	66.0	28.0	1.0	23.0	4.0
300	318.0	19.0	102.0	31.0	6.0	13.0	13.0
310	258.6666666666667	36.0	92.0	46.0	2.0	11.0	34.0
320	653.0	46.0	324.0	117.0	16.0	79.0	30.0
330	466.0	175.0	158.0	235.0	14.0	69.0	161.0
340	636.6666666666666	22.0	216.0	67.0	8.0	47.0	14.0
350	757.3333333333334	35.0	131.0	61.0	13.0	35.0	22.0
360	1383.3333333333333	23.0	1.0	27.0	1.0	5.0	22.0
370	1380.0	0.0	0.0	0.0	0.0	0.0	0.0
380	1396.0	0.0	0.0	0.0	0.0	0.0	0.0
390	1198.0	0.0	0.0	0.0	0.0	0.0	0.0
400	1912.6666666666667	0.0	0.0	0.0	0.0	0.0	0.0
410	1874.6666666666667	0.0	0.0	0.0	0.0	0.0	0.0
420	1905.6666666666667	0.0	0.0	0.0	0.0	0.0	0.0
430	1460.3333333333333	0.0	0.0	0.0	0.0	0.0	0.0
440	2165.0	0.0	0.0	0.0	0.0	0.0	0.0
450	2209.6666666666665	0.0	0.0	0.0	0.0	0.0	0.0
460	2239.3333333333335	0.0	0.0	0.0	0.0	0.0	0.0
470	1932.6666666666667	0.0	0.0	0.0	0.0	0.0	0.0
480	2205.6666666666665	0.0	0.0	0.0	0.0	0.0	0.0
490	2009.0	0.0	0.0	0.0	0.0	0.0	0.0
500	1885.3333333333333	0.0	0.0	0.0	0.0	0.0	0.0
510	2348.8333333333335	0.0	0.0	0.0	0.0	0.0	0.0
520	2301.6666666666665	0.0	0.0	0.0	0.0	0.0	0.0
530	2211.6666666666665	0.0	0.0	0.0	0.0	0.0	0.0
540	1786.5	0.0	0.0	0.0	0.0	0.0	0.0
550	2304.3333333333335	0.0	0.0	0.0	0.0	0.0	0.0
560	2297.6666666666665	0.0	0.0	0.0	0.0	0.0	0.0
570	2267.5	0.0	0.0	0.0	0.0	0.0	0.0
580	2605.6666666666665	0.0	0.0	0.0	0.0	0.0	0.0
590	2491.6666666666665	0.0	0.0	0.0	0.0	0.0	0.0
600	2259.0	0.0	0.0	0.0	0.0	0.0	0.0
610	2398.0	0.0	0.0	0.0	0.0	0.0	0.0
620	2389.0	0.0	0.0	0.0	0.0	0.0	0.0
630	2438.6666666666665	0.0	0.0	0.0	0.0	0.0	0.0
640	2609.0	0.0	0.0	0.0	0.0	0.0	0.0
650	2673.3333333333335	0.0	0.0	0.0	0.0	0.0	0.0
660	2587.3333333333335	0.0	0.0	0.0	0.0	0.0	0.0
670	2501.3333333333335	0.0	0.0	0.0	0.0	0.0	0.0
680	2541.6666666666665	0.0	0.0	0.0	0.0	0.0	0.0
690	2801.5	0.0	0.0	0.0	0.0	0.0	0.0
700	2479.0	0.0	0.0	0.0	0.0	0.0	0.0
710	2470.3333333333335	0.0	0.0	0.0	0.0	0.0	0.0
720	2593.6666666666665	0.0	0.0	0.0	0.0	0.0	0.0
730	2403.6666666666665	0.0	0.0	0.0	0.0	0.0	0.0
740	2366.3333333333335	0.0	0.0	0.0	0.0	0.0	0.0
750	2498.0	0.0	0.0	0.0	0.0	0.0	0.0
760	2342.3333333333335	0.0	0.0	0.0	0.0	0.0	0.0
770	2402.0	0.0	0.0	0.0	0.0	0.0	0.0
780	2544.5	0.0	0.0	0.0	0.0	0.0	0.0
790	2491.8333333333335	0.0	0.0	0.0	0.0	0.0	0.0
800	2281.0	0.0	0.0	0.0	0.0	0.0	0.0
810	2401.1666666666665	0.0	0.0	0.0	0.0	0.0	0.0
820	2435.6666666666665	0.0	0.0	0.0	0.0	0.0	0.0
830	2474.6666666666665	0.0	0.0	0.0	0.0	0.0	0.0
840	2622.8333333333335	0.0	0.0	0.0	0.0	0.0	0.0
850	2456.0	0.0	0.0	0.0	0.0	0.0	0.0
860	2523.0	0.0	0.0	0.0	0.0	0.0	0.0
870	2483.0	0.0	0.0	0.0	0.0	0.0	0.0
880	2779.1666666666665	0.0	0.0	0.0	0.0	0.0	0.0
890	2659.6666666666665	0.0	0.0	0.0	0.0	0.0	0.0
900	2614.1666666666665	0.0	0.0	0.0	0.0	0.0	0.0
910	2829.1666666666665	0.0	0.0	0.0	0.0	0.0	0.0
920	2502.1666666666665	0.0	0.0	0.0	0.0	0.0	0.0
930	2669.1666666666665	0.0	0.0	0.0	0.0	0.0	0.0
940	2240.5	0.0	0.0	0.0	0.0	0.0	0.0
950	2393.5	0.0	0.0	0.0	0.0	0.0	0.0
960	1962.0	0.0	0.0	0.0	0.0	0.0	0.0
970	2441.1666666666665	0.0	0.0	0.0	0.0	0.0	0.0
980	2080.1666666666665	0.0	0.0	0.0	0.0	0.0	0.0
990	2343.6666666666665	0.0	0.0	0.0	0.0	0.0	0.0
1000	2256.6666666666665	0.0	0.0	0.0	0.0	0.0	0.0
