0	243.33333333333334	0.0	0.0	0.0	0.0	0.0	0.0
10	1517.0	19.0	318.0	37.0	18.0	35.0	1.0
20	1995.6666666666667	28.0	169.0	29.0	18.0	19.0	10.0
30	2107.5	57.0	449.0	57.0	40.0	37.0	17.0
40	2046.0	15.0	60.0	4.0	14.0	3.0	1.0
50	2033.8333333333333	11.0	286.0	31.0	7.0	24.0	4.0
60	2128.0	39.0	331.0	37.0	25.0	23.0	14.0
70	2011.0	17.0	115.0	10.0	13.0	6.0	4.0
80	2104.3333333333335	44.0	355.0	33.0	38.0	17.0	6.0
90	2091.0	45.0	258.0	36.0	23.0	13.0	22.0
100	2218.1666666666665	63.0	219.0	62.0	31.0	22.0	32.0
110	2242.3333333333335	13.0	218.0	26.0	9.0	22.0	4.0
120	2279.8333333333335	36.0	375.0	28.0	29.0	18.0	7.0
130	2168.0	66.0	322.0	31.0	56.0	14.0	10.0
140	2233.1666666666665	27.0	273.0	24.0	18.0	14.0	9.0
150	2410.5	58.0	402.0	20.0	50.0	11.0	8.0
160	2087.0	23.0	305.0	35.0	12.0	22.0	11.0
170	2313.1666666666665	11.0	125.0	15.0	10.0	7.0	1.0
180	2300.3333333333335	30.0	137.0	31.0	18.0	17.0	12.0
190	2460.8333333333335	67.0	220.0	25.0	57.0	15.0	10.0
200	2383.3333333333335	38.0	224.0	16.0	33.0	10.0	5.0
210	2283.8333333333335	44.0	450.0	30.0	38.0	23.0	6.0
220	2375.0	17.0	106.0	27.0	2.0	12.0	15.0
230	2446.3333333333335	24.0	161.0	16.0	22.0	13.0	2.0
240	2215.0	4.0	216.0	12.0	2.0	10.0	2.0
250	2324.0	24.0	269.0	18.0	20.0	14.0	4.0
260	2334.3333333333335	19.0	281.0	13.0	19.0	9.0	0.0
270	2624.5	18.0	219.0	22.0	6.0	9.0	12.0
280	2282.5	5.0	121.0	13.0	1.0	9.0	4.0
290	2559.1666666666665	43.0	265.0	14.0	40.0	11.0	3.0
300	2746.6666666666665	63.0	179.0	57.0	20.0	14.0	43.0
310	2346.0	24.0	292.0	27.0	21.0	18.0	3.0
320	2519.6666666666665	8.0	23.0	2.0	7.0	1.0	1.0
330	2848.5	0.0	0.0	0.0	0.0	0.0	0.0
340	2630.1666666666665	0.0	0.0	0.0	0.0	0.0	0.0
350	2644.6666666666665	0.0	0.0	0.0	0.0	0.0	0.0
360	2354.6666666666665	0.0	0.0	0.0	0.0	0.0	0.0
370	2826.6666666666665	0.0	0.0	0.0	0.0	0.0	0.0
380	2649.1666666666665	0.0	0.0	0.0	0.0	0.0	0.0
390	2554.6666666666665	0.0	0.0	0.0	0.0	0.0	0.0
400	2509.8333333333335	0.0	0.0	0.0	0.0	0.0	0.0
410	2563.0	0.0	0.0	0.0	0.0	0.0	0.0
420	2830.6666666666665	0.0	0.0	0.0	0.0	0.0	0.0
430	2392.6666666666665	0.0	0.0	0.0	0.0	0.0	0.0
440	2627.5	0.0	0.0	0.0	0.0	0.0	0.0
450	2448.1666666666665	0.0	0.0	0.0	0.0	0.0	0.0
460	2822.0	0.0	0.0	0.0	0.0	0.0	0.0
470	2673.0	0.0	0.0	0.0	0.0	0.0	0.0
480	2853.0	0.0	0.0	0.0	0.0	0.0	0.0
490	2917.5	0.0	0.0	0.0	0.0	0.0	0.0
500	2811.8333333333335	0.0	0.0	0.0	0.0	0.0	0.0
510	2593.3333333333335	0.0	0.0	0.0	0.0	0.0	0.0
520	2660.8333333333335	0.0	0.0	0.0	0.0	0.0	0.0
530	2742.5	0.0	0.0	0.0	0.0	0.0	0.0
540	2955.6666666666665	0.0	0.0	0.0	0.0	0.0	0.0
550	2929.1666666666665	0.0	0.0	0.0	0.0	0.0	0.0
560	2503.6666666666665	0.0	0.0	0.0	0.0	0.0	0.0
570	2739.0	0.0	0.0	0.0	0.0	0.0	0.0
580	2804.6666666666665	0.0	0.0	0.0	0.0	0.0	0.0
590	2733.1666666666665	0.0	0.0	0.0	0.0	0.0	0.0
600	2795.0	0.0	0.0	0.0	0.0	0.0	0.0
610	2790.6666666666665	0.0	0.0	0.0	0.0	0.0	0.0
620	2759.1666666666665	0.0	0.0	0.0	0.0	0.0	0.0
630	2882.1666666666665	0.0	0.0	0.0	0.0	0.0	0.0
640	2769.3333333333335	0.0	0.0	0.0	0.0	0.0	0.0
650	2861.8333333333335	0.0	0.0	0.0	0.0	0.0	0.0
660	2637.6666666666665	0.0	0.0	0.0	0.0	0.0	0.0
670	2745.8333333333335	0.0	0.0	0.0	0.0	0.0	0.0
680	2759.8333333333335	0.0	0.0	0.0	0.0	0.0	0.0
690	2712.6666666666665	0.0	0.0	0.0	0.0	0.0	0.0
700	2968.6666666666665	0.0	0.0	0.0	0.0	0.0	0.0
710	2776.3333333333335	0.0	0.0	0.0	0.0	0.0	0.0
720	2709.3333333333335	0.0	0.0	0.0	0.0	0.0	0.0
730	3004.3333333333335	0.0	0.0	0.0	0.0	0.0	0.0
740	2960.0	0.0	0.0	0.0	0.0	0.0	0.0
750	3026.3333333333335	0.0	0.0	0.0	0.0	0.0	0.0
760	3084.8333333333335	0.0	0.0	0.0	0.0	0.0	0.0
770	2906.0	0.0	0.0	0.0	0.0	0.0	0.0
780	2961.5	0.0	0.0	0.0	0.0	0.0	0.0
790	2842.1666666666665	0.0	0.0	0.0	0.0	0.0	0.0
800	3096.0	0.0	0.0	0.0	0.0	0.0	0.0
810	3083.8333333333335	0.0	0.0	0.0	0.0	0.0	0.0
820	2813.3333333333335	0.0	0.0	0.0	0.0	0.0	0.0
830	2721.8333333333335	0.0	0.0	0.0	0.0	0.0	0.0
840	3054.1666666666665	0.0	0.0	0.0	0.0	0.0	0.0
850	2843.5	0.0	0.0	0.0	0.0	0.0	0.0
860	2962.0	0.0	0.0	0.0	0.0	0.0	0.0
870	2918.5	0.0	0.0	0.0	0.0	0.0	0.0
880	2933.3333333333335	0.0	0.0	0.0	0.0	0.0	0.0
890	3147.5	0.0	0.0	0.0	0.0	0.0	0.0
900	2941.0	0.0	0.0	0.0	0.0	0.0	0.0
910	3268.3333333333335	0.0	0.0	0.0	0.0	0.0	0.0
920	3213.6666666666665	0.0	0.0	0.0	0.0	0.0	0.0
930	3102.5	0.0	0.0	0.0	0.0	0.0	0.0
940	2869.3333333333335	0.0	0.0	0.0	0.0	0.0	0.0
950	3194.8333333333335	0.0	0.0	0.0	0.0	0.0	0.0
960	2747.1666666666665	0.0	0.0	0.0	0.0	0.0	0.0
970	3102.3333333333335	0.0	0.0	0.0	0.0	0.0	0.0
980	3287.0	0.0	0.0	0.0	0.0	0.0	0.0
990	3536.3333333333335	0.0	0.0	0.0	0.0	0.0	0.0
1000	3335.3333333333335	0.0	0.0	0.0	0.0	0.0	0.0
