0	264.3333333333333	0.0	0.0	0.0	0.0	0.0	0.0
10	2145.3333333333335	31.0	248.0	37.0	11.0	17.0	20.0
20	2006.8333333333333	56.0	406.0	72.0	35.0	49.0	21.0
30	2172.8333333333335	28.0	229.0	33.0	21.0	22.0	7.0
40	2116.1666666666665	25.0	188.0	15.0	22.0	12.0	3.0
50	2108.0	34.0	296.0	23.0	30.0	14.0	4.0
60	2079.8333333333335	17.0	158.0	11.0	15.0	9.0	2.0
70	2088.0	11.0	148.0	14.0	8.0	10.0	3.0
80	2054.1666666666665	21.0	266.0	15.0	16.0	9.0	5.0
90	2259.8333333333335	30.0	268.0	24.0	20.0	13.0	10.0
100	2138.3333333333335	36.0	196.0	19.0	34.0	16.0	2.0
110	2100.1666666666665	37.0	285.0	29.0	32.0	24.0	5.0
120	2067.0	45.0	234.0	52.0	20.0	26.0	25.0
130	2303.1666666666665	12.0	143.0	16.0	8.0	7.0	4.0
140	2062.3333333333335	35.0	276.0	21.0	34.0	13.0	1.0
150	2359.8333333333335	50.0	230.0	37.0	42.0	22.0	8.0
160	2215.8333333333335	11.0	137.0	10.0	8.0	7.0	3.0
170	2085.1666666666665	20.0	185.0	20.0	13.0	13.0	7.0
180	2103.0	13.0	153.0	13.0	3.0	3.0	10.0
190	2193.5	13.0	261.0	29.0	6.0	21.0	7.0
200	2222.5	16.0	224.0	24.0	13.0	19.0	3.0
210	2247.6666666666665	17.0	151.0	12.0	13.0	6.0	4.0
220	2413.3333333333335	5.0	207.0	16.0	1.0	12.0	4.0
230	2160.6666666666665	34.0	219.0	38.0	27.0	31.0	7.0
240	2239.5	80.0	336.0	61.0	49.0	27.0	31.0
250	2252.0	67.0	301.0	63.0	35.0	29.0	32.0
260	2163.8333333333335	34.0	222.0	40.0	19.0	15.0	15.0
270	2629.0	20.0	215.0	20.0	17.0	17.0	3.0
280	2440.5	11.0	270.0	25.0	7.0	19.0	4.0
290	2516.0	34.0	272.0	33.0	14.0	12.0	20.0
300	2488.3333333333335	32.0	274.0	31.0	22.0	15.0	10.0
310	2407.0	13.0	402.0	19.0	12.0	18.0	1.0
320	2355.8333333333335	14.0	126.0	18.0	3.0	6.0	11.0
330	2643.3333333333335	34.0	250.0	26.0	28.0	20.0	6.0
340	2633.5	27.0	240.0	19.0	22.0	12.0	5.0
350	2519.8333333333335	37.0	13.0	24.0	13.0	0.0	24.0
360	2379.8333333333335	0.0	0.0	0.0	0.0	0.0	0.0
370	2607.5	0.0	0.0	0.0	0.0	0.0	0.0
380	2754.6666666666665	0.0	0.0	0.0	0.0	0.0	0.0
390	2630.8333333333335	0.0	0.0	0.0	0.0	0.0	0.0
400	2706.6666666666665	0.0	0.0	0.0	0.0	0.0	0.0
410	2669.0	0.0	0.0	0.0	0.0	0.0	0.0
420	2778.5	0.0	0.0	0.0	0.0	0.0	0.0
430	2491.0	0.0	0.0	0.0	0.0	0.0	0.0
440	2736.1666666666665	0.0	0.0	0.0	0.0	0.0	0.0
450	2716.6666666666665	0.0	0.0	0.0	0.0	0.0	0.0
460	2659.6666666666665	0.0	0.0	0.0	0.0	0.0	0.0
470	2559.3333333333335	0.0	0.0	0.0	0.0	0.0	0.0
480	2582.0	0.0	0.0	0.0	0.0	0.0	0.0
490	2567.8333333333335	0.0	0.0	0.0	0.0	0.0	0.0
500	2466.0	0.0	0.0	0.0	0.0	0.0	0.0
510	2442.8333333333335	0.0	0.0	0.0	0.0	0.0	0.0
520	2349.3333333333335	0.0	0.0	0.0	0.0	0.0	0.0
530	2941.6666666666665	0.0	0.0	0.0	0.0	0.0	0.0
540	2877.1666666666665	0.0	0.0	0.0	0.0	0.0	0.0
550	2436.1666666666665	0.0	0.0	0.0	0.0	0.0	0.0
560	2830.6666666666665	0.0	0.0	0.0	0.0	0.0	0.0
570	2840.1666666666665	0.0	0.0	0.0	0.0	0.0	0.0
580	2998.6666666666665	0.0	0.0	0.0	0.0	0.0	0.0
590	2737.5	0.0	0.0	0.0	0.0	0.0	0.0
600	2859.6666666666665	0.0	0.0	0.0	0.0	0.0	0.0
610	2928.5	0.0	0.0	0.0	0.0	0.0	0.0
620	2852.1666666666665	0.0	0.0	0.0	0.0	0.0	0.0
630	2506.0	0.0	0.0	0.0	0.0	0.0	0.0
640	2653.1666666666665	0.0	0.0	0.0	0.0	0.0	0.0
650	2864.0	0.0	0.0	0.0	0.0	0.0	0.0
660	2664.6666666666665	0.0	0.0	0.0	0.0	0.0	0.0
670	2878.8333333333335	0.0	0.0	0.0	0.0	0.0	0.0
680	2788.5	0.0	0.0	0.0	0.0	0.0	0.0
690	2850.8333333333335	0.0	0.0	0.0	0.0	0.0	0.0
700	3082.0	0.0	0.0	0.0	0.0	0.0	0.0
710	2876.5	0.0	0.0	0.0	0.0	0.0	0.0
720	2792.6666666666665	0.0	0.0	0.0	0.0	0.0	0.0
730	2854.1666666666665	0.0	0.0	0.0	0.0	0.0	0.0
740	2670.5	0.0	0.0	0.0	0.0	0.0	0.0
750	2771.1666666666665	0.0	0.0	0.0	0.0	0.0	0.0
760	2995.3333333333335	0.0	0.0	0.0	0.0	0.0	0.0
770	2760.0	0.0	0.0	0.0	0.0	0.0	0.0
780	3006.3333333333335	0.0	0.0	0.0	0.0	0.0	0.0
790	2863.0	0.0	0.0	0.0	0.0	0.0	0.0
800	2988.1666666666665	0.0	0.0	0.0	0.0	0.0	0.0
810	3136.5	0.0	0.0	0.0	0.0	0.0	0.0
820	2774.0	0.0	0.0	0.0	0.0	0.0	0.0
830	2953.0	0.0	0.0	0.0	0.0	0.0	0.0
840	3032.1666666666665	0.0	0.0	0.0	0.0	0.0	0.0
850	3179.3333333333335	0.0	0.0	0.0	0.0	0.0	0.0
860	3220.0	0.0	0.0	0.0	0.0	0.0	0.0
870	3121.5	0.0	0.0	0.0	0.0	0.0	0.0
880	3051.3333333333335	0.0	0.0	0.0	0.0	0.0	0.0
890	3057.3333333333335	0.0	0.0	0.0	0.0	0.0	0.0
900	3140.0	0.0	0.0	0.0	0.0	0.0	0.0
910	3421.3333333333335	0.0	0.0	0.0	0.0	0.0	0.0
920	3064.5	0.0	0.0	0.0	0.0	0.0	0.0
930	3066.0	0.0	0.0	0.0	0.0	0.0	0.0
940	3190.1666666666665	0.0	0.0	0.0	0.0	0.0	0.0
950	3069.8333333333335	0.0	0.0	0.0	0.0	0.0	0.0
960	3042.3333333333335	0.0	0.0	0.0	0.0	0.0	0.0
970	2926.8333333333335	0.0	0.0	0.0	0.0	0.0	0.0
980	3075.6666666666665	0.0	0.0	0.0	0.0	0.0	0.0
990	3187.8333333333335	0.0	0.0	0.0	0.0	0.0	0.0
1000	3217.0	0.0	0.0	0.0	0.0	0.0	0.0
