0	251.66666666666666	0.0	0.0	0.0	0.0	0.0	0.0
10	2213.6666666666665	51.0	309.0	26.0	47.0	19.0	4.0
20	2040.0	36.0	396.0	42.0	22.0	27.0	14.0
30	1957.1666666666667	21.0	226.0	33.0	8.0	19.0	13.0
40	1863.3333333333333	23.0	231.0	35.0	17.0	29.0	6.0
50	2201.1666666666665	30.0	218.0	22.0	24.0	16.0	6.0
60	2088.0	40.0	239.0	34.0	16.0	9.0	24.0
70	2107.0	40.0	200.0	37.0	13.0	10.0	27.0
80	2066.5	47.0	321.0	30.0	32.0	13.0	15.0
90	2036.8333333333333	15.0	214.0	16.0	12.0	13.0	3.0
100	2159.3333333333335	57.0	250.0	40.0	36.0	19.0	21.0
110	2289.3333333333335	72.0	183.0	83.0	8.0	14.0	64.0
120	2190.5	32.0	311.0	25.0	22.0	14.0	10.0
130	2561.0	26.0	254.0	28.0	18.0	16.0	8.0
140	2301.5	27.0	395.0	50.0	19.0	42.0	8.0
150	2144.5	18.0	199.0	27.0	9.0	14.0	9.0
160	2368.0	15.0	314.0	30.0	11.0	26.0	4.0
170	2315.1666666666665	4.0	141.0	10.0	3.0	9.0	1.0
180	2338.8333333333335	5.0	83.0	9.0	3.0	7.0	2.0
190	2208.1666666666665	20.0	271.0	30.0	12.0	19.0	8.0
200	2510.1666666666665	37.0	381.0	34.0	27.0	19.0	10.0
210	2474.6666666666665	46.0	275.0	33.0	28.0	13.0	18.0
220	2286.3333333333335	18.0	146.0	7.0	15.0	4.0	3.0
230	2470.3333333333335	36.0	223.0	17.0	28.0	7.0	8.0
240	2324.8333333333335	14.0	170.0	17.0	8.0	10.0	6.0
250	2408.6666666666665	58.0	426.0	30.0	50.0	19.0	8.0
260	2278.5	22.0	303.0	29.0	20.0	26.0	2.0
270	2098.8333333333335	92.0	311.0	71.0	51.0	27.0	41.0
280	2382.5	17.0	199.0	22.0	13.0	16.0	4.0
290	2639.6666666666665	33.0	297.0	37.0	19.0	10.0	14.0
300	2450.8333333333335	37.0	249.0	28.0	19.0	8.0	18.0
310	2329.0	10.0	215.0	15.0	7.0	12.0	3.0
320	2852.5	1.0	27.0	4.0	0.0	3.0	1.0
330	2561.8333333333335	0.0	0.0	0.0	0.0	0.0	0.0
340	2759.3333333333335	0.0	0.0	0.0	0.0	0.0	0.0
350	2563.0	0.0	0.0	0.0	0.0	0.0	0.0
360	2670.3333333333335	0.0	0.0	0.0	0.0	0.0	0.0
370	2614.6666666666665	0.0	0.0	0.0	0.0	0.0	0.0
380	2628.3333333333335	0.0	0.0	0.0	0.0	0.0	0.0
390	2601.3333333333335	0.0	0.0	0.0	0.0	0.0	0.0
400	2764.0	0.0	0.0	0.0	0.0	0.0	0.0
410	2827.6666666666665	0.0	0.0	0.0	0.0	0.0	0.0
420	2813.6666666666665	0.0	0.0	0.0	0.0	0.0	0.0
430	2656.0	0.0	0.0	0.0	0.0	0.0	0.0
440	2536.6666666666665	0.0	0.0	0.0	0.0	0.0	0.0
450	2859.0	0.0	0.0	0.0	0.0	0.0	0.0
460	2623.1666666666665	0.0	0.0	0.0	0.0	0.0	0.0
470	2767.0	0.0	0.0	0.0	0.0	0.0	0.0
480	2795.6666666666665	0.0	0.0	0.0	0.0	0.0	0.0
490	2887.8333333333335	0.0	0.0	0.0	0.0	0.0	0.0
500	2803.0	0.0	0.0	0.0	0.0	0.0	0.0
510	2619.0	0.0	0.0	0.0	0.0	0.0	0.0
520	2875.3333333333335	0.0	0.0	0.0	0.0	0.0	0.0
530	2457.0	0.0	0.0	0.0	0.0	0.0	0.0
540	2766.3333333333335	0.0	0.0	0.0	0.0	0.0	0.0
550	2922.1666666666665	0.0	0.0	0.0	0.0	0.0	0.0
560	3116.5	0.0	0.0	0.0	0.0	0.0	0.0
570	2434.6666666666665	0.0	0.0	0.0	0.0	0.0	0.0
580	2828.8333333333335	0.0	0.0	0.0	0.0	0.0	0.0
590	2996.3333333333335	0.0	0.0	0.0	0.0	0.0	0.0
600	2966.3333333333335	0.0	0.0	0.0	0.0	0.0	0.0
610	2947.3333333333335	0.0	0.0	0.0	0.0	0.0	0.0
620	3068.5	0.0	0.0	0.0	0.0	0.0	0.0
630	2866.3333333333335	0.0	0.0	0.0	0.0	0.0	0.0
640	3111.6666666666665	0.0	0.0	0.0	0.0	0.0	0.0
650	2721.6666666666665	0.0	0.0	0.0	0.0	0.0	0.0
660	2939.3333333333335	0.0	0.0	0.0	0.0	0.0	0.0
670	2882.8333333333335	0.0	0.0	0.0	0.0	0.0	0.0
680	2654.3333333333335	0.0	0.0	0.0	0.0	0.0	0.0
690	2943.1666666666665	0.0	0.0	0.0	0.0	0.0	0.0
700	2538.8333333333335	0.0	0.0	0.0	0.0	0.0	0.0
710	3010.3333333333335	0.0	0.0	0.0	0.0	0.0	0.0
720	3071.6666666666665	0.0	0.0	0.0	0.0	0.0	0.0
730	3197.8333333333335	0.0	0.0	0.0	0.0	0.0	0.0
740	3029.5	0.0	0.0	0.0	0.0	0.0	0.0
750	3040.6666666666665	0.0	0.0	0.0	0.0	0.0	0.0
760	3241.6666666666665	0.0	0.0	0.0	0.0	0.0	0.0
770	2720.3333333333335	0.0	0.0	0.0	0.0	0.0	0.0
780	2531.0	0.0	0.0	0.0	0.0	0.0	0.0
790	2858.6666666666665	0.0	0.0	0.0	0.0	0.0	0.0
800	2928.1666666666665	0.0	0.0	0.0	0.0	0.0	0.0
810	3110.8333333333335	0.0	0.0	0.0	0.0	0.0	0.0
820	3100.5	0.0	0.0	0.0	0.0	0.0	0.0
830	2766.6666666666665	0.0	0.0	0.0	0.0	0.0	0.0
840	3066.0	0.0	0.0	0.0	0.0	0.0	0.0
850	2954.3333333333335	0.0	0.0	0.0	0.0	0.0	0.0
860	2933.6666666666665	0.0	0.0	0.0	0.0	0.0	0.0
870	2973.6666666666665	0.0	0.0	0.0	0.0	0.0	0.0
880	3037.8333333333335	0.0	0.0	0.0	0.0	0.0	0.0
890	2989.3333333333335	0.0	0.0	0.0	0.0	0.0	0.0
900	3142.3333333333335	0.0	0.0	0.0	0.0	0.0	0.0
910	2859.1666666666665	0.0	0.0	0.0	0.0	0.0	0.0
920	2957.0	0.0	0.0	0.0	0.0	0.0	0.0
930	3298.0	0.0	0.0	0.0	0.0	0.0	0.0
940	3108.6666666666665	0.0	0.0	0.0	0.0	0.0	0.0
950	3218.3333333333335	0.0	0.0	0.0	0.0	0.0	0.0
960	3196.6666666666665	0.0	0.0	0.0	0.0	0.0	0.0
970	3171.0	0.0	0.0	0.0	0.0	0.0	0.0
980	3460.5	0.0	0.0	0.0	0.0	0.0	0.0
990	3342.3333333333335	0.0	0.0	0.0	0.0	0.0	0.0
1000	3195.8333333333335	0.0	0.0	0.0	0.0	0.0	0.0
