0	237.33333333333334	0.0
10	2098.3333333333335	145.0
20	2144.5	38.0
30	2018.1666666666667	48.0
40	2227.0	124.0
50	2295.3333333333335	117.0
60	2200.5	91.0
70	2465.1666666666665	95.0
80	2495.3333333333335	198.0
90	2689.0	129.0
100	2625.3333333333335	15.0
110	2640.1666666666665	0.0
120	2311.6666666666665	0.0
130	2269.0	0.0
140	1994.8333333333333	0.0
150	2322.1666666666665	0.0
160	2863.3333333333335	0.0
170	2448.8333333333335	0.0
180	2717.3333333333335	0.0
190	2247.6666666666665	0.0
200	2672.1666666666665	0.0
210	2585.0	0.0
220	2429.0	0.0
230	2849.8333333333335	0.0
240	2669.6666666666665	0.0
250	2990.6666666666665	0.0
260	2806.8333333333335	0.0
270	2625.5	0.0
280	3297.5	0.0
290	3263.6666666666665	0.0
300	2985.1666666666665	0.0
310	2928.6666666666665	0.0
320	3462.6666666666665	0.0
330	3163.5	0.0
340	2799.8333333333335	0.0
350	3335.3333333333335	0.0
360	3152.0	0.0
370	3156.0	0.0
380	2989.1666666666665	0.0
390	3563.8333333333335	0.0
400	3580.3333333333335	0.0
410	3225.0	0.0
420	3248.8333333333335	0.0
430	3216.8333333333335	0.0
440	3539.6666666666665	0.0
450	3533.3333333333335	0.0
460	3032.6666666666665	0.0
470	3717.1666666666665	0.0
480	3414.6666666666665	0.0
490	3347.3333333333335	0.0
500	3594.3333333333335	0.0
510	3880.1666666666665	0.0
520	3634.8333333333335	0.0
530	3253.8333333333335	0.0
540	3120.6666666666665	0.0
550	3814.1666666666665	0.0
560	3626.6666666666665	0.0
570	3634.3333333333335	0.0
580	3632.0	0.0
590	3832.6666666666665	0.0
600	3527.5	0.0
610	3848.0	0.0
620	3507.0	0.0
630	3770.3333333333335	0.0
640	3776.6666666666665	0.0
650	3652.3333333333335	0.0
660	3635.6666666666665	0.0
670	3727.3333333333335	0.0
680	3578.0	0.0
690	3714.8333333333335	0.0
700	3628.6666666666665	0.0
710	3595.1666666666665	0.0
720	3877.1666666666665	0.0
730	3964.6666666666665	0.0
740	3582.0	0.0
750	3952.8333333333335	0.0
760	3656.3333333333335	0.0
770	3510.0	0.0
780	3970.5	0.0
790	3901.6666666666665	0.0
800	3693.0	0.0
810	3613.6666666666665	0.0
820	3836.6666666666665	0.0
830	3800.1666666666665	0.0
840	3590.3333333333335	0.0
850	3641.3333333333335	0.0
860	4127.166666666667	0.0
870	3857.5	0.0
880	3870.5	0.0
890	3319.1666666666665	0.0
900	3518.1666666666665	0.0
910	3901.5	0.0
920	3750.8333333333335	0.0
930	3524.0	0.0
940	3726.1666666666665	0.0
950	3915.8333333333335	0.0
960	3807.8333333333335	0.0
970	3375.1666666666665	0.0
980	3874.0	0.0
990	3983.0	0.0
1000	3622.5	0.0
