0	252.33333333333334	0.0
10	2144.3333333333335	74.0
20	2131.8333333333335	73.0
30	2089.1666666666665	221.0
40	2130.1666666666665	68.0
50	2368.3333333333335	220.0
60	2105.1666666666665	19.0
70	2498.0	33.0
80	2272.3333333333335	91.0
90	2190.8333333333335	183.0
100	2768.5	18.0
110	2707.3333333333335	0.0
120	2654.6666666666665	0.0
130	2537.6666666666665	0.0
140	2542.3333333333335	0.0
150	2599.6666666666665	0.0
160	2606.3333333333335	0.0
170	2598.5	0.0
180	2750.8333333333335	0.0
190	2928.3333333333335	0.0
200	2972.1666666666665	0.0
210	2662.8333333333335	0.0
220	2999.3333333333335	0.0
230	2694.8333333333335	0.0
240	2200.1666666666665	0.0
250	2720.3333333333335	0.0
260	2579.0	0.0
270	2685.5	0.0
280	2908.1666666666665	0.0
290	2789.1666666666665	0.0
300	2598.3333333333335	0.0
310	2870.8333333333335	0.0
320	2529.5	0.0
330	3130.5	0.0
340	3087.8333333333335	0.0
350	2901.3333333333335	0.0
360	2984.1666666666665	0.0
370	3046.5	0.0
380	2972.1666666666665	0.0
390	3186.8333333333335	0.0
400	3036.1666666666665	0.0
410	2917.8333333333335	0.0
420	2803.1666666666665	0.0
430	3358.6666666666665	0.0
440	3686.3333333333335	0.0
450	3213.0	0.0
460	3302.6666666666665	0.0
470	3523.3333333333335	0.0
480	3168.0	0.0
490	2874.0	0.0
500	2967.1666666666665	0.0
510	3198.5	0.0
520	3200.0	0.0
530	3779.1666666666665	0.0
540	3705.6666666666665	0.0
550	3755.1666666666665	0.0
560	3343.5	0.0
570	3629.6666666666665	0.0
580	3403.5	0.0
590	3353.8333333333335	0.0
600	3782.3333333333335	0.0
610	3428.3333333333335	0.0
620	3576.1666666666665	0.0
630	3729.1666666666665	0.0
640	3319.5	0.0
650	3649.0	0.0
660	3179.1666666666665	0.0
670	3220.5	0.0
680	3481.1666666666665	0.0
690	3964.3333333333335	0.0
700	3712.5	0.0
710	3015.1666666666665	0.0
720	3251.6666666666665	0.0
730	3314.1666666666665	0.0
740	3290.6666666666665	0.0
750	3149.5	0.0
760	4108.333333333333	0.0
770	3203.5	0.0
780	3416.5	0.0
790	3645.1666666666665	0.0
800	3572.5	0.0
810	3618.3333333333335	0.0
820	3790.3333333333335	0.0
830	3799.0	0.0
840	3975.8333333333335	0.0
850	3884.3333333333335	0.0
860	3879.3333333333335	0.0
870	3583.1666666666665	0.0
880	3636.3333333333335	0.0
890	3854.1666666666665	0.0
900	3610.6666666666665	0.0
910	3529.1666666666665	0.0
920	3889.3333333333335	0.0
930	4050.1666666666665	0.0
940	3905.6666666666665	0.0
950	3768.8333333333335	0.0
960	3848.0	0.0
970	3951.8333333333335	0.0
980	3768.3333333333335	0.0
990	3735.8333333333335	0.0
1000	3974.8333333333335	0.0
