0	280.6666666666667	0.0
10	2030.8333333333333	152.0
20	2098.1666666666665	4.0
30	2020.3333333333333	98.0
40	2196.0	80.0
50	2409.0	204.0
60	2597.1666666666665	88.0
70	2399.1666666666665	183.0
80	2633.1666666666665	160.0
90	2398.6666666666665	31.0
100	2664.1666666666665	0.0
110	2858.3333333333335	0.0
120	2611.0	0.0
130	2510.3333333333335	0.0
140	2981.8333333333335	0.0
150	2828.6666666666665	0.0
160	2746.0	0.0
170	2649.1666666666665	0.0
180	2989.8333333333335	0.0
190	2845.5	0.0
200	2630.0	0.0
210	2877.0	0.0
220	2474.1666666666665	0.0
230	2717.8333333333335	0.0
240	2863.3333333333335	0.0
250	2713.5	0.0
260	2456.1666666666665	0.0
270	2649.0	0.0
280	3056.0	0.0
290	3174.8333333333335	0.0
300	2950.8333333333335	0.0
310	3086.1666666666665	0.0
320	3365.0	0.0
330	3396.6666666666665	0.0
340	3312.3333333333335	0.0
350	3521.3333333333335	0.0
360	3738.6666666666665	0.0
370	3398.5	0.0
380	3160.1666666666665	0.0
390	3187.5	0.0
400	3328.0	0.0
410	3190.1666666666665	0.0
420	3420.0	0.0
430	3250.8333333333335	0.0
440	3136.3333333333335	0.0
450	3699.8333333333335	0.0
460	3170.8333333333335	0.0
470	3684.8333333333335	0.0
480	3834.1666666666665	0.0
490	3461.0	0.0
500	3574.0	0.0
510	3659.3333333333335	0.0
520	3596.6666666666665	0.0
530	3701.6666666666665	0.0
540	3283.0	0.0
550	3799.5	0.0
560	3796.6666666666665	0.0
570	3298.5	0.0
580	3722.0	0.0
590	4013.0	0.0
600	3650.8333333333335	0.0
610	3888.8333333333335	0.0
620	3838.5	0.0
630	3776.0	0.0
640	3502.0	0.0
650	3598.1666666666665	0.0
660	3876.1666666666665	0.0
670	3607.0	0.0
680	3747.1666666666665	0.0
690	3541.5	0.0
700	4144.833333333333	0.0
710	3900.6666666666665	0.0
720	3955.5	0.0
730	3758.5	0.0
740	3830.0	0.0
750	3739.1666666666665	0.0
760	3986.1666666666665	0.0
770	3750.3333333333335	0.0
780	3661.3333333333335	0.0
790	3690.0	0.0
800	3818.8333333333335	0.0
810	3740.5	0.0
820	3893.5	0.0
830	3747.0	0.0
840	3841.0	0.0
850	3746.6666666666665	0.0
860	3641.1666666666665	0.0
870	3639.0	0.0
880	3677.1666666666665	0.0
890	4028.1666666666665	0.0
900	3835.1666666666665	0.0
910	4069.1666666666665	0.0
920	3600.5	0.0
930	3508.0	0.0
940	3952.5	0.0
950	3578.3333333333335	0.0
960	3848.3333333333335	0.0
970	3994.3333333333335	0.0
980	3783.3333333333335	0.0
990	3716.0	0.0
1000	3647.8333333333335	0.0
