0	267.3333333333333	0.0
10	1713.0	36.0
20	2029.0	66.0
30	1981.6666666666667	103.0
40	2234.8333333333335	145.0
50	2126.3333333333335	79.0
60	2406.8333333333335	90.0
70	2324.5	18.0
80	2552.3333333333335	108.0
90	2565.0	115.0
100	2690.6666666666665	193.0
110	2720.1666666666665	47.0
120	2375.6666666666665	0.0
130	2799.0	0.0
140	2583.5	0.0
150	2540.6666666666665	0.0
160	2588.8333333333335	0.0
170	2627.5	0.0
180	2654.5	0.0
190	2964.6666666666665	0.0
200	2222.3333333333335	0.0
210	2451.5	0.0
220	2748.5	0.0
230	2467.6666666666665	0.0
240	2621.1666666666665	0.0
250	3039.0	0.0
260	2333.5	0.0
270	2995.8333333333335	0.0
280	2744.3333333333335	0.0
290	2942.5	0.0
300	3033.3333333333335	0.0
310	3353.6666666666665	0.0
320	2718.3333333333335	0.0
330	2689.8333333333335	0.0
340	2692.8333333333335	0.0
350	3055.5	0.0
360	3347.1666666666665	0.0
370	3154.1666666666665	0.0
380	3355.1666666666665	0.0
390	2966.1666666666665	0.0
400	3219.0	0.0
410	3263.6666666666665	0.0
420	3216.3333333333335	0.0
430	3784.8333333333335	0.0
440	3384.5	0.0
450	3511.5	0.0
460	3361.5	0.0
470	4033.5	0.0
480	3406.1666666666665	0.0
490	3497.1666666666665	0.0
500	3536.5	0.0
510	2753.0	0.0
520	3982.8333333333335	0.0
530	3393.1666666666665	0.0
540	3652.3333333333335	0.0
550	3870.6666666666665	0.0
560	3460.6666666666665	0.0
570	3323.8333333333335	0.0
580	3572.5	0.0
590	3678.3333333333335	0.0
600	3660.0	0.0
610	3655.6666666666665	0.0
620	3933.0	0.0
630	3663.8333333333335	0.0
640	3877.8333333333335	0.0
650	4084.1666666666665	0.0
660	4153.166666666667	0.0
670	3361.5	0.0
680	3132.3333333333335	0.0
690	3761.3333333333335	0.0
700	3785.6666666666665	0.0
710	4005.0	0.0
720	3914.5	0.0
730	3786.0	0.0
740	3952.6666666666665	0.0
750	3864.5	0.0
760	3748.5	0.0
770	3442.0	0.0
780	3858.6666666666665	0.0
790	3872.6666666666665	0.0
800	3772.5	0.0
810	3699.6666666666665	0.0
820	3808.1666666666665	0.0
830	4233.666666666667	0.0
840	3867.5	0.0
850	3666.5	0.0
860	3937.5	0.0
870	3717.0	0.0
880	3808.6666666666665	0.0
890	3635.5	0.0
900	3702.8333333333335	0.0
910	3748.8333333333335	0.0
920	3883.1666666666665	0.0
930	3886.0	0.0
940	4054.0	0.0
950	3829.3333333333335	0.0
960	3813.6666666666665	0.0
970	3843.8333333333335	0.0
980	3722.8333333333335	0.0
990	3602.0	0.0
1000	3844.5	0.0
