0	250.0	0.0	0.0	0.0	0.0	0.0	0.0
10	1941.6666666666667	708.0	6647.0	435.0	587.0	302.0	121.0
20	2068.1666666666665	292.0	1653.0	274.0	258.0	239.0	34.0
30	1929.1666666666667	0.0	0.0	0.0	0.0	0.0	0.0
40	1905.1666666666667	0.0	0.0	0.0	0.0	0.0	0.0
50	2156.8333333333335	0.0	0.0	0.0	0.0	0.0	0.0
60	1957.0	0.0	0.0	0.0	0.0	0.0	0.0
70	1895.8333333333333	0.0	0.0	0.0	0.0	0.0	0.0
80	2489.5	0.0	0.0	0.0	0.0	0.0	0.0
90	2715.6666666666665	0.0	0.0	0.0	0.0	0.0	0.0
100	2129.3333333333335	0.0	0.0	0.0	0.0	0.0	0.0
110	2708.8333333333335	0.0	0.0	0.0	0.0	0.0	0.0
120	2454.0	0.0	0.0	0.0	0.0	0.0	0.0
130	2534.5	0.0	0.0	0.0	0.0	0.0	0.0
140	2715.6666666666665	0.0	0.0	0.0	0.0	0.0	0.0
150	2842.3333333333335	0.0	0.0	0.0	0.0	0.0	0.0
160	2482.5	0.0	0.0	0.0	0.0	0.0	0.0
170	2421.0	0.0	0.0	0.0	0.0	0.0	0.0
180	2355.1666666666665	0.0	0.0	0.0	0.0	0.0	0.0
190	2631.0	0.0	0.0	0.0	0.0	0.0	0.0
200	2775.1666666666665	0.0	0.0	0.0	0.0	0.0	0.0
210	2657.0	0.0	0.0	0.0	0.0	0.0	0.0
220	2627.5	0.0	0.0	0.0	0.0	0.0	0.0
230	2191.0	0.0	0.0	0.0	0.0	0.0	0.0
240	2948.1666666666665	0.0	0.0	0.0	0.0	0.0	0.0
250	2658.3333333333335	0.0	0.0	0.0	0.0	0.0	0.0
260	2584.1666666666665	0.0	0.0	0.0	0.0	0.0	0.0
270	2897.1666666666665	0.0	0.0	0.0	0.0	0.0	0.0
280	2725.6666666666665	0.0	0.0	0.0	0.0	0.0	0.0
290	2611.8333333333335	0.0	0.0	0.0	0.0	0.0	0.0
300	2622.8333333333335	0.0	0.0	0.0	0.0	0.0	0.0
310	2716.6666666666665	0.0	0.0	0.0	0.0	0.0	0.0
320	3324.5	0.0	0.0	0.0	0.0	0.0	0.0
330	3079.1666666666665	0.0	0.0	0.0	0.0	0.0	0.0
340	3416.1666666666665	0.0	0.0	0.0	0.0	0.0	0.0
350	2661.0	0.0	0.0	0.0	0.0	0.0	0.0
360	3277.8333333333335	0.0	0.0	0.0	0.0	0.0	0.0
370	3405.8333333333335	0.0	0.0	0.0	0.0	0.0	0.0
380	3353.8333333333335	0.0	0.0	0.0	0.0	0.0	0.0
390	3319.1666666666665	0.0	0.0	0.0	0.0	0.0	0.0
400	3433.1666666666665	0.0	0.0	0.0	0.0	0.0	0.0
410	3370.6666666666665	0.0	0.0	0.0	0.0	0.0	0.0
420	2953.5	0.0	0.0	0.0	0.0	0.0	0.0
430	3688.8333333333335	0.0	0.0	0.0	0.0	0.0	0.0
440	2936.5	0.0	0.0	0.0	0.0	0.0	0.0
450	3039.1666666666665	0.0	0.0	0.0	0.0	0.0	0.0
460	2838.5	0.0	0.0	0.0	0.0	0.0	0.0
470	3862.6666666666665	0.0	0.0	0.0	0.0	0.0	0.0
480	3400.8333333333335	0.0	0.0	0.0	0.0	0.0	0.0
490	3635.3333333333335	0.0	0.0	0.0	0.0	0.0	0.0
500	3258.3333333333335	0.0	0.0	0.0	0.0	0.0	0.0
510	3573.0	0.0	0.0	0.0	0.0	0.0	0.0
520	3115.1666666666665	0.0	0.0	0.0	0.0	0.0	0.0
530	3006.6666666666665	0.0	0.0	0.0	0.0	0.0	0.0
540	3946.3333333333335	0.0	0.0	0.0	0.0	0.0	0.0
550	3238.6666666666665	0.0	0.0	0.0	0.0	0.0	0.0
560	4139.333333333333	0.0	0.0	0.0	0.0	0.0	0.0
570	3223.1666666666665	0.0	0.0	0.0	0.0	0.0	0.0
580	3248.1666666666665	0.0	0.0	0.0	0.0	0.0	0.0
590	3488.8333333333335	0.0	0.0	0.0	0.0	0.0	0.0
600	3205.5	0.0	0.0	0.0	0.0	0.0	0.0
610	3576.6666666666665	0.0	0.0	0.0	0.0	0.0	0.0
620	3767.6666666666665	0.0	0.0	0.0	0.0	0.0	0.0
630	3373.8333333333335	0.0	0.0	0.0	0.0	0.0	0.0
640	3494.3333333333335	0.0	0.0	0.0	0.0	0.0	0.0
650	4082.0	0.0	0.0	0.0	0.0	0.0	0.0
660	3879.6666666666665	0.0	0.0	0.0	0.0	0.0	0.0
670	3987.0	0.0	0.0	0.0	0.0	0.0	0.0
680	3473.8333333333335	0.0	0.0	0.0	0.0	0.0	0.0
690	3642.1666666666665	0.0	0.0	0.0	0.0	0.0	0.0
700	3622.8333333333335	0.0	0.0	0.0	0.0	0.0	0.0
710	3880.6666666666665	0.0	0.0	0.0	0.0	0.0	0.0
720	3796.5	0.0	0.0	0.0	0.0	0.0	0.0
730	3470.3333333333335	0.0	0.0	0.0	0.0	0.0	0.0
740	3772.1666666666665	0.0	0.0	0.0	0.0	0.0	0.0
750	3415.0	0.0	0.0	0.0	0.0	0.0	0.0
760	3423.3333333333335	0.0	0.0	0.0	0.0	0.0	0.0
770	3311.3333333333335	0.0	0.0	0.0	0.0	0.0	0.0
780	3638.3333333333335	0.0	0.0	0.0	0.0	0.0	0.0
790	3869.3333333333335	0.0	0.0	0.0	0.0	0.0	0.0
800	3967.3333333333335	0.0	0.0	0.0	0.0	0.0	0.0
810	3542.1666666666665	0.0	0.0	0.0	0.0	0.0	0.0
820	3708.6666666666665	0.0	0.0	0.0	0.0	0.0	0.0
830	3977.5	0.0	0.0	0.0	0.0	0.0	0.0
840	3822.1666666666665	0.0	0.0	0.0	0.0	0.0	0.0
850	3096.3333333333335	0.0	0.0	0.0	0.0	0.0	0.0
860	3891.1666666666665	0.0	0.0	0.0	0.0	0.0	0.0
870	3654.0	0.0	0.0	0.0	0.0	0.0	0.0
880	3660.0	0.0	0.0	0.0	0.0	0.0	0.0
890	3431.8333333333335	0.0	0.0	0.0	0.0	0.0	0.0
900	3657.0	0.0	0.0	0.0	0.0	0.0	0.0
910	3866.1666666666665	0.0	0.0	0.0	0.0	0.0	0.0
920	3499.3333333333335	0.0	0.0	0.0	0.0	0.0	0.0
930	3851.8333333333335	0.0	0.0	0.0	0.0	0.0	0.0
940	3747.3333333333335	0.0	0.0	0.0	0.0	0.0	0.0
950	3738.1666666666665	0.0	0.0	0.0	0.0	0.0	0.0
960	3776.8333333333335	0.0	0.0	0.0	0.0	0.0	0.0
970	3851.0	0.0	0.0	0.0	0.0	0.0	0.0
980	3839.5	0.0	0.0	0.0	0.0	0.0	0.0
990	4023.5	0.0	0.0	0.0	0.0	0.0	0.0
1000	4060.0	0.0	0.0	0.0	0.0	0.0	0.0
