0	249.33333333333334	0.0	0.0	0.0	0.0	0.0	0.0
10	1685.5	469.0	5500.0	287.0	368.0	182.0	101.0
20	1985.3333333333333	531.0	5467.0	326.0	474.0	264.0	57.0
30	1653.0	0.0	0.0	0.0	0.0	0.0	0.0
40	1936.3333333333333	0.0	0.0	0.0	0.0	0.0	0.0
50	2176.1666666666665	0.0	0.0	0.0	0.0	0.0	0.0
60	2302.3333333333335	0.0	0.0	0.0	0.0	0.0	0.0
70	2343.1666666666665	0.0	0.0	0.0	0.0	0.0	0.0
80	2415.1666666666665	0.0	0.0	0.0	0.0	0.0	0.0
90	2577.0	0.0	0.0	0.0	0.0	0.0	0.0
100	2656.5	0.0	0.0	0.0	0.0	0.0	0.0
110	2510.3333333333335	0.0	0.0	0.0	0.0	0.0	0.0
120	2418.5	0.0	0.0	0.0	0.0	0.0	0.0
130	2602.8333333333335	0.0	0.0	0.0	0.0	0.0	0.0
140	2541.1666666666665	0.0	0.0	0.0	0.0	0.0	0.0
150	2346.0	0.0	0.0	0.0	0.0	0.0	0.0
160	2261.1666666666665	0.0	0.0	0.0	0.0	0.0	0.0
170	2707.8333333333335	0.0	0.0	0.0	0.0	0.0	0.0
180	2597.1666666666665	0.0	0.0	0.0	0.0	0.0	0.0
190	2340.1666666666665	0.0	0.0	0.0	0.0	0.0	0.0
200	2105.1666666666665	0.0	0.0	0.0	0.0	0.0	0.0
210	2296.1666666666665	0.0	0.0	0.0	0.0	0.0	0.0
220	2392.8333333333335	0.0	0.0	0.0	0.0	0.0	0.0
230	2443.3333333333335	0.0	0.0	0.0	0.0	0.0	0.0
240	2392.5	0.0	0.0	0.0	0.0	0.0	0.0
250	3023.5	0.0	0.0	0.0	0.0	0.0	0.0
260	2587.0	0.0	0.0	0.0	0.0	0.0	0.0
270	3027.0	0.0	0.0	0.0	0.0	0.0	0.0
280	3000.0	0.0	0.0	0.0	0.0	0.0	0.0
290	2998.3333333333335	0.0	0.0	0.0	0.0	0.0	0.0
300	2938.1666666666665	0.0	0.0	0.0	0.0	0.0	0.0
310	2961.8333333333335	0.0	0.0	0.0	0.0	0.0	0.0
320	2726.8333333333335	0.0	0.0	0.0	0.0	0.0	0.0
330	3208.0	0.0	0.0	0.0	0.0	0.0	0.0
340	3206.1666666666665	0.0	0.0	0.0	0.0	0.0	0.0
350	3128.0	0.0	0.0	0.0	0.0	0.0	0.0
360	3116.5	0.0	0.0	0.0	0.0	0.0	0.0
370	3153.8333333333335	0.0	0.0	0.0	0.0	0.0	0.0
380	3606.1666666666665	0.0	0.0	0.0	0.0	0.0	0.0
390	3351.1666666666665	0.0	0.0	0.0	0.0	0.0	0.0
400	3652.0	0.0	0.0	0.0	0.0	0.0	0.0
410	3235.5	0.0	0.0	0.0	0.0	0.0	0.0
420	3385.8333333333335	0.0	0.0	0.0	0.0	0.0	0.0
430	3512.1666666666665	0.0	0.0	0.0	0.0	0.0	0.0
440	2875.3333333333335	0.0	0.0	0.0	0.0	0.0	0.0
450	3317.5	0.0	0.0	0.0	0.0	0.0	0.0
460	3556.6666666666665	0.0	0.0	0.0	0.0	0.0	0.0
470	3109.5	0.0	0.0	0.0	0.0	0.0	0.0
480	2605.6666666666665	0.0	0.0	0.0	0.0	0.0	0.0
490	3782.5	0.0	0.0	0.0	0.0	0.0	0.0
500	3414.5	0.0	0.0	0.0	0.0	0.0	0.0
510	3264.8333333333335	0.0	0.0	0.0	0.0	0.0	0.0
520	3237.1666666666665	0.0	0.0	0.0	0.0	0.0	0.0
530	3337.1666666666665	0.0	0.0	0.0	0.0	0.0	0.0
540	3379.6666666666665	0.0	0.0	0.0	0.0	0.0	0.0
550	3858.0	0.0	0.0	0.0	0.0	0.0	0.0
560	3907.3333333333335	0.0	0.0	0.0	0.0	0.0	0.0
570	3556.6666666666665	0.0	0.0	0.0	0.0	0.0	0.0
580	3795.8333333333335	0.0	0.0	0.0	0.0	0.0	0.0
590	3850.5	0.0	0.0	0.0	0.0	0.0	0.0
600	3717.6666666666665	0.0	0.0	0.0	0.0	0.0	0.0
610	3371.5	0.0	0.0	0.0	0.0	0.0	0.0
620	3810.3333333333335	0.0	0.0	0.0	0.0	0.0	0.0
630	3701.5	0.0	0.0	0.0	0.0	0.0	0.0
640	3650.6666666666665	0.0	0.0	0.0	0.0	0.0	0.0
650	4113.166666666667	0.0	0.0	0.0	0.0	0.0	0.0
660	4055.5	0.0	0.0	0.0	0.0	0.0	0.0
670	2894.0	0.0	0.0	0.0	0.0	0.0	0.0
680	3789.0	0.0	0.0	0.0	0.0	0.0	0.0
690	3636.0	0.0	0.0	0.0	0.0	0.0	0.0
700	3838.3333333333335	0.0	0.0	0.0	0.0	0.0	0.0
710	3332.5	0.0	0.0	0.0	0.0	0.0	0.0
720	3472.8333333333335	0.0	0.0	0.0	0.0	0.0	0.0
730	3588.5	0.0	0.0	0.0	0.0	0.0	0.0
740	3959.6666666666665	0.0	0.0	0.0	0.0	0.0	0.0
750	3698.5	0.0	0.0	0.0	0.0	0.0	0.0
760	3965.0	0.0	0.0	0.0	0.0	0.0	0.0
770	3767.1666666666665	0.0	0.0	0.0	0.0	0.0	0.0
780	3791.3333333333335	0.0	0.0	0.0	0.0	0.0	0.0
790	3790.5	0.0	0.0	0.0	0.0	0.0	0.0
800	3924.3333333333335	0.0	0.0	0.0	0.0	0.0	0.0
810	3833.5	0.0	0.0	0.0	0.0	0.0	0.0
820	3674.8333333333335	0.0	0.0	0.0	0.0	0.0	0.0
830	3804.1666666666665	0.0	0.0	0.0	0.0	0.0	0.0
840	3516.8333333333335	0.0	0.0	0.0	0.0	0.0	0.0
850	3779.3333333333335	0.0	0.0	0.0	0.0	0.0	0.0
860	3864.6666666666665	0.0	0.0	0.0	0.0	0.0	0.0
870	3699.1666666666665	0.0	0.0	0.0	0.0	0.0	0.0
880	3568.0	0.0	0.0	0.0	0.0	0.0	0.0
890	3921.1666666666665	0.0	0.0	0.0	0.0	0.0	0.0
900	3427.0	0.0	0.0	0.0	0.0	0.0	0.0
910	3376.0	0.0	0.0	0.0	0.0	0.0	0.0
920	3812.1666666666665	0.0	0.0	0.0	0.0	0.0	0.0
930	3801.1666666666665	0.0	0.0	0.0	0.0	0.0	0.0
940	3649.3333333333335	0.0	0.0	0.0	0.0	0.0	0.0
950	3643.5	0.0	0.0	0.0	0.0	0.0	0.0
960	3640.8333333333335	0.0	0.0	0.0	0.0	0.0	0.0
970	3539.3333333333335	0.0	0.0	0.0	0.0	0.0	0.0
980	3778.5	0.0	0.0	0.0	0.0	0.0	0.0
990	3794.6666666666665	0.0	0.0	0.0	0.0	0.0	0.0
1000	3966.0	0.0	0.0	0.0	0.0	0.0	0.0
