0	230.66666666666666	0.0	0.0	0.0	0.0	0.0	0.0
10	1926.5	453.0	5100.0	322.0	353.0	222.0	100.0
20	1913.3333333333333	547.0	4857.0	286.0	455.0	188.0	92.0
30	2168.1666666666665	0.0	0.0	0.0	0.0	0.0	0.0
40	2165.5	0.0	0.0	0.0	0.0	0.0	0.0
50	2260.3333333333335	0.0	0.0	0.0	0.0	0.0	0.0
60	2158.3333333333335	0.0	0.0	0.0	0.0	0.0	0.0
70	2117.1666666666665	0.0	0.0	0.0	0.0	0.0	0.0
80	2115.8333333333335	0.0	0.0	0.0	0.0	0.0	0.0
90	2120.3333333333335	0.0	0.0	0.0	0.0	0.0	0.0
100	2150.3333333333335	0.0	0.0	0.0	0.0	0.0	0.0
110	2781.1666666666665	0.0	0.0	0.0	0.0	0.0	0.0
120	2802.3333333333335	0.0	0.0	0.0	0.0	0.0	0.0
130	2286.8333333333335	0.0	0.0	0.0	0.0	0.0	0.0
140	2311.8333333333335	0.0	0.0	0.0	0.0	0.0	0.0
150	2782.6666666666665	0.0	0.0	0.0	0.0	0.0	0.0
160	2885.5	0.0	0.0	0.0	0.0	0.0	0.0
170	2537.8333333333335	0.0	0.0	0.0	0.0	0.0	0.0
180	2358.1666666666665	0.0	0.0	0.0	0.0	0.0	0.0
190	2692.3333333333335	0.0	0.0	0.0	0.0	0.0	0.0
200	2597.3333333333335	0.0	0.0	0.0	0.0	0.0	0.0
210	2889.0	0.0	0.0	0.0	0.0	0.0	0.0
220	2684.3333333333335	0.0	0.0	0.0	0.0	0.0	0.0
230	2648.1666666666665	0.0	0.0	0.0	0.0	0.0	0.0
240	2937.5	0.0	0.0	0.0	0.0	0.0	0.0
250	2320.8333333333335	0.0	0.0	0.0	0.0	0.0	0.0
260	2539.5	0.0	0.0	0.0	0.0	0.0	0.0
270	2860.8333333333335	0.0	0.0	0.0	0.0	0.0	0.0
280	3208.1666666666665	0.0	0.0	0.0	0.0	0.0	0.0
290	3261.8333333333335	0.0	0.0	0.0	0.0	0.0	0.0
300	2967.5	0.0	0.0	0.0	0.0	0.0	0.0
310	2838.8333333333335	0.0	0.0	0.0	0.0	0.0	0.0
320	3025.6666666666665	0.0	0.0	0.0	0.0	0.0	0.0
330	2892.5	0.0	0.0	0.0	0.0	0.0	0.0
340	3189.3333333333335	0.0	0.0	0.0	0.0	0.0	0.0
350	3016.3333333333335	0.0	0.0	0.0	0.0	0.0	0.0
360	2971.6666666666665	0.0	0.0	0.0	0.0	0.0	0.0
370	3314.1666666666665	0.0	0.0	0.0	0.0	0.0	0.0
380	3136.8333333333335	0.0	0.0	0.0	0.0	0.0	0.0
390	3281.8333333333335	0.0	0.0	0.0	0.0	0.0	0.0
400	3478.8333333333335	0.0	0.0	0.0	0.0	0.0	0.0
410	3652.3333333333335	0.0	0.0	0.0	0.0	0.0	0.0
420	3617.5	0.0	0.0	0.0	0.0	0.0	0.0
430	3434.1666666666665	0.0	0.0	0.0	0.0	0.0	0.0
440	3356.3333333333335	0.0	0.0	0.0	0.0	0.0	0.0
450	3414.6666666666665	0.0	0.0	0.0	0.0	0.0	0.0
460	3171.8333333333335	0.0	0.0	0.0	0.0	0.0	0.0
470	3431.5	0.0	0.0	0.0	0.0	0.0	0.0
480	3632.6666666666665	0.0	0.0	0.0	0.0	0.0	0.0
490	3231.0	0.0	0.0	0.0	0.0	0.0	0.0
500	3278.5	0.0	0.0	0.0	0.0	0.0	0.0
510	3381.0	0.0	0.0	0.0	0.0	0.0	0.0
520	3459.1666666666665	0.0	0.0	0.0	0.0	0.0	0.0
530	3787.5	0.0	0.0	0.0	0.0	0.0	0.0
540	3428.1666666666665	0.0	0.0	0.0	0.0	0.0	0.0
550	3219.6666666666665	0.0	0.0	0.0	0.0	0.0	0.0
560	3219.1666666666665	0.0	0.0	0.0	0.0	0.0	0.0
570	3290.8333333333335	0.0	0.0	0.0	0.0	0.0	0.0
580	3362.6666666666665	0.0	0.0	0.0	0.0	0.0	0.0
590	3668.5	0.0	0.0	0.0	0.0	0.0	0.0
600	3626.8333333333335	0.0	0.0	0.0	0.0	0.0	0.0
610	3859.0	0.0	0.0	0.0	0.0	0.0	0.0
620	3316.1666666666665	0.0	0.0	0.0	0.0	0.0	0.0
630	3643.3333333333335	0.0	0.0	0.0	0.0	0.0	0.0
640	3755.1666666666665	0.0	0.0	0.0	0.0	0.0	0.0
650	3429.0	0.0	0.0	0.0	0.0	0.0	0.0
660	3771.5	0.0	0.0	0.0	0.0	0.0	0.0
670	3791.6666666666665	0.0	0.0	0.0	0.0	0.0	0.0
680	3277.8333333333335	0.0	0.0	0.0	0.0	0.0	0.0
690	3686.5	0.0	0.0	0.0	0.0	0.0	0.0
700	3802.1666666666665	0.0	0.0	0.0	0.0	0.0	0.0
710	3611.3333333333335	0.0	0.0	0.0	0.0	0.0	0.0
720	3717.5	0.0	0.0	0.0	0.0	0.0	0.0
730	3347.5	0.0	0.0	0.0	0.0	0.0	0.0
740	3799.3333333333335	0.0	0.0	0.0	0.0	0.0	0.0
750	4011.1666666666665	0.0	0.0	0.0	0.0	0.0	0.0
760	3885.0	0.0	0.0	0.0	0.0	0.0	0.0
770	4085.3333333333335	0.0	0.0	0.0	0.0	0.0	0.0
780	3778.1666666666665	0.0	0.0	0.0	0.0	0.0	0.0
790	4038.0	0.0	0.0	0.0	0.0	0.0	0.0
800	3485.5	0.0	0.0	0.0	0.0	0.0	0.0
810	3419.0	0.0	0.0	0.0	0.0	0.0	0.0
820	3295.0	0.0	0.0	0.0	0.0	0.0	0.0
830	3718.1666666666665	0.0	0.0	0.0	0.0	0.0	0.0
840	3860.8333333333335	0.0	0.0	0.0	0.0	0.0	0.0
850	3921.3333333333335	0.0	0.0	0.0	0.0	0.0	0.0
860	3783.3333333333335	0.0	0.0	0.0	0.0	0.0	0.0
870	3656.0	0.0	0.0	0.0	0.0	0.0	0.0
880	3910.5	0.0	0.0	0.0	0.0	0.0	0.0
890	3737.6666666666665	0.0	0.0	0.0	0.0	0.0	0.0
900	3562.1666666666665	0.0	0.0	0.0	0.0	0.0	0.0
910	3783.1666666666665	0.0	0.0	0.0	0.0	0.0	0.0
920	3795.0	0.0	0.0	0.0	0.0	0.0	0.0
930	3724.5	0.0	0.0	0.0	0.0	0.0	0.0
940	3792.3333333333335	0.0	0.0	0.0	0.0	0.0	0.0
950	3443.8333333333335	0.0	0.0	0.0	0.0	0.0	0.0
960	3729.8333333333335	0.0	0.0	0.0	0.0	0.0	0.0
970	3271.5	0.0	0.0	0.0	0.0	0.0	0.0
980	3758.1666666666665	0.0	0.0	0.0	0.0	0.0	0.0
990	3746.5	0.0	0.0	0.0	0.0	0.0	0.0
1000	3642.5	0.0	0.0	0.0	0.0	0.0	0.0
