0	263.6666666666667	0.0	0.0	0.0	0.0	0.0	0.0
10	2045.1666666666667	964.0	6235.0	530.0	791.0	353.0	173.0
20	1957.6666666666667	36.0	470.0	22.0	30.0	15.0	6.0
30	2038.6666666666667	0.0	0.0	0.0	0.0	0.0	0.0
40	1979.0	0.0	0.0	0.0	0.0	0.0	0.0
50	2265.3333333333335	0.0	0.0	0.0	0.0	0.0	0.0
60	2211.1666666666665	0.0	0.0	0.0	0.0	0.0	0.0
70	2176.8333333333335	0.0	0.0	0.0	0.0	0.0	0.0
80	2285.3333333333335	0.0	0.0	0.0	0.0	0.0	0.0
90	2294.0	0.0	0.0	0.0	0.0	0.0	0.0
100	2128.8333333333335	0.0	0.0	0.0	0.0	0.0	0.0
110	2613.3333333333335	0.0	0.0	0.0	0.0	0.0	0.0
120	2587.0	0.0	0.0	0.0	0.0	0.0	0.0
130	2509.5	0.0	0.0	0.0	0.0	0.0	0.0
140	2641.5	0.0	0.0	0.0	0.0	0.0	0.0
150	2591.8333333333335	0.0	0.0	0.0	0.0	0.0	0.0
160	2612.5	0.0	0.0	0.0	0.0	0.0	0.0
170	2788.1666666666665	0.0	0.0	0.0	0.0	0.0	0.0
180	2816.1666666666665	0.0	0.0	0.0	0.0	0.0	0.0
190	2521.6666666666665	0.0	0.0	0.0	0.0	0.0	0.0
200	2620.5	0.0	0.0	0.0	0.0	0.0	0.0
210	2757.3333333333335	0.0	0.0	0.0	0.0	0.0	0.0
220	2723.3333333333335	0.0	0.0	0.0	0.0	0.0	0.0
230	2204.0	0.0	0.0	0.0	0.0	0.0	0.0
240	2613.5	0.0	0.0	0.0	0.0	0.0	0.0
250	2225.5	0.0	0.0	0.0	0.0	0.0	0.0
260	2542.5	0.0	0.0	0.0	0.0	0.0	0.0
270	2887.3333333333335	0.0	0.0	0.0	0.0	0.0	0.0
280	2853.3333333333335	0.0	0.0	0.0	0.0	0.0	0.0
290	2646.6666666666665	0.0	0.0	0.0	0.0	0.0	0.0
300	2611.8333333333335	0.0	0.0	0.0	0.0	0.0	0.0
310	2691.8333333333335	0.0	0.0	0.0	0.0	0.0	0.0
320	2956.6666666666665	0.0	0.0	0.0	0.0	0.0	0.0
330	2996.8333333333335	0.0	0.0	0.0	0.0	0.0	0.0
340	3088.3333333333335	0.0	0.0	0.0	0.0	0.0	0.0
350	3153.1666666666665	0.0	0.0	0.0	0.0	0.0	0.0
360	2950.8333333333335	0.0	0.0	0.0	0.0	0.0	0.0
370	3186.0	0.0	0.0	0.0	0.0	0.0	0.0
380	2609.6666666666665	0.0	0.0	0.0	0.0	0.0	0.0
390	3217.8333333333335	0.0	0.0	0.0	0.0	0.0	0.0
400	3292.5	0.0	0.0	0.0	0.0	0.0	0.0
410	3054.0	0.0	0.0	0.0	0.0	0.0	0.0
420	3678.0	0.0	0.0	0.0	0.0	0.0	0.0
430	3475.8333333333335	0.0	0.0	0.0	0.0	0.0	0.0
440	3613.6666666666665	0.0	0.0	0.0	0.0	0.0	0.0
450	3447.5	0.0	0.0	0.0	0.0	0.0	0.0
460	3408.6666666666665	0.0	0.0	0.0	0.0	0.0	0.0
470	3517.5	0.0	0.0	0.0	0.0	0.0	0.0
480	3571.0	0.0	0.0	0.0	0.0	0.0	0.0
490	3214.5	0.0	0.0	0.0	0.0	0.0	0.0
500	3766.1666666666665	0.0	0.0	0.0	0.0	0.0	0.0
510	3289.0	0.0	0.0	0.0	0.0	0.0	0.0
520	3725.5	0.0	0.0	0.0	0.0	0.0	0.0
530	3243.8333333333335	0.0	0.0	0.0	0.0	0.0	0.0
540	3607.1666666666665	0.0	0.0	0.0	0.0	0.0	0.0
550	3334.1666666666665	0.0	0.0	0.0	0.0	0.0	0.0
560	3852.8333333333335	0.0	0.0	0.0	0.0	0.0	0.0
570	3859.0	0.0	0.0	0.0	0.0	0.0	0.0
580	3204.6666666666665	0.0	0.0	0.0	0.0	0.0	0.0
590	3668.1666666666665	0.0	0.0	0.0	0.0	0.0	0.0
600	3763.1666666666665	0.0	0.0	0.0	0.0	0.0	0.0
610	3224.8333333333335	0.0	0.0	0.0	0.0	0.0	0.0
620	3973.8333333333335	0.0	0.0	0.0	0.0	0.0	0.0
630	3942.1666666666665	0.0	0.0	0.0	0.0	0.0	0.0
640	3697.0	0.0	0.0	0.0	0.0	0.0	0.0
650	3447.0	0.0	0.0	0.0	0.0	0.0	0.0
660	3594.1666666666665	0.0	0.0	0.0	0.0	0.0	0.0
670	3488.5	0.0	0.0	0.0	0.0	0.0	0.0
680	3875.0	0.0	0.0	0.0	0.0	0.0	0.0
690	4046.8333333333335	0.0	0.0	0.0	0.0	0.0	0.0
700	3541.0	0.0	0.0	0.0	0.0	0.0	0.0
710	3488.6666666666665	0.0	0.0	0.0	0.0	0.0	0.0
720	3671.1666666666665	0.0	0.0	0.0	0.0	0.0	0.0
730	3887.0	0.0	0.0	0.0	0.0	0.0	0.0
740	3749.3333333333335	0.0	0.0	0.0	0.0	0.0	0.0
750	3467.3333333333335	0.0	0.0	0.0	0.0	0.0	0.0
760	3750.3333333333335	0.0	0.0	0.0	0.0	0.0	0.0
770	3944.0	0.0	0.0	0.0	0.0	0.0	0.0
780	3822.8333333333335	0.0	0.0	0.0	0.0	0.0	0.0
790	3487.8333333333335	0.0	0.0	0.0	0.0	0.0	0.0
800	3955.8333333333335	0.0	0.0	0.0	0.0	0.0	0.0
810	3653.1666666666665	0.0	0.0	0.0	0.0	0.0	0.0
820	3519.1666666666665	0.0	0.0	0.0	0.0	0.0	0.0
830	3494.0	0.0	0.0	0.0	0.0	0.0	0.0
840	3636.8333333333335	0.0	0.0	0.0	0.0	0.0	0.0
850	3653.3333333333335	0.0	0.0	0.0	0.0	0.0	0.0
860	3618.5	0.0	0.0	0.0	0.0	0.0	0.0
870	4144.0	0.0	0.0	0.0	0.0	0.0	0.0
880	3616.0	0.0	0.0	0.0	0.0	0.0	0.0
890	3584.6666666666665	0.0	0.0	0.0	0.0	0.0	0.0
900	3785.8333333333335	0.0	0.0	0.0	0.0	0.0	0.0
910	3603.3333333333335	0.0	0.0	0.0	0.0	0.0	0.0
920	3356.0	0.0	0.0	0.0	0.0	0.0	0.0
930	3799.1666666666665	0.0	0.0	0.0	0.0	0.0	0.0
940	3609.6666666666665	0.0	0.0	0.0	0.0	0.0	0.0
950	3726.5	0.0	0.0	0.0	0.0	0.0	0.0
960	3873.3333333333335	0.0	0.0	0.0	0.0	0.0	0.0
970	4054.3333333333335	0.0	0.0	0.0	0.0	0.0	0.0
980	3780.0	0.0	0.0	0.0	0.0	0.0	0.0
990	3713.8333333333335	0.0	0.0	0.0	0.0	0.0	0.0
1000	3559.0	0.0	0.0	0.0	0.0	0.0	0.0
