0	274.0	0.0	0.0	0.0	0.0	0.0	0.0
10	2159.8333333333335	1.0	23.0	0.0	1.0	0.0	0.0
20	2030.6666666666667	0.0	12.0	1.0	0.0	1.0	0.0
30	2121.5	5.0	27.0	0.0	5.0	0.0	0.0
40	2228.1666666666665	6.0	35.0	7.0	3.0	4.0	3.0
50	2044.1666666666667	3.0	41.0	1.0	3.0	0.0	0.0
60	2180.8333333333335	4.0	37.0	1.0	4.0	1.0	0.0
70	2084.6666666666665	11.0	19.0	3.0	8.0	0.0	3.0
80	2057.8333333333335	1.0	54.0	2.0	1.0	2.0	0.0
90	2247.6666666666665	16.0	100.0	2.0	16.0	1.0	0.0
100	2382.5	0.0	30.0	2.0	0.0	2.0	0.0
110	2436.6666666666665	12.0	108.0	0.0	12.0	0.0	0.0
120	2356.6666666666665	15.0	49.0	17.0	0.0	2.0	15.0
130	2282.0	3.0	29.0	4.0	0.0	1.0	3.0
140	2469.8333333333335	0.0	29.0	1.0	0.0	1.0	0.0
150	2644.3333333333335	16.0	71.0	17.0	3.0	3.0	13.0
160	2712.0	4.0	38.0	1.0	3.0	0.0	1.0
170	2392.5	7.0	78.0	3.0	6.0	2.0	1.0
180	2885.8333333333335	0.0	4.0	0.0	0.0	0.0	0.0
190	2582.8333333333335	1.0	16.0	2.0	1.0	2.0	0.0
200	2556.5	16.0	21.0	13.0	4.0	1.0	12.0
210	2432.6666666666665	1.0	32.0	2.0	0.0	1.0	1.0
220	2558.8333333333335	1.0	25.0	0.0	1.0	0.0	0.0
230	2140.6666666666665	0.0	28.0	0.0	0.0	0.0	0.0
240	2643.3333333333335	9.0	4.0	9.0	0.0	0.0	9.0
250	2237.5	0.0	7.0	0.0	0.0	0.0	0.0
260	2655.6666666666665	1.0	1.0	0.0	1.0	0.0	0.0
270	2622.3333333333335	4.0	25.0	0.0	4.0	0.0	0.0
280	2731.0	2.0	27.0	0.0	2.0	0.0	0.0
290	2541.1666666666665	4.0	164.0	2.0	4.0	2.0	0.0
300	2684.3333333333335	0.0	47.0	1.0	0.0	1.0	0.0
310	2538.6666666666665	1.0	54.0	1.0	1.0	1.0	0.0
320	2839.1666666666665	0.0	19.0	0.0	0.0	0.0	0.0
330	2822.6666666666665	0.0	12.0	0.0	0.0	0.0	0.0
340	2657.6666666666665	4.0	75.0	6.0	4.0	6.0	0.0
350	2581.5	1.0	121.0	3.0	0.0	2.0	1.0
360	2572.3333333333335	2.0	63.0	2.0	2.0	2.0	0.0
370	2678.3333333333335	3.0	38.0	3.0	1.0	1.0	2.0
380	2503.8333333333335	0.0	38.0	0.0	0.0	0.0	0.0
390	2764.6666666666665	0.0	54.0	2.0	0.0	2.0	0.0
400	2152.6666666666665	1.0	128.0	4.0	1.0	4.0	0.0
410	2710.8333333333335	0.0	32.0	1.0	0.0	1.0	0.0
420	2861.3333333333335	1.0	55.0	1.0	0.0	0.0	1.0
430	3327.5	1.0	1.0	0.0	1.0	0.0	0.0
440	3043.8333333333335	12.0	59.0	13.0	2.0	3.0	10.0
450	3142.5	1.0	109.0	5.0	0.0	4.0	1.0
460	3301.1666666666665	1.0	52.0	3.0	0.0	2.0	1.0
470	3269.0	0.0	7.0	1.0	0.0	1.0	0.0
480	2980.8333333333335	1.0	64.0	3.0	0.0	2.0	1.0
490	2987.3333333333335	0.0	76.0	4.0	0.0	4.0	0.0
500	3699.3333333333335	0.0	27.0	1.0	0.0	1.0	0.0
510	3390.0	1.0	32.0	1.0	0.0	0.0	1.0
520	3483.8333333333335	2.0	42.0	2.0	0.0	0.0	2.0
530	3663.1666666666665	1.0	21.0	2.0	0.0	1.0	1.0
540	3324.3333333333335	1.0	107.0	2.0	0.0	1.0	1.0
550	3686.8333333333335	4.0	75.0	5.0	0.0	1.0	4.0
560	3400.5	0.0	71.0	1.0	0.0	1.0	0.0
570	3535.1666666666665	1.0	139.0	4.0	0.0	3.0	1.0
580	3454.6666666666665	0.0	52.0	2.0	0.0	2.0	0.0
590	3373.5	4.0	111.0	6.0	1.0	2.0	3.0
600	3495.6666666666665	2.0	44.0	4.0	0.0	2.0	2.0
610	3342.0	0.0	63.0	1.0	0.0	1.0	0.0
620	3710.5	0.0	1.0	0.0	0.0	0.0	0.0
630	3556.8333333333335	3.0	61.0	4.0	0.0	1.0	3.0
640	3920.6666666666665	0.0	2.0	0.0	0.0	0.0	0.0
650	4126.5	0.0	36.0	1.0	0.0	1.0	0.0
660	3520.3333333333335	1.0	89.0	2.0	0.0	1.0	1.0
670	3380.6666666666665	0.0	28.0	0.0	0.0	0.0	0.0
680	3642.6666666666665	0.0	69.0	0.0	0.0	0.0	0.0
690	3721.6666666666665	0.0	34.0	1.0	0.0	1.0	0.0
700	3745.1666666666665	1.0	59.0	3.0	0.0	2.0	1.0
710	3428.1666666666665	0.0	45.0	3.0	0.0	3.0	0.0
720	3827.1666666666665	0.0	66.0	3.0	0.0	3.0	0.0
730	3347.5	12.0	77.0	15.0	0.0	3.0	12.0
740	4008.3333333333335	1.0	55.0	2.0	0.0	1.0	1.0
750	3966.1666666666665	2.0	91.0	4.0	0.0	2.0	2.0
760	3703.3333333333335	1.0	138.0	5.0	0.0	4.0	1.0
770	3880.3333333333335	1.0	30.0	3.0	0.0	2.0	1.0
780	4022.5	0.0	35.0	2.0	0.0	2.0	0.0
790	3741.6666666666665	0.0	11.0	0.0	0.0	0.0	0.0
800	3368.0	0.0	41.0	2.0	0.0	2.0	0.0
810	3505.1666666666665	0.0	85.0	2.0	0.0	2.0	0.0
820	3449.6666666666665	0.0	19.0	0.0	0.0	0.0	0.0
830	3950.5	0.0	80.0	2.0	0.0	2.0	0.0
840	3533.0	1.0	85.0	4.0	0.0	3.0	1.0
850	3846.8333333333335	0.0	100.0	1.0	0.0	1.0	0.0
860	3696.3333333333335	0.0	35.0	2.0	0.0	2.0	0.0
870	3770.1666666666665	0.0	49.0	0.0	0.0	0.0	0.0
880	3692.1666666666665	0.0	76.0	4.0	0.0	4.0	0.0
890	3576.1666666666665	0.0	56.0	1.0	0.0	1.0	0.0
900	3791.3333333333335	0.0	58.0	4.0	0.0	4.0	0.0
910	4131.166666666667	0.0	126.0	0.0	0.0	0.0	0.0
920	3910.8333333333335	1.0	65.0	2.0	1.0	2.0	0.0
930	3951.0	0.0	7.0	1.0	0.0	1.0	0.0
940	3417.3333333333335	0.0	47.0	0.0	0.0	0.0	0.0
950	4017.1666666666665	9.0	19.0	11.0	0.0	2.0	9.0
960	3628.8333333333335	0.0	53.0	4.0	0.0	4.0	0.0
970	3548.1666666666665	0.0	48.0	2.0	0.0	2.0	0.0
980	3594.0	1.0	38.0	1.0	0.0	0.0	1.0
990	3716.3333333333335	0.0	52.0	2.0	0.0	2.0	0.0
1000	3706.8333333333335	0.0	44.0	4.0	0.0	4.0	0.0
