0	283.0	0.0	0.0	0.0	0.0	0.0	0.0
10	1982.6666666666667	7.0	73.0	1.0	7.0	1.0	0.0
20	2136.5	4.0	76.0	0.0	4.0	0.0	0.0
30	1894.0	34.0	7.0	33.0	2.0	0.0	32.0
40	2040.3333333333333	32.0	74.0	28.0	5.0	1.0	27.0
50	2094.1666666666665	9.0	83.0	1.0	9.0	1.0	0.0
60	2225.1666666666665	0.0	72.0	1.0	0.0	1.0	0.0
70	2277.1666666666665	0.0	31.0	0.0	0.0	0.0	0.0
80	2340.1666666666665	0.0	0.0	0.0	0.0	0.0	0.0
90	2211.3333333333335	0.0	3.0	1.0	0.0	1.0	0.0
100	2423.6666666666665	1.0	8.0	1.0	0.0	0.0	1.0
110	2429.6666666666665	1.0	72.0	5.0	0.0	4.0	1.0
120	2572.6666666666665	0.0	0.0	0.0	0.0	0.0	0.0
130	2454.1666666666665	0.0	0.0	0.0	0.0	0.0	0.0
140	2312.3333333333335	1.0	1.0	0.0	1.0	0.0	0.0
150	2621.3333333333335	7.0	94.0	10.0	0.0	3.0	7.0
160	2696.5	2.0	83.0	3.0	1.0	2.0	1.0
170	2623.0	0.0	1.0	0.0	0.0	0.0	0.0
180	2668.1666666666665	2.0	17.0	1.0	2.0	1.0	0.0
190	2972.1666666666665	3.0	49.0	2.0	3.0	2.0	0.0
200	2672.0	5.0	82.0	4.0	5.0	4.0	0.0
210	2675.0	9.0	47.0	2.0	9.0	2.0	0.0
220	2827.8333333333335	3.0	54.0	3.0	3.0	3.0	0.0
230	2898.5	1.0	14.0	0.0	1.0	0.0	0.0
240	2858.6666666666665	73.0	26.0	66.0	10.0	1.0	63.0
250	2513.1666666666665	20.0	58.0	25.0	1.0	6.0	19.0
260	3046.6666666666665	2.0	2.0	0.0	2.0	0.0	0.0
270	2804.8333333333335	1.0	40.0	0.0	1.0	0.0	0.0
280	2650.8333333333335	7.0	22.0	7.0	3.0	1.0	4.0
290	2425.5	4.0	95.0	3.0	3.0	2.0	1.0
300	3026.8333333333335	15.0	79.0	15.0	7.0	3.0	8.0
310	2665.0	7.0	22.0	9.0	0.0	2.0	7.0
320	2736.8333333333335	34.0	5.0	34.0	0.0	0.0	34.0
330	2614.6666666666665	1.0	46.0	2.0	0.0	1.0	1.0
340	3085.8333333333335	0.0	53.0	1.0	0.0	1.0	0.0
350	2414.5	2.0	39.0	2.0	0.0	0.0	2.0
360	2850.6666666666665	2.0	12.0	1.0	2.0	1.0	0.0
370	2318.5	0.0	87.0	2.0	0.0	2.0	0.0
380	3013.8333333333335	1.0	61.0	2.0	0.0	1.0	1.0
390	2597.5	1.0	50.0	2.0	0.0	1.0	1.0
400	2851.6666666666665	2.0	89.0	5.0	0.0	3.0	2.0
410	3780.5	9.0	35.0	10.0	0.0	1.0	9.0
420	3296.1666666666665	0.0	42.0	1.0	0.0	1.0	0.0
430	3302.1666666666665	14.0	62.0	16.0	0.0	2.0	14.0
440	3136.6666666666665	28.0	36.0	28.0	0.0	0.0	28.0
450	2924.0	0.0	38.0	2.0	0.0	2.0	0.0
460	3557.8333333333335	0.0	46.0	0.0	0.0	0.0	0.0
470	3306.0	0.0	77.0	0.0	0.0	0.0	0.0
480	3822.1666666666665	0.0	13.0	0.0	0.0	0.0	0.0
490	3007.1666666666665	1.0	156.0	2.0	0.0	1.0	1.0
500	2961.6666666666665	0.0	13.0	0.0	0.0	0.0	0.0
510	2836.1666666666665	1.0	62.0	3.0	1.0	3.0	0.0
520	3649.8333333333335	0.0	42.0	0.0	0.0	0.0	0.0
530	3145.8333333333335	0.0	35.0	1.0	0.0	1.0	0.0
540	3405.0	1.0	45.0	1.0	0.0	0.0	1.0
550	3115.0	0.0	66.0	1.0	0.0	1.0	0.0
560	3139.1666666666665	1.0	4.0	1.0	0.0	0.0	1.0
570	3827.1666666666665	0.0	55.0	3.0	0.0	3.0	0.0
580	3796.5	0.0	27.0	0.0	0.0	0.0	0.0
590	3400.8333333333335	0.0	18.0	0.0	0.0	0.0	0.0
600	3917.0	0.0	105.0	3.0	0.0	3.0	0.0
610	3236.3333333333335	0.0	66.0	2.0	0.0	2.0	0.0
620	3464.8333333333335	0.0	63.0	0.0	0.0	0.0	0.0
630	3547.5	0.0	57.0	2.0	0.0	2.0	0.0
640	3541.8333333333335	0.0	51.0	0.0	0.0	0.0	0.0
650	3094.3333333333335	0.0	116.0	4.0	0.0	4.0	0.0
660	3393.3333333333335	0.0	2.0	0.0	0.0	0.0	0.0
670	3819.8333333333335	0.0	18.0	2.0	0.0	2.0	0.0
680	3115.3333333333335	0.0	30.0	2.0	0.0	2.0	0.0
690	3939.8333333333335	0.0	63.0	1.0	0.0	1.0	0.0
700	3516.3333333333335	0.0	17.0	1.0	0.0	1.0	0.0
710	3661.8333333333335	0.0	45.0	5.0	0.0	5.0	0.0
720	3825.5	1.0	62.0	1.0	0.0	0.0	1.0
730	3776.8333333333335	0.0	28.0	0.0	0.0	0.0	0.0
740	3646.6666666666665	0.0	56.0	2.0	0.0	2.0	0.0
750	3696.0	0.0	138.0	4.0	0.0	4.0	0.0
760	3614.5	0.0	14.0	1.0	0.0	1.0	0.0
770	3685.3333333333335	1.0	28.0	1.0	0.0	0.0	1.0
780	3501.6666666666665	0.0	32.0	1.0	0.0	1.0	0.0
790	4121.0	0.0	47.0	1.0	0.0	1.0	0.0
800	3632.1666666666665	0.0	56.0	1.0	0.0	1.0	0.0
810	4009.5	0.0	70.0	1.0	0.0	1.0	0.0
820	3658.1666666666665	0.0	32.0	1.0	0.0	1.0	0.0
830	3685.6666666666665	0.0	68.0	3.0	0.0	3.0	0.0
840	3740.0	0.0	20.0	0.0	0.0	0.0	0.0
850	3961.0	0.0	43.0	2.0	0.0	2.0	0.0
860	3637.3333333333335	0.0	53.0	3.0	0.0	3.0	0.0
870	3513.5	0.0	42.0	2.0	0.0	2.0	0.0
880	3834.6666666666665	0.0	56.0	2.0	0.0	2.0	0.0
890	3698.0	0.0	31.0	0.0	0.0	0.0	0.0
900	3781.5	1.0	85.0	3.0	0.0	2.0	1.0
910	3522.8333333333335	1.0	72.0	2.0	0.0	1.0	1.0
920	3856.1666666666665	0.0	57.0	1.0	0.0	1.0	0.0
930	4061.0	2.0	108.0	2.0	0.0	0.0	2.0
940	3945.8333333333335	0.0	48.0	2.0	0.0	2.0	0.0
950	3572.8333333333335	0.0	37.0	3.0	0.0	3.0	0.0
960	3732.5	0.0	25.0	1.0	0.0	1.0	0.0
970	3765.0	0.0	38.0	1.0	0.0	1.0	0.0
980	3679.0	10.0	56.0	12.0	0.0	2.0	10.0
990	3763.0	0.0	63.0	2.0	0.0	2.0	0.0
1000	3914.8333333333335	0.0	41.0	2.0	0.0	2.0	0.0
