0	226.33333333333334	0.0	0.0	0.0	0.0	0.0	0.0
10	2045.8333333333333	0.0	29.0	2.0	0.0	2.0	0.0
20	2094.6666666666665	18.0	10.0	18.0	0.0	0.0	18.0
30	1968.0	1.0	1.0	0.0	1.0	0.0	0.0
40	2195.1666666666665	5.0	45.0	1.0	5.0	1.0	0.0
50	2209.3333333333335	3.0	32.0	4.0	3.0	1.0	0.0
60	2152.8333333333335	0.0	8.0	0.0	0.0	0.0	0.0
70	2203.8333333333335	10.0	66.0	2.0	8.0	0.0	2.0
80	2064.8333333333335	3.0	35.0	2.0	3.0	2.0	0.0
90	2280.0	1.0	37.0	0.0	1.0	0.0	0.0
100	2031.1666666666667	2.0	30.0	0.0	2.0	0.0	0.0
110	2398.3333333333335	1.0	14.0	1.0	1.0	1.0	0.0
120	2328.3333333333335	2.0	53.0	0.0	2.0	0.0	0.0
130	2614.5	0.0	0.0	0.0	0.0	0.0	0.0
140	2543.0	0.0	31.0	0.0	0.0	0.0	0.0
150	2634.6666666666665	14.0	81.0	12.0	6.0	0.0	8.0
160	2194.5	2.0	50.0	1.0	1.0	0.0	1.0
170	2597.1666666666665	6.0	1.0	5.0	1.0	0.0	5.0
180	2662.3333333333335	0.0	44.0	2.0	0.0	2.0	0.0
190	2770.3333333333335	1.0	49.0	1.0	1.0	1.0	0.0
200	2569.5	12.0	16.0	9.0	4.0	0.0	8.0
210	2314.1666666666665	9.0	52.0	2.0	8.0	1.0	1.0
220	2819.5	6.0	86.0	3.0	6.0	3.0	0.0
230	2943.1666666666665	2.0	22.0	1.0	2.0	1.0	0.0
240	2877.8333333333335	7.0	43.0	9.0	1.0	3.0	6.0
250	2961.5	7.0	45.0	3.0	6.0	1.0	1.0
260	2737.5	0.0	28.0	0.0	0.0	0.0	0.0
270	2935.6666666666665	6.0	65.0	2.0	5.0	1.0	1.0
280	2679.8333333333335	0.0	1.0	0.0	0.0	0.0	0.0
290	2650.0	5.0	20.0	0.0	5.0	0.0	0.0
300	2570.3333333333335	1.0	42.0	2.0	1.0	2.0	0.0
310	2596.0	0.0	30.0	1.0	0.0	1.0	0.0
320	2604.5	5.0	15.0	0.0	5.0	0.0	0.0
330	2161.6666666666665	1.0	40.0	1.0	1.0	1.0	0.0
340	2785.0	0.0	33.0	2.0	0.0	2.0	0.0
350	2813.6666666666665	4.0	33.0	4.0	0.0	0.0	4.0
360	2563.3333333333335	3.0	40.0	4.0	0.0	1.0	3.0
370	2700.5	0.0	51.0	0.0	0.0	0.0	0.0
380	2875.0	0.0	38.0	1.0	0.0	1.0	0.0
390	2772.3333333333335	0.0	78.0	2.0	0.0	2.0	0.0
400	2997.3333333333335	2.0	59.0	4.0	0.0	2.0	2.0
410	2781.8333333333335	0.0	66.0	2.0	0.0	2.0	0.0
420	2808.5	1.0	63.0	2.0	0.0	1.0	1.0
430	3279.3333333333335	0.0	33.0	1.0	0.0	1.0	0.0
440	3528.8333333333335	19.0	34.0	19.0	0.0	0.0	19.0
450	2757.3333333333335	1.0	25.0	2.0	0.0	1.0	1.0
460	3333.0	14.0	40.0	15.0	0.0	1.0	14.0
470	3162.3333333333335	4.0	80.0	4.0	1.0	1.0	3.0
480	3071.3333333333335	0.0	115.0	8.0	0.0	8.0	0.0
490	3206.6666666666665	0.0	17.0	0.0	0.0	0.0	0.0
500	3576.5	1.0	92.0	2.0	0.0	1.0	1.0
510	3502.6666666666665	0.0	79.0	1.0	0.0	1.0	0.0
520	3012.1666666666665	0.0	81.0	1.0	0.0	1.0	0.0
530	3249.8333333333335	0.0	63.0	3.0	0.0	3.0	0.0
540	2766.8333333333335	8.0	38.0	9.0	0.0	1.0	8.0
550	3426.0	1.0	79.0	4.0	0.0	3.0	1.0
560	3518.3333333333335	1.0	15.0	1.0	0.0	0.0	1.0
570	3802.5	1.0	43.0	1.0	0.0	0.0	1.0
580	3594.1666666666665	4.0	37.0	4.0	0.0	0.0	4.0
590	3176.1666666666665	0.0	50.0	0.0	0.0	0.0	0.0
600	3317.5	0.0	52.0	2.0	0.0	2.0	0.0
610	3815.3333333333335	0.0	23.0	1.0	0.0	1.0	0.0
620	3491.0	1.0	69.0	3.0	0.0	2.0	1.0
630	3669.5	0.0	27.0	1.0	0.0	1.0	0.0
640	3185.6666666666665	0.0	87.0	4.0	0.0	4.0	0.0
650	3373.5	0.0	63.0	0.0	0.0	0.0	0.0
660	3663.5	1.0	76.0	3.0	0.0	2.0	1.0
670	3237.3333333333335	1.0	14.0	1.0	0.0	0.0	1.0
680	3482.3333333333335	0.0	30.0	0.0	0.0	0.0	0.0
690	3065.1666666666665	0.0	21.0	1.0	0.0	1.0	0.0
700	3715.1666666666665	0.0	82.0	0.0	0.0	0.0	0.0
710	3380.8333333333335	0.0	40.0	0.0	0.0	0.0	0.0
720	3433.5	1.0	91.0	3.0	0.0	2.0	1.0
730	3749.6666666666665	12.0	25.0	13.0	0.0	1.0	12.0
740	3679.0	0.0	73.0	0.0	0.0	0.0	0.0
750	4163.166666666667	1.0	149.0	3.0	0.0	2.0	1.0
760	3472.5	0.0	16.0	0.0	0.0	0.0	0.0
770	3598.1666666666665	0.0	81.0	3.0	0.0	3.0	0.0
780	3656.0	0.0	131.0	2.0	0.0	2.0	0.0
790	3735.3333333333335	0.0	47.0	1.0	0.0	1.0	0.0
800	3976.1666666666665	0.0	74.0	3.0	0.0	3.0	0.0
810	3836.3333333333335	1.0	26.0	2.0	0.0	1.0	1.0
820	3701.0	0.0	19.0	0.0	0.0	0.0	0.0
830	3880.0	0.0	113.0	6.0	0.0	6.0	0.0
840	3475.3333333333335	0.0	23.0	1.0	0.0	1.0	0.0
850	3689.8333333333335	0.0	84.0	2.0	0.0	2.0	0.0
860	3959.5	0.0	96.0	4.0	0.0	4.0	0.0
870	4079.3333333333335	0.0	88.0	1.0	0.0	1.0	0.0
880	3716.8333333333335	12.0	62.0	14.0	0.0	2.0	12.0
890	3621.3333333333335	1.0	12.0	2.0	0.0	1.0	1.0
900	3829.8333333333335	0.0	25.0	0.0	0.0	0.0	0.0
910	3697.3333333333335	0.0	45.0	1.0	0.0	1.0	0.0
920	3960.3333333333335	1.0	56.0	1.0	0.0	0.0	1.0
930	3626.1666666666665	2.0	69.0	2.0	1.0	0.0	1.0
940	3708.5	0.0	53.0	0.0	0.0	0.0	0.0
950	3830.8333333333335	0.0	110.0	1.0	0.0	1.0	0.0
960	3763.8333333333335	0.0	42.0	1.0	0.0	1.0	0.0
970	3670.8333333333335	0.0	122.0	0.0	0.0	0.0	0.0
980	3960.8333333333335	1.0	159.0	1.0	0.0	0.0	1.0
990	3709.5	0.0	39.0	1.0	0.0	1.0	0.0
1000	3740.8333333333335	0.0	12.0	0.0	0.0	0.0	0.0
